NODE	7	8	9	10	11	12	13	14	15	16	17	18	19	20	21	22	23	24	25	
N1	1.53562e-60	9.39856e-57	5.50315e-53	2.75403e-49	1.1651e-45	4.11376e-42	1.19407e-38	2.79814e-35	5.17891e-32	7.36905e-29	7.7929e-26	5.86511e-23	2.96741e-20	9.34065e-18	1.5808e-10	1.10764e-06	0.0011291	0.105658	0.893212	
N2	3.51761e-48	1.50433e-45	6.7689e-43	2.61074e-40	8.52851e-38	2.32905e-35	5.23694e-33	9.52461e-31	1.40075e-28	1.12272e-25	1.91034e-21	2.12067e-17	1.24508e-13	3.5124e-10	4.14677e-07	0.000167994	0.017216	0.285518	0.697098	
N3	2.28257e-39	4.69111e-36	1.42666e-32	3.4638e-29	6.47601e-26	9.115e-23	9.41213e-20	6.91665e-17	3.4889e-14	1.15691e-11	2.39466e-09	2.90956e-07	1.9337e-05	0.000652693	0.0105087	0.0781106	0.263775	0.394884	0.25205	
N4	6.03653e-34	5.09934e-31	7.27332e-28	8.30151e-25	7.31304e-22	4.86222e-19	2.37768e-16	8.29409e-14	1.98964e-11	3.14003e-09	3.08927e-07	1.77502e-05	0.000551707	0.00855563	0.062329	0.212926	0.345833	0.267979	0.101807	
POSCAP_Ataenius_sp	0	0	0	0	0	0	0	0	0	0	0	0	0	1	0	0	0	0	0	
POSCAP_Psammodius_sp	0	0	0	0	0	0	0	0	0	0	0	0	0	1	0	0	0	0	0	
POSCHY_Hybosorus_sp	0	0	0	0	0	0	0	0	0	0	0	0	0	1	0	0	0	0	0	
N5	5.38452e-63	3.73243e-60	1.17077e-56	4.36746e-53	1.43129e-49	4.98457e-46	2.09701e-41	2.50107e-36	2.02415e-31	1.0327e-26	3.17438e-22	5.5276e-18	5.00426e-14	2.08936e-10	3.40209e-07	0.000170426	0.0187165	0.297817	0.683296	
N6	1.11413e-56	3.67711e-52	1.33777e-47	3.84929e-43	8.58779e-39	1.45639e-34	1.83412e-30	1.66808e-26	1.05933e-22	4.50807e-19	1.22162e-15	1.97708e-12	1.76143e-09	7.78031e-07	0.000148497	0.0100458	0.168544	0.498156	0.323105	
N7	4.56942e-57	1.38837e-53	3.81544e-50	8.75015e-47	1.6518e-43	2.52615e-40	3.28721e-37	3.99926e-33	3.84823e-28	2.32478e-23	7.59824e-19	1.21295e-14	8.23451e-11	1.96371e-07	0.000126001	0.0152547	0.244804	0.523303	0.216512	
N8	3.48699e-51	2.46302e-48	2.30974e-45	1.86501e-42	1.26083e-39	7.06468e-37	6.41937e-34	1.66524e-29	4.73416e-25	7.63196e-21	6.77273e-17	3.1456e-13	7.072e-10	6.79139e-07	0.000227338	0.0191943	0.261833	0.515982	0.202762	
POSCAP_Aphodius_rufus	0	0	0	0	0	0	0	0	0	0	0	0	0	1	0	0	0	0	0	
N9	3.57142e-50	2.80906e-47	2.13653e-44	1.16277e-41	3.66436e-39	6.74849e-37	6.24224e-33	2.54231e-28	6.70747e-24	1.08747e-19	1.00822e-15	4.83471e-12	1.03869e-08	8.09791e-06	0.00168368	0.0654217	0.4054	0.427009	0.100478	
N10	1.41591e-50	4.35962e-46	1.33372e-41	3.1611e-37	5.6778e-33	7.53189e-29	7.15395e-25	4.68403e-21	2.0161e-17	5.3677e-14	8.15533e-11	6.32754e-08	2.13478e-05	0.00245172	0.0666063	0.366081	0.42624	0.126018	0.0125809	
N11	4.1875e-44	4.70091e-40	5.88983e-36	5.72178e-32	4.20679e-28	2.27945e-24	8.81494e-21	2.33836e-17	4.04772e-14	4.28518e-11	2.54312e-08	7.48544e-06	0.000910386	0.0342018	0.25133	0.449598	0.226403	0.0352726	0.00227691	
N12	9.28154e-43	1.02302e-38	1.21792e-34	1.12389e-30	7.85228e-27	4.04232e-23	1.48348e-19	3.72505e-16	6.07429e-13	6.00498e-10	3.2743e-07	8.57518e-05	0.00863616	0.219994	0.489359	0.243177	0.0367019	0.00199257	5.26664e-05	
POSCAP_Aphodius_luridus	0	0	0	0	0	0	0	0	0	0	0	0	0	1	0	0	0	0	0	
POSCAP_Aphodius_depressus	0	0	0	0	0	0	0	0	0	0	0	0	0	1	0	0	0	0	0	
POSCAP_Aphodius_borealis	0	0	0	0	0	0	0	0	0	0	0	0	0	1	0	0	0	0	0	
N13	1.52796e-48	3.68608e-44	9.39486e-40	1.8409e-35	2.70602e-31	2.90428e-27	2.20256e-23	1.13366e-19	3.76435e-16	7.55446e-13	8.40235e-10	4.59745e-07	0.000104316	0.00762683	0.127908	0.459674	0.337243	0.0629715	0.00447222	
N14	1.34573e-45	1.68076e-41	2.35487e-37	2.56986e-33	2.13543e-29	1.31775e-25	5.85901e-22	1.80844e-18	3.69807e-15	4.71722e-12	3.46443e-09	1.31097e-06	0.000217399	0.0123071	0.162853	0.489515	0.287992	0.0443042	0.00280936	
POSCAP_Aphodius_erraticus	0	0	0	0	0	0	0	0	0	0	0	0	0	1	0	0	0	0	0	
POSCAP_Aphodius_moestus	0	0	0	0	0	0	0	0	0	0	0	0	0	0	0	1	0	0	0	
POSCAP_Aphodius_haemorrhoidalis	0	0	0	0	0	0	0	0	0	0	0	0	0	1	0	0	0	0	0	
N15	1.45209e-53	3.14891e-50	6.81675e-47	1.12254e-43	2.68649e-40	1.17873e-35	5.4954e-31	1.65877e-26	3.10009e-22	3.39279e-18	2.0171e-14	5.87954e-11	7.28769e-08	3.1525e-05	0.00368212	0.0916934	0.434648	0.387892	0.0820522	
N16	3.5081e-36	5.97707e-33	1.47082e-29	2.86806e-26	4.31222e-23	4.88281e-20	4.04874e-17	2.37617e-14	9.46453e-12	2.42664e-09	3.7412e-07	3.1713e-05	0.00131262	0.0228228	0.144741	0.349348	0.333706	0.126245	0.0217924	
POSCAP_Aphodius_constans	0	0	0	0	0	0	0	0	0	0	0	0	0	1	0	0	0	0	0	
POSCAP_Aphodius_ater	0	0	0	0	0	0	0	0	0	0	0	0	0	1	0	0	0	0	0	
N17	1.65158e-50	4.72456e-46	1.37071e-41	3.04908e-37	5.08463e-33	6.19434e-29	5.34387e-25	3.14281e-21	1.20177e-17	2.81354e-14	3.72964e-11	2.52217e-08	7.54811e-06	0.000824292	0.0261137	0.215681	0.463665	0.252332	0.0413766	
N18	6.39282e-37	1.53787e-33	4.92789e-30	1.24236e-26	2.40333e-23	3.48061e-20	3.66376e-17	2.7035e-14	1.33676e-11	4.18055e-09	7.6628e-07	7.41874e-05	0.00327389	0.0533483	0.251259	0.39684	0.234286	0.0547437	0.0061731	
POSCAP_Aphodius_vittatus	0	0	0	0	0	0	0	0	0	0	0	0	0	1	0	0	0	0	0	
POSCAP_Aphodius_distinctus	0	0	0	0	0	0	0	0	0	0	0	0	0	1	0	0	0	0	0	
N19	1.09279e-43	1.06594e-39	1.19204e-35	1.02834e-31	6.66927e-28	3.16623e-24	1.06552e-20	2.44337e-17	3.63366e-14	3.28919e-11	1.66682e-08	4.21904e-06	0.000454212	0.0165549	0.156005	0.406868	0.326097	0.0850205	0.00899621	
N20	3.12095e-40	1.70591e-36	1.13281e-32	5.82196e-29	2.25776e-25	6.43391e-22	1.30475e-18	1.80993e-15	1.63405e-12	9.00424e-10	2.78029e-07	4.27486e-05	0.0027609	0.0582139	0.290493	0.41657	0.196166	0.0331305	0.00262297	
POSCAP_Aphodius_sphacelatus	0	0	0	0	0	0	0	0	0	0	0	0	0	1	0	0	0	0	0	
N21	1.2454e-37	2.15928e-66	4.79891e-59	2.95584e-52	7.96071e-46	1.10196e-39	8.47624e-34	3.72197e-28	9.31799e-23	1.29348e-17	9.34194e-13	3.13891e-08	0.000391529	0.991279	0.00831654	1.3368e-05	7.19219e-09	1.59208e-12	1.64717e-16	
POSCAP_Aphodius_sticticus	0	0	0	0	0	0	0	0	0	0	0	0	0	1	0	0	0	0	0	
POSCAP_Aphodius_prodromus	0	0	0	0	0	0	0	0	0	0	0	0	0	1	0	0	0	0	0	
POSCAP_Aphodius_consputus	0	0	0	0	0	0	0	0	0	0	0	0	0	1	0	0	0	0	0	
N22	1.3178e-54	5.58323e-50	2.39269e-45	7.90326e-41	1.96963e-36	3.61515e-32	4.74782e-28	4.30822e-24	2.58745e-20	9.74763e-17	2.15143e-13	2.54668e-10	1.43994e-07	3.34404e-05	0.0026492	0.0595196	0.340487	0.448434	0.148877	
N23	1.54596e-49	4.2745e-45	1.17239e-40	2.44943e-36	3.80644e-32	4.27989e-28	3.36827e-24	1.78197e-20	6.02797e-17	1.22387e-13	1.37427e-10	7.66051e-08	1.8341e-05	0.00155996	0.0381118	0.244037	0.438371	0.234296	0.0436059	
N24	3.27921e-48	1.01068e-43	3.05101e-39	7.0084e-35	1.19635e-30	1.47572e-26	1.27122e-22	7.32883e-19	2.67885e-15	5.78306e-12	6.69447e-09	3.6183e-06	0.000738117	0.0397424	0.30591	0.453354	0.177085	0.0220552	0.0011113	
N25	1.26221e-42	1.29575e-38	1.48498e-34	1.31235e-30	8.72834e-27	4.2508e-23	1.466e-19	3.43406e-16	5.18049e-13	4.69261e-10	2.31951e-07	5.45304e-05	0.00493715	0.120929	0.436783	0.351101	0.0798001	0.00616986	0.000225494	
POSCAP_Aphodius_foetidus	0	0	0	0	0	0	0	0	0	0	0	0	0	1	0	0	0	0	0	
POSCAP_Aphodius_fossor	0	0	0	0	0	0	0	0	0	0	0	0	0	1	0	0	0	0	0	
N26	1.43398e-42	1.46279e-38	1.66266e-34	1.45749e-30	9.61718e-27	4.64785e-23	1.59113e-19	3.70095e-16	5.546e-13	4.99257e-10	2.45366e-07	5.73773e-05	0.00516639	0.125468	0.441311	0.345373	0.0766151	0.00580061	0.000208311	
POSCAP_Aphodius_coniugatus	0	0	0	0	0	0	0	0	0	0	0	0	0	1	0	0	0	0	0	
POSCAP_Aphodius_foetens	0	0	0	0	0	0	0	0	0	0	0	0	0	1	0	0	0	0	0	
N27	1.94245e-40	7.16166e-37	3.77951e-33	1.56396e-29	4.91803e-26	1.14642e-22	1.92328e-19	2.2403e-16	1.73346e-13	8.42887e-11	2.39971e-08	3.65112e-06	0.000263949	0.00785724	0.0840379	0.311661	0.394811	0.17108	0.0302854	
POSCAP_Aphodius_fimetarius	0	0	0	0	0	0	0	0	0	0	0	0	0	1	0	0	0	0	0	
POSCAP_Aphodius_pedellus	0	0	0	0	0	0	0	0	0	0	0	0	0	1	0	0	0	0	0	
N28	3.63781e-35	4.67287e-32	9.11579e-29	1.41575e-25	1.7005e-22	1.54355e-19	1.03027e-16	4.89282e-14	1.58784e-11	3.34824e-09	4.30344e-07	3.10476e-05	0.0011311	0.0183202	0.118174	0.311609	0.347815	0.165801	0.0371188	
POSCAP_Aphodius_elevatus	0	0	0	0	0	0	0	0	0	0	0	0	0	1	0	0	0	0	0	
POSCAP_Aphodius_paykulli	0	0	0	0	0	0	0	0	0	0	0	0	0	1	0	0	0	0	0	
N29	2.09182e-33	2.0094e-30	2.98052e-27	3.52766e-24	3.24246e-21	2.26255e-18	1.16669e-15	4.30303e-13	1.09044e-10	1.80501e-08	1.82881e-06	0.00010413	0.00297509	0.0369579	0.175304	0.341699	0.297123	0.120787	0.0250489	
POSCAP_Aphodius_contaminatus	0	0	0	0	0	0	0	0	0	0	0	0	0	1	0	0	0	0	0	
POSCAP_Aphodius_obliteratus	0	0	0	0	0	0	0	0	0	0	0	0	0	1	0	0	0	0	0	
N30	2.71277e-43	3.86609e-41	7.7987e-39	1.36564e-36	1.77703e-34	1.22358e-32	5.07403e-34	1.03395e-29	1.42077e-25	1.27621e-21	7.19007e-18	2.40516e-14	4.43669e-11	4.07399e-08	1.60614e-05	0.00216112	0.070065	0.423821	0.503937	
N31	2.02931e-64	1.90032e-60	1.6066e-56	1.17948e-52	3.48363e-48	5.92035e-43	8.01412e-38	7.21547e-33	4.14008e-28	1.43766e-23	2.82862e-19	2.89594e-15	1.38006e-11	2.64033e-08	1.66401e-05	0.00267136	0.0829793	0.445799	0.468534	
N32	2.87706e-53	5.46669e-49	1.35539e-44	2.6267e-40	3.84398e-36	4.17039e-32	3.28259e-28	1.82581e-24	6.9477e-21	1.73789e-17	2.71882e-14	2.49892e-11	1.24649e-08	3.04855e-06	0.000320649	0.0122804	0.144515	0.462858	0.380023	
POSCSE_Serica_sp	0	0	0	0	0	0	0	0	0	0	0	0	0	1	0	0	0	0	0	
N33	2.40851e-51	6.70498e-47	1.85544e-42	3.95324e-38	6.34489e-34	7.47984e-30	6.2851e-26	3.6304e-22	1.37903e-18	3.25991e-15	4.47187e-12	3.25286e-09	1.11557e-06	0.000155017	0.00727719	0.097572	0.361502	0.393097	0.140396	
N34	5.00913e-49	1.15543e-44	2.71492e-40	4.89919e-36	6.6337e-32	6.56266e-28	4.59453e-24	2.18975e-20	6.77165e-17	1.27887e-13	1.36394e-10	7.40609e-08	1.77953e-05	0.00156425	0.0396614	0.252682	0.436549	0.227142	0.0423833	
N35	6.02953e-46	9.25246e-42	1.49395e-37	1.85658e-33	1.73483e-29	1.18669e-25	5.75346e-22	1.90041e-18	4.06981e-15	5.30296e-12	3.86533e-09	1.40441e-06	0.000215639	0.0109626	0.133374	0.401608	0.347045	0.0961604	0.0106319	
N36	1.69952e-43	2.03561e-39	2.64496e-35	2.65783e-31	2.01701e-27	1.1252e-23	4.46528e-20	1.21039e-16	2.12856e-13	2.27005e-10	1.33904e-07	3.82446e-05	0.00428956	0.129567	0.448061	0.335898	0.075748	0.00616423	0.000234515	
POSCME_Phyllophaga_delata_M	0	0	0	0	0	0	0	0	0	0	0	0	0	1	0	0	0	0	0	
N37	1.67956e-45	3.62842e-41	7.94033e-37	1.33612e-32	1.68759e-28	1.55498e-24	1.00937e-20	4.41836e-17	1.23297e-13	2.03553e-10	1.79186e-07	7.20951e-05	0.0103063	0.320775	0.505469	0.150334	0.0126564	0.000381529	5.67842e-06	
POSCME_Phyllophaga_drakii	0	0	0	0	0	0	0	0	0	0	0	0	0	1	0	0	0	0	0	
POSCME_Phyllophaga_fusca	0	0	0	0	0	0	0	0	0	0	0	0	0	1	0	0	0	0	0	
N38	3.71659e-39	1.75824e-35	9.91775e-32	4.35994e-28	1.45868e-24	3.61843e-21	6.44822e-18	7.93939e-15	6.42926e-12	3.21145e-09	9.07214e-07	0.000128085	0.00748274	0.131882	0.407653	0.343011	0.0982273	0.010994	0.000620754	
POSCME_Amphimallon_solstitiale	0	0	0	0	0	0	0	0	0	0	0	0	0	1	0	0	0	0	0	
POSCME_Melolontha_sp	0	0	0	0	0	0	0	0	0	0	0	0	0	1	0	0	0	0	0	
N39	8.71579e-37	2.14928e-33	7.00964e-30	1.79347e-26	3.50928e-23	5.11944e-20	5.40001e-17	3.96612e-14	1.93442e-11	5.89301e-09	1.03316e-06	9.30588e-05	0.00366603	0.0515292	0.252039	0.400873	0.231987	0.0536954	0.00611597	
POSCME_Schizonycha_sp	0	0	0	0	0	0	0	0	0	0	0	0	0	0	1	0	0	0	0	
POSCME_Haplidia_sp	0	0	0	0	0	0	0	0	0	0	0	0	1	0	0	0	0	0	0	
N40	7.02134e-37	1.1081e-33	2.73215e-30	5.36574e-27	8.12004e-24	9.251e-21	7.72122e-18	4.5694e-15	1.84275e-12	4.82253e-10	7.70594e-08	6.96633e-06	0.000324378	0.00699352	0.0637864	0.242073	0.378863	0.240407	0.0675448	
POSCME_Apogonia_sp	0	0	0	0	0	0	0	0	0	0	0	0	0	1	0	0	0	0	0	
POSCME_Hoplia_sp	0	0	0	0	0	0	0	0	0	0	0	0	0	1	0	0	0	0	0	
N41	7.90414e-55	2.45768e-50	7.99682e-46	2.03993e-41	4.00142e-37	5.90892e-33	6.4056e-29	4.94561e-25	2.62095e-21	9.10824e-18	1.95952e-14	2.42409e-11	1.56629e-08	4.6603e-06	0.000543352	0.0204677	0.202658	0.481525	0.294802	
N42	6.92612e-58	5.40111e-53	3.92693e-48	2.20589e-43	9.38109e-39	2.94917e-34	6.66105e-30	1.04416e-25	1.08863e-21	7.15522e-18	2.76712e-14	5.74479e-11	5.64067e-08	2.18005e-05	0.0025218	0.0649789	0.35356	0.436725	0.142192	
N43	5.71722e-55	4.35749e-50	3.12616e-45	1.70457e-40	6.90255e-36	2.01992e-31	4.13151e-27	5.66716e-23	4.94714e-19	2.56778e-15	7.23624e-12	9.76262e-09	5.26287e-06	0.000871868	0.0321542	0.249883	0.46234	0.222876	0.0318693	
N44	9.28074e-51	4.86216e-46	2.42403e-41	8.98685e-37	2.41065e-32	4.53003e-28	5.73278e-24	4.65157e-20	2.2738e-16	6.17683e-13	8.38009e-10	4.92278e-07	0.00010415	0.00648683	0.0984435	0.377531	0.39198	0.114306	0.0111488	
N45	6.33936e-40	3.40838e-36	2.40176e-32	1.29702e-28	5.19544e-25	1.49824e-21	2.99925e-18	3.98295e-15	3.31207e-12	1.60023e-09	4.07037e-07	4.79682e-05	0.00226618	0.0390506	0.219071	0.415	0.264321	0.0555152	0.00472815	
POSCRU_Anomala_bengalensis	0	0	0	0	0	0	0	0	0	0	0	1	0	0	0	0	0	0	0	
N46	1.25547e-46	4.01466e-42	1.32609e-37	3.33922e-33	6.24464e-29	8.41734e-25	7.87949e-21	4.88507e-17	1.88416e-13	4.14761e-10	4.59312e-07	0.000209384	0.0277232	0.665614	0.281277	0.0244676	0.000699717	8.18186e-06	4.75966e-08	
N47	2.29949e-56	5.40954e-51	1.09602e-45	1.66766e-40	1.85991e-35	1.47566e-30	8.02183e-26	2.8473e-21	6.19247e-17	7.56495e-13	4.5811e-09	1.13364e-05	0.00820467	0.84232	0.146089	0.00335384	2.02155e-05	4.4384e-08	4.73391e-11	
POSCRU_Mimela_sp	0	0	0	0	0	0	0	0	0	0	0	0	0	1	0	0	0	0	0	
POSCRU_Anomala_polita	0	0	0	0	0	0	0	0	0	0	0	0	0	1	0	0	0	0	0	
N48	2.926e-59	3.19793e-53	2.76518e-47	1.70845e-41	7.39691e-36	2.18481e-30	4.24333e-25	5.14895e-20	3.62703e-15	1.32626e-10	2.08342e-06	0.00941276	0.21981	0.762991	0.0077697	1.49886e-05	9.19842e-09	2.3463e-12	3.12879e-16	
POSCRU_Popillia_japonica	0	0	0	0	0	0	0	0	0	0	0	1	0	0	0	0	0	0	0	
POSCRU_Phyllopertha_sp	0	0	0	0	0	0	0	0	0	0	0	0	0	1	0	0	0	0	0	
N49	1.2036e-37	3.95293e-34	1.62812e-30	5.24291e-27	1.28834e-23	2.35452e-20	3.10268e-17	2.83787e-14	1.71738e-11	6.46324e-09	1.39213e-06	0.000152743	0.00718039	0.110132	0.370483	0.366755	0.126966	0.0171567	0.00117298	
POSCRU_Anomala_dorsalis	0	0	0	0	0	0	0	0	0	0	0	0	0	1	0	0	0	0	0	
POSCRU_Anomala_varicolor	0	0	0	0	0	0	0	0	0	0	0	0	0	1	0	0	0	0	0	
N50	2.24568e-41	1.70166e-37	1.48661e-33	1.00204e-29	5.07787e-26	1.88142e-22	4.92724e-19	8.74648e-16	9.97945e-13	6.8287e-10	2.55208e-07	4.56601e-05	0.00322152	0.0673707	0.314924	0.41021	0.175506	0.0269205	0.00180127	
N51	2.41357e-41	3.05508e-37	4.05908e-33	4.05026e-29	2.94811e-25	1.51302e-21	5.24975e-18	1.16788e-14	1.55521e-11	1.13089e-08	3.95406e-06	0.000553975	0.0239991	0.244393	0.460875	0.230585	0.0373069	0.00221974	6.27313e-05	
N52	1.26873e-41	2.29943e-37	4.19913e-33	5.79052e-29	5.86226e-25	4.2115e-21	2.05719e-17	6.4645e-14	1.21274e-10	1.22035e-07	5.5647e-05	0.00836204	0.150715	0.580317	0.234937	0.0247208	0.000879505	1.265e-05	9.72771e-08	
POSCDY_Phyllognathus_dionysius	0	0	0	0	0	0	0	0	0	0	0	0	0	1	0	0	0	0	0	
POSCDY_Oryctes_nasicornis	0	0	0	0	0	0	0	0	0	0	0	1	0	0	0	0	0	0	0	
N53	4.4638e-51	8.17541e-46	1.31367e-40	1.5165e-35	1.23383e-30	6.89738e-26	2.55895e-21	6.00584e-17	8.32775e-13	6.15138e-09	2.03288e-05	0.0207223	0.272644	0.686168	0.0202882	0.000156468	4.41921e-07	5.52264e-10	3.74445e-13	
POSCDY_Pentodon_sp	0	0	0	0	0	0	0	0	0	0	0	0	0	1	0	0	0	0	0	
POSCDY_Dynastes_sp	0	0	0	0	0	0	0	0	0	0	0	1	0	0	0	0	0	0	0	
POSCDY_Cyclocephala_sp	0	0	0	0	0	0	0	0	0	0	0	0	0	1	0	0	0	0	0	
N54	1.31468e-45	8.89509e-42	7.5869e-38	5.12972e-34	2.68025e-30	1.05858e-26	3.0795e-23	6.39691e-20	9.13812e-17	8.57085e-14	4.98101e-11	1.66669e-08	2.92447e-06	0.000239545	0.00802928	0.0971904	0.365554	0.389519	0.139464	
N55	3.8899e-43	1.4198e-39	6.62773e-36	2.48974e-32	7.38484e-29	1.69723e-25	2.95648e-22	3.80283e-19	3.50043e-16	2.2193e-13	9.24198e-11	2.37998e-08	3.50364e-06	0.000265372	0.00894292	0.109581	0.382186	0.367463	0.131558	
POSCRU_Adoretus_lasiopygus	0	0	0	0	0	0	0	0	0	0	0	0	0	0	0	1	0	0	0	
POSCRU_Adoretus_versutus	0	0	0	0	0	0	0	0	0	0	0	0	0	0	0	0	1	0	0	
POSCCE_Trichius_zonatus	0	0	0	0	0	0	0	0	0	0	0	0	0	1	0	0	0	0	0	
N56	6.15714e-39	2.01496e-35	8.39045e-32	2.74512e-28	6.88963e-25	1.29468e-21	1.76952e-18	1.69793e-15	1.09461e-12	4.48309e-10	1.08415e-07	1.40251e-05	0.000846237	0.0197086	0.143608	0.353595	0.331927	0.127845	0.0224559	
N57	3.81805e-38	1.44279e-34	6.69419e-31	2.41625e-27	6.6208e-24	1.34164e-20	1.94809e-17	1.94979e-14	1.28122e-11	5.19068e-09	1.19211e-06	0.000138012	0.00676799	0.106787	0.360158	0.36502	0.137501	0.0218542	0.0017733	
POSCCE_Protaetia_cuprea	0	0	0	0	0	0	0	0	0	0	0	0	0	1	0	0	0	0	0	
POSCCE_Cetonia_aurata	0	0	0	0	0	0	0	0	0	0	0	0	0	1	0	0	0	0	0	
N58	4.26138e-50	1.90257e-45	8.90916e-41	3.23137e-36	8.87829e-32	1.80385e-27	2.63101e-23	2.65396e-19	1.76433e-15	7.24595e-12	1.67786e-08	1.90458e-05	0.0082947	0.787905	0.193624	0.00997308	0.000182595	1.46942e-06	5.90261e-09	
N59	5.88943e-45	1.2987e-43	2.73686e-42	5.25945e-41	9.14582e-40	1.4256e-38	1.96859e-37	2.37235e-36	2.44642e-35	2.10186e-34	5.20619e-17	5.69507e-11	2.03202e-05	0.999565	0.00041447	2.10318e-08	3.07096e-13	1.15981e-34	9.0861e-36	
POSCCE_Cremastocheilus_sp	0	0	0	0	0	0	0	0	0	0	0	0	0	1	0	0	0	0	0	
POSCCE_Tropinota_sp	0	0	0	0	0	0	0	0	0	0	0	0	0	1	0	0	0	0	0	
POSCCE_Oxythyrea_sp	0	0	0	0	0	0	0	0	0	0	0	0	0	1	0	0	0	0	0	
POSCCH_Chiron_sp	0	0	0	0	0	0	0	0	0	0	0	0	0	1	0	0	0	0	0	
N60	9.7092e-60	5.29934e-55	3.00901e-50	1.33319e-45	4.52076e-41	1.14964e-36	2.14056e-32	2.83581e-28	2.58248e-24	1.55008e-20	5.82264e-17	1.28305e-13	1.52874e-10	8.88302e-08	2.20954e-05	0.00199654	0.0534016	0.354874	0.589706	
N61	1.69395e-40	1.08822e-36	7.92788e-33	4.30395e-29	1.6931e-25	4.68319e-22	8.78968e-19	1.07275e-15	8.08918e-13	3.54296e-10	8.36809e-08	9.76447e-06	0.000510664	0.0109062	0.089818	0.287294	0.369093	0.195693	0.0466762	
N62	3.82969e-30	3.43002e-27	4.57467e-24	4.58555e-21	3.33307e-18	1.70637e-15	5.95522e-13	1.36558e-10	1.97287e-08	1.7102e-06	8.39301e-05	0.00217294	0.0272395	0.149932	0.334784	0.318109	0.136625	0.0279407	0.00311222	
POSCSC_Bubas_bison	0	0	0	0	0	0	0	0	0	0	0	0	0	1	0	0	0	0	0	
N63	8.97993e-26	3.40822e-22	1.38354e-18	3.60821e-15	5.35032e-12	3.52349e-09	3.94089e-07	1.87335e-05	0.00046237	0.00632989	0.0484053	0.199032	0.399072	0.309237	0.0358325	0.0015764	3.29608e-05	3.64981e-07	2.38938e-09	
POSCSC_Bubas_bubalus	0	0	0	0	0	0	0	0	0	0	0	0	0	1	0	0	0	0	0	
POSCSC_Phanaeus_chalcomelas	0	0	0	0	0	1	0	0	0	0	0	0	0	0	0	0	0	0	0	
N64	3.26134e-36	6.44033e-33	2.02943e-29	4.90564e-26	8.70849e-23	1.10503e-19	9.7128e-17	5.69651e-14	2.13169e-11	4.82405e-09	6.19399e-07	4.18875e-05	0.00137366	0.0201338	0.124258	0.318506	0.342826	0.157991	0.0348682	
N65	1.069e-29	4.97356e-26	2.53176e-22	8.63045e-19	1.80704e-15	2.04329e-12	1.01793e-09	2.05764e-07	1.75903e-05	0.000674611	0.0120119	0.0989104	0.353491	0.448714	0.0806926	0.00532227	0.000163007	2.56708e-06	2.24322e-08	
N66	1.22544e-27	6.77438e-23	2.71105e-18	5.84923e-14	5.67463e-10	1.70905e-06	0.000171134	0.00473078	0.0485045	0.206655	0.37647	0.281698	0.0761667	0.00554927	5.34006e-05	1.45168e-07	1.54086e-10	7.64118e-14	2.12253e-17	
N67	3.02713e-31	9.53011e-26	1.92414e-20	2.00786e-15	8.95565e-11	1.13548e-06	0.00013597	0.00412743	0.0448418	0.199129	0.375311	0.289883	0.0807516	0.00581568	4.11936e-06	8.08955e-10	6.52013e-14	2.6101e-18	5.98724e-23	
POSCSC_Phanaeus_vindex	0	0	0	0	0	1	0	0	0	0	0	0	0	0	0	0	0	0	0	
POSCSC_Bolbites_onitoides	0	0	0	0	0	0	0	0	0	0	0	0	0	1	0	0	0	0	0	
POSCSC_Phanaeus_igneus	0	0	0	0	0	1	0	0	0	0	0	0	0	0	0	0	0	0	0	
N68	5.14737e-35	1.16502e-62	2.40794e-55	1.28915e-48	2.78442e-42	2.80732e-36	1.4018e-30	3.48508e-25	4.2144e-20	2.37039e-15	5.79447e-11	5.57733e-07	0.0017363	0.995604	0.00265818	1.36152e-06	2.43758e-10	1.9129e-14	7.8188e-19	
POSCSC_Malagoniella_sp	0	0	0	0	0	0	0	0	0	0	0	0	0	1	0	0	0	0	0	
POSCSC_Onitis_sp	0	0	0	0	0	0	0	0	0	0	0	0	0	1	0	0	0	0	0	
POSCSC_Cheironitis_sp	0	0	0	0	0	0	0	0	0	0	0	0	0	1	0	0	0	0	0	
N69	6.43143e-53	9.75218e-49	2.06294e-44	3.51855e-40	4.60026e-36	4.50972e-32	3.23675e-28	1.65403e-24	5.82252e-21	1.35743e-17	1.99904e-14	1.7559e-11	8.57306e-09	2.12952e-06	0.000239689	0.0104003	0.137872	0.457219	0.394266	
N70	1.4839e-51	3.13892e-47	8.18234e-43	1.61604e-38	2.31612e-34	2.34525e-30	1.6318e-26	7.57086e-23	2.26582e-19	4.21452e-16	4.66939e-13	2.93263e-10	9.83747e-08	1.63385e-05	0.00120846	0.0337258	0.270006	0.485042	0.210001	
N71	1.68854e-19	1.68593e-17	2.18146e-15	2.38677e-13	2.04311e-11	1.29346e-09	5.84865e-08	1.84576e-06	3.98551e-05	0.000576184	0.00543265	0.0323519	0.117207	0.248541	0.299651	0.203249	0.0762284	0.0151413	0.00157974	
POSCSC_Eurysternus_caribaeus	0	1	0	0	0	0	0	0	0	0	0	0	0	0	0	0	0	0	0	
N72	9.53403e-26	8.68528e-23	1.17693e-19	1.14477e-16	7.52552e-14	3.14095e-11	7.61192e-09	9.35255e-07	4.82669e-05	0.00118785	0.0149212	0.0962748	0.302429	0.400235	0.158313	0.0246856	0.00183047	7.231e-05	1.78811e-06	
N73	6.23621e-37	4.62015e-33	3.63966e-29	2.07722e-25	8.27396e-22	2.20184e-18	3.71315e-15	3.72939e-12	2.08585e-09	6.08993e-07	8.62722e-05	0.0053293	0.11893	0.639597	0.217272	0.018199	0.000577246	8.61287e-06	7.89407e-08	
POSCSC_Oruscatus_davus	0	0	0	0	0	0	0	0	0	0	0	0	0	1	0	0	0	0	0	
POSCSC_Ontherus_sp	0	0	0	0	0	0	0	0	0	0	0	0	0	1	0	0	0	0	0	
POSCSC_Deltochilum_amazonicum	0	0	0	0	0	0	0	1	0	0	0	0	0	0	0	0	0	0	0	
N74	3.80796e-64	1.00088e-58	2.24823e-53	3.78682e-48	4.6877e-43	4.16274e-38	2.57471e-33	1.06971e-28	2.85364e-24	4.61707e-20	4.21031e-16	1.96502e-12	4.1218e-09	3.24764e-06	0.000749997	0.0371915	0.321084	0.48301	0.157962	
N75	9.44944e-54	4.41705e-49	2.08454e-44	7.37681e-40	1.91685e-35	3.57202e-31	4.63704e-27	4.04524e-23	2.26716e-19	7.71161e-16	1.48047e-12	1.46174e-09	6.59868e-07	0.00011783	0.00696294	0.109755	0.418194	0.37676	0.0882091	
N76	5.1821e-33	9.17209e-30	2.21182e-26	4.0618e-23	5.49018e-20	5.28808e-17	3.48976e-14	1.50313e-11	3.97602e-09	5.97835e-07	4.63311e-05	0.0016449	0.0239351	0.138866	0.326813	0.328875	0.147114	0.0297329	0.00297245	
N77	2.46408e-31	1.18258e-27	6.64213e-24	2.56151e-20	6.37202e-17	9.53904e-14	7.81109e-11	3.05993e-08	4.87905e-06	0.000326471	0.00903734	0.094611	0.322293	0.376474	0.16492	0.0298488	0.00239354	8.96052e-05	1.77499e-06	
POSCSC_Copris_sinicus	0	0	0	0	0	0	0	1	0	0	0	0	0	0	0	0	0	0	0	
N78	2.34617e-31	1.04017e-27	5.13951e-24	1.73287e-20	3.7965e-17	5.11346e-14	3.9571e-11	1.62303e-08	3.22184e-06	0.00028145	0.00969114	0.113058	0.364102	0.367066	0.127642	0.017152	0.000978425	2.57383e-05	3.90309e-07	
POSCSC_Paracopris_sp	0	0	0	0	0	0	0	0	0	0	0	1	0	0	0	0	0	0	0	
N79	2.63277e-32	4.48863e-28	7.37872e-24	8.35571e-20	6.1523e-16	2.71034e-12	6.22289e-09	5.54407e-06	0.00034138	0.00741975	0.0688548	0.27561	0.433796	0.208153	0.00576816	5.16345e-05	2.03583e-07	4.16642e-10	5.40098e-13	
POSCSC_Copris_lugubris	0	0	0	0	0	0	0	1	0	0	0	0	0	0	0	0	0	0	0	
POSCSC_Microcopris_sp	0	0	0	0	0	0	0	0	0	0	0	0	0	1	0	0	0	0	0	
POSCSC_Heliocopris_sp	0	0	0	0	0	0	0	0	0	0	0	0	0	1	0	0	0	0	0	
N80	7.72872e-53	4.41641e-48	2.38374e-43	9.69012e-39	2.90396e-34	6.25299e-30	9.37179e-26	9.39479e-22	5.9864e-18	2.26854e-14	4.67501e-11	4.6275e-08	1.84093e-05	0.00227248	0.0633824	0.353468	0.434834	0.133349	0.0126751	
N81	9.91133e-41	7.28931e-37	5.96195e-33	3.71982e-29	1.72522e-25	5.77548e-22	1.34667e-18	2.09286e-15	2.05091e-12	1.18006e-09	3.62962e-07	5.26365e-05	0.0030466	0.0574293	0.29088	0.42313	0.193285	0.0300662	0.00210937	
N82	6.91743e-42	9.1205e-38	1.2903e-33	1.37703e-29	1.07785e-25	5.99101e-22	2.27199e-18	5.58849e-15	8.34642e-12	6.92136e-09	2.80582e-06	0.000458458	0.0223261	0.251281	0.473106	0.219292	0.0317728	0.00171439	4.61817e-05	
N83	1.42906e-40	1.74221e-36	2.31211e-32	2.30604e-28	1.67769e-24	8.60168e-21	2.97693e-17	6.58e-14	8.62908e-11	6.05871e-08	1.95454e-05	0.00225542	0.0594632	0.375099	0.427777	0.12372	0.0112707	0.000388889	7.10278e-06	
POSCSC_Paragymnopleurus_sp	0	0	0	0	0	0	0	0	0	0	0	1	0	0	0	0	0	0	0	
POSCSC_Sulcophanaeus_sp	0	0	0	0	0	0	0	0	0	0	0	0	0	1	0	0	0	0	0	
POSCSC_Gymnopleurus_sp	0	0	0	0	0	0	0	0	0	0	0	0	0	1	0	0	0	0	0	
N84	1.54749e-34	4.49698e-31	1.6312e-27	4.53006e-24	9.35807e-21	1.39342e-17	1.43835e-14	9.79546e-12	4.12383e-09	9.81516e-07	0.000115974	0.00555096	0.0781648	0.338239	0.394715	0.157085	0.0244037	0.00166101	6.41402e-05	
POSCSC_Scarabaeus_sp	0	0	0	0	0	0	0	0	0	0	0	0	0	1	0	0	0	0	0	
POSCSC_Canthidium_sp	0	0	0	0	0	0	0	0	0	0	0	1	0	0	0	0	0	0	0	
N85	1.63873e-53	1.89994e-48	1.91121e-43	1.38545e-38	7.04389e-34	2.4298e-29	5.45643e-25	7.57091e-21	6.07011e-17	2.57677e-13	5.15722e-10	4.16894e-07	0.000111412	0.00787265	0.124986	0.436859	0.353925	0.0714974	0.00474775	
N86	7.50617e-48	3.81691e-43	1.76198e-38	5.85476e-34	1.3559e-29	2.10535e-25	2.08967e-21	1.24889e-17	4.16448e-14	7.01943e-11	5.25866e-08	1.48923e-05	0.00134165	0.0345595	0.241984	0.457774	0.230864	0.0317933	0.00166881	
N87	4.2013e-35	8.83002e-32	2.59531e-28	5.91237e-25	1.01183e-21	1.2648e-18	1.11634e-15	6.67378e-13	2.56515e-10	5.92988e-08	7.55503e-06	0.000472241	0.0124304	0.116002	0.356334	0.367732	0.129172	0.0167186	0.00113079	
POSCSC_Oxysternon_sp	0	0	0	0	0	0	0	0	0	0	0	0	1	0	0	0	0	0	0	
POSCSC_Coprophanaeus_sp	0	0	0	0	0	0	0	0	0	0	0	0	0	1	0	0	0	0	0	
N88	3.6158e-35	9.01491e-32	3.40215e-28	9.78072e-25	2.05018e-21	3.03019e-18	3.03194e-15	1.95203e-12	7.5824e-10	1.63622e-07	1.76583e-05	0.000840983	0.0158297	0.117561	0.34289	0.370835	0.134932	0.0161841	0.000909299	
POSCSC_Eucranium_arachnoides	0	0	0	0	0	0	0	0	0	0	0	1	0	0	0	0	0	0	0	
POSCSC_Glyphoderus_sterquilinus	0	0	0	0	0	0	0	0	0	0	0	1	0	0	0	0	0	0	0	
N89	5.02108e-35	8.92532e-32	2.4434e-28	5.19762e-25	8.26522e-22	9.55183e-19	7.75548e-16	4.24383e-13	1.48599e-10	3.11889e-08	3.61408e-06	0.000209319	0.00546557	0.0599739	0.258154	0.4105	0.221664	0.0405461	0.00348396	
POSCSC_Gromphas_sp	0	0	0	0	0	0	0	0	0	0	0	0	0	1	0	0	0	0	0	
POSCSC_Canthon_indigaceus	0	0	0	0	0	0	0	0	0	0	0	1	0	0	0	0	0	0	0	
N90	7.33382e-47	2.92744e-44	1.265e-41	4.23715e-39	9.28404e-37	1.55934e-34	1.26213e-30	2.23176e-26	2.57447e-22	1.83984e-18	7.62561e-15	1.68318e-11	1.76885e-08	7.62149e-06	0.00110188	0.0413901	0.317924	0.468275	0.171302	
N91	6.78673e-48	3.06291e-45	1.85612e-42	8.97449e-40	8.95892e-37	1.32565e-32	1.86243e-28	1.77923e-24	1.11264e-20	4.34952e-17	1.0017e-13	1.25806e-10	7.78316e-08	2.07181e-05	0.00198053	0.053941	0.338861	0.449213	0.155984	
POSCSC_Digitonthophagus_gazella	0	0	0	0	0	0	0	0	0	0	0	0	0	1	0	0	0	0	0	
N92	1.97317e-51	5.94752e-47	1.80586e-42	4.22593e-38	7.45576e-34	9.67027e-30	8.94596e-26	5.68964e-22	2.37717e-18	6.16094e-15	9.19877e-12	7.17576e-09	2.5628e-06	0.000350372	0.014669	0.158904	0.437154	0.31597	0.0729492	
N93	2.53885e-46	3.23425e-42	4.87274e-38	5.66512e-34	4.93884e-30	3.14653e-26	1.42045e-22	4.37571e-19	8.77824e-16	1.08114e-12	7.57637e-10	2.73338e-07	4.44173e-05	0.00272484	0.0514928	0.276117	0.430614	0.203226	0.0357805	
POSCSC_Onthophagus_taurus	0	0	0	0	0	0	0	0	0	0	0	0	0	1	0	0	0	0	0	
N94	8.6546e-43	6.38992e-39	5.68613e-35	3.91585e-31	2.03232e-27	7.74618e-24	2.10206e-20	3.91029e-17	4.7569e-14	3.56472e-11	1.52251e-08	3.34082e-06	0.000326773	0.011732	0.122895	0.374902	0.359347	0.115249	0.015545	
N95	1.39139e-41	1.08468e-37	9.54961e-34	6.51373e-30	3.36131e-26	1.27792e-22	3.46635e-19	6.44801e-16	7.82442e-13	5.80382e-10	2.41008e-07	4.94308e-05	0.00413173	0.101417	0.392282	0.373886	0.114392	0.0131206	0.000721307	
N96	2.24706e-44	3.79844e-40	6.62481e-36	8.90577e-32	9.01151e-28	6.67471e-24	3.49747e-20	1.24238e-16	2.83283e-13	3.85682e-10	2.83609e-07	9.71168e-05	0.0121507	0.344391	0.489522	0.141094	0.0123301	0.000407736	6.8299e-06	
POSCSC_Onthophagus_fracticornis	0	0	0	0	0	0	0	0	0	0	0	0	0	1	0	0	0	0	0	
POSCSC_Onthophagus_similis	0	0	0	0	0	0	0	0	0	0	0	0	0	1	0	0	0	0	0	
POSCSC_Onthophagus_nuchicornis_M	0	0	0	0	0	0	0	0	0	0	0	0	0	1	0	0	0	0	0	
POSCSC_Caccobius_schreberi	0	0	0	0	0	0	0	0	0	0	0	0	0	1	0	0	0	0	0	
N97	2.43653e-40	1.20195e-36	7.22659e-33	3.38514e-29	1.2047e-25	3.1744e-22	6.00486e-19	7.85216e-16	6.77081e-13	3.6246e-10	1.11261e-07	1.75726e-05	0.00122529	0.0302877	0.203293	0.406761	0.278352	0.0716418	0.00842166	
N98	2.32572e-39	1.16532e-35	6.98101e-32	3.24082e-28	1.13713e-24	2.93535e-21	5.39573e-18	6.78483e-15	5.54843e-12	2.76397e-09	7.68382e-07	0.000105452	0.00595882	0.104259	0.371213	0.371649	0.128186	0.0174304	0.00119805	
POSCSC_Onthophagus_marginicollis	0	0	0	0	0	0	0	0	0	0	0	0	0	1	0	0	0	0	0	
POSCSC_Onthophagus_hecate	0	0	0	0	0	0	0	0	0	0	0	0	0	1	0	0	0	0	0	
POSCSC_Onthophagus_pennsylvannicus	0	0	0	0	0	0	0	0	0	0	0	0	0	1	0	0	0	0	0	
N99	5.14811e-38	7.91303e-35	1.75076e-31	3.13256e-28	4.43651e-25	4.87799e-22	4.07001e-19	2.50762e-16	1.10363e-13	3.32953e-11	6.53401e-09	7.78879e-07	5.14516e-05	0.00166623	0.0230883	0.137561	0.346721	0.350868	0.140044	
POSCSC_Tiniocellus_spinipes	0	0	0	0	0	0	0	0	0	0	0	0	0	0	0	0	0	1	0	
POSCSC_Oniticellus_fulvus	0	0	0	0	0	0	0	0	0	0	0	0	0	1	0	0	0	0	0	
POSCSC_Sisyphus_sp	0	0	0	0	0	0	0	0	0	0	0	0	0	1	0	0	0	0	0	
