NODE	7	8	9	10	11	12	13	14	15	16	17	18	19	20	21	22	23	24	25	
N1	0.276107	0.250393	0.201515	0.138888	0.0791292	0.036239	0.0130868	0.00368312	0.000803012	0.000135386	1.76737e-05	1.79277e-06	1.4208e-07	8.86475e-09	4.40563e-10	1.78241e-11	6.16459e-13	3.65941e-17	8.76378e-18	
N2	0.230998	0.220372	0.187517	0.142817	0.0975546	0.0598273	0.0329561	0.0163085	0.00724984	0.00289511	0.0010386	0.000334799	9.70401e-05	2.53317e-05	5.98377e-06	1.2982e-06	2.71637e-07	6.39702e-08	2.50568e-08	
N3	0.210608	0.208955	0.189027	0.153053	0.109032	0.0674819	0.03599	0.0164596	0.0064381	0.00215148	0.000614329	0.000150051	3.14259e-05	5.66858e-06	8.88313e-07	1.2321e-07	1.58061e-08	2.1076e-09	4.35906e-10	
POCUBR_Notaris_sp	0	0	0	0	0	0	0	0	1	0	0	0	0	0	0	0	0	0	0	
N4	0.22128	0.216649	0.191599	0.150819	0.104082	0.0622109	0.0319282	0.0139913	0.00521752	0.00165293	0.000444675	0.00010165	1.97802e-05	3.28792e-06	4.70089e-07	5.87432e-08	6.71788e-09	8.24476e-10	1.85597e-10	
N5	0.17967	0.188045	0.184735	0.163062	0.125142	0.0818417	0.0451088	0.0208385	0.00805188	0.0026027	0.000704991	0.000160459	3.07955e-05	5.00413e-06	6.91945e-07	8.21116e-08	8.5883e-09	8.96976e-10	1.63558e-10	
POCUDR_Rhynchophorus_ferrugineus	0	0	0	0	0	1	0	0	0	0	0	0	0	0	0	0	0	0	0	
POCUDR_Cosmopolites_sordidus	0	0	1	0	0	0	0	0	0	0	0	0	0	0	0	0	0	0	0	
N6	0.265591	0.246042	0.197266	0.136978	0.0822304	0.0425526	0.0189233	0.00721312	0.00235253	0.000655959	0.000156383	3.19062e-05	5.58012e-06	8.3847e-07	1.08595e-07	1.22027e-08	1.21874e-09	1.2232e-10	2.17382e-11	
POCUDR_Diocalandra_sp	0	0	1	0	0	0	0	0	0	0	0	0	0	0	0	0	0	0	0	
N7	0.271782	0.337966	0.265619	0.101777	0.0203235	0.00235193	0.000171983	8.48223e-06	2.96442e-07	7.6267e-09	1.48864e-10	2.25876e-12	2.71823e-14	2.63873e-16	2.0975e-18	1.38645e-20	7.80384e-23	3.97574e-25	2.54217e-27	
POCUDR_Sphenophorus_sp	0	1	0	0	0	0	0	0	0	0	0	0	0	0	0	0	0	0	0	
POCUDR_Metamasius_hemipterus	0	0	1	0	0	0	0	0	0	0	0	0	0	0	0	0	0	0	0	
N8	0.23676	0.226502	0.192758	0.14521	0.0961834	0.055666	0.0280146	0.0122222	0.00461574	0.00150856	0.00042703	0.000104865	2.23936e-05	4.17302e-06	6.82594e-07	9.92638e-08	1.33018e-08	1.86174e-09	4.35943e-10	
N9	0.180752	0.192595	0.19296	0.17058	0.126844	0.0771575	0.0378866	0.0149537	0.00474907	0.00121848	0.000254013	4.33096e-05	6.08199e-06	7.08516e-07	6.89752e-08	5.66152e-09	3.9981e-10	2.68815e-11	3.12148e-12	
POCUBR_Echinocnemus_sp	0	0	0	0	1	0	0	0	0	0	0	0	0	0	0	0	0	0	0	
POCUER_Tanysphyrus_lemnae	0	0	0	1	0	0	0	0	0	0	0	0	0	0	0	0	0	0	0	
POCUER_Procas_sp	0	1	0	0	0	0	0	0	0	0	0	0	0	0	0	0	0	0	0	
N10	0.219837	0.222564	0.204346	0.161666	0.105402	0.0548444	0.0223023	0.00699747	0.00168218	0.000308971	4.33672e-05	4.66297e-06	3.85666e-07	2.46692e-08	1.22829e-09	4.7975e-11	1.4885e-12	3.88905e-14	1.53665e-15	
N11	0.190524	0.198599	0.192874	0.165999	0.121566	0.0736843	0.0363242	0.0144124	0.00457677	0.00116066	0.00023513	3.81357e-05	4.97022e-06	5.23111e-07	4.47506e-08	3.1431e-09	1.85751e-10	1.01916e-11	8.84248e-13	
N12	0.212461	0.209779	0.188797	0.15256	0.10876	0.0672981	0.0356672	0.0160308	0.00606869	0.00192692	0.000512134	0.000113919	2.12438e-05	3.33436e-06	4.43967e-07	5.10071e-08	5.28441e-09	5.66716e-10	1.03222e-10	
N13	0.205463	0.202278	0.182077	0.148942	0.109784	0.0722692	0.0421495	0.0216406	0.00973527	0.00382572	0.00131135	0.00039208	0.00010243	2.34795e-05	4.76341e-06	8.70934e-07	1.49482e-07	2.67733e-08	7.20049e-09	
N14	0.0803634	0.0936671	0.111087	0.126137	0.13238	0.126344	0.108918	0.0845849	0.0591219	0.037194	0.021076	0.0107745	0.00498387	0.00209681	0.000810158	0.000293254	0.000104225	4.09568e-05	2.30052e-05	
POCUMO_Acalles_camelus	0	0	0	0	0	0	0	0	0	0	0	0	1	0	0	0	0	0	0	
POCUMO_Acalles_echinatus	0	0	1	0	0	0	0	0	0	0	0	0	0	0	0	0	0	0	0	
N15	0.211848	0.206097	0.181899	0.145655	0.105632	0.0692005	0.04084	0.0216597	0.0103025	0.00438842	0.00167242	0.000569992	0.000173777	4.74632e-05	1.1669e-05	2.62192e-06	5.65826e-07	1.36968e-07	5.47459e-08	
POCUCE_Zacladus_geranii	0	1	0	0	0	0	0	0	0	0	0	0	0	0	0	0	0	0	0	
N16	0.162279	0.170479	0.170172	0.156092	0.128352	0.0932653	0.0594598	0.0331555	0.0161544	0.00687849	0.00256161	0.000835418	0.000239017	6.01518e-05	1.33859e-05	2.67089e-06	4.99587e-07	1.01758e-07	3.46719e-08	
POCUCE_Rhinoncus_sp	0	0	0	0	0	0	0	1	0	0	0	0	0	0	0	0	0	0	0	
POCUCE_Nedyus_quadrimaculatus	0	1	0	0	0	0	0	0	0	0	0	0	0	0	0	0	0	0	0	
N17	0.195912	0.195113	0.179255	0.150481	0.114072	0.0771856	0.0461596	0.0242117	0.0110777	0.00440548	0.00152007	0.000454929	0.00011827	2.68196e-05	5.35463e-06	9.61077e-07	1.62466e-07	2.87529e-08	7.41731e-09	
N18	0.0771135	0.091241	0.1107	0.128638	0.137422	0.13218	0.113283	0.0860418	0.0577568	0.0342271	0.0179091	0.00828422	0.00339567	0.00123791	0.000403733	0.000119144	3.27926e-05	9.33317e-06	3.85481e-06	
POCUTY_Tychius_sp	0	0	0	0	0	0	0	0	0	0	0	0	0	0	1	0	0	0	0	
N19	0.0978628	0.110188	0.124969	0.13624	0.13756	0.125535	0.102035	0.0732442	0.0462192	0.0255801	0.0124082	0.00527805	0.00197238	0.000650036	0.000190521	5.06846e-05	1.29292e-05	3.67165e-06	1.6382e-06	
N20	0.182842	0.195484	0.195238	0.170483	0.124692	0.074698	0.036289	0.0142584	0.00453867	0.00117555	0.00024924	4.3562e-05	6.32548e-06	7.6982e-07	7.93889e-08	7.05264e-09	5.56805e-10	4.26109e-11	5.0362e-12	
POCUCU_Cionus_sp	0	1	0	0	0	0	0	0	0	0	0	0	0	0	0	0	0	0	0	
POCUMO_Adexius_scrobipennis	0	0	0	0	1	0	0	0	0	0	0	0	0	0	0	0	0	0	0	
POCUMO_Ruteria_hypocrita	0	0	0	0	0	0	1	0	0	0	0	0	0	0	0	0	0	0	0	
N21	0.163557	0.166919	0.160806	0.144844	0.120754	0.0923981	0.0644942	0.0408974	0.0235004	0.0122187	0.00574497	0.00244317	0.00094104	0.000329454	0.000105757	3.18203e-05	9.49704e-06	3.2375e-06	1.67912e-06	
POCUBA_Metialma_sp	0	1	0	0	0	0	0	0	0	0	0	0	0	0	0	0	0	0	0	
POCUSC_Scolytus_sp	0	0	0	0	0	0	0	1	0	0	0	0	0	0	0	0	0	0	0	
N22	0.128088	0.144271	0.159994	0.163503	0.147152	0.113596	0.0741228	0.0405678	0.0185598	0.00709474	0.00227002	0.000610052	0.000138382	2.66568e-05	4.39195e-06	6.24297e-07	7.77052e-08	8.9499e-09	1.37685e-09	
N23	0.134391	0.145957	0.155233	0.155052	0.140062	0.111304	0.0764309	0.0448739	0.0224025	0.00949026	0.00341251	0.00104361	0.000272295	6.0858e-05	1.17053e-05	1.94802e-06	2.83305e-07	3.7938e-08	7.02587e-09	
N24	0.184779	0.19093	0.185184	0.162599	0.124567	0.0807434	0.043281	0.0188874	0.0066441	0.00187378	0.000422749	7.63247e-05	1.1051e-05	1.28787e-06	1.21445e-07	9.35206e-09	6.02979e-10	3.61341e-11	3.46692e-12	
N25	0.205358	0.204182	0.18617	0.153217	0.111807	0.0712008	0.0390789	0.0183223	0.00729563	0.00245868	0.000700194	0.000168482	3.42893e-05	5.91514e-06	8.68274e-07	1.09419e-07	1.21979e-08	1.36735e-09	2.6277e-10	
N26	0.15403	0.164963	0.169182	0.159056	0.13306	0.0974488	0.0619769	0.0340995	0.0162045	0.00664938	0.00235785	0.000723843	0.000193	4.49251e-05	9.20317e-06	1.68075e-06	2.8066e-07	4.66807e-08	1.16807e-08	
N27	0.222207	0.215766	0.188848	0.147976	0.102926	0.0630525	0.0338106	0.0158015	0.00641915	0.00226358	0.000692658	0.000184021	4.24982e-05	8.54859e-06	1.50313e-06	2.33206e-07	3.30554e-08	4.94859e-09	1.29809e-09	
POCUSC_Ips_latidens	0	1	0	0	0	0	0	0	0	0	0	0	0	0	0	0	0	0	0	
POCUSC_Ips_spinifer	0	0	1	0	0	0	0	0	0	0	0	0	0	0	0	0	0	0	0	
POCUSC_Orthotomicus_laricis	0	0	0	0	0	0	0	0	0	0	0	1	0	0	0	0	0	0	0	
N28	0.219466	0.212272	0.185192	0.14569	0.103096	0.0653865	0.0370214	0.0186431	0.00832353	0.00328663	0.00114582	0.000352386	9.55984e-05	2.29081e-05	4.86993e-06	9.30863e-07	1.67102e-07	3.25246e-08	1.04983e-08	
POCUSC_Orthotomicus_erosus	0	0	0	1	0	0	0	0	0	0	0	0	0	0	0	0	0	0	0	
POCUSC_Pityogenes_chalcographus	0	0	1	0	0	0	0	0	0	0	0	0	0	0	0	0	0	0	0	
N29	0.180736	0.188256	0.184917	0.164479	0.127189	0.0826792	0.0440745	0.0189457	0.00649825	0.00176828	0.000380918	6.49874e-05	8.80256e-06	9.50563e-07	8.23587e-08	5.79057e-09	3.39579e-10	1.82697e-11	1.53022e-12	
N30	0.110399	0.125065	0.141443	0.150643	0.145054	0.123231	0.0910503	0.0579986	0.0316787	0.0147875	0.00588878	0.00199956	0.000579337	0.000143569	3.06083e-05	5.69964e-06	9.70482e-07	1.75986e-07	5.38591e-08	
POCUSC_Ips_acuminatus	0	0	0	1	0	0	0	0	0	0	0	0	0	0	0	0	0	0	0	
N31	0.0741006	0.089218	0.111969	0.135199	0.148308	0.142937	0.118888	0.0845408	0.0511457	0.0262608	0.0114329	0.00422135	0.00132372	0.000353666	8.10763e-05	1.62156e-05	2.95639e-06	5.59398e-07	1.66171e-07	
POCUSC_Ips_sexdentatus	0	0	0	0	0	0	0	0	1	0	0	0	0	0	0	0	0	0	0	
N32	0.0161457	0.0258821	0.0479515	0.0844156	0.12905	0.165129	0.174032	0.149883	0.10508	0.0598905	0.027767	0.0104947	0.00324477	0.000824475	0.000173273	3.04814e-05	4.65336e-06	7.11715e-07	1.82744e-07	
POCUSC_Ips_emarginatus	0	0	0	0	0	0	1	0	0	0	0	0	0	0	0	0	0	0	0	
POCUSC_Ips_knausi	0	0	0	0	0	0	0	0	1	0	0	0	0	0	0	0	0	0	0	
N33	0.15567	0.170978	0.181864	0.174736	0.142792	0.0950408	0.0500682	0.0205039	0.00645834	0.00155623	0.000286422	4.03156e-05	4.35522e-06	3.63055e-07	2.35243e-08	1.19649e-09	4.86313e-11	1.70474e-12	9.41606e-14	
N34	0.125793	0.141899	0.159199	0.166086	0.152247	0.117833	0.0750494	0.0387318	0.0160586	0.00532848	0.00141436	0.000300966	5.15735e-05	7.16787e-06	8.17021e-07	7.78142e-08	6.4216e-09	5.0565e-10	6.04408e-11	
N35	0.128219	0.143711	0.159269	0.163776	0.14862	0.115164	0.0746873	0.0400641	0.0176606	0.00637762	0.00188554	0.000456953	9.10375e-05	1.49802e-05	2.05127e-06	2.37092e-07	2.39926e-08	2.41517e-09	4.07972e-10	
N36	0.107467	0.124477	0.144954	0.157767	0.152634	0.127351	0.0900026	0.0533018	0.0262892	0.0107658	0.00365818	0.00103285	0.00024314	4.80057e-05	8.02612e-06	1.15434e-06	1.47099e-07	1.8038e-08	3.18363e-09	
N37	0.133573	0.14962	0.165276	0.168212	0.149293	0.111421	0.0684477	0.0342245	0.0138624	0.00454547	0.00120896	0.000261765	4.63592e-05	6.75273e-06	8.14304e-07	8.2107e-08	7.10756e-09	5.91165e-10	8.16226e-11	
POCUSC_Ips_paraconfusus	0	0	0	0	0	1	0	0	0	0	0	0	0	0	0	0	0	0	0	
N38	0.131369	0.165557	0.199809	0.199803	0.155222	0.0911512	0.0400276	0.0131292	0.00323277	0.000602858	8.60817e-05	9.52356e-06	8.2619e-07	5.68634e-08	3.14025e-09	1.40761e-10	5.21043e-12	1.70982e-13	8.80453e-15	
POCUSC_Ips_confusus	0	0	0	0	0	1	0	0	0	0	0	0	0	0	0	0	0	0	0	
POCUSC_Ips_hoppingi	0	1	0	0	0	0	0	0	0	0	0	0	0	0	0	0	0	0	0	
POCUSC_Ips_montanus	0	0	0	0	0	0	0	0	0	0	0	1	0	0	0	0	0	0	0	
POCUSC_Ips_lecontei	0	1	0	0	0	0	0	0	0	0	0	0	0	0	0	0	0	0	0	
N39	0.0852864	0.0997013	0.11961	0.137966	0.145691	0.136462	0.11119	0.0779033	0.0466295	0.0237733	0.0103202	0.00382196	0.00121267	0.000332142	7.95453e-05	1.70349e-05	3.39548e-06	6.81009e-07	1.80916e-07	
POCUSC_Ips_cribricollis	0	0	0	0	0	0	0	0	0	0	0	1	0	0	0	0	0	0	0	
POCUSC_Ips_calligraphus	0	0	0	0	0	0	1	0	0	0	0	0	0	0	0	0	0	0	0	
N40	0.149154	0.165907	0.179509	0.175345	0.145655	0.0987993	0.0533336	0.0225599	0.00741419	0.00188635	0.000371554	5.68216e-05	6.78305e-06	6.37151e-07	4.76524e-08	2.89028e-09	1.46705e-10	6.6667e-12	4.07426e-13	
N41	0.0525992	0.0671234	0.0907826	0.117872	0.139181	0.145503	0.132803	0.105003	0.0716061	0.042028	0.0212229	0.0092322	0.00347097	0.00113487	0.000326413	8.43802e-05	2.04437e-05	5.09382e-06	1.76312e-06	
N42	4.30194e-08	3.80848e-07	4.03301e-06	3.60611e-05	0.000262204	0.00152663	0.00700906	0.0249551	0.0676931	0.13744	0.205524	0.223549	0.17559	0.0994515	0.0408461	0.0123902	0.00291757	0.000617821	0.000186601	
POCUSC_Orthotomicus_caelatus	0	0	0	0	0	0	0	0	0	0	0	0	0	0	1	0	0	0	0	
POCUSC_Ips_perroti	0	0	0	0	0	0	0	0	0	0	1	0	0	0	0	0	0	0	0	
POCUSC_Ips_typographus	0	0	0	0	0	0	1	0	0	0	0	0	0	0	0	0	0	0	0	
N43	0.187384	0.196906	0.193839	0.168949	0.124217	0.0744839	0.0356617	0.0134645	0.00398219	0.000920015	0.000166041	2.34591e-05	2.60466e-06	2.28495e-07	1.59512e-08	8.95513e-10	4.13731e-11	1.73028e-12	1.19792e-13	
N44	0.228922	0.221472	0.192258	0.148394	0.100594	0.0591473	0.0298431	0.0128156	0.00465819	0.00142861	0.000369255	8.04692e-05	1.48091e-05	2.3076e-06	3.05642e-07	3.46716e-08	3.45446e-09	3.40759e-10	5.81704e-11	
N45	0.197443	0.213196	0.210232	0.17345	0.114158	0.0587033	0.0234221	0.00725399	0.00175194	0.000332293	4.9914e-05	5.99145e-06	5.79991e-07	4.56899e-08	2.9554e-09	1.5852e-10	7.17662e-12	2.96793e-13	1.99016e-14	
N46	0.0498823	0.476442	0.442486	0.030466	0.000715474	8.15728e-06	5.33335e-08	2.20435e-10	6.14108e-13	1.20692e-15	1.73139e-18	1.86182e-21	1.53301e-24	9.83571e-28	4.98983e-31	2.02816e-34	6.71319e-38	1.89478e-41	5.83469e-45	
POCUSC_Ips_perturbatus	0	0	1	0	0	0	0	0	0	0	0	0	0	0	0	0	0	0	0	
POCUSC_Ips_hunteri	0	1	0	0	0	0	0	0	0	0	0	0	0	0	0	0	0	0	0	
N47	0.00458344	0.0260421	0.12299	0.306336	0.343078	0.159621	0.0335008	0.00361531	0.000223949	8.65211e-06	2.21889e-07	3.96209e-09	5.11398e-11	4.9173e-13	3.61064e-15	2.06744e-17	9.41944e-20	3.55875e-22	1.64766e-24	
POCUSC_Ips_pilifrons	0	0	0	0	1	0	0	0	0	0	0	0	0	0	0	0	0	0	0	
N48	1.607e-05	0.000772158	0.0252237	0.293162	0.480812	0.189369	0.0104483	0.000195357	1.6647e-06	7.58547e-09	2.04897e-11	3.5292e-14	4.09395e-17	3.33761e-20	1.97874e-23	8.77324e-27	2.97786e-30	7.90536e-34	2.01532e-37	
POCUSC_Ips_borealis	0	0	0	1	0	0	0	0	0	0	0	0	0	0	0	0	0	0	0	
POCUSC_Ips_tridens	0	0	0	0	0	1	0	0	0	0	0	0	0	0	0	0	0	0	0	
POCUSC_Ips_woodi	0	0	0	1	0	0	0	0	0	0	0	0	0	0	0	0	0	0	0	
N49	0.183141	0.193726	0.192492	0.169483	0.126128	0.0768786	0.0376517	0.0146549	0.00450749	0.00109333	0.000209258	3.1691e-05	3.81599e-06	3.67983e-07	2.8726e-08	1.84819e-09	1.01814e-10	5.38393e-12	4.54182e-13	
N50	0.215307	0.214252	0.194046	0.155783	0.108022	0.063383	0.0310234	0.0125528	0.0041779	0.00114152	0.000256099	4.72617e-05	7.19565e-06	9.07306e-07	9.51967e-08	8.37152e-09	6.2966e-10	4.48893e-11	5.4206e-12	
POCUSC_Ips_pini	0	1	0	0	0	0	0	0	0	0	0	0	0	0	0	0	0	0	0	
N51	0.169754	0.182342	0.18624	0.170222	0.132761	0.0857288	0.0450581	0.0191102	0.00651829	0.00178793	0.000395212	7.06515e-05	1.02613e-05	1.2172e-06	1.18628e-07	9.57405e-09	6.52189e-10	4.1289e-11	4.37733e-12	
POCUSC_Ips_avulsus	0	0	0	0	1	0	0	0	0	0	0	0	0	0	0	0	0	0	0	
N52	0.0517465	0.0856598	0.146478	0.204541	0.213852	0.162257	0.0884696	0.0347015	0.00987085	0.00206184	0.000321023	3.7849e-05	3.43239e-06	2.43016e-07	1.36223e-08	6.12784e-10	2.25171e-11	7.23986e-13	3.64311e-14	
POCUSC_Ips_plastographus	0	0	0	1	0	0	0	0	0	0	0	0	0	0	0	0	0	0	0	
POCUSC_Ips_integer	0	0	0	0	0	0	1	0	0	0	0	0	0	0	0	0	0	0	0	
N53	0.169954	0.182359	0.185677	0.16915	0.131943	0.0857592	0.0457364	0.0198558	0.00699509	0.00199999	0.000465255	8.84659e-05	1.38407e-05	1.79815e-06	1.96553e-07	1.8451e-08	1.54337e-09	1.24377e-10	1.25536e-11	
POCUSC_Ips_bonanseai	0	1	0	0	0	0	0	0	0	0	0	0	0	0	0	0	0	0	0	
POCUSC_Orthotomicus_suturalis	0	0	0	0	0	0	0	0	0	0	0	1	0	0	0	0	0	0	0	
POCUSC_Pityogenes_hopkinsi_M	0	0	0	0	0	0	0	0	0	0	0	0	0	0	1	0	0	0	0	
N54	0.00171254	0.00303372	0.00659359	0.0142826	0.0283463	0.0501031	0.0781559	0.107308	0.12965	0.137991	0.129673	0.107998	0.0801911	0.0535731	0.0326514	0.0185507	0.0101949	0.00585057	0.00413954	
N55	0.00013163	0.000270876	0.000744703	0.00212123	0.00562936	0.0133711	0.0279653	0.0511255	0.0814222	0.112815	0.136	0.142835	0.131061	0.105622	0.0755303	0.0489568	0.0301116	0.0192975	0.0149903	
N56	1.34457e-05	3.80362e-05	0.000154105	0.00063092	0.00231076	0.00726342	0.019278	0.0428625	0.0794665	0.122504	0.156814	0.166743	0.147688	0.109701	0.0692931	0.0382751	0.0195637	0.0103762	0.0070251	
POCUSC_Xylosandrus_germanus	0	0	0	0	0	0	0	0	0	1	0	0	0	0	0	0	0	0	0	
POCUSC_Xylosandrus_compactus	0	0	0	0	0	0	0	0	0	0	0	0	0	1	0	0	0	0	0	
POCUSC_Xyleborus_sp	0	0	0	0	0	0	0	0	0	0	0	0	0	0	0	0	1	0	0	
N57	0.000108922	0.000226467	0.000631295	0.00182651	0.00493331	0.0119471	0.0255028	0.0475866	0.0772669	0.108915	0.133185	0.14145	0.130985	0.106669	0.0777022	0.0522779	0.0343823	0.0241654	0.0202384	
POCUSC_Dryocoetes_affaber	0	0	0	0	0	0	0	0	0	0	0	0	1	0	0	0	0	0	0	
POCUSC_Dryocoetes_autographus	0	0	0	0	0	0	0	0	0	0	0	0	0	1	0	0	0	0	0	
N58	0.184041	0.196723	0.196562	0.171636	0.12496	0.0737318	0.0346755	0.0128751	0.00375632	0.000859842	0.000154575	2.18849e-05	2.45068e-06	2.18258e-07	1.55703e-08	8.9965e-10	4.32292e-11	1.91237e-12	1.32362e-13	
N59	0.12033	0.139782	0.161629	0.170831	0.15584	0.118637	0.0739284	0.037301	0.0151521	0.00494415	0.00129618	0.000273594	4.66702e-05	6.46947e-06	7.34991e-07	6.95271e-08	5.69215e-09	4.52769e-10	5.42985e-11	
N60	0.0718399	0.0894753	0.116549	0.143876	0.15819	0.149513	0.119005	0.0788134	0.0431369	0.0194525	0.00722539	0.00221521	0.000563069	0.000119493	2.13905e-05	3.27935e-06	4.42082e-07	5.64705e-08	1.00475e-08	
N61	0.0804785	0.0948634	0.115959	0.137257	0.148677	0.141803	0.116254	0.0807538	0.0471387	0.0230245	0.00939543	0.00320476	0.00091611	0.000220616	4.51945e-05	8.02873e-06	1.29199e-06	2.13065e-07	5.53867e-08	
N62	0.033486	0.0451529	0.0664709	0.0951192	0.124415	0.144296	0.146012	0.127701	0.0959862	0.0617961	0.0340159	0.0160012	0.00643707	0.00222004	0.000660508	0.000172421	4.15358e-05	1.07547e-05	4.40168e-06	
N63	0.0249758	0.0386741	0.0666939	0.107587	0.150145	0.174713	0.166283	0.128162	0.0796526	0.0398951	0.0161365	0.00529152	0.00141447	0.000310344	5.64122e-05	8.63016e-06	1.15361e-06	1.52461e-07	3.23214e-08	
POCUCO_Telephae_sp	0	0	0	0	0	0	0	0	1	0	0	0	0	0	0	0	0	0	0	
POCUSC_Cryphalus_abietis	0	0	0	1	0	0	0	0	0	0	0	0	0	0	0	0	0	0	0	
N64	0.00459994	0.00844246	0.0189781	0.0413229	0.0787823	0.126211	0.166692	0.179643	0.157016	0.110919	0.0632278	0.0290842	0.0108134	0.00326166	0.000804298	0.000165074	2.96346e-05	5.43648e-06	1.62665e-06	
N65	0.00334107	0.00629811	0.0148432	0.0343247	0.0696889	0.118333	0.164291	0.184387	0.166273	0.120105	0.0694191	0.0321232	0.0119263	0.00356768	0.000866995	0.000174278	3.03966e-05	5.34123e-06	1.52082e-06	
POCUMO_Lepyrus_sp	0	0	0	0	0	1	0	0	0	0	0	0	0	0	0	0	0	0	0	
POCUSC_Phloeotribus_sp	0	0	0	0	0	0	0	0	0	0	0	1	0	0	0	0	0	0	0	
POCUSC_Trypodendron_lineatum	0	0	0	0	0	0	0	0	0	1	0	0	0	0	0	0	0	0	0	
N66	0.078236	0.0923802	0.112953	0.13357	0.144964	0.139622	0.116953	0.0841845	0.0517105	0.0270018	0.0119673	0.00450329	0.00144212	0.00039497	9.33821e-05	1.94039e-05	3.68622e-06	7.17005e-07	2.13168e-07	
POCUSC_Hylurgops_sp	0	0	0	0	1	0	0	0	0	0	0	0	0	0	0	0	0	0	0	
N67	0.035868	0.0499293	0.0754356	0.108545	0.139882	0.156693	0.149922	0.121133	0.0820356	0.0463632	0.0218257	0.00856206	0.00280679	0.00077322	0.000180764	3.64884e-05	6.58927e-06	1.18075e-06	3.1688e-07	
POCUSC_Hylastes_sp	0	0	0	0	0	0	0	1	0	0	0	0	0	0	0	0	0	0	0	
N68	0.0121664	0.0209188	0.0413834	0.0772153	0.125024	0.168518	0.184424	0.161244	0.111458	0.0605282	0.0257471	0.00857738	0.00224368	0.000463489	7.641e-05	1.02596e-05	1.17605e-06	1.31988e-07	2.38463e-08	
N69	0.0200548	0.0286734	0.0467766	0.0756243	0.111579	0.14401	0.159051	0.148542	0.116556	0.0766046	0.0421444	0.0194371	0.00754307	0.0024801	0.000699363	0.000173023	3.92685e-05	9.02514e-06	2.88406e-06	
POCUSC_Dendroctonus_simplex	0	0	0	0	0	1	0	0	0	0	0	0	0	0	0	0	0	0	0	
POCUSC_Dendroctonus_pseudotsugae	0	0	0	0	0	0	0	0	0	0	1	0	0	0	0	0	0	0	0	
N70	0.00733899	0.013764	0.0302776	0.062709	0.111839	0.164052	0.192484	0.177468	0.127132	0.0702813	0.0298795	0.00976144	0.00245442	0.000476901	7.21401e-05	8.62018e-06	8.44933e-07	7.80382e-08	1.22644e-08	
N71	0.000754595	0.0018735	0.00584078	0.0171266	0.0428392	0.0877448	0.144082	0.187347	0.191486	0.153218	0.095825	0.0468669	0.0179692	0.00542574	0.00130064	0.000251629	4.09874e-05	6.41114e-06	1.52181e-06	
N72	0.000605708	0.00131396	0.00383584	0.0111924	0.0286939	0.0615775	0.108546	0.155859	0.181534	0.171162	0.130569	0.0806439	0.0404102	0.0164902	0.00551896	0.00154055	0.000376794	9.44195e-05	3.68197e-05	
POCUSC_Dendroctonus_jeffreyi	0	0	0	0	0	0	0	0	0	0	1	0	0	0	0	0	0	0	0	
POCUSC_Dendroctonus_ponderosae	0	0	0	0	0	0	0	0	1	0	0	0	0	0	0	0	0	0	0	
N73	7.93495e-05	0.000236055	0.000980923	0.00392133	0.0132993	0.0365837	0.0800297	0.137812	0.185773	0.195534	0.160673	0.103284	0.0521611	0.0208315	0.00663909	0.00171031	0.000364542	6.97116e-05	1.80896e-05	
POCUSC_Dendroctonus_frontalis	0	0	0	0	0	0	0	0	0	0	0	0	0	0	0	1	0	0	0	
N74	4.96811e-05	0.00015892	0.000732987	0.003232	0.0118716	0.0347088	0.0793237	0.140455	0.191739	0.201301	0.162444	0.100884	0.0483642	0.0179912	0.00523837	0.00121445	0.000234506	4.37492e-05	1.28046e-05	
POCUSC_Dendroctonus_adjunctus	0	0	0	0	0	0	0	0	0	1	0	0	0	0	0	0	0	0	0	
N75	4.33452e-05	0.000143843	0.000684329	0.00307341	0.0114208	0.0336933	0.0776473	0.138625	0.190801	0.201924	0.164189	0.102688	0.0495446	0.0185351	0.00542277	0.00126183	0.000244157	4.55601e-05	1.33251e-05	
POCUSC_Dendroctonus_approximatus	0	0	0	0	0	0	0	1	0	0	0	0	0	0	0	0	0	0	0	
POCUSC_Dendroctonus_brevicomis	0	0	0	0	0	0	0	0	0	0	0	1	0	0	0	0	0	0	0	
N76	0.0177842	0.027378	0.0488909	0.0849833	0.130561	0.168575	0.17798	0.151302	0.102675	0.0553751	0.0236996	0.0080537	0.00217796	0.000470438	8.16119e-05	1.14865e-05	1.35098e-06	1.50798e-07	2.79056e-08	
N77	0.0327555	0.0449499	0.0692576	0.104758	0.14223	0.164991	0.15946	0.126817	0.0825276	0.0438641	0.0190498	0.00677297	0.00197742	0.00047601	9.50246e-05	1.5908e-05	2.31125e-06	3.34482e-07	8.09021e-08	
POCUSC_Dendroctonus_punctatus	0	0	0	0	0	0	0	1	0	0	0	0	0	0	0	0	0	0	0	
N78	0.0113812	0.0343325	0.10171	0.208847	0.272957	0.220993	0.109373	0.0331442	0.00637172	0.000813948	7.21697e-05	4.60971e-06	2.18775e-07	7.91833e-09	2.23647e-10	5.04624e-12	9.40158e-14	1.55295e-15	3.35006e-17	
POCUSC_Dendroctonus_rufipennis	0	0	0	0	0	0	1	0	0	0	0	0	0	0	0	0	0	0	0	
POCUSC_Dendroctonus_murrayanae	0	0	1	0	0	0	0	0	0	0	0	0	0	0	0	0	0	0	0	
N79	0.0228042	0.0319641	0.0514217	0.0828126	0.121563	0.154337	0.164966	0.146476	0.107364	0.0648042	0.0322044	0.0131939	0.00446759	0.00125515	0.00029447	5.85182e-05	1.02696e-05	1.83396e-06	5.27698e-07	
POCUSC_Dendroctonus_valens	0	0	0	0	0	0	0	1	0	0	0	0	0	0	0	0	0	0	0	
POCUSC_Dendroctonus_terebrans	0	0	0	0	0	0	1	0	0	0	0	0	0	0	0	0	0	0	0	
N80	0.0252259	0.0334769	0.0489674	0.0712795	0.0973468	0.12099	0.134661	0.133017	0.116034	0.0891645	0.0603143	0.035945	0.0189209	0.00883855	0.00369333	0.00139859	0.000490288	0.000166862	6.91546e-05	
N81	1.80979e-06	5.02367e-06	1.88973e-05	7.05324e-05	0.000241707	0.000747679	0.00207804	0.00517788	0.0115481	0.0230222	0.0409842	0.0651117	0.0923257	0.117007	0.133079	0.137206	0.13121	0.121914	0.118251	
POCUSC_Crypturgus_pusillus	0	0	0	0	0	0	0	0	0	0	0	0	0	0	0	0	0	1	0	
POCUCU_Rhynchaenus_sp	0	0	0	0	0	0	0	0	0	0	0	0	0	0	0	0	0	1	0	
N82	0.0012677	0.00262029	0.00673796	0.0167385	0.0367874	0.0693866	0.110873	0.14903	0.167763	0.157721	0.123681	0.0809184	0.0442646	0.0203472	0.00794055	0.00268938	0.000833145	0.00027102	0.000129058	
N83	1.58901e-05	8.24734e-05	0.000560342	0.00326241	0.014754	0.0496118	0.120272	0.20515	0.242033	0.196175	0.109847	0.0431481	0.0121411	0.0025056	0.000388997	4.67953e-05	4.55303e-06	3.95242e-07	4.9524e-08	
POCUCU_Anthonomus_sp	0	0	0	0	0	0	0	0	1	0	0	0	0	0	0	0	0	0	0	
POCUSC_Polygraphus_grandiclava	0	0	0	0	0	0	0	0	1	0	0	0	0	0	0	0	0	0	0	
N84	0.000119875	0.000325868	0.00120201	0.00430715	0.0133845	0.0346091	0.0730981	0.124834	0.171288	0.18808	0.164911	0.115417	0.0645743	0.0289995	0.0105443	0.00316656	0.000828472	0.000220666	8.946e-05	
POCUEN_Tanymecus_sp	0	0	0	0	0	0	0	0	1	0	0	0	0	0	0	0	0	0	0	
POCUSC_Polygraphus_poligraphus_M	0	0	0	0	0	0	0	0	0	0	0	0	1	0	0	0	0	0	0	
N85	0.0690114	0.0823957	0.102969	0.125682	0.141857	0.142711	0.125029	0.0940422	0.0602164	0.0326709	0.0149896	0.00581616	0.00191242	0.0005353	0.00012871	2.71274e-05	5.28735e-06	1.11603e-06	3.89704e-07	
N86	0.0583404	0.0722458	0.0941201	0.118431	0.136756	0.141071	0.12814	0.101666	0.0701328	0.0419595	0.0217493	0.00976812	0.00380634	0.00129109	0.000384126	0.000102233	2.57104e-05	7.11887e-06	3.10376e-06	
N87	0.0160884	0.0233655	0.0389436	0.0643302	0.0972084	0.129547	0.149785	0.149083	0.12722	0.0928901	0.0579971	0.0309868	0.0142002	0.00560823	0.00192619	0.000585896	0.000164747	4.83867e-05	2.09337e-05	
POCUMO_Pissodes_schwarzi_M	0	0	0	0	0	0	0	0	0	0	0	1	0	0	0	0	0	0	0	
N88	0.00207617	0.00421019	0.010831	0.0270273	0.0586205	0.105775	0.155583	0.184549	0.175512	0.133461	0.0811029	0.0394392	0.0153943	0.00484889	0.0012442	0.000265203	4.92179e-05	9.03672e-06	2.46326e-06	
N89	0.00203207	0.00425539	0.0116087	0.0306498	0.0686997	0.124161	0.177112	0.197513	0.171494	0.115828	0.060938	0.0250539	0.00808889	0.00206445	0.000420407	6.9427e-05	9.68986e-06	1.32487e-06	3.03912e-07	
POCUMO_Pissodes_nemorensis	0	0	0	0	0	0	0	0	1	0	0	0	0	0	0	0	0	0	0	
POCUMO_Pissodes_strobi	0	0	0	0	0	1	0	0	0	0	0	0	0	0	0	0	0	0	0	
POCUBA_Limnobaris_sp	0	0	0	0	0	0	0	0	0	0	0	1	0	0	0	0	0	0	0	
N90	0.02458	0.954299	0.0210046	0.000116446	2.85452e-07	3.88552e-10	3.31291e-13	1.90275e-16	7.71885e-20	2.28459e-23	5.04772e-27	8.46455e-31	1.09063e-34	1.09032e-38	8.53216e-43	5.2766e-47	2.6087e-51	1.04373e-55	3.43935e-60	
POCUMO_Hylobius_piceus	0	1	0	0	0	0	0	0	0	0	0	0	0	0	0	0	0	0	0	
POCUMO_Hylobius_abietis	0	1	0	0	0	0	0	0	0	0	0	0	0	0	0	0	0	0	0	
N91	0.0534975	0.0650998	0.0844846	0.108824	0.131212	0.142331	0.135524	0.111619	0.0788483	0.0475591	0.0244545	0.0107274	0.00402768	0.00130279	0.000367314	9.22174e-05	2.15222e-05	5.19428e-06	1.81819e-06	
N92	0.042469	0.0532446	0.0718778	0.096193	0.120591	0.136858	0.137765	0.121481	0.0931262	0.0617912	0.035417	0.0175382	0.00752194	0.00281059	0.000926054	0.000275974	7.8734e-05	2.46158e-05	1.15114e-05	
POCUCU_Curculio_dentipes	0	0	0	0	0	0	1	0	0	0	0	0	0	0	0	0	0	0	0	
N93	0.0331197	0.0435126	0.0620824	0.0869267	0.113048	0.132804	0.138771	0.12777	0.103039	0.0725233	0.0444825	0.0237851	0.0111149	0.00456313	0.00166159	0.000546551	0.000169167	5.49467e-05	2.53606e-05	
N94	0.0185092	0.0743142	0.234879	0.350285	0.237836	0.0717544	0.0112972	0.00105713	6.4358e-05	2.71797e-06	8.35014e-08	1.93626e-09	3.4925e-11	5.03067e-13	5.93353e-15	5.88404e-17	5.05548e-19	3.89684e-21	3.27024e-23	
POCUEN_Scepticus_insularis	0	0	0	0	1	0	0	0	0	0	0	0	0	0	0	0	0	0	0	
POCUEN_Scepticus_griseus	0	0	1	0	0	0	0	0	0	0	0	0	0	0	0	0	0	0	0	
N95	5.04098e-08	3.32414e-07	2.77481e-06	2.04442e-05	0.000127369	0.000663187	0.00285824	0.0100944	0.0289072	0.06641	0.121135	0.173824	0.194872	0.170221	0.116439	0.0636993	0.0295153	0.0133406	0.00787057	
POCUCU_Curculio_nucum_M	0	0	0	0	0	0	0	0	0	0	0	0	1	0	0	0	0	0	0	
POCUCU_Curculio_distinguendus	0	0	0	0	0	0	0	0	0	0	0	0	0	0	0	1	0	0	0	
N96	0.00261406	0.00445901	0.00928203	0.0193896	0.0373	0.0639526	0.0964454	0.127119	0.145885	0.145425	0.125742	0.0942848	0.0614025	0.0348983	0.0175143	0.0079763	0.00350663	0.00169334	0.00111057	
POCUCU_Dorytomus_sp	0	0	0	0	0	0	0	0	0	0	0	0	1	0	0	0	0	0	0	
POCUMO_Magdalis_sp	0	0	0	0	0	0	0	0	0	1	0	0	0	0	0	0	0	0	0	
N97	0.28297	0.257402	0.199166	0.131266	0.0735936	0.0349993	0.0140729	0.0047693	0.00135884	0.000324908	6.51403e-05	1.09502e-05	1.54461e-06	1.83111e-07	1.82926e-08	1.54868e-09	1.1331e-10	7.91772e-12	9.33647e-13	
N98	0.282877	0.257794	0.199896	0.131746	0.0735071	0.0345431	0.0136037	0.00447097	0.00122259	0.000277658	5.23372e-05	8.19136e-06	1.0659e-06	1.15569e-07	1.04754e-08	7.98836e-10	5.22593e-11	3.2207e-12	3.26197e-13	
N99	0.270652	0.252429	0.202797	0.138262	0.0787594	0.0370183	0.0142302	0.00444878	0.00112749	0.000231334	3.84288e-05	5.1748e-06	5.66086e-07	5.04555e-08	3.67794e-09	2.20426e-10	1.10032e-11	4.94844e-13	3.69879e-14	
N100	0.185978	0.196327	0.193831	0.168842	0.124097	0.0747978	0.036353	0.0141115	0.00435351	0.00106539	0.000206869	3.19371e-05	3.93513e-06	3.89324e-07	3.12352e-08	2.06981e-09	1.18042e-10	6.54159e-12	6.14983e-13	
POCUEN_Otiorhynchus_armadillo	0	0	0	1	0	0	0	0	0	0	0	0	0	0	0	0	0	0	0	
N101	0.174493	0.187253	0.190156	0.171445	0.130683	0.0816395	0.0410474	0.0164432	0.00522102	0.00131133	0.000260591	4.10584e-05	5.1498e-06	5.1763e-07	4.21638e-08	2.84017e-09	1.64958e-10	9.24307e-12	8.37273e-13	
POCUEN_Dyslobus_sp	0	0	0	0	0	0	0	0	0	0	1	0	0	0	0	0	0	0	0	
N102	0.17381	0.185366	0.187457	0.169656	0.131009	0.0836037	0.0432517	0.017947	0.00594132	0.00156627	0.000328969	5.51723e-05	7.4162e-06	8.03252e-07	7.06542e-08	5.11856e-09	3.16457e-10	1.88698e-11	1.82662e-12	
N103	0.141818	0.164308	0.185366	0.183672	0.149824	0.0973626	0.049699	0.0198498	0.0062142	0.00153252	0.000299777	4.68807e-05	5.91063e-06	6.05974e-07	5.0972e-08	3.55626e-09	2.10522e-10	1.16298e-11	1.04531e-12	
N104	0.0916309	0.178479	0.282111	0.263974	0.136933	0.039597	0.00657862	0.00065496	4.09668e-05	1.68452e-06	4.73992e-08	9.44599e-10	1.37273e-11	1.49136e-13	1.23745e-15	7.99292e-18	4.10285e-20	1.7569e-22	9.20798e-25	
N105	0.143722	0.307456	0.367105	0.153596	0.0259706	0.00206203	8.59033e-05	2.04169e-06	2.95801e-08	2.75751e-10	1.72999e-12	7.58499e-15	2.39945e-17	5.62787e-20	1.00188e-22	1.38141e-25	1.50162e-28	1.31078e-31	1.20384e-34	
POCUCU_Gymnetron_antirhini	0	1	0	0	0	0	0	0	0	0	0	0	0	0	0	0	0	0	0	
POCUEN_Naupactus_xanthographus	0	0	1	0	0	0	0	0	0	0	0	0	0	0	0	0	0	0	0	
N106	0.00555778	0.0389482	0.185828	0.354864	0.29098	0.106201	0.0165952	0.000997112	2.83114e-05	4.40795e-07	4.15656e-09	2.5463e-11	1.06766e-13	3.19068e-16	7.02017e-19	1.16783e-21	1.50199e-24	1.52595e-27	1.61757e-30	
POCUCE_Phytobius_sp	0	0	1	0	0	0	0	0	0	0	0	0	0	0	0	0	0	0	0	
POCUCU_Gymnetron_tetrum	0	0	0	0	0	0	1	0	0	0	0	0	0	0	0	0	0	0	0	
POCUEN_Sitona_hispidulus	0	0	0	0	0	1	0	0	0	0	0	0	0	0	0	0	0	0	0	
N107	0.0393888	0.0621256	0.105698	0.158239	0.191921	0.182676	0.134718	0.0766058	0.0335682	0.0113588	0.00298013	0.000609605	9.78737e-05	1.24265e-05	1.25811e-06	1.02647e-07	6.90131e-09	4.2175e-10	4.15206e-11	
N108	0.0146418	0.0325003	0.0732698	0.135189	0.193657	0.210287	0.170879	0.10326	0.0462957	0.0154015	0.00380843	0.000702183	9.69856e-05	1.01011e-05	8.00462e-07	4.89102e-08	2.36517e-09	9.85315e-11	5.89625e-12	
N109	0.141382	0.221669	0.288043	0.222354	0.0970897	0.0250023	0.00400858	0.00041979	2.98703e-05	1.49149e-06	5.36761e-08	1.42409e-09	2.84032e-11	4.33258e-13	5.13345e-15	4.79455e-17	3.59391e-19	2.27056e-21	1.82081e-23	
POCUDR_Sitophilus_granarius	0	0	1	0	0	0	0	0	0	0	0	0	0	0	0	0	0	0	0	
POCUDR_Sitophilus_zeamais	0	1	0	0	0	0	0	0	0	0	0	0	0	0	0	0	0	0	0	
POCUDR_Sitophilus_oryzae	0	0	0	0	0	0	0	0	0	0	0	0	1	0	0	0	0	0	0	
POCUMO_Pachylobius_picivorus	0	0	0	0	0	1	0	0	0	0	0	0	0	0	0	0	0	0	0	
N110	0.273659	0.251869	0.199083	0.134949	0.0781336	0.0384583	0.0160245	0.00563411	0.00166824	0.000415663	8.71772e-05	1.54093e-05	2.30035e-06	2.90942e-07	3.1335e-08	2.90446e-09	2.38692e-10	1.93395e-11	2.49976e-12	
N111	0.250103	0.236912	0.197318	0.143341	0.0899101	0.0482441	0.0219868	0.0084696	0.00275029	0.000752142	0.000173309	3.36978e-05	5.54187e-06	7.73195e-07	9.18694e-08	9.35783e-09	8.35312e-10	7.3254e-11	1.12426e-11	
POCUEN_Brachyderes_incanus	0	0	1	0	0	0	0	0	0	0	0	0	0	0	0	0	0	0	0	
N112	0.170474	0.188648	0.197825	0.179602	0.132941	0.0778015	0.0355645	0.0126752	0.0035354	0.000776955	0.000135646	1.89819e-05	2.14845e-06	1.98448e-07	1.50904e-08	9.53481e-10	5.08999e-11	2.4969e-12	2.05775e-13	
POCUEN_Strophosoma_melanogrammum	0	0	0	1	0	0	0	0	0	0	0	0	0	0	0	0	0	0	0	
POCUEN_Strophosoma_capitatum	0	0	0	0	1	0	0	0	0	0	0	0	0	0	0	0	0	0	0	
POCUEN_Chlorophanus_sp	0	0	1	0	0	0	0	0	0	0	0	0	0	0	0	0	0	0	0	
N113	0.210999	0.207492	0.185876	0.150231	0.108273	0.068823	0.0382399	0.0184506	0.00769641	0.0027683	0.000857567	0.000228795	5.26241e-05	1.04582e-05	1.80405e-06	2.73184e-07	3.75979e-08	5.34643e-09	1.27213e-09	
N114	0.14532	0.158354	0.167693	0.163614	0.140805	0.10389	0.0646603	0.0336679	0.0146143	0.00528476	0.00159373	0.000401691	8.48676e-05	1.5085e-05	2.26661e-06	2.90445e-07	3.26485e-08	3.65347e-09	7.02567e-10	
POCUEN_Sitona_lineatus	0	0	0	0	0	1	0	0	0	0	0	0	0	0	0	0	0	0	0	
N115	0.0562143	0.0931294	0.150594	0.197376	0.200248	0.154788	0.0904797	0.0398682	0.0132418	0.00332381	0.000633679	9.2421e-05	1.04048e-05	9.1346e-07	6.32375e-08	3.49787e-09	1.58388e-10	6.44109e-12	3.98972e-13	
POCUCL_Cleonus_sp	0	0	0	0	0	0	0	0	0	1	0	0	0	0	0	0	0	0	0	
N116	0.179433	0.227329	0.253349	0.198288	0.100527	0.0328548	0.00707395	0.0010317	0.000104722	7.582e-06	4.00214e-07	1.57054e-08	4.6633e-10	1.06455e-11	1.896e-13	2.67136e-15	3.02475e-17	2.87632e-19	3.67389e-21	
POCUMO_Larinus_sp	0	1	0	0	0	0	0	0	0	0	0	0	0	0	0	0	0	0	0	
POCUMO_Lixus_sp	0	0	1	0	0	0	0	0	0	0	0	0	0	0	0	0	0	0	0	
POCUEN_Foucartia_squamulata	0	0	0	0	1	0	0	0	0	0	0	0	0	0	0	0	0	0	0	
N117	0.271251	0.250001	0.198332	0.135436	0.079407	0.0398283	0.0170266	0.00618407	0.00190362	0.000495875	0.000109231	2.0349e-05	3.20867e-06	4.28919e-07	4.87392e-08	4.73782e-09	4.03196e-10	3.35884e-11	4.75368e-12	
N118	0.213229	0.21129	0.19041	0.153014	0.107764	0.0657256	0.0344671	0.0154828	0.00594801	0.00195396	0.000549418	0.000132497	2.7496e-05	4.93586e-06	7.72914e-07	1.07052e-07	1.34586e-08	1.66265e-09	3.10667e-10	
N119	0.244044	0.232097	0.195171	0.144275	0.0929673	0.0517741	0.0247382	0.0100861	0.00349628	0.00102842	0.000256536	5.42947e-05	9.7634e-06	1.49499e-06	1.95573e-07	2.20066e-08	2.18232e-09	2.15639e-10	3.76247e-11	
N120	0.202366	0.205281	0.191805	0.159546	0.114606	0.0695568	0.0351834	0.0147201	0.0050771	0.00144302	0.000338498	6.57232e-05	1.06024e-05	1.42738e-06	1.6119e-07	1.5382e-08	1.26674e-09	1.00366e-10	1.37478e-11	
N121	3.77259e-10	1.43304e-06	0.00243418	0.995704	0.00185922	8.36175e-07	1.64983e-10	1.35899e-14	4.63663e-19	5.4813e-24	1.51406e-32	1.068e-32	7.24349e-33	4.72492e-33	2.96734e-33	1.80106e-33	1.07177e-33	6.58377e-34	4.83345e-34	
POCUEN_Hypera_nigrirostris	0	0	0	1	0	0	0	0	0	0	0	0	0	0	0	0	0	0	0	
POCUEN_Hypera_postica	0	0	0	1	0	0	0	0	0	0	0	0	0	0	0	0	0	0	0	
N122	0.101214	0.135236	0.180732	0.203438	0.177753	0.116725	0.0570496	0.0207799	0.0056817	0.00117841	0.000187639	2.32272e-05	2.26317e-06	1.75665e-07	1.09862e-08	5.59946e-10	2.36487e-11	8.90573e-13	5.40742e-14	
POCUEN_Polydrusus_mollis_M	0	0	0	0	0	1	0	0	0	0	0	0	0	0	0	0	0	0	0	
POCUEN_Barypeithes_sp	0	0	0	1	0	0	0	0	0	0	0	0	0	0	0	0	0	0	0	
N123	0.300148	0.26953	0.202014	0.125445	0.06399	0.0266499	0.00903787	0.00249741	0.000564014	0.000104593	1.60172e-05	2.03813e-06	2.16882e-07	1.94267e-08	1.47501e-09	9.5822e-11	5.44146e-12	2.9579e-13	2.67035e-14	
POCUEN_Hypomeces_squamosus	0	1	0	0	0	0	0	0	0	0	0	0	0	0	0	0	0	0	0	
POCUEN_Sympiezomias_cribricollis	0	0	1	0	0	0	0	0	0	0	0	0	0	0	0	0	0	0	0	
POCUEN_Bothrometopus_sp	0	0	0	0	0	0	0	0	0	1	0	0	0	0	0	0	0	0	0	
N124	0.234637	0.226251	0.194774	0.147997	0.0978759	0.0555994	0.0268388	0.0109222	0.00372734	0.00106328	0.000253179	5.03164e-05	8.35662e-06	1.16318e-06	1.36533e-07	1.37191e-08	1.23156e-09	1.13612e-10	1.81977e-11	
N125	0.235048	0.226652	0.19507	0.148077	0.0977127	0.0552897	0.0265279	0.0107034	0.00361106	0.00101519	0.000237419	4.61778e-05	7.47761e-06	1.01093e-06	1.14819e-07	1.11259e-08	9.61338e-10	8.58605e-11	1.38872e-11	
POCUEN_Phyllobius_argentatus	0	0	0	0	0	1	0	0	0	0	0	0	0	0	0	0	0	0	0	
N126	0.241534	0.230137	0.194351	0.144727	0.094259	0.0532122	0.0258248	0.0107028	0.00376946	0.00112476	0.00028393	6.063e-05	1.09636e-05	1.68248e-06	2.19981e-07	2.47292e-08	2.46278e-09	2.45609e-10	4.12869e-11	
POCUEN_Phyllobius_pyri	0	0	0	1	0	0	0	0	0	0	0	0	0	0	0	0	0	0	0	
POCUEN_Eudiagogus_sp	0	0	1	0	0	0	0	0	0	0	0	0	0	0	0	0	0	0	0	
POCUEN_Liophloeus_tessulatus	0	0	0	0	0	1	0	0	0	0	0	0	0	0	0	0	0	0	0	
