NODE	7	8	9	10	11	12	13	14	15	16	17	18	19	20	21	22	23	24	25	26	27	28	29	30	31	32	33	34	35	36	37	38	39	40	41	42	43	44	45	46	47	
N1	3.03722e-32	2.18298e-31	2.06288e-30	2.04506e-29	2.00774e-28	1.89974e-27	1.7118e-26	1.46104e-25	1.17811e-24	8.96069e-24	6.42131e-23	4.33112e-22	2.74703e-21	1.6369e-20	9.15575e-20	4.80288e-19	2.36092e-18	1.08662e-17	4.67904e-17	4.42091e-13	6.25295e-12	7.70914e-11	8.27506e-10	7.72573e-09	6.26817e-08	4.41659e-07	2.70138e-06	1.43403e-05	6.6077e-05	0.000264403	0.000919604	0.00278406	0.00735222	0.016987	0.0344782	0.0618106	0.0985655	0.141021	0.1828	0.216689	0.236245	
N2	5.24455e-18	1.59586e-17	8.8419e-17	5.81548e-16	3.91389e-15	2.56182e-14	1.60111e-13	9.48795e-13	5.31545e-12	2.81151e-11	1.40297e-10	6.60163e-10	2.92799e-09	1.22363e-08	4.81675e-08	1.78543e-07	6.22995e-07	2.04578e-06	6.32044e-06	1.83671e-05	5.01918e-05	0.000128953	0.000311425	0.000706839	0.00150756	0.00302113	0.00568828	0.0100625	0.0167252	0.0261245	0.0383581	0.0529646	0.068821	0.0842319	0.097239	0.10608	0.109644	0.107734	0.101053	0.0908836	0.0786358	
N3	2.06109e-19	7.6061e-19	5.24773e-18	4.18586e-17	3.35425e-16	2.58699e-15	1.89155e-14	1.30344e-13	8.44316e-13	5.13473e-12	2.92962e-11	1.56734e-10	7.85931e-10	3.69245e-09	1.6248e-08	6.69416e-08	2.58147e-07	9.3151e-07	3.14439e-06	9.92672e-06	2.9302e-05	8.08583e-05	0.000208553	0.000502713	0.0011324	0.00238365	0.00468896	0.00862105	0.0148186	0.0238231	0.0358422	0.0505096	0.0667499	0.0828549	0.0968024	0.106737	0.111435	0.110576	0.104703	0.0949328	0.0825534	
POCUBR_Notaris_sp	0	0	0	0	0	0	0	0	0	0	0	0	0	0	0	0	0	0	0	0	0	0	0	0	0	0	0	0	0	0	0	0	0	0	0	0	1	0	0	0	0	
N4	3.87132e-19	1.45375e-18	1.04359e-17	8.7102e-17	7.24165e-16	5.74015e-15	4.28333e-14	2.99706e-13	1.9635e-12	1.20356e-11	6.89916e-11	3.6968e-10	1.85094e-09	8.65623e-09	3.77995e-08	1.54069e-07	5.85973e-07	2.07894e-06	6.8784e-06	2.12178e-05	6.10073e-05	0.000163472	0.000408145	0.000949381	0.00205727	0.00415302	0.00781068	0.0136879	0.0223586	0.0340572	0.0484098	0.0642762	0.0798306	0.092927	0.101658	0.1049	0.102606	0.0957393	0.0858717	0.0746579	0.0633858	
N5	7.85114e-16	2.10368e-15	1.01112e-14	5.85344e-14	3.49108e-13	2.02619e-12	1.12107e-11	5.86865e-11	2.89809e-10	1.34829e-09	5.90512e-09	2.43348e-08	9.43167e-08	3.43671e-07	1.17688e-06	3.78621e-06	1.14398e-05	3.24525e-05	8.64106e-05	0.000215907	0.000506117	0.00111285	0.00229482	0.00443754	0.00804606	0.0136793	0.0218072	0.0326025	0.0457208	0.0601655	0.0743354	0.0863017	0.0942652	0.0970472	0.0944254	0.0871787	0.0768256	0.0651689	0.0538295	0.0439267	0.0359713	
N6	6.14047e-43	8.34461e-41	1.48518e-38	2.66125e-36	4.52345e-34	7.08307e-32	1.00729e-29	1.2904e-27	1.48019e-25	1.5119e-23	1.3673e-21	1.08808e-19	7.56764e-18	4.56513e-16	2.36819e-14	1.04622e-12	3.89258e-11	1.20417e-09	3.05135e-08	6.22361e-07	1.00078e-05	0.000123785	0.00114346	0.00761813	0.0351732	0.107966	0.213082	0.266927	0.212235	0.108493	0.0368681	0.00868048	0.00147353	0.000186706	1.81805e-05	1.39391e-06	8.58565e-08	4.3198e-09	1.80035e-10	6.32776e-12	2.40879e-13	
POCUDR_Sphenophorus_sp	0	0	0	0	0	0	0	0	0	0	0	0	0	0	0	0	0	0	0	0	0	0	0	0	0	0	0	0	1	0	0	0	0	0	0	0	0	0	0	0	0	
POCUDR_Metamasius_hemipterus	0	0	0	0	0	0	0	0	0	0	0	0	0	0	0	0	0	0	0	0	0	0	0	0	0	1	0	0	0	0	0	0	0	0	0	0	0	0	0	0	0	
POCUDR_Diocalandra_sp	0	0	0	0	0	0	0	0	0	0	0	0	0	0	0	0	0	0	0	0	0	0	0	0	0	0	0	0	1	0	0	0	0	0	0	0	0	0	0	0	0	
N7	6.2578e-16	1.76161e-15	9.56045e-15	6.23999e-14	4.09982e-13	2.57674e-12	1.5279e-11	8.51311e-11	4.45042e-10	2.18109e-09	1.00143e-08	4.3051e-08	1.73188e-07	6.51611e-07	2.29176e-06	7.53087e-06	2.31107e-05	6.62037e-05	0.000176961	0.000441203	0.0010257	0.00222275	0.00448894	0.00844671	0.0148065	0.0241759	0.0367665	0.0520778	0.0687073	0.0844408	0.0966924	0.1032	0.102726	0.0954678	0.0829922	0.0677218	0.0522017	0.0384486	0.0276026	0.0199385	0.0151316	
POCUDR_Cosmopolites_sordidus	0	0	0	0	0	0	0	0	0	0	0	0	0	0	0	0	0	0	0	0	0	0	0	0	0	0	0	0	0	1	0	0	0	0	0	0	0	0	0	0	0	
POCUDR_Rhynchophorus_ferrugineus	0	0	0	0	0	0	0	0	0	0	0	0	0	0	0	0	0	0	0	0	0	0	0	0	0	0	1	0	0	0	0	0	0	0	0	0	0	0	0	0	0	
N8	3.40995e-12	6.39156e-12	2.0339e-11	8.08008e-11	3.40206e-10	1.4169e-09	5.68168e-09	2.17077e-08	7.86938e-08	2.70203e-07	8.77991e-07	2.69854e-06	7.84252e-06	2.15451e-05	5.59374e-05	0.00013722	0.000317985	0.00069596	0.00143838	0.00280674	0.00517018	0.00898923	0.0147502	0.0228394	0.0333687	0.0459963	0.0598146	0.073379	0.0849198	0.092711	0.095495	0.0928214	0.0851732	0.0738334	0.0605406	0.0470632	0.0348359	0.0247576	0.0171737	0.0119971	0.00888482	
N9	6.71384e-12	1.972e-11	1.051e-10	6.51117e-10	3.98886e-09	2.29251e-08	1.21477e-07	5.89714e-07	2.61517e-06	1.05759e-05	3.89506e-05	0.000130496	0.0003973	0.00109821	0.00275388	0.00626025	0.0128936	0.0240487	0.0406067	0.0620581	0.085834	0.107449	0.12176	0.124938	0.116136	0.0978498	0.0747764	0.0518705	0.0326895	0.0187348	0.00977439	0.00464733	0.00201593	0.000798718	0.000289373	9.59895e-05	2.92086e-05	8.19004e-06	2.14916e-06	5.61839e-07	1.8922e-07	
POCUBR_Echinocnemus_sp	0	0	0	0	0	0	0	0	0	0	0	0	0	0	0	0	0	0	0	0	0	0	0	0	0	1	0	0	0	0	0	0	0	0	0	0	0	0	0	0	0	
POCUER_Tanysphyrus_lemnae	0	0	0	0	0	0	0	0	0	0	0	0	0	1	0	0	0	0	0	0	0	0	0	0	0	0	0	0	0	0	0	0	0	0	0	0	0	0	0	0	0	
POCUER_Procas_sp	0	0	0	0	0	0	0	0	0	0	0	0	0	0	0	0	0	0	0	0	0	0	0	0	0	0	0	0	1	0	0	0	0	0	0	0	0	0	0	0	0	
N10	7.08416e-37	6.7574e-36	1.17854e-34	2.22799e-33	4.07785e-32	7.02354e-31	1.13879e-29	1.80787e-28	3.22486e-27	8.03366e-26	2.74502e-24	1.01169e-22	3.46319e-21	1.04793e-19	2.76632e-18	6.35626e-17	1.27304e-15	2.22834e-14	3.41797e-13	4.6019e-12	5.44088e-11	5.64563e-10	5.13603e-09	4.0922e-08	2.85295e-07	1.739e-06	9.26247e-06	4.30951e-05	0.000175139	0.000621899	0.0019309	0.00524873	0.0125153	0.0262491	0.0486048	0.0798268	0.116902	0.153423	0.181028	0.191893	0.181526	
N11	5.97212e-27	5.75932e-26	1.08585e-24	2.14501e-23	3.99684e-22	6.90091e-21	1.09976e-19	1.6152e-18	2.18385e-17	2.71556e-16	3.10256e-15	3.25383e-14	3.12959e-13	2.75806e-12	2.22518e-11	1.64211e-10	1.10754e-09	6.82176e-09	3.83434e-08	1.96535e-07	9.1804e-07	3.9057e-06	1.51259e-05	5.32999e-05	0.000170823	0.000497797	0.00131871	0.00317532	0.00694983	0.0138283	0.0250208	0.0411895	0.0617378	0.084348	0.105214	0.12013	0.126057	0.122385	0.111151	0.0960461	0.0807077	
N12	1.58054e-19	6.52166e-19	5.10503e-18	4.77998e-17	4.59967e-16	4.29552e-15	3.80013e-14	3.14906e-13	2.4301e-12	1.74041e-11	1.15429e-10	7.0785e-10	4.00882e-09	2.09473e-08	1.00909e-07	4.47838e-07	1.82996e-06	6.88118e-06	2.38001e-05	7.56855e-05	0.000221211	0.000594061	0.00146546	0.00332008	0.00690711	0.0131942	0.0231421	0.0372723	0.0551317	0.0749137	0.0935483	0.107416	0.113499	0.11048	0.0992228	0.0824122	0.0635488	0.0458304	0.0314077	0.0212037	0.015161	
N13	4.54615e-14	1.31984e-13	5.52991e-13	2.61443e-12	1.30948e-11	6.66984e-11	3.35447e-10	1.63299e-09	7.59568e-09	3.34751e-08	1.39004e-07	5.41779e-07	1.97664e-06	6.73709e-06	2.14187e-05	6.3441e-05	0.000174898	0.00044843	0.00106861	0.00236549	0.00486186	0.00927469	0.0164164	0.0269542	0.0410454	0.0579613	0.0758956	0.0921516	0.103761	0.108366	0.105006	0.0944534	0.0789293	0.06135	0.0444462	0.0301181	0.0192116	0.0116764	0.00692597	0.00420369	0.00283848	
N14	5.95481e-08	8.431e-08	1.71119e-07	4.1252e-07	1.06379e-06	2.78708e-06	7.22251e-06	1.82344e-05	4.44405e-05	0.000103952	0.000232498	0.000495974	0.00100745	0.00194637	0.00357368	0.0062324	0.0103198	0.0162197	0.0241919	0.0342365	0.0459675	0.0585496	0.0707439	0.0810856	0.0881655	0.0909459	0.0890119	0.0826748	0.0728913	0.0610278	0.0485492	0.0367287	0.0264574	0.0181816	0.0119545	0.00755562	0.00462553	0.00277881	0.00167599	0.00105575	0.000738407	
POCUBA_Metialma_sp	0	0	0	0	0	0	0	0	0	0	0	0	1	0	0	0	0	0	0	0	0	0	0	0	0	0	0	0	0	0	0	0	0	0	0	0	0	0	0	0	0	
POCUSC_Scolytus_sp	0	0	0	0	0	0	0	0	0	0	0	0	0	0	0	0	0	0	0	0	0	0	0	0	1	0	0	0	0	0	0	0	0	0	0	0	0	0	0	0	0	
N15	3.39254e-11	8.6449e-11	2.92497e-10	1.04887e-09	3.83902e-09	1.40649e-08	5.07695e-08	1.78314e-07	6.03598e-07	1.95519e-06	6.02828e-06	1.76208e-05	4.86828e-05	0.000126837	0.000311076	0.000717211	0.0015528	0.00315429	0.00600761	0.0107219	0.0179232	0.028052	0.0410948	0.0563351	0.0722538	0.0866915	0.0972971	0.102149	0.100326	0.0922009	0.0793144	0.0639047	0.0482742	0.0342476	0.022883	0.0144712	0.00873748	0.00511602	0.00298703	0.00182376	0.00125037	
POCUTY_Tychius_sp	0	0	0	0	0	0	0	0	0	0	0	0	1	0	0	0	0	0	0	0	0	0	0	0	0	0	0	0	0	0	0	0	0	0	0	0	0	0	0	0	0	
N16	2.94429e-06	3.80124e-06	6.77276e-06	1.43374e-05	3.27349e-05	7.62606e-05	0.00017548	0.000391222	0.000835507	0.00169789	0.00327048	0.00595745	0.0102488	0.0166377	0.0254751	0.0367798	0.0500611	0.0642316	0.0776848	0.0885659	0.0951828	0.0964374	0.0921247	0.0829879	0.0705085	0.056514	0.0427442	0.0305177	0.0205757	0.0131068	0.00789281	0.00449652	0.00242561	0.00124045	0.00060237	0.000278506	0.000123224	5.2766e-05	2.24812e-05	1.01958e-05	5.67773e-06	
POCUMO_Ruteria_hypocrita	0	0	0	0	0	0	0	0	0	0	0	0	0	0	1	0	0	0	0	0	0	0	0	0	0	0	0	0	0	0	0	0	0	0	0	0	0	0	0	0	0	
N17	1.97676e-06	3.83564e-06	1.21573e-05	4.47156e-05	0.000162275	0.000544802	0.00164878	0.00444739	0.0106325	0.0224585	0.0418303	0.0686157	0.0990513	0.1258	0.140588	0.138322	0.119925	0.0917358	0.0620088	0.0371053	0.0196954	0.00929385	0.00390783	0.00146771	0.000493613	0.00014903	4.04952e-05	9.92854e-06	2.20205e-06	4.42938e-07	8.10129e-08	1.35087e-08	2.05931e-09	2.87854e-10	3.70172e-11	4.39617e-12	4.84354e-13	4.97903e-14	4.81988e-15	4.56811e-16	5.92496e-17	
POCUCU_Cionus_sp	0	0	0	0	0	0	0	0	0	0	0	0	0	1	0	0	0	0	0	0	0	0	0	0	0	0	0	0	0	0	0	0	0	0	0	0	0	0	0	0	0	
POCUMO_Adexius_scrobipennis	0	0	0	0	0	0	0	0	0	0	0	1	0	0	0	0	0	0	0	0	0	0	0	0	0	0	0	0	0	0	0	0	0	0	0	0	0	0	0	0	0	
N18	2.0752e-17	7.98938e-17	4.83458e-16	3.36767e-15	2.43382e-14	1.72922e-13	1.17573e-12	7.5519e-12	4.55397e-11	2.57006e-10	1.35503e-09	6.6667e-09	3.05821e-08	1.30711e-07	5.20213e-07	1.92675e-06	6.63767e-06	2.12588e-05	6.32693e-05	0.000174902	0.00044893	0.00106952	0.0023643	0.00484846	0.00922173	0.0162657	0.0266048	0.0403543	0.0567707	0.0740937	0.0897543	0.100981	0.105625	0.102868	0.0934905	0.0795758	0.0638099	0.0486964	0.0359967	0.0265402	0.0203523	
N19	5.5286e-11	9.3275e-11	2.47941e-10	8.10844e-10	2.85657e-09	1.01559e-08	3.53017e-08	1.18159e-07	3.7806e-07	1.15224e-06	3.33916e-06	9.19245e-06	2.4026e-05	5.95969e-05	0.000140263	0.000313139	0.00066302	0.00133118	0.00253401	0.00457279	0.00782189	0.0126814	0.0194859	0.028377	0.0391664	0.0512383	0.063543	0.0747189	0.0833352	0.088201	0.0886483	0.084694	0.0770263	0.066822	0.0554607	0.0442328	0.0341222	0.0257115	0.0192004	0.0145014	0.0113591	
POCUCE_Zacladus_geranii	0	0	0	0	0	0	0	0	0	0	0	0	0	0	0	0	0	0	0	0	0	0	0	0	0	0	1	0	0	0	0	0	0	0	0	0	0	0	0	0	0	
N20	1.32234e-11	3.41779e-11	1.57973e-10	8.6256e-10	4.73686e-09	2.47481e-08	1.20593e-07	5.43806e-07	2.26132e-06	8.65351e-06	3.04307e-05	9.82222e-05	0.000290692	0.000788089	0.00195554	0.00443791	0.00920501	0.0174407	0.030172	0.0476435	0.0686556	0.0902792	0.108333	0.118653	0.11865	0.108372	0.0904626	0.0690566	0.0482455	0.0308738	0.0181136	0.00975273	0.00482385	0.00219412	0.000918757	0.000354632	0.000126452	4.1887e-05	1.31378e-05	4.18607e-06	1.71178e-06	
POCUCE_Nedyus_quadrimaculatus	0	0	0	0	0	0	0	0	0	0	0	0	0	0	0	0	0	0	0	0	0	0	0	0	1	0	0	0	0	0	0	0	0	0	0	0	0	0	0	0	0	
POCUCE_Rhinoncus_sp	0	0	0	0	0	0	0	0	0	0	0	0	0	0	0	0	0	1	0	0	0	0	0	0	0	0	0	0	0	0	0	0	0	0	0	0	0	0	0	0	0	
N21	3.51819e-14	8.22032e-14	3.43357e-13	1.74539e-12	9.18635e-12	4.7231e-11	2.32205e-10	1.08253e-09	4.76825e-09	1.98089e-08	7.75316e-08	2.85686e-07	9.90425e-07	3.22876e-06	9.89257e-06	2.84729e-05	7.69495e-05	0.000195185	0.000464496	0.0010367	0.00216932	0.00425466	0.00781938	0.0134636	0.0217154	0.0328062	0.0464211	0.0615271	0.0763959	0.0888859	0.0969448	0.0991756	0.0952513	0.0860087	0.073183	0.0588993	0.045123	0.0332633	0.0240254	0.0174952	0.0133556	
POCUMO_Acalles_camelus	0	0	0	0	0	0	0	0	0	0	0	0	0	0	0	0	0	0	0	0	0	0	0	0	0	0	0	0	0	0	0	1	0	0	0	0	0	0	0	0	0	
POCUMO_Acalles_echinatus	0	0	0	0	0	0	0	0	0	0	0	0	0	0	0	0	0	0	0	0	0	0	0	0	0	0	1	0	0	0	0	0	0	0	0	0	0	0	0	0	0	
N22	2.09286e-25	1.72114e-24	2.64221e-23	4.36462e-22	6.96018e-21	1.04101e-19	1.44627e-18	1.85911e-17	2.20676e-16	2.41555e-15	2.4357e-14	2.26027e-13	1.92856e-12	1.51171e-11	1.0877e-10	7.17807e-10	4.34137e-09	2.40462e-08	1.21888e-07	5.65046e-07	2.3941e-06	9.26605e-06	3.2743e-05	0.000105592	0.000310653	0.000833599	0.00203999	0.00455315	0.00927101	0.0172308	0.0292572	0.0454449	0.0646994	0.0846531	0.102165	0.114283	0.119236	0.116936	0.108774	0.0968815	0.0832794	
N23	4.4127e-25	3.71542e-24	5.11364e-23	7.38357e-22	1.05004e-20	1.43477e-19	1.8548e-18	2.24694e-17	2.5359e-16	2.65664e-15	2.57718e-14	2.31104e-13	1.91299e-12	1.45998e-11	1.02621e-10	6.6365e-10	3.94498e-09	2.15355e-08	1.07868e-07	4.95343e-07	2.08383e-06	8.02528e-06	2.82771e-05	9.11082e-05	0.000268318	0.000722089	0.00177551	0.00398908	0.00819157	0.0153834	0.0264441	0.041666	0.0602891	0.0803205	0.0988658	0.11294	0.120418	0.120653	0.114468	0.103589	0.089886	
N24	1.11965e-29	1.67994e-28	4.68253e-27	1.33156e-25	3.52854e-24	8.57763e-23	1.90532e-21	3.85989e-20	7.12127e-19	1.1949e-17	1.82111e-16	2.51787e-15	3.1542e-14	3.57593e-13	3.66463e-12	3.39096e-11	2.83006e-10	2.12812e-09	1.44042e-08	8.76733e-08	4.79462e-07	2.35399e-06	1.03684e-05	4.09463e-05	0.000144912	0.000459442	0.00130472	0.00331867	0.00756263	0.0154475	0.0283062	0.0465887	0.0689984	0.0921864	0.111518	0.122787	0.123987	0.116089	0.102353	0.0867097	0.0721836	
N25	9.38612e-21	5.17834e-20	4.63852e-19	4.49122e-18	4.33724e-17	4.06364e-16	3.63692e-15	3.07801e-14	2.44684e-13	1.81882e-12	1.26036e-11	8.12413e-11	4.86331e-10	2.70025e-09	1.38912e-08	6.61514e-08	2.9138e-07	1.18628e-06	4.4611e-06	1.5487e-05	4.96064e-05	0.000146538	0.000399058	0.0010015	0.00231574	0.00493265	0.00967814	0.0174918	0.0291251	0.044688	0.0632058	0.0824449	0.0992334	0.11029	0.113287	0.107682	0.0949368	0.0780351	0.0605322	0.0455405	0.0349626	
N26	2.3078e-18	7.56123e-18	4.64014e-17	3.35568e-16	2.45478e-15	1.7321e-14	1.1604e-13	7.33901e-13	4.37166e-12	2.44977e-11	1.29048e-10	6.38668e-10	2.96811e-09	1.29467e-08	5.29821e-08	2.03331e-07	7.31507e-07	2.46612e-06	7.78841e-06	2.30352e-05	6.37871e-05	0.000165339	0.000401097	0.000910543	0.00193422	0.00384479	0.00715222	0.0124535	0.0203027	0.0310042	0.0443764	0.0595812	0.0751237	0.0890862	0.099562	0.105153	0.105339	0.100571	0.0920476	0.0812785	0.0696147	
N27	4.58621e-22	2.18085e-21	2.06589e-20	2.21946e-19	2.33946e-18	2.33933e-17	2.20014e-16	1.94084e-15	1.60371e-14	1.24002e-13	8.96438e-13	6.05371e-12	3.81562e-11	2.24277e-10	1.22833e-09	6.26331e-09	2.97095e-08	1.30993e-07	5.36453e-07	2.03904e-06	7.18833e-06	2.34886e-05	7.10971e-05	0.000199242	0.000516711	0.00123963	0.0027504	0.00564296	0.0107061	0.0187867	0.0305039	0.0458609	0.0639104	0.0826787	0.0995004	0.11172	0.117503	0.116383	0.109294	0.0980622	0.0846368	
POCUSC_Ips_latidens	0	0	0	0	0	0	0	0	0	0	0	0	0	0	0	0	0	0	0	0	0	0	0	0	0	0	0	0	0	0	0	0	0	0	0	0	1	0	0	0	0	
POCUSC_Ips_spinifer	0	0	0	0	0	0	0	0	0	0	0	0	0	0	0	0	0	0	0	0	0	0	0	0	0	0	0	0	0	0	0	0	1	0	0	0	0	0	0	0	0	
POCUSC_Orthotomicus_laricis	0	0	0	0	0	0	0	0	0	0	0	0	0	0	0	0	0	0	0	0	0	0	0	0	0	0	0	0	0	0	0	1	0	0	0	0	0	0	0	0	0	
N28	1.08448e-08	1.88286e-08	4.64186e-08	1.29666e-07	3.80014e-07	1.12544e-06	3.28691e-06	9.31188e-06	2.53143e-05	6.55776e-05	0.000161174	0.000374775	0.000823024	0.00170498	0.00332937	0.00612513	0.0106126	0.017313	0.026588	0.0384324	0.0522837	0.0669355	0.0806387	0.0914132	0.0975077	0.0978638	0.0924162	0.082112	0.0686407	0.0539826	0.0399386	0.0277946	0.0181935	0.0112005	0.00648635	0.00353678	0.00182143	0.000894156	0.000429109	0.00021439	0.000126914	
POCUSC_Orthotomicus_erosus	0	0	0	0	0	0	0	0	0	0	0	1	0	0	0	0	0	0	0	0	0	0	0	0	0	0	0	0	0	0	0	0	0	0	0	0	0	0	0	0	0	
POCUSC_Pityogenes_chalcographus	0	0	0	0	0	0	0	0	0	0	0	0	0	0	0	1	0	0	0	0	0	0	0	0	0	0	0	0	0	0	0	0	0	0	0	0	0	0	0	0	0	
N29	5.78316e-31	1.1646e-29	3.40435e-28	1.0031e-26	2.85438e-25	7.66376e-24	1.91132e-22	4.38393e-21	9.19019e-20	1.7537e-18	3.03756e-17	4.76529e-16	6.75859e-15	8.65205e-14	9.98205e-13	1.03641e-11	9.67053e-11	8.09828e-10	6.0785e-09	4.08437e-08	2.45397e-07	1.31691e-06	6.30589e-06	2.69188e-05	0.000102365	0.000346551	0.00104405	0.00279848	0.0066742	0.0141686	0.0267954	0.0452058	0.0681767	0.0921981	0.112301	0.12399	0.125219	0.117146	0.103256	0.0875566	0.0729856	
POCUSC_Ips_acuminatus	0	0	0	0	0	0	0	0	0	0	0	0	0	0	0	0	0	0	0	0	0	0	0	0	0	0	1	0	0	0	0	0	0	0	0	0	0	0	0	0	0	
N30	3.96871e-32	8.49458e-31	2.93733e-29	1.04624e-27	3.55565e-26	1.11935e-24	3.22278e-23	8.43566e-22	2.00083e-20	4.29084e-19	8.30506e-18	1.4485e-16	2.27309e-15	3.20482e-14	4.0538e-13	4.59394e-12	4.65779e-11	4.2196e-10	3.41113e-09	2.45769e-08	1.57634e-07	8.99058e-07	4.55522e-06	2.04845e-05	8.16967e-05	0.000288794	0.000904473	0.00250929	0.0061674	0.0134352	0.025964	0.0445774	0.0681431	0.0930383	0.113964	0.126029	0.126944	0.117929	0.102817	0.0860898	0.0710923	
N31	4.38655e-14	1.14535e-13	5.12768e-13	2.73518e-12	1.50831e-11	8.1153e-11	4.16011e-10	2.01206e-09	9.14324e-09	3.89622e-08	1.55532e-07	5.8122e-07	2.03227e-06	6.64593e-06	2.03186e-05	5.80558e-05	0.000154977	0.000386395	0.000899551	0.001955	0.00396561	0.00750657	0.0132582	0.0218476	0.033587	0.0481711	0.0644562	0.0804721	0.0937544	0.101953	0.103515	0.0981723	0.0870195	0.0721532	0.0560342	0.0408385	0.0280294	0.0182438	0.0114423	0.0071869	0.00490934	
POCUSC_Ips_sexdentatus	0	0	0	0	0	0	0	0	0	0	0	0	0	0	0	0	0	0	0	0	0	0	0	0	0	0	0	0	1	0	0	0	0	0	0	0	0	0	0	0	0	
N32	6.92885e-10	1.44087e-09	5.11865e-09	2.19324e-08	9.62733e-08	4.06089e-07	1.60672e-06	5.90766e-06	2.01087e-05	6.32505e-05	0.000183663	0.000492	0.00121528	0.00276683	0.00580414	0.0112159	0.0199614	0.0327157	0.0493756	0.0686232	0.087836	0.10356	0.112493	0.11262	0.103948	0.0884948	0.0695246	0.0504333	0.0338001	0.0209422	0.012004	0.00636997	0.00313158	0.00142728	0.000603501	0.000236938	8.65127e-05	2.95288e-05	9.6068e-06	3.2039e-06	1.37527e-06	
POCUSC_Ips_emarginatus	0	0	0	0	0	0	0	0	0	0	0	0	0	0	0	1	0	0	0	0	0	0	0	0	0	0	0	0	0	0	0	0	0	0	0	0	0	0	0	0	0	
POCUSC_Ips_knausi	0	0	0	0	0	0	0	0	0	0	0	0	0	0	0	0	0	1	0	0	0	0	0	0	0	0	0	0	0	0	0	0	0	0	0	0	0	0	0	0	0	
N33	6.56589e-36	2.14671e-34	1.22086e-32	6.64071e-31	3.28567e-29	1.47035e-27	5.93918e-26	2.16169e-24	7.07769e-23	2.08105e-21	5.48568e-20	1.2942e-18	2.72807e-17	5.12941e-16	8.5884e-15	1.27843e-13	1.68914e-12	1.97784e-11	2.04926e-10	1.87605e-09	1.51542e-08	1.07869e-07	6.75799e-07	3.72243e-06	1.80103e-05	7.64855e-05	0.000284948	0.00093103	0.00266805	0.0067089	0.0148169	0.0287888	0.0493323	0.0748285	0.100989	0.122139	0.133664	0.134055	0.125188	0.110843	0.0946641	
N34	7.02963e-29	8.44798e-28	1.98509e-26	4.7739e-25	1.07221e-23	2.22163e-22	4.23605e-21	7.42315e-20	1.19416e-18	1.7616e-17	2.38033e-16	2.94293e-15	3.32553e-14	3.43094e-13	3.22831e-12	2.76754e-11	2.15937e-10	1.53194e-09	9.87241e-09	5.77388e-08	3.06192e-07	1.47109e-06	6.39834e-06	2.5175e-05	8.955e-05	0.000287815	0.000835427	0.00218923	0.00517786	0.0110519	0.0212896	0.0370204	0.0581373	0.0825188	0.105996	0.123479	0.130934	0.12722	0.11464	0.0977937	0.0813058	
N35	1.28612e-23	9.52355e-23	1.32275e-21	2.00217e-20	2.91863e-19	3.97434e-18	5.01309e-17	5.84021e-16	6.27447e-15	6.20955e-14	5.65504e-13	4.73457e-12	3.64066e-11	2.5688e-10	1.66166e-09	9.84542e-09	5.33876e-08	2.64736e-07	1.19955e-06	4.96303e-06	1.87375e-05	6.4513e-05	0.00020245	0.000578788	0.00150687	0.0035715	0.00770443	0.0151245	0.0270179	0.0439203	0.0649794	0.0875117	0.107311	0.119849	0.121949	0.113102	0.0957142	0.0741565	0.0531844	0.0365075	0.0260175	
N36	2.7057e-19	1.60007e-18	1.7716e-17	2.13929e-16	2.4859e-15	2.6894e-14	2.68077e-13	2.45213e-12	2.05401e-11	1.5733e-10	1.10062e-09	7.02399e-09	4.08495e-08	2.16269e-07	1.0413e-06	4.55544e-06	1.80913e-05	6.51686e-05	0.00021277	0.000629201	0.00168427	0.00407895	0.00893316	0.0176858	0.0316434	0.0511555	0.0747137	0.0985782	0.1175	0.126532	0.123116	0.108253	0.0860301	0.0618092	0.0401635	0.0236271	0.0126165	0.00616178	0.00281434	0.00128258	0.000689583	
POCUSC_Ips_montanus	0	0	0	0	0	0	0	0	0	0	0	0	0	0	0	0	0	0	0	0	0	0	1	0	0	0	0	0	0	0	0	0	0	0	0	0	0	0	0	0	0	
N37	1.48266e-20	1.60257e-19	3.22086e-18	6.57557e-17	1.22883e-15	2.06145e-14	3.08766e-13	4.11717e-12	4.8754e-11	5.11481e-10	4.74283e-09	3.87817e-08	2.79002e-07	1.76206e-06	9.74855e-06	4.71503e-05	0.00019899	0.000731509	0.00233866	0.00649346	0.0156402	0.032649	0.0590286	0.0923944	0.125187	0.146845	0.149185	0.131355	0.100331	0.0665596	0.0384081	0.0193129	0.00848046	0.00326032	0.0011009	0.000327806	8.65373e-05	2.04256e-05	4.39287e-06	9.20501e-07	2.52985e-07	
POCUSC_Ips_paraconfusus	0	0	0	0	0	0	0	0	0	0	0	0	0	0	0	0	0	0	0	0	0	1	0	0	0	0	0	0	0	0	0	0	0	0	0	0	0	0	0	0	0	
N38	6.94855e-21	8.51688e-20	1.95412e-18	4.46047e-17	9.21725e-16	1.69853e-14	2.77899e-13	4.02496e-12	5.14634e-11	5.79297e-10	5.72503e-09	4.95381e-08	3.74295e-07	2.46293e-06	1.4078e-05	6.97288e-05	0.00029858	0.00110294	0.00350781	0.00958896	0.022497	0.045247	0.0779462	0.114951	0.145096	0.156781	0.14509	0.115091	0.078343	0.0458282	0.0230773	0.0100236	0.00376382	0.00122492	0.000346517	8.55062e-05	1.84974e-05	3.54391e-06	6.19866e-07	1.10536e-07	2.92651e-08	
POCUSC_Ips_confusus	0	0	0	0	0	0	0	0	0	0	0	0	0	0	0	0	0	0	0	0	0	0	0	1	0	0	0	0	0	0	0	0	0	0	0	0	0	0	0	0	0	
POCUSC_Ips_hoppingi	0	0	0	0	0	0	0	0	0	0	0	0	0	0	0	0	0	0	0	0	0	0	1	0	0	0	0	0	0	0	0	0	0	0	0	0	0	0	0	0	0	
POCUSC_Ips_lecontei	0	0	0	0	0	0	0	0	0	0	0	0	0	0	0	0	0	0	0	0	0	0	0	0	0	0	0	0	0	0	0	0	0	0	1	0	0	0	0	0	0	
N39	1.12958e-24	6.28815e-24	7.02779e-23	8.80416e-22	1.07565e-20	1.24433e-19	1.35385e-18	1.38263e-17	1.32406e-16	1.18802e-15	9.97998e-15	7.84342e-14	5.76282e-13	3.95553e-12	2.53459e-11	1.5151e-10	8.44328e-10	4.38354e-09	2.11886e-08	9.52949e-08	3.98534e-07	1.54895e-06	5.59166e-06	1.87391e-05	5.82701e-05	0.000168045	0.000449268	0.00111304	0.00255443	0.00542909	0.0106834	0.0194618	0.0328196	0.0512394	0.0740818	0.0992297	0.123204	0.141858	0.151456	0.149722	0.136446	
POCUSC_Ips_cribricollis	0	0	0	0	0	0	0	0	0	0	0	0	0	0	0	0	0	0	0	0	0	0	0	0	0	0	0	0	0	0	0	0	0	0	0	0	0	0	0	1	0	
POCUSC_Ips_calligraphus	0	0	0	0	0	0	0	0	0	0	0	0	0	0	0	0	0	0	0	0	0	0	0	0	0	0	0	0	0	0	0	0	0	0	0	0	0	0	1	0	0	
N40	7.03019e-35	1.90766e-33	9.10031e-32	4.33882e-30	1.91634e-28	7.71249e-27	2.81279e-25	9.26974e-24	2.75487e-22	7.37022e-21	1.77214e-19	3.82355e-18	7.39106e-17	1.27805e-15	1.97388e-14	2.71876e-13	3.33461e-12	3.63672e-11	3.52166e-10	3.02384e-09	2.29919e-08	1.54619e-07	9.18597e-07	4.81641e-06	2.22678e-05	9.0716e-05	0.00032549	0.00102837	0.00286134	0.0070152	0.0151714	0.0289923	0.049084	0.0738932	0.0994255	0.120399	0.132423	0.13385	0.126136	0.11261	0.0966664	
N41	2.93386e-25	2.44647e-24	3.12618e-23	4.53591e-22	6.68864e-21	9.5126e-20	1.27583e-18	1.59835e-17	1.86216e-16	2.01272e-15	2.01486e-14	1.86554e-13	1.59553e-12	1.25895e-11	9.15316e-11	6.12429e-10	3.76637e-09	2.12635e-08	1.10068e-07	5.21766e-07	2.26239e-06	8.96282e-06	3.24069e-05	0.000106834	0.000320828	0.000876963	0.00218056	0.00492997	0.0101329	0.0189359	0.0321902	0.0498285	0.0703475	0.0907989	0.107516	0.11736	0.11888	0.11276	0.101346	0.0875739	0.0738698	
N42	1.54474e-16	5.8823e-16	4.40539e-15	3.78234e-14	3.1702e-13	2.49361e-12	1.82241e-11	1.23355e-10	7.721e-10	4.46356e-09	2.38072e-08	1.17032e-07	5.29704e-07	2.20536e-06	8.43798e-06	2.96437e-05	9.55439e-05	0.000282305	0.000764144	0.00189365	0.00429387	0.00890461	0.016882	0.029251	0.0463083	0.0669752	0.0884857	0.106792	0.117744	0.118614	0.109199	0.0918971	0.0707203	0.049793	0.032103	0.0189846	0.0103354	0.00522591	0.00251039	0.00121653	0.000688479	
POCUSC_Orthotomicus_caelatus	0	0	0	0	0	0	0	0	0	0	0	0	0	0	0	0	0	0	0	0	1	0	0	0	0	0	0	0	0	0	0	0	0	0	0	0	0	0	0	0	0	
POCUSC_Ips_perroti	0	0	0	0	0	0	0	0	0	0	0	0	0	0	0	0	0	0	0	0	0	0	0	0	0	0	0	0	0	1	0	0	0	0	0	0	0	0	0	0	0	
POCUSC_Ips_typographus	0	0	0	0	0	0	0	0	0	0	0	0	0	0	0	0	0	0	0	0	0	0	0	0	0	0	0	0	0	1	0	0	0	0	0	0	0	0	0	0	0	
N43	7.44528e-33	1.49028e-31	5.49096e-30	2.011e-28	6.80258e-27	2.10506e-25	5.9451e-24	1.53001e-22	3.58303e-21	7.62443e-20	1.47213e-18	2.57537e-17	4.0763e-16	5.82911e-15	7.52016e-14	8.74028e-13	9.1388e-12	8.58463e-11	7.23504e-10	5.46364e-09	3.69237e-08	2.23048e-07	1.20306e-06	5.78814e-06	2.48185e-05	9.47738e-05	0.000322141	0.000974367	0.00262253	0.00628351	0.0134134	0.0255483	0.0435158	0.0664961	0.0915704	0.11432	0.13039	0.137147	0.134442	0.124109	0.108718	
N44	1.36038e-27	1.50978e-26	2.90086e-25	5.90958e-24	1.1657e-22	2.16148e-21	3.72333e-20	5.92759e-19	8.69803e-18	1.17432e-16	1.45663e-15	1.65783e-14	1.72904e-13	1.65045e-12	1.44008e-11	1.14717e-10	8.33278e-10	5.51254e-09	3.31739e-08	1.81393e-07	9.00187e-07	4.05004e-06	1.65023e-05	6.08357e-05	0.00020272	0.000610081	0.00165689	0.00405815	0.00895874	0.0178187	0.0319244	0.0515238	0.0749399	0.0983263	0.116602	0.125404	0.123047	0.111276	0.0943176	0.0768888	0.0623631	
POCUSC_Ips_bonanseai	0	0	0	0	0	0	0	0	0	0	0	0	0	0	0	0	0	0	0	0	0	0	0	1	0	0	0	0	0	0	0	0	0	0	0	0	0	0	0	0	0	
N45	6.33003e-35	1.74489e-33	7.62178e-32	3.43485e-30	1.46314e-28	5.73196e-27	2.04489e-25	6.61526e-24	1.93593e-22	5.11581e-21	1.21879e-19	2.61376e-18	5.03813e-17	8.71552e-16	1.35112e-14	1.87429e-13	2.32324e-12	2.56951e-11	2.53222e-10	2.22054e-09	1.7304e-08	1.19677e-07	7.33693e-07	3.98237e-06	1.91162e-05	8.10629e-05	0.000303361	0.00100091	0.00290894	0.00744067	0.0167377	0.0330899	0.057463	0.0876312	0.117379	0.138243	0.143573	0.13239	0.110108	0.0854996	0.0661264	
POCUSC_Ips_avulsus	0	0	0	0	0	0	0	0	0	0	0	0	0	0	0	0	0	0	0	0	0	1	0	0	0	0	0	0	0	0	0	0	0	0	0	0	0	0	0	0	0	
N46	2.16244e-37	7.33147e-36	4.38223e-34	2.56259e-32	1.37406e-30	6.68333e-29	2.93888e-27	1.16599e-25	4.16667e-24	1.33894e-22	3.863e-21	9.99067e-20	2.31257e-18	4.78359e-17	8.82894e-16	1.45179e-14	2.12374e-13	2.75973e-12	3.18121e-11	3.24849e-10	2.93469e-09	2.34252e-08	1.65014e-07	1.02465e-06	5.60247e-06	2.69458e-05	0.000113895	0.000422709	0.00137644	0.00392954	0.00982913	0.0215298	0.0412792	0.0692593	0.101698	0.130785	0.147628	0.147084	0.131092	0.107702	0.0862368	
N47	1.64752e-36	4.21451e-35	1.94775e-33	8.89823e-32	3.7663e-30	1.46474e-28	5.22176e-27	1.70347e-25	5.07673e-24	1.37985e-22	3.41453e-21	7.67938e-20	1.56696e-18	2.8957e-17	4.83777e-16	7.29383e-15	9.90634e-14	1.2099e-12	1.32648e-11	1.30323e-10	1.14544e-09	8.99167e-09	6.29412e-08	3.92281e-07	2.17371e-06	1.06946e-05	4.66612e-05	0.00018034	0.000616812	0.00186548	0.00498573	0.0117702	0.0245401	0.0451929	0.0735593	0.105975	0.135527	0.1547	0.159174	0.149955	0.131898	
POCUSC_Orthotomicus_suturalis	0	0	0	0	0	0	0	0	0	0	0	0	0	0	0	0	0	0	0	0	0	0	0	0	0	0	0	0	0	0	0	0	0	0	0	0	0	1	0	0	0	
N48	1.60886e-57	2.15048e-55	4.34071e-53	8.50432e-51	1.5508e-48	2.61362e-46	4.06043e-44	5.80291e-42	7.61305e-40	9.14888e-38	1.0048e-35	1.00612e-33	9.16175e-32	7.56653e-30	5.65164e-28	3.80631e-26	2.30407e-24	1.24932e-22	6.04595e-21	2.60123e-19	9.90865e-18	3.32687e-16	9.79849e-15	2.51849e-13	5.61766e-12	1.0809e-10	1.78233e-09	2.5009e-08	2.96335e-07	2.94077e-06	2.42259e-05	0.000164115	0.000905292	0.00402596	0.0142964	0.0402055	0.0890742	0.155519	0.216135	0.244926	0.234722	
POCUSC_Ips_plastographus	0	0	0	0	0	0	0	0	0	0	0	0	0	0	0	0	0	0	0	0	0	0	0	0	0	0	0	0	0	0	0	0	0	0	0	0	0	0	0	1	0	
POCUSC_Ips_integer	0	0	0	0	0	0	0	0	0	0	0	0	0	0	0	0	0	0	0	0	0	0	0	0	0	0	0	0	0	0	0	0	0	0	0	0	0	1	0	0	0	
POCUSC_Ips_pini	0	0	0	0	0	0	0	0	0	0	0	0	0	0	0	0	0	0	0	0	0	0	0	0	0	0	0	0	0	0	0	0	0	0	0	0	0	0	0	1	0	
N49	2.36859e-26	1.98138e-25	2.93221e-24	4.73739e-23	7.50705e-22	1.12794e-20	1.58688e-19	2.07954e-18	2.53186e-17	2.85934e-16	2.99158e-15	2.8964e-14	2.59225e-13	2.1424e-12	1.63336e-11	1.14757e-10	7.42261e-10	4.41555e-09	2.41351e-08	1.21101e-07	5.57306e-07	2.35031e-06	9.07618e-06	3.20713e-05	0.000103632	0.000306058	0.000825785	0.002035	0.00457988	0.00941414	0.017681	0.0303623	0.0477252	0.0687802	0.0910941	0.111227	0.125731	0.132279	0.130336	0.121039	0.106437	
N50	9.16131e-30	9.12269e-29	1.80931e-27	3.7815e-26	7.51494e-25	1.39736e-23	2.42285e-22	3.91144e-21	5.87261e-20	8.19072e-19	1.06004e-17	1.27155e-16	1.4121e-15	1.45017e-14	1.37561e-13	1.20392e-12	9.71026e-12	7.20947e-11	4.92191e-10	3.08638e-09	1.77579e-08	9.36521e-08	4.52282e-07	1.99836e-06	8.07134e-06	2.97786e-05	0.000100292	0.000308184	0.0008637	0.00220712	0.00514248	0.0109261	0.0211762	0.0374583	0.060515	0.0893537	0.12066	0.149031	0.168208	0.172981	0.161029	
N51	5.89833e-60	1.19455e-57	3.49514e-55	9.99017e-53	2.66037e-50	6.53856e-48	1.47828e-45	3.067e-43	5.82529e-41	1.01036e-38	1.59599e-36	2.28953e-34	2.97375e-32	3.48573e-30	3.67444e-28	3.47024e-26	2.92434e-24	2.18914e-22	1.44878e-20	8.43196e-19	4.2908e-17	1.89699e-15	7.23511e-14	2.36196e-12	6.5425e-11	1.52261e-09	2.9444e-08	4.67232e-07	5.99841e-06	6.13106e-05	0.000489976	0.00300073	0.0137803	0.0464097	0.112293	0.192194	0.231022	0.195821	0.119914	0.0573821	0.0276249	
POCUSC_Ips_perturbatus	0	0	0	0	0	0	0	0	0	0	0	0	0	0	0	0	0	0	0	0	0	0	0	0	0	0	0	0	0	0	0	0	0	0	1	0	0	0	0	0	0	
POCUSC_Ips_hunteri	0	0	0	0	0	0	0	0	0	0	0	0	0	0	0	0	0	0	0	0	0	0	0	0	0	0	0	0	0	0	0	0	0	0	0	0	0	1	0	0	0	
N52	4.92915e-74	2.27918e-71	1.43969e-68	8.93739e-66	5.18635e-63	2.78325e-60	1.37641e-57	6.25803e-55	2.61011e-52	9.96345e-50	3.47246e-47	1.1021e-44	3.17665e-42	8.29106e-40	1.95337e-37	4.14032e-35	7.86667e-33	1.33463e-30	2.01332e-28	2.68814e-26	3.16086e-24	3.25528e-22	2.91861e-20	2.2629e-18	1.506e-16	8.53176e-15	4.07606e-13	1.62489e-11	5.3399e-10	1.42674e-08	3.05e-07	5.1206e-06	6.60699e-05	0.000638868	0.00449735	0.022315	0.0754844	0.169391	0.251128	0.259338	0.217135	
POCUSC_Ips_pilifrons	0	0	0	0	0	0	0	0	0	0	0	0	0	0	0	0	0	0	0	0	0	0	0	0	0	0	0	0	0	0	0	0	0	0	0	0	0	1	0	0	0	
N53	6.63558e-113	7.07949e-109	8.09705e-105	8.49802e-101	8.15995e-97	7.15123e-93	5.70534e-89	4.13248e-85	2.70967e-81	1.6035e-77	8.53606e-74	4.07352e-70	1.73619e-66	6.58286e-63	2.21091e-59	6.54747e-56	1.70128e-52	3.85792e-49	7.59072e-46	1.28771e-42	1.87052e-39	2.30899e-36	2.40198e-33	2.0864e-30	1.49777e-27	8.78458e-25	4.15545e-22	1.56237e-19	4.59165e-17	1.03475e-14	1.74867e-12	2.15878e-10	1.88717e-08	1.12504e-06	4.36627e-05	0.00104027	0.0140919	0.0978366	0.302083	0.359307	0.225596	
POCUSC_Ips_borealis	0	0	0	0	0	0	0	0	0	0	0	0	0	0	0	0	0	0	0	0	0	0	0	0	0	0	0	0	0	0	0	0	0	0	0	0	0	0	1	0	0	
POCUSC_Ips_tridens	0	0	0	0	0	0	0	0	0	0	0	0	0	0	0	0	0	0	0	0	0	0	0	0	0	0	0	0	0	0	0	0	0	0	0	0	0	0	0	1	0	
POCUSC_Ips_woodi	0	0	0	0	0	0	0	0	0	0	0	0	0	0	0	0	0	0	0	0	0	0	0	0	0	0	0	1	0	0	0	0	0	0	0	0	0	0	0	0	0	
POCUSC_Pityogenes_hopkinsi_M	0	0	0	0	0	0	0	0	0	0	0	0	0	0	0	0	0	0	0	0	0	0	0	0	0	0	0	0	0	0	0	1	0	0	0	0	0	0	0	0	0	
N54	6.72768e-16	1.97486e-15	9.07607e-15	4.8085e-14	2.66472e-13	1.47245e-12	7.90645e-12	4.06853e-11	1.9913e-10	9.23138e-10	4.04366e-09	1.67114e-08	6.5095e-08	2.38813e-07	8.24694e-07	2.67939e-06	8.1865e-06	2.3513e-05	6.34614e-05	0.000160902	0.000383118	0.000856477	0.00179728	0.00353962	0.00654168	0.0113446	0.0184614	0.0281942	0.0404176	0.0544068	0.0688091	0.0818283	0.0916102	0.096721	0.096547	0.0914549	0.0826517	0.0718043	0.0605771	0.050253	0.0415408	
N55	1.56402e-11	3.02903e-11	9.46147e-11	3.47216e-10	1.31893e-09	4.9657e-09	1.81992e-08	6.42895e-08	2.17504e-07	7.01697e-07	2.15228e-06	6.26372e-06	1.72722e-05	4.50844e-05	0.00011132	0.000259879	0.000573415	0.00119549	0.00235458	0.00438032	0.00769607	0.0127694	0.0200071	0.029601	0.041356	0.0545633	0.0679874	0.0800155	0.0889642	0.0934671	0.0928224	0.0871784	0.0774882	0.065253	0.0521489	0.0396647	0.0288563	0.020263	0.0139691	0.00974984	0.0072324	
N56	3.06599e-14	7.72154e-14	3.4707e-13	1.88312e-12	1.05149e-11	5.69897e-11	2.93545e-10	1.42569e-09	6.50854e-09	2.78878e-08	1.1206e-07	4.2201e-07	1.48872e-06	4.91725e-06	1.52008e-05	4.39621e-05	0.000118904	0.000300665	0.000710564	0.00156906	0.0032366	0.00623535	0.0112171	0.0188404	0.0295422	0.0432422	0.0590847	0.0753614	0.0897341	0.0997595	0.103569	0.100443	0.0910401	0.077179	0.0612677	0.0456345	0.0320077	0.0212962	0.0136636	0.0087796	0.00610155	
POCUSC_Xylosandrus_germanus	0	0	0	0	0	0	0	0	0	0	0	0	0	0	0	0	0	0	0	0	0	0	0	0	0	0	0	0	0	0	0	0	0	0	0	0	0	0	1	0	0	
POCUSC_Xylosandrus_compactus	0	0	0	0	0	0	0	0	0	0	0	0	0	0	0	0	0	0	0	1	0	0	0	0	0	0	0	0	0	0	0	0	0	0	0	0	0	0	0	0	0	
POCUSC_Xyleborus_sp	0	0	0	0	0	0	0	0	0	0	0	0	0	1	0	0	0	0	0	0	0	0	0	0	0	0	0	0	0	0	0	0	0	0	0	0	0	0	0	0	0	
N57	8.93847e-12	2.1779e-11	9.36275e-11	4.79483e-10	2.49868e-09	1.25171e-08	5.90001e-08	2.59389e-07	1.05937e-06	4.01038e-06	1.40519e-05	4.55211e-05	0.000136207	0.000376118	0.00095774	0.00224732	0.00485624	0.00965861	0.0176727	0.0297373	0.0460021	0.0654101	0.0854782	0.10266	0.113321	0.114988	0.107284	0.092063	0.0726899	0.0528309	0.0353616	0.0218087	0.0123996	0.006503	0.00314799	0.00140805	0.000583282	0.000225289	8.29069e-05	3.11779e-05	1.464e-05	
POCUSC_Dryocoetes_affaber	0	0	0	0	0	0	0	0	0	0	0	0	0	0	0	0	0	0	0	0	0	0	0	0	0	1	0	0	0	0	0	0	0	0	0	0	0	0	0	0	0	
POCUSC_Dryocoetes_autographus	0	0	0	0	0	0	0	0	0	0	0	0	0	0	0	0	0	0	1	0	0	0	0	0	0	0	0	0	0	0	0	0	0	0	0	0	0	0	0	0	0	
N58	1.05929e-36	2.87811e-35	1.38113e-33	6.74857e-32	3.06705e-30	1.27406e-28	4.81517e-27	1.65221e-25	5.13917e-24	1.44717e-22	3.68458e-21	8.47129e-20	1.7565e-18	3.2803e-17	5.51024e-16	8.31436e-15	1.12536e-13	1.36448e-12	1.47999e-11	1.43415e-10	1.23997e-09	9.55396e-09	6.55262e-08	3.99628e-07	2.16526e-06	1.04146e-05	4.4442e-05	0.000168189	0.000564396	0.0016796	0.00443445	0.0103945	0.0216546	0.0401487	0.0663568	0.0979632	0.129515	0.153907	0.165335	0.16191	0.145911	
N59	4.30082e-27	4.34547e-26	7.85929e-25	1.54263e-23	2.91941e-22	5.15952e-21	8.43621e-20	1.27195e-18	1.76543e-17	2.2531e-16	2.64122e-15	2.84117e-14	2.80182e-13	2.53058e-12	2.09139e-11	1.58009e-10	1.09036e-09	6.8662e-09	3.94226e-08	2.06202e-07	9.8177e-07	4.25167e-06	1.67349e-05	5.98269e-05	0.000194134	0.000571454	0.00152511	0.00368858	0.00808136	0.0160344	0.028807	0.0468634	0.0690563	0.0922462	0.111877	0.123538	0.124817	0.116377	0.101573	0.0848428	0.069825	
N60	1.29931e-20	6.68124e-20	5.91518e-19	6.00078e-18	6.1276e-17	5.99559e-16	5.51895e-15	4.74564e-14	3.80029e-13	2.82948e-12	1.95645e-11	1.25517e-10	7.4652e-10	4.11283e-09	2.09735e-08	9.89279e-08	4.31295e-07	1.73678e-06	6.45571e-06	2.2136e-05	6.99762e-05	0.000203821	0.000546712	0.00134979	0.00306601	0.00640482	0.0123005	0.0217125	0.0352213	0.0525049	0.0719385	0.0906276	0.105053	0.112182	0.11057	0.100903	0.0857027	0.0683747	0.0520979	0.0390402	0.0300993	
N61	5.76426e-14	1.33292e-13	5.57131e-13	2.86166e-12	1.52681e-11	7.95702e-11	3.95871e-10	1.86285e-09	8.25684e-09	3.43992e-08	1.34541e-07	4.93626e-07	1.698e-06	5.47383e-06	1.65317e-05	4.67622e-05	0.000123858	0.000307133	0.000712903	0.00154875	0.00314874	0.00599064	0.0106654	0.0177689	0.0277041	0.040428	0.0552265	0.0706399	0.0846317	0.0950131	0.100009	0.0987624	0.0915803	0.0798195	0.0654731	0.0506312	0.0370177	0.0257366	0.0172509	0.0115238	0.00821472	
N62	1.96229e-10	3.88496e-10	1.15547e-09	3.99005e-09	1.45465e-08	5.33185e-08	1.90881e-07	6.56215e-07	2.14542e-06	6.63398e-06	1.93403e-05	5.30616e-05	0.000136848	0.000331534	0.000754124	0.00161004	0.00322554	0.00606271	0.0106898	0.0176799	0.0274265	0.0399059	0.0544616	0.0697196	0.0837276	0.0943379	0.0997419	0.0989754	0.0922011	0.0806533	0.0662712	0.0511701	0.0371465	0.0253719	0.0163246	0.00991564	0.00571013	0.00314631	0.00169397	0.000936279	0.000589998	
POCUCU_Anthonomus_sp	0	0	0	0	0	0	0	0	0	0	0	0	0	0	0	0	0	0	0	1	0	0	0	0	0	0	0	0	0	0	0	0	0	0	0	0	0	0	0	0	0	
N63	2.71898e-07	4.29869e-07	1.01837e-06	2.84443e-06	8.29005e-06	2.38742e-05	6.6198e-05	0.00017432	0.000432539	0.00100654	0.00219025	0.00444855	0.0084235	0.0148589	0.0244058	0.037314	0.053094	0.0703031	0.0866264	0.0993321	0.106006	0.105302	0.0973841	0.0838652	0.0672729	0.0502811	0.0350302	0.0227585	0.0137953	0.00780669	0.00412712	0.00203997	0.00094364	0.000408958	0.000166277	6.35413e-05	2.28938e-05	7.83588e-06	2.60737e-06	9.09317e-07	4.1054e-07	
N64	2.14506e-08	4.98691e-08	2.03569e-07	9.68746e-07	4.52206e-06	1.95164e-05	7.6307e-05	0.000268167	0.000843863	0.00237211	0.00594608	0.0132719	0.0263471	0.0464751	0.0727939	0.101197	0.124844	0.136689	0.132868	0.114735	0.0880914	0.0601995	0.0366627	0.0199276	0.00968205	0.00421216	0.00164379	0.000576516	0.000182069	5.18784e-05	1.33642e-05	3.11905e-06	6.60968e-07	1.27488e-07	2.24451e-08	3.62014e-09	5.37752e-10	7.42166e-11	9.69728e-12	1.28284e-12	2.44037e-13	
POCUSC_Polygraphus_poligraphus_M	0	0	0	0	0	0	0	0	0	0	0	0	0	0	0	1	0	0	0	0	0	0	0	0	0	0	0	0	0	0	0	0	0	0	0	0	0	0	0	0	0	
POCUEN_Tanymecus_sp	0	0	0	0	0	0	0	0	0	0	0	0	0	0	0	1	0	0	0	0	0	0	0	0	0	0	0	0	0	0	0	0	0	0	0	0	0	0	0	0	0	
POCUSC_Polygraphus_grandiclava	0	0	0	0	0	0	0	0	0	0	1	0	0	0	0	0	0	0	0	0	0	0	0	0	0	0	0	0	0	0	0	0	0	0	0	0	0	0	0	0	0	
N65	3.45886e-13	7.20817e-13	2.51615e-12	1.06939e-11	4.79725e-11	2.1368e-10	9.2014e-10	3.78521e-09	1.47948e-08	5.47997e-08	1.92099e-07	6.36823e-07	1.9955e-06	5.90839e-06	1.65254e-05	4.36513e-05	0.000108872	0.000256347	0.000569727	0.00119502	0.00236537	0.00441781	0.00778517	0.0129439	0.0203046	0.0300514	0.0419661	0.0553016	0.0687775	0.0807458	0.0895154	0.0937528	0.0928304	0.0869957	0.0773001	0.0653154	0.0527434	0.0410513	0.0312379	0.0237663	0.0186331	
POCUSC_Crypturgus_pusillus	0	0	0	0	0	0	0	0	0	0	0	0	0	0	0	0	0	0	0	0	0	0	0	0	0	0	1	0	0	0	0	0	0	0	0	0	0	0	0	0	0	
POCUCU_Rhynchaenus_sp	0	0	0	0	0	0	0	0	0	0	0	0	0	0	0	0	0	0	0	0	0	0	0	0	0	0	0	0	0	0	0	0	0	0	0	0	1	0	0	0	0	
N66	3.15742e-14	9.65232e-14	4.76213e-13	2.57194e-12	1.38355e-11	7.23062e-11	3.63328e-10	1.74334e-09	7.94438e-09	3.423e-08	1.38959e-07	5.30017e-07	1.89528e-06	6.34313e-06	1.98426e-05	5.79553e-05	0.000157912	0.000401105	0.000949214	0.00209179	0.00429082	0.00818992	0.0145417	0.0240131	0.0368733	0.0526456	0.069885	0.0862568	0.0990012	0.105684	0.104962	0.0970275	0.0835359	0.0670489	0.0502535	0.0352786	0.023335	0.0147195	0.00907269	0.00572181	0.00397632	
N67	1.75806e-05	2.29585e-05	4.00576e-05	7.90717e-05	0.00016196	0.000330651	0.000659541	0.00127184	0.00235709	0.00418354	0.00709513	0.0114801	0.017701	0.0259838	0.0362848	0.0481699	0.0607588	0.0727806	0.0827595	0.089304	0.0914236	0.0887752	0.0817544	0.0713971	0.0591278	0.0464366	0.0345883	0.0244379	0.0163816	0.0104214	0.0062938	0.00360985	0.00196723	0.0010192	0.000502428	0.000236033	0.000106059	4.60253e-05	1.98025e-05	9.03598e-06	5.04922e-06	
POCUSC_Trypodendron_lineatum	0	0	0	0	1	0	0	0	0	0	0	0	0	0	0	0	0	0	0	0	0	0	0	0	0	0	0	0	0	0	0	0	0	0	0	0	0	0	0	0	0	
N68	3.08083e-07	5.81408e-07	1.85656e-06	7.30214e-06	2.97237e-05	0.000115279	0.000409245	0.00130321	0.00368327	0.0091862	0.0201512	0.0388054	0.0655266	0.0969607	0.125689	0.142727	0.142006	0.123844	0.0947249	0.0635918	0.0375047	0.0194528	0.008884	0.00357719	0.00127176	0.000399824	0.000111336	2.75075e-05	6.04082e-06	1.18138e-06	2.06159e-07	3.21705e-08	4.49957e-09	5.65562e-10	6.40787e-11	6.56896e-12	6.12293e-13	5.22908e-14	4.16626e-15	3.34048e-16	4.12184e-17	
N69	9.45373e-11	7.98219e-10	1.11643e-08	1.49979e-07	1.73235e-06	1.65733e-05	0.000128738	0.000799802	0.00391967	0.0149538	0.0438633	0.0978737	0.164823	0.208606	0.198402	0.142371	0.0776765	0.0325599	0.0106135	0.00272501	0.000558127	9.23118e-05	1.24715e-05	1.39099e-06	1.29332e-07	1.01144e-08	6.70762e-10	3.80034e-11	1.85211e-12	7.81303e-14	2.86931e-15	9.22248e-17	2.60711e-18	6.51166e-20	1.44308e-21	2.84917e-23	5.03245e-25	7.99579e-27	1.15675e-28	1.59243e-30	2.95993e-32	
POCUMO_Lepyrus_sp	0	0	0	0	0	0	0	0	0	0	0	1	0	0	0	0	0	0	0	0	0	0	0	0	0	0	0	0	0	0	0	0	0	0	0	0	0	0	0	0	0	
POCUSC_Phloeotribus_sp	0	0	0	0	0	0	0	0	0	0	0	0	0	0	1	0	0	0	0	0	0	0	0	0	0	0	0	0	0	0	0	0	0	0	0	0	0	0	0	0	0	
N70	3.05077e-07	5.76683e-07	1.84787e-06	7.29495e-06	2.97871e-05	0.000115811	0.000411918	0.00131356	0.00371596	0.00927201	0.0203396	0.0391513	0.0660532	0.0976128	0.126315	0.143128	0.142037	0.123496	0.0941309	0.0629456	0.0369612	0.019078	0.00866645	0.00346931	0.00122562	0.000382685	0.00010578	2.59284e-05	5.64595e-06	1.0942e-06	1.8911e-07	2.9208e-08	4.04063e-09	5.01955e-10	5.61598e-11	5.67916e-12	5.21557e-13	4.38408e-14	3.4435e-15	2.76788e-16	3.62252e-17	
POCUCO_Telephae_sp	0	0	0	0	0	0	0	0	1	0	0	0	0	0	0	0	0	0	0	0	0	0	0	0	0	0	0	0	0	0	0	0	0	0	0	0	0	0	0	0	0	
POCUSC_Cryphalus_abietis	0	0	0	0	0	0	0	0	0	0	0	0	0	0	0	0	0	0	1	0	0	0	0	0	0	0	0	0	0	0	0	0	0	0	0	0	0	0	0	0	0	
N71	4.09329e-13	1.00304e-12	4.13115e-12	1.98499e-11	9.80923e-11	4.76167e-10	2.22325e-09	9.8724e-09	4.14237e-08	1.63603e-07	6.0675e-07	2.10976e-06	6.87057e-06	2.09385e-05	5.9679e-05	0.000159	0.000395806	0.000920264	0.00199775	0.00404802	0.00765433	0.0135035	0.022222	0.0341089	0.048828	0.0651896	0.0811737	0.0942826	0.102169	0.103327	0.0975725	0.0860917	0.0710496	0.05493	0.0398823	0.027306	0.0177562	0.0111092	0.00684959	0.00434563	0.00303799	
POCUSC_Hylurgops_sp	0	0	0	0	0	0	0	0	0	0	0	0	0	0	0	0	0	0	0	0	0	0	0	0	0	0	1	0	0	0	0	0	0	0	0	0	0	0	0	0	0	
N72	3.09018e-13	1.09066e-12	5.99983e-12	3.52041e-11	2.0244e-10	1.11493e-09	5.82314e-09	2.86504e-08	1.32075e-07	5.67907e-07	2.26932e-06	8.40197e-06	2.87539e-05	9.07829e-05	0.000264015	0.000706345	0.00173664	0.00392041	0.00812007	0.0154218	0.0268434	0.0428054	0.0625155	0.0836024	0.102364	0.114755	0.117799	0.110752	0.0954032	0.0753342	0.0545681	0.0362909	0.0221866	0.0124888	0.00648743	0.00312067	0.00139825	0.000590239	0.000240857	0.000101492	5.22204e-05	
POCUSC_Hylastes_sp	0	0	0	0	0	0	0	0	0	0	0	1	0	0	0	0	0	0	0	0	0	0	0	0	0	0	0	0	0	0	0	0	0	0	0	0	0	0	0	0	0	
N73	4.65985e-16	2.14701e-15	1.9287e-14	1.94281e-13	1.88336e-12	1.68943e-11	1.38634e-10	1.036e-09	7.03203e-09	4.32717e-08	2.41014e-07	1.21341e-06	5.51546e-06	2.26108e-05	8.35238e-05	0.000277788	0.000831224	0.00223643	0.00540749	0.0117448	0.0229058	0.0401025	0.0630144	0.0888584	0.112443	0.127693	0.130157	0.119107	0.0978891	0.0722877	0.0479955	0.0286748	0.0154331	0.00749475	0.00329235	0.00131399	0.000480463	0.000163865	5.43258e-05	1.93081e-05	9.06671e-06	
N74	2.08246e-15	1.09619e-14	1.06075e-13	1.11702e-12	1.11764e-11	1.02373e-10	8.48639e-10	6.33876e-09	4.2562e-08	2.56477e-07	1.38503e-06	6.69387e-06	2.89173e-05	0.00011153	0.000383624	0.00117558	0.00320655	0.00777859	0.0167698	0.0321114	0.0545856	0.0823429	0.110204	0.130842	0.137808	0.128779	0.106801	0.0786404	0.0514376	0.0299064	0.0154682	0.0071238	0.00292463	0.00107187	0.000351398	0.000103386	2.74671e-05	6.6776e-06	1.53369e-06	3.63039e-07	1.16668e-07	
N75	2.9776e-15	1.9266e-14	2.31947e-13	2.94517e-12	3.47542e-11	3.69456e-10	3.50259e-09	2.94638e-08	2.19083e-07	1.43495e-06	8.25096e-06	4.15121e-05	0.00018216	0.000695022	0.00229914	0.00657672	0.0162301	0.034486	0.0629921	0.0987965	0.132951	0.153466	0.151976	0.129195	0.0943797	0.0593354	0.0321631	0.0150652	0.00611308	0.00215489	0.000661867	0.000177697	4.18417e-05	8.67167e-06	1.58805e-06	2.58185e-07	3.75024e-08	4.91735e-09	5.94811e-10	7.1237e-11	1.20739e-11	
POCUSC_Dendroctonus_jeffreyi	0	0	0	0	0	0	0	0	0	0	0	0	0	0	0	0	1	0	0	0	0	0	0	0	0	0	0	0	0	0	0	0	0	0	0	0	0	0	0	0	0	
POCUSC_Dendroctonus_ponderosae	0	0	0	0	0	0	0	0	0	0	0	0	0	0	0	0	0	0	0	0	0	0	0	0	1	0	0	0	0	0	0	0	0	0	0	0	0	0	0	0	0	
N76	3.93759e-16	2.68643e-15	3.13444e-14	3.8145e-13	4.38999e-12	4.62131e-11	4.38331e-10	3.71837e-09	2.80972e-08	1.8864e-07	1.1232e-06	5.92207e-06	2.76118e-05	0.000113708	0.000413114	0.00132279	0.0037295	0.009251	0.0201741	0.0386552	0.0650454	0.0960872	0.124581	0.141752	0.14155	0.124068	0.0954767	0.0645366	0.038337	0.0200273	0.00920796	0.00372951	0.0013322	0.000420255	0.000117293	2.90444e-05	6.41505e-06	1.2798e-06	2.38978e-07	4.67409e-08	1.35012e-08	
POCUSC_Dendroctonus_frontalis	0	0	0	0	0	0	0	0	0	0	0	0	0	0	0	0	1	0	0	0	0	0	0	0	0	0	0	0	0	0	0	0	0	0	0	0	0	0	0	0	0	
N77	2.63225e-16	1.72818e-15	2.11605e-14	2.7332e-13	3.28681e-12	3.56961e-11	3.46896e-10	3.00507e-09	2.31523e-08	1.58359e-07	9.60072e-07	5.1515e-06	2.44301e-05	0.00010226	0.000377354	0.00122621	0.00350515	0.00880609	0.019429	0.0376203	0.0638946	0.0951492	0.124204	0.142102	0.142499	0.12527	0.0965692	0.0653102	0.0387729	0.0202206	0.0092714	0.00374121	0.00133011	0.000417208	0.000115649	2.8401e-05	6.20734e-06	1.22057e-06	2.2291e-07	4.20747e-08	1.16678e-08	
POCUSC_Dendroctonus_adjunctus	0	0	0	0	0	0	0	0	0	0	0	0	0	0	0	0	0	0	0	0	0	0	1	0	0	0	0	0	0	0	0	0	0	0	0	0	0	0	0	0	0	
N78	3.55859e-15	1.88795e-14	1.91527e-13	2.08909e-12	2.13657e-11	1.98567e-10	1.66253e-09	1.24963e-08	8.41323e-08	5.06393e-07	2.7201e-06	1.30172e-05	5.54094e-05	0.000209467	0.000702242	0.00208507	0.0054763	0.0127092	0.0260377	0.0470543	0.0749604	0.10522	0.130097	0.141673	0.135888	0.114827	0.0855166	0.0561622	0.0325492	0.0166618	0.00754107	0.00302122	0.00107285	0.000338173	9.47837e-05	2.36767e-05	5.29209e-06	1.06867e-06	2.00961e-07	3.91408e-08	1.11863e-08	
POCUSC_Dendroctonus_approximatus	0	0	0	0	0	0	0	0	0	0	0	0	0	0	0	0	0	1	0	0	0	0	0	0	0	0	0	0	0	0	0	0	0	0	0	0	0	0	0	0	0	
POCUSC_Dendroctonus_brevicomis	0	0	0	0	0	0	0	0	0	0	0	0	0	0	0	0	0	0	0	0	0	0	0	0	0	0	1	0	0	0	0	0	0	0	0	0	0	0	0	0	0	
N79	9.57019e-16	4.48305e-15	3.89608e-14	3.76115e-13	3.49863e-12	3.01231e-11	2.37116e-10	1.69886e-09	1.10555e-08	6.52577e-08	3.49013e-07	1.6896e-06	7.39717e-06	2.92633e-05	0.000104525	0.000336853	0.000978824	0.00256304	0.0060446	0.0128334	0.0245197	0.0421455	0.0651553	0.0905822	0.113239	0.127296	0.128688	0.117014	0.0957273	0.0704844	0.0467331	0.0279201	0.0150439	0.00732034	0.00322379	0.00128999	0.000472836	0.000161653	5.37872e-05	1.92484e-05	9.11458e-06	
N80	4.82767e-12	1.23337e-11	5.88236e-11	3.3532e-10	1.90753e-09	1.02479e-08	5.11723e-08	2.36325e-07	1.00738e-06	3.95901e-06	1.43313e-05	4.77452e-05	0.000146281	0.000411851	0.00106487	0.00252688	0.00549994	0.0109747	0.0200677	0.033613	0.0515569	0.0723988	0.0930616	0.109488	0.117898	0.116206	0.104853	0.0866288	0.0655538	0.0454517	0.0288881	0.0168406	0.0090115	0.00443115	0.00200583	0.000838709	0.000326294	0.000120095	4.35084e-05	1.70047e-05	8.60397e-06	
POCUSC_Dendroctonus_simplex	0	0	0	0	0	0	0	0	0	0	0	0	0	0	0	0	0	0	0	0	0	0	1	0	0	0	0	0	0	0	0	0	0	0	0	0	0	0	0	0	0	
POCUSC_Dendroctonus_pseudotsugae	0	0	0	0	0	0	0	0	0	0	0	0	0	0	0	0	0	0	0	0	0	0	1	0	0	0	0	0	0	0	0	0	0	0	0	0	0	0	0	0	0	
N81	6.34131e-14	2.2861e-13	1.5597e-12	1.20518e-11	9.03288e-11	6.29732e-10	4.03374e-09	2.36388e-08	1.2649e-07	6.17235e-07	2.74397e-06	1.11033e-05	4.08616e-05	0.000136656	0.000415033	0.0011439	0.00285941	0.00647907	0.013301	0.0247293	0.0416234	0.0634076	0.0874037	0.109005	0.122987	0.12554	0.115944	0.0969026	0.0733081	0.0502165	0.0311608	0.0175262	0.00894163	0.00414264	0.00174604	0.000671727	0.000237496	7.83558e-05	2.50179e-05	8.46459e-06	3.76958e-06	
N82	2.04417e-21	1.98294e-20	3.53553e-19	6.56522e-18	1.14483e-16	1.82812e-15	2.65132e-14	3.4788e-13	4.11833e-12	4.38814e-11	4.19828e-10	3.59792e-09	2.75529e-08	1.88086e-07	1.1417e-06	6.14752e-06	2.92918e-05	0.000123217	0.000456543	0.00148676	0.00424689	0.0106211	0.0232177	0.0443013	0.0736991	0.106803	0.134751	0.147978	0.141449	0.117731	0.0853806	0.0540041	0.0298315	0.0144176	0.00611243	0.00228259	0.000756402	0.000225782	6.27725e-05	1.77015e-05	6.51192e-06	
POCUSC_Dendroctonus_punctatus	0	0	0	0	0	0	0	0	0	0	0	0	0	0	0	0	0	0	0	0	0	0	0	0	0	0	0	0	0	0	0	0	1	0	0	0	0	0	0	0	0	
N83	2.53734e-28	9.40246e-27	5.87476e-25	3.44267e-23	1.80169e-21	8.35551e-20	3.41801e-18	1.22771e-16	3.85333e-15	1.05134e-13	2.47974e-12	5.02631e-11	8.69984e-10	1.27715e-08	1.5787e-07	1.63061e-06	1.39596e-05	9.82223e-05	0.000563116	0.00260776	0.00967312	0.0285187	0.0663895	0.121436	0.174053	0.195426	0.17226	0.119722	0.0660056	0.0290769	0.0103167	0.00297286	0.000701651	0.000136792	2.22189e-05	3.03412e-06	3.51965e-07	3.51607e-08	3.09286e-09	2.54239e-10	2.827e-11	
POCUSC_Dendroctonus_rufipennis	0	0	0	0	0	0	0	0	0	0	0	0	0	0	0	0	0	0	0	0	0	0	0	0	1	0	0	0	0	0	0	0	0	0	0	0	0	0	0	0	0	
POCUSC_Dendroctonus_murrayanae	0	0	0	0	0	0	0	0	0	0	0	0	0	0	0	0	0	0	0	0	0	0	0	1	0	0	0	0	0	0	0	0	0	0	0	0	0	0	0	0	0	
N84	2.17733e-10	6.23581e-10	3.27104e-09	1.96609e-08	1.14489e-07	6.14241e-07	2.98959e-06	1.31268e-05	5.18605e-05	0.000184035	0.000585832	0.00167093	0.00426609	0.0097415	0.0198814	0.0362466	0.0590098	0.0857692	0.111295	0.128946	0.133431	0.123371	0.101985	0.0754292	0.0499566	0.0296563	0.0157972	0.0075595	0.00325389	0.00126154	0.000441177	0.000139388	3.98558e-05	1.03347e-05	2.43633e-06	5.23983e-07	1.03363e-07	1.8884e-08	3.26918e-09	5.80159e-10	1.46464e-10	
POCUSC_Dendroctonus_valens	0	0	0	0	0	0	0	0	0	0	0	0	0	0	0	0	0	0	1	0	0	0	0	0	0	0	0	0	0	0	0	0	0	0	0	0	0	0	0	0	0	
POCUSC_Dendroctonus_terebrans	0	0	0	0	0	0	0	0	0	0	0	0	0	1	0	0	0	0	0	0	0	0	0	0	0	0	0	0	0	0	0	0	0	0	0	0	0	0	0	0	0	
N85	3.09062e-16	8.6862e-16	4.10864e-15	2.32286e-14	1.38282e-13	8.17836e-13	4.67359e-12	2.54636e-11	1.31405e-10	6.40065e-10	2.93701e-09	1.26799e-08	5.14609e-08	1.96198e-07	7.02296e-07	2.35906e-06	7.43279e-06	2.19573e-05	6.07921e-05	0.000157689	0.000383088	0.000871372	0.00185526	0.00369664	0.00689193	0.0120217	0.0196194	0.0299605	0.0428229	0.0573156	0.0718895	0.0845932	0.0935362	0.0974065	0.0958404	0.0894944	0.0797983	0.0685079	0.0572422	0.0471608	0.038841	
N86	3.25394e-14	9.01118e-14	4.65749e-13	2.90775e-12	1.85192e-11	1.1341e-10	6.53454e-10	3.51212e-09	1.75418e-08	8.12662e-08	3.48823e-07	1.38622e-06	5.09727e-06	1.73343e-05	5.44937e-05	0.000158302	0.000424786	0.00105259	0.00240789	0.00508382	0.00990457	0.0178034	0.0295214	0.045155	0.0637076	0.0829076	0.0995252	0.110216	0.11261	0.106171	0.0923915	0.0742311	0.0550898	0.037794	0.0240021	0.0141498	0.00778807	0.00405241	0.00204964	0.00107136	0.000652657	
N87	3.69438e-13	1.05886e-12	4.96956e-12	2.71691e-11	1.52897e-10	8.3694e-10	4.34108e-09	2.10848e-08	9.53811e-08	4.00814e-07	1.56243e-06	5.64496e-06	1.88906e-05	5.8524e-05	0.000167777	0.00044491	0.00109093	0.00247269	0.00517924	0.0100226	0.0179154	0.0295749	0.0450836	0.0634558	0.0824627	0.0989397	0.109603	0.11211	0.105897	0.0923896	0.0744696	0.0554798	0.038229	0.0243943	0.0144485	0.00797921	0.00414608	0.00206451	0.00102161	0.000537525	0.000334831	
POCUCU_Dorytomus_sp	0	0	0	0	0	0	0	0	0	0	0	0	0	0	0	0	0	0	0	0	0	1	0	0	0	0	0	0	0	0	0	0	0	0	0	0	0	0	0	0	0	
POCUMO_Magdalis_sp	0	0	0	0	0	0	0	0	0	0	0	0	0	0	0	0	0	0	0	1	0	0	0	0	0	0	0	0	0	0	0	0	0	0	0	0	0	0	0	0	0	
N88	3.05719e-16	1.19314e-15	9.18588e-15	8.04646e-14	6.83484e-13	5.42113e-12	3.97834e-11	2.69362e-10	1.68028e-09	9.64654e-09	5.09184e-08	2.46875e-07	1.09845e-06	4.48121e-06	1.67474e-05	5.72901e-05	0.000179247	0.000512561	0.00133864	0.00319103	0.00693909	0.0137582	0.0248608	0.0409271	0.0613653	0.0837842	0.104154	0.117882	0.12148	0.114005	0.0974634	0.0759406	0.0539734	0.0350396	0.0208294	0.0113905	0.0057823	0.00277555	0.00130787	0.000651177	0.000388675	
N89	1.99179e-24	3.18282e-23	9.13145e-22	2.63695e-20	7.02785e-19	1.69713e-17	3.69053e-16	7.19944e-15	1.25569e-13	1.95149e-12	2.69283e-11	3.28704e-10	3.53571e-09	3.33793e-08	2.75417e-07	1.97764e-06	1.23036e-05	6.60235e-05	0.000304234	0.00119853	0.00401966	0.0114319	0.0274737	0.0556286	0.0946859	0.135283	0.162152	0.163102	0.137839	0.098071	0.0589076	0.0299753	0.0129745	0.00479958	0.00152573	0.000419501	0.000100584	2.12788e-05	4.06198e-06	7.51111e-07	1.84708e-07	
N90	7.43426e-51	6.3144e-48	6.86388e-45	6.68484e-42	5.6519e-39	4.11346e-36	2.55947e-33	1.35163e-30	6.00978e-28	2.23008e-25	6.83899e-23	1.71444e-20	3.47036e-18	5.59397e-16	7.06787e-14	6.87375e-12	5.03861e-10	2.71643e-08	1.0465e-06	2.78448e-05	0.000491442	0.00548657	0.0366943	0.13873	0.281667	0.299752	0.170727	0.0546607	0.0104131	0.00124576	9.81296e-05	5.29921e-06	2.03007e-07	5.67947e-09	1.18967e-10	1.90715e-12	2.38788e-14	2.38537e-16	1.95523e-18	1.38186e-20	1.06753e-22	
N91	8.68535e-55	1.56951e-51	3.15005e-48	5.45167e-45	8.06662e-42	1.01342e-38	1.07291e-35	9.49391e-33	6.95856e-30	4.18288e-27	2.03956e-24	7.96866e-22	2.46077e-19	5.91411e-17	1.08702e-14	1.49775e-12	1.51183e-10	1.08858e-08	5.42013e-07	1.79933e-05	0.000381556	0.00491641	0.0363658	0.145361	0.297554	0.304009	0.158788	0.0446768	0.00718531	0.000698608	4.314e-05	1.76519e-06	4.96205e-08	9.8834e-10	1.43246e-11	1.54621e-13	1.26901e-15	8.07418e-18	4.06366e-20	1.66939e-22	8.06657e-25	
POCUCU_Curculio_distinguendus	0	0	0	0	0	0	0	0	0	0	0	0	0	0	0	0	0	0	0	0	0	0	0	0	1	0	0	0	0	0	0	0	0	0	0	0	0	0	0	0	0	
POCUEN_Scepticus_insularis	0	0	0	0	0	0	0	0	0	0	0	0	0	0	0	0	0	0	0	0	0	0	0	0	1	0	0	0	0	0	0	0	0	0	0	0	0	0	0	0	0	
POCUEN_Scepticus_griseus	0	0	0	0	0	0	0	0	0	0	0	0	0	0	0	0	0	0	0	0	0	0	0	0	1	0	0	0	0	0	0	0	0	0	0	0	0	0	0	0	0	
POCUCU_Curculio_nucum_M	0	0	0	0	0	0	0	0	0	0	0	0	0	0	0	0	0	0	0	0	0	0	0	0	0	0	0	1	0	0	0	0	0	0	0	0	0	0	0	0	0	
POCUCU_Curculio_dentipes	0	0	0	0	0	0	0	0	0	0	0	0	0	0	0	0	0	0	0	0	0	0	0	0	0	0	0	1	0	0	0	0	0	0	0	0	0	0	0	0	0	
N92	4.43332e-13	1.00376e-12	3.41084e-12	1.33003e-11	5.46568e-11	2.26802e-10	9.26268e-10	3.66569e-09	1.39263e-08	5.05034e-08	1.74226e-07	5.70536e-07	1.77102e-06	5.20632e-06	1.44849e-05	3.81203e-05	9.48608e-05	0.000223133	0.000495986	0.00104161	0.00206627	0.00387127	0.00684939	0.0114435	0.0180538	0.0268974	0.0378477	0.0503112	0.0632039	0.0750769	0.0843874	0.0898474	0.0907425	0.087107	0.0796962	0.0697704	0.0587754	0.0480292	0.0385042	0.0307389	0.024864	
N93	1.43856e-11	3.20544e-11	1.25286e-10	5.99284e-10	2.97391e-09	1.43217e-08	6.5176e-08	2.77256e-07	1.09725e-06	4.03053e-06	1.37245e-05	4.32867e-05	0.000126382	0.000341418	0.000853105	0.00197107	0.00420993	0.00831072	0.015161	0.0255565	0.0398047	0.0572827	0.0761703	0.0935957	0.106289	0.111571	0.108277	0.0971724	0.0806669	0.0619624	0.0440557	0.0290073	0.0176968	0.0100118	0.00525921	0.00257071	0.00117385	0.000504566	0.000207687	8.599e-05	4.22217e-05	
N94	1.31433e-11	3.33294e-11	1.4681e-10	7.55317e-10	3.94253e-09	1.98476e-08	9.42237e-08	4.16999e-07	1.70968e-06	6.47095e-06	2.25631e-05	7.23861e-05	0.000213491	0.000578523	0.00143978	0.00328979	0.00689967	0.0132799	0.0234534	0.0380034	0.056497	0.0770569	0.096427	0.110718	0.116661	0.112821	0.10016	0.0816483	0.0611327	0.0420558	0.0265947	0.0154676	0.0082803	0.00408473	0.00186024	0.000784605	0.000308373	0.000114446	4.14097e-05	1.585e-05	7.75946e-06	
POCUMO_Pissodes_schwarzi_M	0	0	0	0	0	0	0	0	0	0	0	0	0	0	1	0	0	0	0	0	0	0	0	0	0	0	0	0	0	0	0	0	0	0	0	0	0	0	0	0	0	
N95	5.8799e-11	1.43412e-10	6.02066e-10	2.97246e-09	1.48643e-08	7.11876e-08	3.19313e-07	1.32881e-06	5.10805e-06	1.80978e-05	5.90217e-05	0.000177027	0.00048801	0.00123579	0.00287341	0.0061322	0.0120077	0.0215678	0.035527	0.053659	0.0743028	0.0943229	0.109767	0.117108	0.11455	0.102747	0.0845258	0.0637922	0.0441816	0.0280918	0.0164053	0.00880472	0.00434624	0.00197551	0.000828387	0.0003216	0.000116454	4.00031e-05	1.35682e-05	4.99072e-06	2.41634e-06	
POCUMO_Pissodes_strobi	0	0	0	0	0	0	0	0	0	0	0	0	0	0	0	1	0	0	0	0	0	0	0	0	0	0	0	0	0	0	0	0	0	0	0	0	0	0	0	0	0	
POCUMO_Pissodes_nemorensis	0	0	0	0	0	0	0	0	0	0	0	0	0	0	0	0	0	0	0	0	0	0	0	0	1	0	0	0	0	0	0	0	0	0	0	0	0	0	0	0	0	
POCUBA_Limnobaris_sp	0	0	0	0	0	0	0	0	0	0	0	0	0	0	0	0	0	0	0	0	0	0	0	0	1	0	0	0	0	0	0	0	0	0	0	0	0	0	0	0	0	
N96	6.85124e-80	9.66959e-76	1.36432e-71	1.8586e-67	2.38887e-63	2.83251e-59	3.04123e-55	2.91378e-51	2.46148e-47	1.81411e-43	1.15442e-39	6.27453e-36	2.87788e-32	1.09851e-28	3.43282e-25	8.60975e-22	1.69107e-18	2.52131e-15	2.73931e-12	2.05089e-09	9.75872e-07	0.000259762	0.0306899	0.923889	0.0446088	0.000548787	2.99626e-06	9.14986e-09	1.77537e-11	2.37298e-14	2.31011e-17	1.70595e-20	9.85657e-24	4.5648e-27	1.72772e-30	5.42908e-34	1.43485e-37	3.22375e-41	6.21164e-45	1.0338e-48	1.52502e-52	
POCUMO_Hylobius_piceus	0	0	0	0	0	0	0	0	0	0	0	0	0	0	0	0	0	0	0	0	0	0	0	1	0	0	0	0	0	0	0	0	0	0	0	0	0	0	0	0	0	
POCUMO_Hylobius_abietis	0	0	0	0	0	0	0	0	0	0	0	0	0	0	0	0	0	0	0	0	0	0	0	1	0	0	0	0	0	0	0	0	0	0	0	0	0	0	0	0	0	
N97	8.74721e-26	6.56823e-25	9.76738e-24	1.56285e-22	2.38859e-21	3.40932e-20	4.52167e-19	5.56304e-18	6.34303e-17	6.69755e-16	6.54418e-15	5.91305e-14	4.9373e-13	3.80716e-12	2.70939e-11	1.77841e-10	1.07605e-09	5.99828e-09	3.0789e-08	1.45456e-07	6.32195e-07	2.52692e-06	9.2858e-06	3.13641e-05	9.73563e-05	0.000277709	0.000728006	0.00175421	0.00388669	0.00792245	0.0148677	0.0257139	0.0410382	0.060535	0.0826934	0.10485	0.123704	0.136142	0.140042	0.134729	0.120974	
N98	1.32183e-25	9.87546e-25	1.46746e-23	2.34293e-22	3.56449e-21	5.05652e-20	6.65809e-19	8.12578e-18	9.18404e-17	9.60607e-16	9.292e-15	8.30693e-14	6.8591e-13	5.22785e-12	3.67582e-11	2.38296e-10	1.42358e-09	7.83305e-09	3.96794e-08	1.8497e-07	7.93196e-07	3.12795e-06	1.13404e-05	3.77921e-05	0.000115751	0.00032583	0.000842994	0.00200495	0.00438491	0.00882258	0.0163412	0.0278863	0.0438925	0.0638104	0.0858343	0.107067	0.124177	0.134328	0.135967	0.129107	0.115038	
N99	3.39466e-22	1.8188e-21	1.88169e-20	2.19255e-19	2.50021e-18	2.69159e-17	2.70848e-16	2.53915e-15	2.21426e-14	1.79436e-13	1.35015e-12	9.42628e-12	6.10242e-11	3.6611e-10	2.03438e-09	1.04651e-08	4.9813e-08	2.19303e-07	8.9264e-07	3.35806e-06	1.16721e-05	3.74749e-05	0.000111115	0.000304215	0.00076898	0.00179458	0.00386668	0.00769297	0.0141358	0.0239967	0.037652	0.0546385	0.0733925	0.091361	0.105575	0.113535	0.114062	0.107696	0.0964568	0.0830496	0.0698565	
N100	4.92843e-18	2.05605e-17	1.38804e-16	1.00912e-15	7.28734e-15	5.11343e-14	3.44707e-13	2.2143e-12	1.34706e-11	7.72523e-11	4.16256e-10	2.10227e-09	9.93426e-09	4.38666e-08	1.80821e-07	6.95253e-07	2.49192e-06	8.32127e-06	2.58767e-05	7.49062e-05	0.000201773	0.000505601	0.00117825	0.00255299	0.00514234	0.00962733	0.0167509	0.0270852	0.0406995	0.0568392	0.0737901	0.0890864	0.10009	0.104776	0.102407	0.0937897	0.080978	0.0665728	0.052932	0.0416221	0.0332611	
N101	1.12172e-16	3.57733e-16	2.14955e-15	1.52224e-14	1.0821e-13	7.35573e-13	4.71079e-12	2.82837e-11	1.58902e-10	8.34567e-10	4.09498e-09	1.87617e-08	8.02259e-08	3.20022e-07	1.19037e-06	4.12709e-06	1.3332e-05	4.01121e-05	0.000112367	0.000292983	0.000710822	0.00160428	0.00336745	0.00657262	0.0119269	0.0201202	0.0315528	0.0460017	0.0623619	0.0786367	0.0922866	0.100889	0.102876	0.0980416	0.0875828	0.073667	0.0587426	0.0448906	0.0334467	0.0249483	0.0193096	
N102	4.42387e-15	1.39051e-14	8.11595e-14	5.51643e-13	3.74572e-12	2.42426e-11	1.47215e-10	8.33834e-10	4.3937e-09	2.15081e-08	9.77224e-08	4.11801e-07	1.60843e-06	5.81948e-06	1.94936e-05	6.04233e-05	0.000173227	0.000459131	0.00112461	0.00254483	0.00531847	0.0102632	0.0182839	0.0300678	0.0456418	0.0639537	0.0827291	0.0988158	0.109017	0.111127	0.104718	0.0912752	0.0736471	0.0550659	0.0382145	0.0246842	0.0149253	0.00855288	0.00477308	0.00274433	0.00179259	
POCUEN_Eudiagogus_sp	0	0	0	0	0	0	0	0	0	0	0	0	0	0	0	0	0	0	0	0	0	1	0	0	0	0	0	0	0	0	0	0	0	0	0	0	0	0	0	0	0	
N103	3.99102e-18	2.19301e-17	2.37812e-16	2.81482e-15	3.16546e-14	3.28574e-13	3.12628e-12	2.71954e-11	2.15918e-10	1.56223e-09	1.02852e-08	6.15252e-08	3.33913e-07	1.64185e-06	7.30381e-06	2.93559e-05	0.000106466	0.000347989	0.00102391	0.00270918	0.00643998	0.0137416	0.0263022	0.0451335	0.0694024	0.0956103	0.117991	0.130448	0.129239	0.114794	0.0914786	0.0654665	0.0421298	0.0244236	0.0127869	0.00606874	0.00262778	0.00105164	0.000401315	0.000158486	7.86203e-05	
N104	4.01801e-35	5.04182e-35	7.8763e-35	1.30621e-34	2.16742e-34	3.5389e-34	5.66066e-34	8.8592e-34	1.35598e-33	2.02927e-33	2.96872e-33	4.24488e-33	5.93141e-33	8.09804e-33	1.0801e-32	1.40719e-32	1.79054e-32	2.22488e-32	7.70173e-31	9.15367e-25	3.66912e-19	6.13957e-14	4.32665e-09	0.000133141	0.99966	0.000206702	1.04282e-08	2.2972e-13	2.13111e-18	8.25327e-24	1.0781e-29	3.69218e-32	3.19799e-32	2.70903e-32	2.2474e-32	1.82981e-32	1.46703e-32	1.16403e-32	9.20698e-33	7.32867e-33	5.93506e-33	
POCUEN_Hypera_nigrirostris	0	0	0	0	0	0	0	0	0	0	0	0	0	0	0	0	0	0	0	0	0	0	0	0	1	0	0	0	0	0	0	0	0	0	0	0	0	0	0	0	0	
POCUEN_Hypera_postica	0	0	0	0	0	0	0	0	0	0	0	0	0	0	0	0	0	0	0	0	0	0	0	0	1	0	0	0	0	0	0	0	0	0	0	0	0	0	0	0	0	
N105	2.56146e-28	7.00999e-27	3.29316e-25	1.51184e-23	6.33046e-22	2.38546e-20	8.04819e-19	2.42187e-17	6.4757e-16	1.53245e-14	3.19616e-13	5.84884e-12	9.34654e-11	1.29773e-09	1.5572e-08	1.60575e-07	1.41449e-06	1.0578e-05	6.67252e-05	0.000352684	0.00155172	0.00564605	0.0168854	0.0412759	0.0820859	0.132338	0.172576	0.181906	0.155105	0.107231	0.0603278	0.0277544	0.0105027	0.00329098	0.000860278	0.000189196	3.5364e-05	5.69627e-06	8.09962e-07	1.09184e-07	1.99634e-08	
POCUEN_Polydrusus_mollis_M	0	0	0	0	0	0	0	0	0	0	0	0	0	0	0	0	0	0	0	0	0	0	0	0	1	0	0	0	0	0	0	0	0	0	0	0	0	0	0	0	0	
POCUEN_Barypeithes_sp	0	0	0	0	0	0	0	0	0	0	0	0	0	0	0	0	0	0	0	0	0	0	0	0	0	0	0	0	1	0	0	0	0	0	0	0	0	0	0	0	0	
N106	4.7608e-21	3.12986e-20	3.82579e-19	5.09314e-18	6.58693e-17	8.0125e-16	9.06087e-15	9.47693e-14	9.14129e-13	8.11453e-12	6.61626e-11	4.94607e-10	3.38385e-09	2.11477e-08	1.20506e-07	6.24942e-07	2.94401e-06	1.25748e-05	4.8611e-05	0.00016977	0.000534733	0.00151654	0.00386679	0.00885179	0.0181705	0.0334128	0.0549948	0.0809745	0.106626	0.125561	0.132262	0.124697	0.105313	0.07977	0.0542815	0.033268	0.0184513	0.00936194	0.0044686	0.0021555	0.00122773	
POCUEN_Hypomeces_squamosus	0	0	0	0	0	0	0	0	0	0	0	0	0	0	0	0	0	0	0	0	0	0	0	0	0	0	0	0	0	1	0	0	0	0	0	0	0	0	0	0	0	
POCUEN_Sympiezomias_cribricollis	0	0	0	0	0	0	0	0	0	0	0	0	0	0	0	0	0	0	0	0	0	0	0	0	0	0	0	0	1	0	0	0	0	0	0	0	0	0	0	0	0	
POCUEN_Bothrometopus_sp	0	0	0	0	0	0	0	0	0	0	0	0	0	0	0	0	1	0	0	0	0	0	0	0	0	0	0	0	0	0	0	0	0	0	0	0	0	0	0	0	0	
N107	1.28304e-16	3.51809e-16	1.76386e-15	1.05637e-14	6.47912e-14	3.86659e-13	2.20416e-12	1.19153e-11	6.08902e-11	2.93705e-10	1.33606e-09	5.72848e-09	2.31397e-08	8.80267e-08	3.15251e-07	1.06253e-06	3.36931e-06	1.00492e-05	2.81845e-05	7.43149e-05	0.000184182	0.000428999	0.000938986	0.00193121	0.00373227	0.00677837	0.0115708	0.0185701	0.0280331	0.0398299	0.0533092	0.0672912	0.0802325	0.0905437	0.0969646	0.0988656	0.096362	0.0902094	0.0815332	0.0715037	0.0610695	
POCUEN_Liophloeus_tessulatus	0	0	0	0	0	0	0	0	0	0	0	0	0	0	0	0	0	0	0	0	0	0	0	0	0	0	0	1	0	0	0	0	0	0	0	0	0	0	0	0	0	
N108	2.97749e-17	8.84974e-17	5.10845e-16	3.53086e-15	2.45459e-14	1.63456e-13	1.02911e-12	6.10252e-12	3.40362e-11	1.78412e-10	8.78427e-10	4.06024e-09	1.76093e-08	7.16255e-08	2.73102e-07	9.75709e-07	3.26491e-06	1.02284e-05	2.99894e-05	8.22646e-05	0.000211064	0.000506363	0.00113572	0.00238111	0.00466607	0.00854641	0.0146323	0.0234215	0.0350607	0.0491051	0.0643876	0.0791075	0.0911743	0.0987293	0.100666	0.0969453	0.0885875	0.0773425	0.0651852	0.05381	0.0442718	
POCUEN_Phyllobius_pyri	0	0	0	0	0	0	0	0	0	0	0	0	0	0	0	0	0	0	0	0	0	0	0	0	0	0	0	1	0	0	0	0	0	0	0	0	0	0	0	0	0	
POCUEN_Phyllobius_argentatus	0	0	0	0	0	0	0	0	0	0	0	0	0	0	0	0	0	0	0	0	0	0	0	0	0	0	0	0	0	0	0	0	0	0	1	0	0	0	0	0	0	
N109	1.71327e-19	5.91644e-19	3.56553e-18	2.45494e-17	1.7251e-16	1.19139e-15	7.94479e-15	5.06693e-14	3.07404e-13	1.76864e-12	9.63238e-12	4.96007e-11	2.41297e-10	1.1083e-09	4.80384e-09	1.96405e-08	7.57135e-08	2.751e-07	9.41775e-07	3.03669e-06	9.21961e-06	2.63486e-05	7.08628e-05	0.000179304	0.00042676	0.000955262	0.00201072	0.00397958	0.00740578	0.0129592	0.0213262	0.0330121	0.0480834	0.0659253	0.0851229	0.103558	0.118746	0.128345	0.130672	0.125084	0.112098	
POCUEN_Foucartia_squamulata	0	0	0	0	0	0	0	0	0	0	0	0	0	0	0	0	0	0	0	0	0	0	0	0	0	0	1	0	0	0	0	0	0	0	0	0	0	0	0	0	0	
N110	3.23411e-19	8.97929e-19	4.80118e-18	3.13103e-17	2.08963e-16	1.35422e-15	8.39581e-15	4.9578e-14	2.78441e-13	1.48634e-12	7.53836e-12	3.63137e-11	1.66102e-10	7.21233e-10	2.9721e-09	1.16207e-08	4.31011e-08	1.51613e-07	5.057e-07	1.5991e-06	4.79309e-06	1.36157e-05	3.6651e-05	9.34743e-05	0.00022584	0.000516833	0.00112015	0.00229884	0.00446641	0.00821328	0.0142902	0.0235144	0.0365713	0.0537162	0.0744288	0.097136	0.119152	0.136971	0.146952	0.146288	0.133988	
POCUEN_Sitona_lineatus	0	0	0	0	0	0	0	0	0	0	0	0	0	0	0	0	0	0	0	0	0	0	0	0	0	0	0	0	0	0	0	0	0	0	0	0	0	1	0	0	0	
N111	1.54006e-45	7.27816e-44	5.18488e-42	3.82511e-40	2.73402e-38	1.84372e-36	1.16031e-34	6.78004e-33	3.66735e-31	1.83189e-29	8.43146e-28	3.56769e-26	1.38463e-24	4.91667e-23	1.59319e-21	4.69816e-20	1.25714e-18	3.04289e-17	6.6407e-16	1.30212e-14	2.28556e-13	3.57712e-12	4.97127e-11	6.10777e-10	6.60329e-09	6.25135e-08	5.15581e-07	3.68478e-06	2.2695e-05	0.000119792	0.000538879	0.00205491	0.00661014	0.0178647	0.04046	0.0767657	0.122406	0.165386	0.19214	0.196018	0.179608	
POCUCL_Cleonus_sp	0	0	0	0	0	0	0	0	0	0	0	0	0	0	0	0	0	0	0	0	0	0	0	0	0	0	0	0	0	0	0	0	0	0	0	0	1	0	0	0	0	
N112	2.40117e-67	9.31428e-65	4.88027e-62	2.37377e-59	1.05974e-56	4.33147e-54	1.61706e-51	5.50058e-49	1.70042e-46	4.7641e-44	1.20623e-41	2.75158e-39	5.63671e-37	1.03341e-34	1.68943e-32	2.45323e-30	3.15114e-28	3.56456e-26	3.53423e-24	3.05581e-22	2.29153e-20	1.48161e-18	8.20714e-17	3.8682e-15	1.53972e-13	5.13417e-12	1.42153e-10	3.2368e-09	5.99787e-08	8.94209e-07	1.05943e-05	9.84309e-05	0.000707197	0.00387333	0.0159502	0.0487996	0.110077	0.183101	0.227963	0.222137	0.187283	
POCUMO_Larinus_sp	0	0	0	0	0	0	0	0	0	0	0	0	0	0	0	0	0	0	0	0	0	0	0	0	0	0	0	0	0	0	0	0	0	0	0	0	0	0	0	1	0	
POCUMO_Lixus_sp	0	0	0	0	0	0	0	0	0	0	0	0	0	0	0	0	0	0	0	0	0	0	0	0	0	0	0	0	0	0	0	0	0	0	0	0	1	0	0	0	0	
N113	8.2157e-19	2.93548e-18	1.83361e-17	1.34529e-16	1.01153e-15	7.39196e-15	5.14358e-14	3.38117e-13	2.09302e-12	1.21828e-11	6.66224e-11	3.4209e-10	1.6485e-09	7.45197e-09	3.15863e-08	1.25486e-07	4.67084e-07	1.6283e-06	5.31451e-06	1.62346e-05	4.64025e-05	0.000124064	0.000310205	0.000725221	0.00158504	0.00323828	0.00618408	0.0110392	0.0184229	0.0287508	0.0419764	0.0573739	0.0734876	0.0883364	0.0998605	0.106471	0.107486	0.103258	0.094964	0.0841398	0.0721957	
N114	1.23822e-15	4.07258e-15	2.17013e-14	1.29154e-13	7.78357e-13	4.59047e-12	2.60511e-11	1.40819e-10	7.20271e-10	3.47078e-09	1.57101e-08	6.66614e-08	2.64783e-07	9.83473e-07	3.41293e-06	1.10583e-05	3.34342e-05	9.42784e-05	0.000247831	0.000607072	0.00138518	0.00294314	0.00582137	0.0107163	0.0183558	0.0292514	0.0433629	0.0597956	0.0767026	0.0915362	0.101654	0.105094	0.101219	0.0909195	0.0763121	0.0600483	0.0445599	0.0315228	0.0216873	0.0150318	0.0110827	
POCUEN_Otiorhynchus_armadillo	0	0	0	0	0	0	0	0	0	0	0	0	0	0	1	0	0	0	0	0	0	0	0	0	0	0	0	0	0	0	0	0	0	0	0	0	0	0	0	0	0	
N115	6.66715e-20	3.28553e-19	3.249e-18	3.59756e-17	3.85411e-16	3.86825e-15	3.60811e-14	3.11886e-13	2.49453e-12	1.84395e-11	1.25846e-10	7.92231e-10	4.59631e-09	2.45555e-08	1.20706e-07	5.45535e-07	2.26523e-06	8.63579e-06	3.02068e-05	9.68842e-05	0.00028477	0.000766648	0.00188948	0.0042613	0.00879074	0.0165825	0.028596	0.0450732	0.0649331	0.0855048	0.10295	0.113408	0.11443	0.105961	0.090342	0.0713121	0.0526041	0.0368364	0.0251266	0.0173718	0.0128365	
N116	1.88094e-34	5.59294e-33	2.78497e-31	1.40856e-29	6.64838e-28	2.87234e-26	1.12907e-24	4.02537e-23	1.29834e-21	3.7791e-20	9.90172e-19	2.32926e-17	4.90611e-16	9.22683e-15	1.54495e-13	2.29631e-12	3.02054e-11	3.50533e-10	3.57763e-09	3.20116e-08	2.50316e-07	1.7052e-06	1.0089e-05	5.16922e-05	0.000228727	0.000871829	0.00285633	0.00802883	0.0193354	0.0398583	0.070309	0.106161	0.137349	0.152544	0.145846	0.120515	0.0865375	0.0544327	0.0304412	0.0157936	0.00882814	
POCUEN_Dyslobus_sp	0	0	0	0	0	0	0	0	0	0	0	0	0	0	0	0	0	0	0	0	0	0	0	0	0	0	0	0	0	0	0	0	0	0	0	0	0	0	1	0	0	
N117	2.22304e-38	1.30244e-36	1.23694e-34	1.10031e-32	8.83321e-31	6.36715e-29	4.10905e-27	2.36754e-25	1.21441e-23	5.52903e-22	2.22744e-20	7.91488e-19	2.47243e-17	6.76638e-16	1.61663e-14	3.3598e-13	6.05139e-12	9.41023e-11	1.25862e-09	1.44238e-08	1.41096e-07	1.17378e-06	8.27452e-06	4.92632e-05	0.000246933	0.00103925	0.00366384	0.0108004	0.0265882	0.0546292	0.0936887	0.134231	0.160943	0.161931	0.137259	0.0985603	0.0604111	0.0319443	0.0148174	0.00628379	0.00290383	
POCUEN_Sitona_hispidulus	0	0	0	0	0	0	0	0	0	0	0	0	0	0	0	0	0	0	0	0	0	0	0	0	0	0	0	0	0	0	0	0	0	0	1	0	0	0	0	0	0	
N118	2.99389e-42	4.4832e-40	9.5496e-38	1.82517e-35	3.07907e-33	4.56584e-31	5.9272e-29	6.70759e-27	6.58779e-25	5.58914e-23	4.07624e-21	2.54252e-19	1.34909e-17	6.05579e-16	2.28637e-14	7.21731e-13	1.89315e-11	4.1006e-10	7.28785e-09	1.05601e-07	1.2397e-06	1.17187e-05	8.86794e-05	0.000534321	0.00255112	0.00961277	0.0284955	0.06631	0.121005	0.173182	0.194647	0.172232	0.120413	0.0668292	0.0296129	0.0105466	0.0030419	0.00071671	0.000139802	2.37646e-05	4.91808e-06	
N119	3.52002e-39	3.71906e-37	5.89042e-35	8.51101e-33	1.09478e-30	1.24749e-28	1.25384e-26	1.10658e-24	8.53451e-23	5.72305e-21	3.31888e-19	1.655e-17	7.05386e-16	2.55343e-14	7.79816e-13	1.99531e-11	4.24663e-10	7.4625e-09	1.07469e-07	1.25897e-06	1.19109e-05	9.03882e-05	0.000546768	0.00262195	0.00992064	0.0295042	0.0687638	0.125319	0.178342	0.198064	0.171709	0.116342	0.0617477	0.0257574	0.00848286	0.00221839	0.000464159	7.86425e-05	1.11002e-05	1.43813e-06	2.56152e-07	
POCUCU_Gymnetron_antirhini	0	0	0	0	0	0	0	0	0	0	0	0	0	0	0	0	0	0	0	0	0	0	1	0	0	0	0	0	0	0	0	0	0	0	0	0	0	0	0	0	0	
POCUEN_Naupactus_xanthographus	0	0	0	0	0	0	0	0	0	0	0	0	0	0	0	0	0	0	0	0	0	0	0	0	0	0	0	0	0	0	0	0	1	0	0	0	0	0	0	0	0	
N120	3.84881e-39	4.03499e-37	6.35379e-35	9.12275e-33	1.167e-30	1.32389e-28	1.32635e-26	1.16843e-24	9.0087e-23	6.04932e-21	3.51939e-19	1.76416e-17	7.57473e-16	2.7685e-14	8.55668e-13	2.22085e-11	4.80501e-10	8.59972e-09	1.26299e-07	1.50953e-06	1.45587e-05	0.000112346	0.000687873	0.00331532	0.012487	0.0365269	0.0825844	0.143865	0.19286	0.199089	0.158651	0.0979909	0.0471633	0.0178016	0.0053069	0.00125929	0.000239942	3.7143e-05	4.79033e-06	5.65469e-07	9.48067e-08	
POCUCU_Gymnetron_tetrum	0	0	0	0	0	0	0	0	0	0	0	0	0	0	0	0	0	0	0	0	0	0	0	0	0	0	0	1	0	0	0	0	0	0	0	0	0	0	0	0	0	
POCUCE_Phytobius_sp	0	0	0	0	0	0	0	0	0	0	0	0	0	0	0	0	0	0	0	0	0	0	0	0	0	0	1	0	0	0	0	0	0	0	0	0	0	0	0	0	0	
N121	1.14035e-20	7.53668e-20	9.37039e-19	1.26625e-17	1.64206e-16	1.98061e-15	2.20173e-14	2.24789e-13	2.10379e-12	1.80225e-11	1.41137e-10	1.00908e-09	6.57854e-09	3.90588e-08	2.10947e-07	1.03509e-06	4.6094e-06	1.86075e-05	6.80222e-05	0.000224956	0.00067239	0.00181486	0.00441994	0.00970601	0.0192068	0.0342335	0.0549389	0.0793699	0.103222	0.120871	0.127495	0.121237	0.104056	0.0807559	0.0568258	0.0364123	0.0214019	0.0116969	0.00611344	0.00324795	0.0019848	
POCUMO_Pachylobius_picivorus	0	0	0	0	0	0	0	0	0	0	0	0	0	0	0	0	0	0	0	0	1	0	0	0	0	0	0	0	0	0	0	0	0	0	0	0	0	0	0	0	0	
N122	3.37216e-32	9.08673e-31	4.27548e-29	1.98283e-27	8.45913e-26	3.28121e-24	1.15289e-22	3.65999e-21	1.04725e-19	2.69419e-18	6.21575e-17	1.28261e-15	2.36065e-14	3.86434e-13	5.60977e-12	7.19992e-11	8.1446e-10	8.09441e-09	7.04465e-08	5.35124e-07	3.53606e-06	2.02583e-05	0.000100292	0.000427662	0.00156585	0.00490834	0.0131364	0.0299458	0.0580273	0.0954297	0.133058	0.157225	0.157501	0.133938	0.0969574	0.0600499	0.0321128	0.0150851	0.00644423	0.00270759	0.00135568	
POCUDR_Sitophilus_oryzae	0	0	0	0	0	0	0	0	0	0	0	0	0	0	0	0	0	0	0	0	0	0	0	0	0	0	0	0	0	0	0	0	0	0	1	0	0	0	0	0	0	
N123	3.66878e-38	2.32035e-36	2.36775e-34	2.24649e-32	1.92549e-30	1.48497e-28	1.02733e-26	6.35555e-25	3.50434e-23	1.71616e-21	7.43733e-20	2.84125e-18	9.52951e-17	2.79411e-15	7.12971e-14	1.5758e-12	3.0017e-11	4.90238e-10	6.82728e-09	8.06156e-08	8.02345e-07	6.69022e-06	4.64488e-05	0.000266851	0.00126087	0.00487107	0.0153027	0.0389064	0.0797425	0.131394	0.173808	0.184589	0.15766	0.108662	0.0607439	0.0277426	0.0104592	0.003309	0.000908426	0.000237976	8.09782e-05	
POCUDR_Sitophilus_granarius	0	0	0	0	0	0	0	0	0	0	0	0	0	0	0	0	0	0	0	0	0	0	0	0	0	0	0	0	0	0	1	0	0	0	0	0	0	0	0	0	0	
POCUDR_Sitophilus_zeamais	0	0	0	0	0	0	0	0	0	0	0	0	0	0	0	0	0	0	0	0	0	0	0	0	0	0	0	0	0	1	0	0	0	0	0	0	0	0	0	0	0	
N124	1.14222e-12	2.2104e-12	7.05564e-12	2.73855e-11	1.12411e-10	4.60479e-10	1.83468e-09	7.02324e-09	2.56728e-08	8.93234e-08	2.95288e-07	9.26545e-07	2.7577e-06	7.7821e-06	2.08148e-05	5.27547e-05	0.000126668	0.000288075	0.000620447	0.00126532	0.00244308	0.00446549	0.007726	0.0126522	0.0196103	0.0287672	0.0399405	0.0524869	0.0652912	0.0768956	0.0857669	0.0906402	0.0908351	0.086435	0.0782649	0.0676724	0.0561908	0.0451973	0.0356713	0.0281054	0.0225561	
POCUEN_Chlorophanus_sp	0	0	0	0	0	0	0	0	0	0	0	0	0	0	0	0	0	0	0	0	0	1	0	0	0	0	0	0	0	0	0	0	0	0	0	0	0	0	0	0	0	
N125	3.79669e-15	1.14772e-14	6.45678e-14	4.29439e-13	2.87341e-12	1.83805e-11	1.10578e-10	6.22066e-10	3.26448e-09	1.59594e-08	7.26121e-08	3.07199e-07	1.20753e-06	4.40665e-06	1.49186e-05	4.68221e-05	0.00013614	0.000366485	0.000912872	0.00210287	0.00447771	0.0088096	0.0160088	0.0268619	0.0416104	0.059497	0.0785232	0.0956602	0.107587	0.111735	0.1072	0.0950598	0.07797	0.0592182	0.0417176	0.0273398	0.0167609	0.00972269	0.00546921	0.00314437	0.00204098	
N126	4.23554e-44	4.22745e-42	5.90078e-40	8.29733e-38	1.10161e-35	1.34689e-33	1.50112e-31	1.51681e-29	1.384e-27	1.13603e-25	8.35625e-24	5.48516e-22	3.19867e-20	1.64899e-18	7.47487e-17	2.96178e-15	1.01913e-13	3.02335e-12	7.67034e-11	1.64923e-09	2.97486e-08	4.4502e-07	5.44952e-06	5.38242e-05	0.000421644	0.00257061	0.0119426	0.0413295	0.104107	0.186923	0.235698	0.207666	0.128609	0.0568845	0.0183766	0.00444684	0.000827193	0.000121378	1.44397e-05	1.46694e-06	1.79757e-07	
POCUEN_Strophosoma_melanogrammum	0	0	0	0	0	0	0	0	0	0	0	0	0	0	0	0	0	0	0	0	0	0	0	0	0	0	0	0	0	1	0	0	0	0	0	0	0	0	0	0	0	
POCUEN_Strophosoma_capitatum	0	0	0	0	0	0	0	0	0	0	0	0	0	0	0	0	0	0	0	0	0	0	0	0	0	0	0	0	0	0	0	1	0	0	0	0	0	0	0	0	0	
POCUEN_Brachyderes_incanus	0	0	0	0	0	0	0	0	0	0	0	0	0	0	0	0	0	0	0	0	0	0	1	0	0	0	0	0	0	0	0	0	0	0	0	0	0	0	0	0	0	
