NODE	7	8	9	10	11	12	13	14	15	16	17	18	19	20	21	22	23	24	25	26	27	28	29	30	31	32	33	34	35	36	37	
N1	0.355632	0.286863	0.188465	0.101427	0.0448626	0.0163381	0.00490323	0.00121304	0.000247427	4.16173e-05	5.77451e-06	6.61393e-07	6.25958e-08	4.90194e-09	3.18184e-10	1.71541e-11	7.6994e-13	3.99929e-17	7.08207e-18	1.14908e-18	1.7109e-19	2.34141e-20	2.95e-21	3.42775e-22	3.6802e-23	3.66003e-24	3.3856e-25	2.93873e-26	2.44613e-27	2.05968e-28	2.16099e-29	
N2	0.141561	0.14552	0.142846	0.13342	0.117972	0.0982086	0.0765735	0.0556689	0.0375969	0.0235206	0.0136004	0.00725735	0.00356979	0.00161745	0.000674777	0.000259147	9.16208e-05	2.98242e-05	8.94117e-06	2.46964e-06	6.28767e-07	1.47637e-07	3.19901e-08	6.40118e-09	1.18394e-09	2.0272e-10	3.22512e-11	4.82118e-12	7.04559e-13	1.16253e-13	3.4026e-14	
N3	0.0906484	0.0993435	0.108845	0.116316	0.118658	0.113773	0.101475	0.0836175	0.0633679	0.044026	0.0279806	0.0162418	0.00860132	0.00415275	0.00182708	0.000732401	0.000267494	8.9029e-05	2.70112e-05	7.47393e-06	1.88709e-06	4.35075e-07	9.16647e-08	1.76651e-08	3.11779e-09	5.04998e-10	7.53959e-11	1.04978e-11	1.41434e-12	2.10149e-13	5.43326e-14	
POCUBR_Notaris_sp	0	0	0	0	0	0	1	0	0	0	0	0	0	0	0	0	0	0	0	0	0	0	0	0	0	0	0	0	0	0	0	
N4	0.0454986	0.0551299	0.0706567	0.089767	0.108292	0.121043	0.123621	0.114403	0.0954293	0.0714969	0.0479967	0.0288231	0.0154669	0.0074116	0.00317044	0.0012106	0.000412692	0.000125647	3.41829e-05	8.31539e-06	1.81016e-06	3.52938e-07	6.16966e-08	9.67995e-09	1.36472e-09	1.7313e-10	1.98048e-11	2.0546e-12	1.98167e-13	2.01417e-14	3.74199e-15	
N5	0.00671628	0.00976308	0.0165746	0.0287824	0.0474862	0.0719247	0.0984846	0.121019	0.132931	0.130211	0.113561	0.088083	0.060718	0.0371817	0.0202243	0.00977254	0.00419657	0.00160247	0.00054455	0.000164836	4.44964e-05	1.0725e-05	2.31138e-06	4.46063e-07	7.72129e-08	1.20122e-08	1.68512e-09	2.15024e-10	2.57797e-11	3.32665e-12	7.66268e-13	
N6	5.23257e-28	3.70587e-25	2.35918e-22	1.24725e-19	5.37332e-17	1.84405e-14	4.90418e-12	9.76552e-10	1.39261e-07	1.33836e-05	0.00079268	0.0249671	0.309644	0.462517	0.192255	0.0096195	0.000189296	1.97719e-06	1.26916e-08	5.46862e-11	1.67848e-13	3.83006e-16	6.71102e-19	9.26111e-22	1.02732e-24	9.31794e-28	7.01648e-31	4.45876e-34	2.4546e-37	1.24442e-40	7.04512e-44	
POCUDR_Sphenophorus_sp	0	0	0	0	0	0	0	0	0	0	0	0	0	0	1	0	0	0	0	0	0	0	0	0	0	0	0	0	0	0	0	
POCUDR_Metamasius_hemipterus	0	0	0	0	0	0	0	0	0	0	0	0	1	0	0	0	0	0	0	0	0	0	0	0	0	0	0	0	0	0	0	
POCUDR_Diocalandra_sp	0	0	0	0	0	0	0	0	0	0	1	0	0	0	0	0	0	0	0	0	0	0	0	0	0	0	0	0	0	0	0	
N7	0.0544278	0.0629172	0.0759493	0.0920719	0.107987	0.118972	0.120593	0.110937	0.0918357	0.0680612	0.045027	0.0265505	0.0139455	0.00652451	0.00272012	0.00101123	0.000335526	9.94668e-05	2.63771e-05	6.26523e-06	1.33479e-06	2.55438e-07	4.39761e-08	6.82154e-09	9.54967e-10	1.20865e-10	1.38637e-11	1.44988e-12	1.41824e-13	1.47484e-14	2.82754e-15	
POCUDR_Cosmopolites_sordidus	0	0	0	0	0	0	1	0	0	0	0	0	0	0	0	0	0	0	0	0	0	0	0	0	0	0	0	0	0	0	0	
POCUDR_Rhynchophorus_ferrugineus	0	0	0	0	0	0	0	1	0	0	0	0	0	0	0	0	0	0	0	0	0	0	0	0	0	0	0	0	0	0	0	
N8	0.0779819	0.0865164	0.0969917	0.106977	0.113369	0.113441	0.10592	0.0915666	0.0729178	0.0533105	0.0357042	0.0218744	0.0122485	0.00626527	0.00292701	0.00124895	0.000486837	0.000173417	5.64766e-05	1.68251e-05	4.58815e-06	1.14611e-06	2.62461e-07	5.51494e-08	1.06444e-08	1.89028e-09	3.09988e-10	4.74781e-11	7.07152e-12	1.18601e-12	3.51739e-13	
N9	0.0311666	0.0398083	0.0549732	0.0753308	0.0975238	0.116358	0.126295	0.123783	0.109052	0.0861062	0.0608206	0.0383868	0.0216354	0.0108872	0.00489214	0.00196381	0.000704705	0.000226253	6.50593e-05	1.67749e-05	3.88338e-06	8.08277e-07	1.51479e-07	2.56012e-08	3.90835e-09	5.39962e-10	6.76998e-11	7.75906e-12	8.36782e-13	9.70021e-14	2.05253e-14	
POCUBR_Echinocnemus_sp	0	0	0	0	0	1	0	0	0	0	0	0	0	0	0	0	0	0	0	0	0	0	0	0	0	0	0	0	0	0	0	
POCUER_Tanysphyrus_lemnae	0	0	0	0	0	0	0	0	0	0	0	0	1	0	0	0	0	0	0	0	0	0	0	0	0	0	0	0	0	0	0	
POCUER_Procas_sp	0	0	0	0	0	0	1	0	0	0	0	0	0	0	0	0	0	0	0	0	0	0	0	0	0	0	0	0	0	0	0	
N10	0.335196	0.284887	0.194783	0.108622	0.0498118	0.0188619	0.00590857	0.00153244	0.000329231	5.86219e-05	8.65718e-06	1.06145e-06	1.082e-07	9.18568e-09	6.50797e-10	3.85682e-11	1.91601e-12	7.98345e-14	2.7843e-15	8.09754e-17	1.95768e-18	3.93473e-20	6.63086e-22	9.7434e-24	1.45865e-25	3.17022e-27	1.09701e-28	4.40685e-30	1.75347e-31	7.27423e-33	4.71131e-34	
N11	0.224556	0.215399	0.185253	0.143342	0.0999974	0.0629754	0.0358309	0.0184272	0.00856885	0.00360393	0.00137138	0.000472315	0.000147297	4.16176e-05	1.06601e-05	2.47719e-06	5.22661e-07	1.00213e-07	1.74774e-08	2.77534e-09	4.01693e-10	5.30496e-11	6.39981e-12	7.06082e-13	7.13321e-14	6.6086e-15	5.62911e-16	4.43957e-17	3.32968e-18	2.66193e-19	3.76898e-20	
N12	0.193177	0.191045	0.174014	0.145777	0.111948	0.0784797	0.0500106	0.0288566	0.0150269	0.00704347	0.00296569	0.00112013	0.00037916	0.00011497	3.12261e-05	7.59833e-06	1.6573e-06	3.24247e-07	5.69548e-08	8.99117e-09	1.27714e-09	1.63434e-10	1.88674e-11	1.9677e-12	1.85662e-13	1.58757e-14	1.23319e-15	8.75359e-17	5.8101e-18	4.01799e-19	4.9141e-20	
N13	0.173858	0.176462	0.168147	0.148804	0.120735	0.0887193	0.058437	0.0342253	0.0177175	0.00807217	0.00322717	0.0011299	0.000346039	9.26403e-05	2.16769e-05	4.43409e-06	7.93311e-07	1.24234e-07	1.70455e-08	2.05137e-09	2.16819e-10	2.01548e-11	1.6502e-12	1.19196e-13	7.60805e-15	4.29849e-16	2.15371e-17	9.59339e-19	3.83226e-20	1.47351e-21	9.97262e-23	
N14	0.147694	0.153272	0.152276	0.142933	0.124962	0.100478	0.0735505	0.0486324	0.0288777	0.0153338	0.007259	0.00305737	0.00114419	0.000380199	0.000112147	2.9369e-05	6.83138e-06	1.41238e-06	2.5978e-07	4.25534e-08	6.21522e-09	8.10474e-10	9.44911e-11	9.86431e-12	9.23618e-13	7.77279e-14	5.89945e-15	4.07134e-16	2.62291e-17	1.75232e-18	2.01998e-19	
POCUEN_Phyllobius_pyri	0	0	0	0	1	0	0	0	0	0	0	0	0	0	0	0	0	0	0	0	0	0	0	0	0	0	0	0	0	0	0	
N15	0.116183	0.124421	0.1308	0.132273	0.126184	0.111793	0.0909377	0.0673782	0.0452232	0.0273943	0.0149397	0.0073236	0.00322408	0.00127408	0.000451938	0.000143932	4.11761e-05	1.05887e-05	2.44974e-06	5.10391e-07	9.58667e-08	1.62529e-08	2.49031e-09	3.45343e-10	4.34163e-11	4.96051e-12	5.17573e-13	4.99376e-14	4.62418e-15	4.61245e-16	7.53514e-17	
POCUEN_Phyllobius_argentatus	0	0	0	0	0	0	0	0	0	0	1	0	0	0	0	0	0	0	0	0	0	0	0	0	0	0	0	0	0	0	0	
POCUEN_Liophloeus_tessulatus	0	0	0	0	0	0	1	0	0	0	0	0	0	0	0	0	0	0	0	0	0	0	0	0	0	0	0	0	0	0	0	
N16	0.143415	0.151548	0.154427	0.147932	0.130273	0.103762	0.0739438	0.0468111	0.0262033	0.01293	0.00561351	0.00214169	0.00071767	0.000211202	5.46009e-05	1.24076e-05	2.48046e-06	4.36713e-07	6.7799e-08	9.29439e-09	1.12682e-09	1.21012e-10	1.15318e-11	9.76877e-13	7.37037e-14	4.96341e-15	2.99233e-16	1.62499e-17	8.10505e-19	4.0492e-20	3.43738e-21	
N17	0.0957725	0.108091	0.123081	0.134886	0.13708	0.126085	0.103432	0.0750247	0.0478773	0.0268034	0.0131435	0.00564144	0.00211917	0.000696897	0.000200753	5.07022e-05	1.12391e-05	2.18943e-06	3.75352e-07	5.67188e-08	7.56684e-09	8.9281e-10	9.33361e-11	8.66168e-12	7.14926e-13	5.25927e-14	3.45713e-15	2.04085e-16	1.1017e-17	5.97393e-19	5.64687e-20	
N18	0.0414013	0.0574607	0.086981	0.124662	0.156858	0.16698	0.147543	0.10707	0.06343	0.0305777	0.0119802	0.00381572	0.000989383	0.000209333	3.62509e-05	5.15671e-06	6.04973e-07	5.87861e-08	4.75268e-09	3.21162e-10	1.82243e-11	8.72433e-13	3.5397e-14	1.2227e-15	3.61171e-17	9.16288e-19	2.00529e-20	3.80578e-22	6.34021e-24	9.88122e-26	2.47302e-27	
N19	0.0360115	0.0504465	0.078436	0.116721	0.152803	0.168933	0.154606	0.115909	0.070777	0.035095	0.0141155	0.00460666	0.00122164	0.000263867	4.6564e-05	6.73763e-06	8.02627e-07	7.90595e-08	6.46848e-09	4.41657e-10	2.52843e-11	1.21941e-12	4.97759e-14	1.72765e-15	5.12177e-17	1.30265e-18	2.85484e-20	5.41773e-22	8.99801e-24	1.39189e-25	3.45812e-27	
N20	1.81418e-06	1.89812e-05	0.000217568	0.00191015	0.0121361	0.0532788	0.153197	0.271529	0.279444	0.161512	0.0540512	0.0110849	0.00147528	0.00013391	8.63876e-06	4.09723e-07	1.46915e-08	4.07659e-10	8.92725e-12	1.56894e-13	2.24513e-15	2.64909e-17	2.60603e-19	2.15851e-21	1.51857e-23	9.14623e-26	4.74998e-28	2.14152e-30	8.45429e-33	3.01834e-35	1.43589e-37	
POCUEN_Hypera_postica	0	0	0	0	0	0	0	0	1	0	0	0	0	0	0	0	0	0	0	0	0	0	0	0	0	0	0	0	0	0	0	
POCUEN_Hypera_nigrirostris	0	0	0	0	0	0	0	0	1	0	0	0	0	0	0	0	0	0	0	0	0	0	0	0	0	0	0	0	0	0	0	
POCUEN_Eudiagogus_sp	0	0	0	0	0	0	0	0	1	0	0	0	0	0	0	0	0	0	0	0	0	0	0	0	0	0	0	0	0	0	0	
N21	0.103133	0.133023	0.175174	0.199964	0.179093	0.120274	0.0597474	0.0220103	0.00607428	0.00127259	0.000205275	2.58507e-05	2.57518e-06	2.05426e-07	1.32713e-08	7.01593e-10	3.06409e-11	1.11524e-12	3.41022e-14	8.8264e-16	1.947e-17	3.68392e-19	6.01458e-21	8.52047e-23	1.05279e-24	1.14013e-26	1.08715e-28	9.16855e-31	6.88154e-33	4.74044e-35	4.71886e-37	
POCUEN_Barypeithes_sp	0	0	0	1	0	0	0	0	0	0	0	0	0	0	0	0	0	0	0	0	0	0	0	0	0	0	0	0	0	0	0	
POCUEN_Polydrusus_mollis_M	0	0	0	1	0	0	0	0	0	0	0	0	0	0	0	0	0	0	0	0	0	0	0	0	0	0	0	0	0	0	0	
N22	0.00636632	0.010459	0.0199246	0.0370448	0.0628663	0.0948296	0.125618	0.145219	0.145994	0.127372	0.0963202	0.0630955	0.0357988	0.0175979	0.00750036	0.00277451	0.000892016	0.000249672	6.09557e-05	1.30091e-05	2.43266e-06	3.99577e-07	5.78013e-08	7.38341e-09	8.35129e-10	8.38805e-11	7.50556e-12	6.0163e-13	4.4066e-14	3.28734e-15	4.4513e-16	
POCUEN_Hypomeces_squamosus	0	0	0	0	0	0	1	0	0	0	0	0	0	0	0	0	0	0	0	0	0	0	0	0	0	0	0	0	0	0	0	
POCUEN_Sympiezomias_cribricollis	0	0	0	0	0	0	0	0	0	0	0	0	0	0	1	0	0	0	0	0	0	0	0	0	0	0	0	0	0	0	0	
POCUEN_Bothrometopus_sp	0	0	1	0	0	0	0	0	0	0	0	0	0	0	0	0	0	0	0	0	0	0	0	0	0	0	0	0	0	0	0	
N23	0.144904	0.153117	0.155674	0.148269	0.129475	0.102237	0.07242	0.0458216	0.025839	0.0129724	0.00579633	0.00230524	0.000816374	0.000257608	7.24933e-05	1.82116e-05	4.08897e-06	8.21578e-07	1.47928e-07	2.39028e-08	3.47141e-09	4.5384e-10	5.34985e-11	5.69568e-12	5.48633e-13	4.79143e-14	3.80682e-15	2.77477e-16	1.90935e-17	1.38527e-18	1.70962e-19	
POCUEN_Foucartia_squamulata	0	0	0	0	0	0	0	0	0	0	1	0	0	0	0	0	0	0	0	0	0	0	0	0	0	0	0	0	0	0	0	
N24	0.202851	0.201109	0.182932	0.15102	0.111713	0.0731744	0.0420457	0.0210504	0.00914273	0.00343631	0.00111651	0.000313619	7.62202e-05	1.60496e-05	2.93336e-06	4.66311e-07	6.46233e-08	7.82635e-09	8.30385e-10	7.73867e-11	6.35107e-12	4.60206e-13	2.95193e-14	1.68044e-15	8.51146e-17	3.84536e-18	1.55362e-19	5.63253e-21	1.85162e-22	5.92353e-24	3.26704e-25	
POCUEN_Sitona_lineatus	0	1	0	0	0	0	0	0	0	0	0	0	0	0	0	0	0	0	0	0	0	0	0	0	0	0	0	0	0	0	0	
N25	0.194663	0.199652	0.189982	0.161482	0.118629	0.0735925	0.0379995	0.0162005	0.00568176	0.00163802	0.000388669	7.61021e-05	1.23396e-05	1.66375e-06	1.87379e-07	1.77116e-08	1.41192e-09	9.53867e-11	5.48771e-12	2.70134e-13	1.14304e-14	4.17623e-16	1.32323e-17	3.65116e-19	8.80883e-21	1.86541e-22	3.48033e-24	5.74231e-26	8.43015e-28	1.14697e-29	2.44627e-31	
POCUCL_Cleonus_sp	0	0	0	0	0	1	0	0	0	0	0	0	0	0	0	0	0	0	0	0	0	0	0	0	0	0	0	0	0	0	0	
N26	0.211085	0.216992	0.203301	0.16403	0.109333	0.0587449	0.0251276	0.00851528	0.00228623	0.000487806	8.31301e-05	1.1385e-05	1.26167e-06	1.13945e-07	8.44748e-09	5.17785e-10	2.64241e-11	1.13036e-12	4.07963e-14	1.24999e-15	3.27076e-17	7.35003e-19	1.4261e-20	2.40124e-22	3.52558e-24	4.53436e-26	5.13059e-28	5.1283e-30	4.54895e-32	3.6617e-34	4.33814e-36	
POCUMO_Larinus_sp	0	0	0	0	1	0	0	0	0	0	0	0	0	0	0	0	0	0	0	0	0	0	0	0	0	0	0	0	0	0	0	
POCUMO_Lixus_sp	0	1	0	0	0	0	0	0	0	0	0	0	0	0	0	0	0	0	0	0	0	0	0	0	0	0	0	0	0	0	0	
N27	0.133087	0.140188	0.143175	0.139464	0.127281	0.10712	0.0820972	0.0567678	0.0351847	0.0194603	0.00957689	0.00418587	0.00162326	0.000558268	0.000170273	4.60719e-05	1.10655e-05	2.361e-06	4.47945e-07	7.56534e-08	1.13875e-08	1.52964e-09	1.83611e-10	1.97234e-11	1.89888e-12	1.64129e-13	1.27662e-14	8.98298e-16	5.83652e-17	3.89191e-18	4.67231e-19	
N28	0.115964	0.124312	0.130811	0.132287	0.126073	0.111544	0.0906673	0.0672329	0.0452718	0.0275974	0.0152003	0.00755534	0.00338674	0.00136872	0.000498723	0.000163883	4.85884e-05	1.30054e-05	3.14509e-06	6.87752e-07	1.36124e-07	2.44111e-08	3.97081e-09	5.86605e-10	7.88194e-11	9.65397e-12	1.0828e-12	1.12591e-13	1.12687e-14	1.22286e-15	2.20402e-16	
N29	0.0051412	0.00925254	0.0183369	0.0338215	0.0561467	0.0833548	0.110426	0.130336	0.136865	0.127699	0.105746	0.0776458	0.0505177	0.0291093	0.0148514	0.00670865	0.0026836	0.000951021	0.000298759	8.32668e-05	2.06105e-05	4.53626e-06	8.89012e-07	1.55381e-07	2.42628e-08	3.3923e-09	4.26177e-10	4.85345e-11	5.16881e-12	5.84963e-13	1.16716e-13	
POCUEN_Brachyderes_incanus	0	0	1	0	0	0	0	0	0	0	0	0	0	0	0	0	0	0	0	0	0	0	0	0	0	0	0	0	0	0	0	
N30	2.67979e-16	7.38161e-15	2.27715e-13	6.0706e-12	1.38106e-10	2.66264e-09	4.31625e-08	5.82981e-07	6.49278e-06	5.8917e-05	0.000429659	0.00247881	0.0111121	0.0379293	0.0964046	0.178266	0.234633	0.216138	0.138082	0.0610285	0.0187177	0.00402265	0.000616457	6.88938e-05	5.75043e-06	3.66786e-07	1.82574e-08	7.23167e-10	2.33267e-11	6.58271e-13	2.84902e-14	
POCUEN_Strophosoma_melanogrammum	0	0	0	0	0	0	0	0	0	0	0	0	0	0	0	0	1	0	0	0	0	0	0	0	0	0	0	0	0	0	0	
POCUEN_Strophosoma_capitatum	0	0	0	0	0	0	0	0	0	0	0	0	0	0	0	0	0	0	0	0	1	0	0	0	0	0	0	0	0	0	0	
POCUEN_Chlorophanus_sp	0	0	1	0	0	0	0	0	0	0	0	0	0	0	0	0	0	0	0	0	0	0	0	0	0	0	0	0	0	0	0	
N31	0.1131	0.122106	0.130242	0.134054	0.12997	0.116251	0.0943662	0.0686704	0.0444011	0.0253492	0.0127239	0.00559948	0.00215679	0.00072649	0.000213948	5.51002e-05	1.24173e-05	2.45091e-06	4.24167e-07	6.44506e-08	8.61052e-09	1.01305e-09	1.05139e-10	9.64345e-12	7.83347e-13	5.65114e-14	3.63727e-15	2.10923e-16	1.13021e-17	6.08712e-19	5.30138e-20	
POCUEN_Otiorhynchus_armadillo	0	0	0	0	0	0	0	1	0	0	0	0	0	0	0	0	0	0	0	0	0	0	0	0	0	0	0	0	0	0	0	
N32	0.104437	0.1141	0.124241	0.131178	0.130653	0.119948	0.0997263	0.0741314	0.0488246	0.0283136	0.0143956	0.00639931	0.00248298	0.00084016	0.000247848	6.37572e-05	1.43102e-05	2.80484e-06	4.80618e-07	7.20908e-08	9.47932e-09	1.09439e-09	1.11121e-10	9.94052e-12	7.8491e-13	5.48152e-14	3.39416e-15	1.87229e-16	9.36277e-18	4.67037e-19	4.10874e-20	
N33	0.0739835	0.0841547	0.0980072	0.112267	0.122298	0.123699	0.114326	0.0955404	0.0716932	0.0480879	0.0287459	0.0152863	0.00722401	0.00303268	0.00113104	0.000374902	0.000110525	2.90085e-05	6.78589e-06	1.41669e-06	2.6433e-07	4.41459e-08	6.61008e-09	8.88854e-10	1.07533e-10	1.1728e-11	1.15654e-12	1.0382e-13	8.69367e-15	7.6125e-16	1.19866e-16	
POCUDR_Sitophilus_oryzae	0	0	0	0	0	0	0	0	0	0	1	0	0	0	0	0	0	0	0	0	0	0	0	0	0	0	0	0	0	0	0	
N34	0.0474259	0.0653775	0.0981411	0.138172	0.167839	0.169168	0.13906	0.092588	0.0498582	0.0217528	0.0077189	0.00223931	0.000534335	0.000105554	1.73779e-05	2.4004e-06	2.8001e-07	2.77595e-08	2.35301e-09	1.71516e-10	1.081e-11	5.92121e-13	2.83252e-14	1.18877e-15	4.39609e-17	1.43841e-18	4.18234e-20	1.08703e-21	2.56293e-23	5.85336e-25	2.13529e-26	
POCUMO_Pachylobius_picivorus	0	0	0	0	0	0	1	0	0	0	0	0	0	0	0	0	0	0	0	0	0	0	0	0	0	0	0	0	0	0	0	
N35	0.00508944	0.0215949	0.0894012	0.229908	0.318052	0.229023	0.086156	0.0182209	0.00234562	0.000196329	1.12529e-05	4.60047e-07	1.38593e-08	3.1593e-10	5.57041e-12	7.73872e-14	8.60625e-16	7.7675e-18	5.75833e-20	3.54394e-22	1.82802e-24	7.97072e-27	2.96073e-29	9.43518e-32	2.5963e-34	6.20568e-37	1.2955e-39	2.37436e-42	3.8441e-45	5.62605e-48	1.03577e-50	
POCUDR_Sitophilus_granarius	0	0	0	1	0	0	0	0	0	0	0	0	0	0	0	0	0	0	0	0	0	0	0	0	0	0	0	0	0	0	0	
POCUDR_Sitophilus_zeamais	0	0	0	0	0	1	0	0	0	0	0	0	0	0	0	0	0	0	0	0	0	0	0	0	0	0	0	0	0	0	0	
N36	0.0240502	0.0331844	0.0518961	0.0810845	0.116483	0.146855	0.158478	0.144441	0.11038	0.0704462	0.0374744	0.0166036	0.00612796	0.00188547	0.000484264	0.000104005	1.87174e-05	2.82934e-06	3.60175e-07	3.87211e-08	3.5259e-09	2.7278e-10	1.79861e-11	1.01399e-12	4.90341e-14	2.04069e-15	7.33691e-17	2.29388e-18	6.38346e-20	1.79255e-21	1.04296e-22	
N37	0.0079893	0.0134038	0.0266651	0.0517864	0.0897329	0.133051	0.165275	0.170039	0.143989	0.100042	0.0569671	0.026595	0.0101936	0.00321508	0.000836899	0.000180418	3.23376e-05	4.83928e-06	6.07332e-07	6.42141e-08	5.74669e-09	4.3734e-10	2.84354e-11	1.58684e-12	7.63488e-14	3.18111e-15	1.15277e-16	3.64993e-18	1.01856e-19	2.65137e-21	1.14788e-22	
N38	0.00349282	0.00985091	0.033304	0.0918463	0.181783	0.245661	0.222585	0.135349	0.0560568	0.0161725	0.00333252	0.00050264	5.67595e-05	4.89679e-06	3.28598e-07	1.74255e-08	7.40573e-10	2.55406e-11	7.22803e-13	1.69545e-14	3.32633e-16	5.50344e-18	7.73676e-20	9.30541e-22	9.63662e-24	8.64334e-26	6.75134e-28	4.61734e-30	2.7863e-32	1.53455e-34	1.17857e-36	
POCUCU_Gymnetron_antirhini	0	0	0	0	1	0	0	0	0	0	0	0	0	0	0	0	0	0	0	0	0	0	0	0	0	0	0	0	0	0	0	
POCUEN_Naupactus_xanthographus	0	0	0	0	0	0	1	0	0	0	0	0	0	0	0	0	0	0	0	0	0	0	0	0	0	0	0	0	0	0	0	
N39	1.94652e-13	1.09972e-11	6.1611e-10	2.75093e-08	9.46606e-07	2.41788e-05	0.000437551	0.00527997	0.0391067	0.158238	0.304766	0.297213	0.151024	0.0388341	0.00474672	0.000316203	1.28771e-05	3.47502e-07	6.58174e-09	9.13012e-11	9.58508e-13	7.81603e-15	5.05628e-17	2.64095e-19	1.13038e-21	4.01564e-24	1.19724e-26	3.02614e-29	6.56199e-32	1.2658e-34	3.05094e-37	
POCUCU_Gymnetron_tetrum	0	0	0	0	0	0	0	0	0	0	0	0	0	1	0	0	0	0	0	0	0	0	0	0	0	0	0	0	0	0	0	
POCUCE_Phytobius_sp	0	0	0	0	0	0	0	0	0	1	0	0	0	0	0	0	0	0	0	0	0	0	0	0	0	0	0	0	0	0	0	
N40	0.024075	0.0331223	0.0516611	0.080643	0.115917	0.14636	0.15827	0.144607	0.110822	0.0709591	0.0378881	0.0168583	0.00625207	0.00193417	0.00049982	0.000108082	1.95995e-05	2.98768e-06	3.83863e-07	4.16879e-08	3.83826e-09	3.00537e-10	2.00762e-11	1.14785e-12	5.63554e-14	2.38389e-15	8.72199e-17	2.77888e-18	7.89566e-20	2.2611e-21	1.26762e-22	
POCUEN_Dyslobus_sp	0	0	0	0	0	0	0	1	0	0	0	0	0	0	0	0	0	0	0	0	0	0	0	0	0	0	0	0	0	0	0	
POCUEN_Sitona_hispidulus	0	0	0	0	0	0	0	0	1	0	0	0	0	0	0	0	0	0	0	0	0	0	0	0	0	0	0	0	0	0	0	
N41	0.317854	0.27698	0.197707	0.116512	0.0569856	0.023202	0.00787637	0.00223086	0.000527393	0.000104113	1.71743e-05	2.36977e-06	2.73897e-07	2.65634e-08	2.16618e-09	1.48882e-10	8.64667e-12	4.25504e-13	1.77925e-14	6.3399e-16	1.93039e-17	5.03608e-19	1.12865e-20	2.17852e-22	3.6313e-24	5.24251e-26	6.57985e-28	7.22286e-30	7.03566e-32	6.49563e-34	1.02545e-35	
N42	0.237423	0.227003	0.19293	0.14504	0.0958252	0.0553107	0.0277697	0.0120936	0.004562	0.00149011	0.000421632	0.00010345	2.20407e-05	4.08467e-06	6.59722e-07	9.30565e-08	1.14888e-08	1.24435e-09	1.18516e-10	9.94991e-12	7.38106e-13	4.84987e-14	2.82947e-15	1.46923e-16	6.80647e-18	2.81999e-19	1.04763e-20	3.50382e-22	1.06813e-23	3.18205e-25	1.59404e-26	
N43	0.214419	0.208111	0.182868	0.145527	0.10472	0.0679627	0.039663	0.0207548	0.00971278	0.0040562	0.00150903	0.000499488	0.00014697	3.84231e-05	8.92382e-06	1.84146e-06	3.37753e-07	5.50964e-08	7.99991e-09	1.03491e-09	1.19416e-10	1.23052e-11	1.13385e-12	9.3558e-14	6.92307e-15	4.60135e-16	2.75174e-17	1.48515e-18	7.32342e-20	3.59274e-21	3.17916e-22	
N44	0.177734	0.179261	0.168966	0.147635	0.118417	0.086381	0.0568545	0.0335517	0.0176674	0.00827133	0.00343385	0.00126179	0.00040987	0.000117606	2.97969e-05	6.66579e-06	1.31693e-06	2.29878e-07	3.54752e-08	4.84384e-09	5.85724e-10	6.27897e-11	5.97416e-12	5.0513e-13	3.80079e-14	2.54926e-15	1.52795e-16	8.22996e-18	4.06369e-19	2.0303e-20	1.83266e-21	
N45	0.0685784	0.0803442	0.097084	0.114245	0.125985	0.127405	0.116771	0.0963713	0.0713544	0.0472983	0.0280366	0.0148535	0.00703243	0.00297599	0.00112611	0.000381245	0.000115561	3.13881e-05	7.64667e-06	1.67255e-06	3.28828e-07	5.81779e-08	9.27481e-09	1.33425e-09	1.73508e-10	2.04485e-11	2.19428e-12	2.1668e-13	2.02767e-14	1.99655e-15	3.34533e-16	
POCUMO_Ruteria_hypocrita	0	0	0	0	0	0	0	0	0	0	0	0	0	0	1	0	0	0	0	0	0	0	0	0	0	0	0	0	0	0	0	
N46	0.0876275	0.0989316	0.113347	0.126245	0.131835	0.125917	0.108345	0.0832673	0.0568959	0.0344858	0.0185248	0.00881778	0.00372063	0.00139258	0.000462765	0.000136681	3.59241e-05	8.41336e-06	1.75822e-06	3.28356e-07	5.48859e-08	8.2247e-09	1.10673e-09	1.33955e-10	1.46091e-11	1.43822e-12	1.28094e-13	1.03696e-14	7.78081e-16	6.04878e-17	8.68312e-18	
POCUCU_Cionus_sp	0	0	0	0	0	0	0	0	1	0	0	0	0	0	0	0	0	0	0	0	0	0	0	0	0	0	0	0	0	0	0	
POCUMO_Adexius_scrobipennis	0	1	0	0	0	0	0	0	0	0	0	0	0	0	0	0	0	0	0	0	0	0	0	0	0	0	0	0	0	0	0	
N47	0.175412	0.17667	0.166401	0.145785	0.117917	0.0873561	0.0588381	0.0358052	0.0195866	0.00959412	0.00419595	0.00163511	0.000566974	0.000174796	4.78955e-05	1.16643e-05	2.52552e-06	4.86416e-07	8.33973e-08	1.27402e-08	1.73593e-09	2.11215e-10	2.29778e-11	2.23824e-12	1.95551e-13	1.53608e-14	1.08963e-15	7.05385e-17	4.29524e-18	2.71894e-19	2.76722e-20	
POCUTY_Tychius_sp	0	0	0	0	0	1	0	0	0	0	0	0	0	0	0	0	0	0	0	0	0	0	0	0	0	0	0	0	0	0	0	
N48	0.147011	0.151242	0.14839	0.137943	0.120529	0.0982256	0.0741611	0.0515921	0.0329309	0.019224	0.0102395	0.00496798	0.0021931	0.000880272	0.000321157	0.0001065	3.21073e-05	8.80365e-06	2.19674e-06	4.99185e-07	1.03388e-07	1.95349e-08	3.37071e-09	5.3174e-10	7.67974e-11	1.01759e-11	1.24238e-12	1.41425e-13	1.55773e-14	1.87919e-15	3.86928e-16	
POCUBA_Metialma_sp	0	0	0	0	1	0	0	0	0	0	0	0	0	0	0	0	0	0	0	0	0	0	0	0	0	0	0	0	0	0	0	
POCUSC_Scolytus_sp	0	0	0	0	0	0	0	0	1	0	0	0	0	0	0	0	0	0	0	0	0	0	0	0	0	0	0	0	0	0	0	
N49	0.212486	0.206961	0.182898	0.14643	0.105844	0.0687974	0.0400575	0.0208246	0.0096405	0.00396615	0.00144787	0.00046851	0.000134288	3.40815e-05	7.65808e-06	1.52368e-06	2.68525e-07	4.19385e-08	5.80852e-09	7.13994e-10	7.79655e-11	7.57077e-12	6.54486e-13	5.04333e-14	3.46869e-15	2.13245e-16	1.17394e-17	5.80716e-19	2.61595e-20	1.16738e-21	9.25941e-23	
N50	0.19689	0.195194	0.17799	0.148336	0.112149	0.0764181	0.0466925	0.0254911	0.0124039	0.00537114	0.00206761	0.000707143	0.00021481	5.79543e-05	1.38886e-05	2.95737e-06	5.59781e-07	9.42427e-08	1.41221e-08	1.88505e-09	2.24347e-10	2.38308e-11	2.26194e-12	1.92111e-13	1.46268e-14	1.00125e-15	6.19752e-17	3.51397e-18	1.88549e-19	1.05514e-20	9.82818e-22	
N51	0.199485	0.196587	0.177635	0.146768	0.1104	0.0752615	0.0463173	0.0256538	0.0127592	0.00568973	0.00227258	0.00081256	0.000260012	7.44632e-05	1.90899e-05	4.38289e-06	9.01714e-07	1.66358e-07	2.75456e-08	4.09744e-09	5.48134e-10	6.60195e-11	7.16814e-12	7.02548e-13	6.22529e-14	4.99802e-15	3.65077e-16	2.45289e-17	1.5694e-18	1.07126e-19	1.19279e-20	
POCUCE_Rhinoncus_sp	0	0	0	1	0	0	0	0	0	0	0	0	0	0	0	0	0	0	0	0	0	0	0	0	0	0	0	0	0	0	0	
POCUCE_Nedyus_quadrimaculatus	0	0	1	0	0	0	0	0	0	0	0	0	0	0	0	0	0	0	0	0	0	0	0	0	0	0	0	0	0	0	0	
POCUCE_Zacladus_geranii	0	0	0	0	0	0	0	0	0	0	1	0	0	0	0	0	0	0	0	0	0	0	0	0	0	0	0	0	0	0	0	
N52	0.19011	0.188043	0.171495	0.144245	0.111751	0.0795832	0.0519791	0.0310705	0.0169659	0.00845032	0.00383487	0.00158445	0.00059574	0.000203801	6.34375e-05	1.79716e-05	4.63568e-06	1.08936e-06	2.33383e-07	4.56193e-08	8.14331e-09	1.32876e-09	1.98397e-10	2.71357e-11	3.40389e-12	3.92152e-13	4.15911e-14	4.088e-15	3.82667e-16	3.86838e-17	7.1703e-18	
POCUMO_Acalles_camelus	0	0	1	0	0	0	0	0	0	0	0	0	0	0	0	0	0	0	0	0	0	0	0	0	0	0	0	0	0	0	0	
POCUMO_Acalles_echinatus	0	0	0	0	0	1	0	0	0	0	0	0	0	0	0	0	0	0	0	0	0	0	0	0	0	0	0	0	0	0	0	
N53	0.153116	0.164303	0.169436	0.160556	0.135103	0.0988016	0.0620161	0.0331826	0.015083	0.00581645	0.0019029	0.000528617	0.000124873	2.51307e-05	4.31805e-06	6.34945e-07	8.01002e-08	8.69172e-09	8.13409e-10	6.58293e-11	4.61983e-12	2.8192e-13	1.5001e-14	6.9794e-16	2.8474e-17	1.02168e-18	3.23581e-20	9.10197e-22	2.31291e-23	5.69684e-25	2.205e-26	
N54	0.167801	0.17574	0.174809	0.159454	0.12926	0.0910599	0.0549772	0.0282259	0.0122766	0.00451759	0.00140681	0.000371178	8.31264e-05	1.58371e-05	2.57329e-06	3.57568e-07	4.26119e-08	4.3681e-09	3.86331e-10	2.95709e-11	1.96497e-12	1.13709e-13	5.74862e-15	2.54752e-16	9.93306e-18	3.42392e-19	1.05091e-20	2.90925e-22	7.4477e-24	1.86109e-25	6.49824e-27	
N55	0.168026	0.178781	0.180547	0.164752	0.130953	0.0886575	0.0504886	0.0240262	0.00952395	0.00314113	0.000862018	0.000197004	3.75449e-05	5.97721e-06	7.96515e-07	8.90441e-08	8.37104e-09	6.63479e-10	4.44544e-11	2.52501e-12	1.21941e-13	5.02249e-15	1.77013e-16	5.35777e-18	1.39844e-19	3.16333e-21	6.24168e-23	1.0848e-24	1.69364e-26	2.54268e-28	6.04902e-30	
N56	0.21073	0.210922	0.192607	0.156058	0.10959	0.0656564	0.0332439	0.0141524	0.00505302	0.00151187	0.00037918	7.97971e-05	1.41132e-05	2.10195e-06	2.64229e-07	2.81066e-08	2.53693e-09	1.94869e-10	1.2777e-11	7.17342e-13	3.45952e-14	1.43779e-15	5.16624e-17	1.61015e-18	4.36718e-20	1.03436e-21	2.14821e-23	3.93909e-25	6.49068e-27	1.02213e-28	2.3473e-30	
N57	0.239945	0.230326	0.196253	0.146642	0.0948721	0.0526047	0.0248244	0.00992768	0.00335703	0.000959076	0.000231546	4.72861e-05	8.18107e-06	1.20151e-06	1.50139e-07	1.60044e-08	1.45943e-09	1.14187e-10	7.68916e-12	4.47045e-13	2.25134e-14	9.85323e-16	3.76034e-17	1.2558e-18	3.68444e-20	9.54399e-22	2.19889e-23	4.56488e-25	8.75337e-27	1.63019e-28	4.07775e-30	
POCUSC_Ips_acuminatus	0	0	0	0	0	1	0	0	0	0	0	0	0	0	0	0	0	0	0	0	0	0	0	0	0	0	0	0	0	0	0	
N58	0.272509	0.251215	0.199107	0.135407	0.0786707	0.0388613	0.0162533	0.0057373	0.00170565	0.000426539	8.96845e-05	1.58578e-05	2.35962e-06	2.95803e-07	3.12878e-08	2.7973e-09	2.11828e-10	1.36172e-11	7.44927e-13	3.47673e-14	1.3881e-15	4.75406e-17	1.40061e-18	3.55976e-20	7.82744e-22	1.49336e-23	2.47918e-25	3.59202e-27	4.56146e-29	5.22894e-31	9.06408e-33	
N59	0.259331	0.241303	0.195381	0.138043	0.0851752	0.0458844	0.0215655	0.0088362	0.0031546	0.000981071	0.000265831	6.27911e-05	1.29411e-05	2.32998e-06	3.67015e-07	5.06641e-08	6.14067e-09	6.54785e-10	6.1555e-11	5.11274e-12	3.76041e-13	2.45461e-14	1.4252e-15	7.37733e-17	3.41215e-18	1.41339e-19	5.25731e-21	1.76456e-22	5.43736e-24	1.67784e-25	8.52196e-27	
N60	0.198272	0.19541	0.176732	0.146413	0.110688	0.0760151	0.047208	0.0264057	0.0132592	0.0059617	0.00239597	0.000859715	0.000275253	7.86243e-05	2.0042e-05	4.56168e-06	9.27815e-07	1.68807e-07	2.75054e-08	4.01892e-09	5.27321e-10	6.22239e-11	6.61342e-12	6.34135e-13	5.49497e-14	4.31159e-15	3.07233e-16	2.00119e-17	1.21738e-18	7.6122e-20	8.33416e-21	
N61	0.189176	0.188411	0.173657	0.147429	0.114488	0.0807135	0.0512987	0.0292198	0.0148475	0.00670772	0.00268814	0.000954322	0.000299938	8.34541e-05	2.05649e-05	4.49168e-06	8.70479e-07	1.49876e-07	2.29593e-08	3.13421e-09	3.81915e-10	4.16136e-11	4.06178e-12	3.55801e-13	2.80235e-14	1.9884e-15	1.27393e-16	7.40048e-18	3.95924e-19	2.13749e-20	2.07364e-21	
POCUSC_Ips_montanus	0	0	0	0	0	1	0	0	0	0	0	0	0	0	0	0	0	0	0	0	0	0	0	0	0	0	0	0	0	0	0	
N62	0.153688	0.167544	0.17491	0.165027	0.135875	0.0960028	0.0577938	0.0295651	0.0128459	0.00474399	0.00149125	0.000399828	9.16628e-05	1.80195e-05	3.04701e-06	4.44651e-07	5.61914e-08	6.17089e-09	5.90998e-10	4.95351e-11	3.6462e-12	2.36513e-13	1.35645e-14	6.90088e-16	3.12409e-17	1.26239e-18	4.56701e-20	1.48444e-21	4.37298e-23	1.24178e-24	6.06968e-26	
POCUSC_Ips_paraconfusus	0	1	0	0	0	0	0	0	0	0	0	0	0	0	0	0	0	0	0	0	0	0	0	0	0	0	0	0	0	0	0	
N63	0.000355846	0.00228032	0.0145699	0.0633815	0.171854	0.276524	0.262771	0.147949	0.0492557	0.00975205	0.00120328	9.78785e-05	5.51819e-06	2.24685e-07	6.83116e-09	1.59349e-10	2.91644e-12	4.26709e-14	5.07066e-16	4.9608e-18	4.04308e-20	2.77351e-22	1.6161e-24	8.06421e-27	3.4712e-29	1.29744e-31	4.23634e-34	1.2152e-36	3.0841e-39	7.11783e-42	2.13948e-44	
POCUSC_Ips_confusus	0	0	0	0	0	0	0	0	1	0	0	0	0	0	0	0	0	0	0	0	0	0	0	0	0	0	0	0	0	0	0	
POCUSC_Ips_hoppingi	0	0	0	0	1	0	0	0	0	0	0	0	0	0	0	0	0	0	0	0	0	0	0	0	0	0	0	0	0	0	0	
POCUSC_Ips_lecontei	0	0	0	0	0	0	1	0	0	0	0	0	0	0	0	0	0	0	0	0	0	0	0	0	0	0	0	0	0	0	0	
N64	0.216525	0.209055	0.182133	0.143675	0.102846	0.0668945	0.0395687	0.0212956	0.0104317	0.00465222	0.00188944	0.000699065	0.000235714	7.24692e-05	2.0327e-05	5.20517e-06	1.21778e-06	2.60515e-07	5.10056e-08	9.14828e-09	1.50465e-09	2.27175e-10	3.15202e-11	4.02349e-12	4.73055e-13	5.12958e-14	5.14021e-15	4.78647e-16	4.24478e-17	4.06025e-18	7.25913e-19	
POCUSC_Ips_cribricollis	0	0	0	1	0	0	0	0	0	0	0	0	0	0	0	0	0	0	0	0	0	0	0	0	0	0	0	0	0	0	0	
POCUSC_Ips_calligraphus	0	1	0	0	0	0	0	0	0	0	0	0	0	0	0	0	0	0	0	0	0	0	0	0	0	0	0	0	0	0	0	
N65	0.272347	0.25013	0.197433	0.134349	0.0788897	0.0399612	0.0174463	0.00655782	0.00212045	0.000589473	0.000140864	2.89439e-05	5.11716e-06	7.79243e-07	1.02351e-07	1.16145e-08	1.14085e-09	9.7203e-11	7.19976e-12	4.6469e-13	2.61981e-14	1.29335e-15	5.60526e-17	2.13802e-18	7.19557e-20	2.14219e-21	5.65597e-23	1.32845e-24	2.79707e-26	5.56843e-28	1.8039e-29	
N66	0.241668	0.229566	0.193042	0.143421	0.0937633	0.0536969	0.0268281	0.0116559	0.00439349	0.00143462	0.000405507	9.92042e-05	2.10127e-05	3.85642e-06	6.13919e-07	8.48905e-08	1.02124e-08	1.07075e-09	9.8038e-11	7.85482e-12	5.5189e-13	3.4081e-14	1.85397e-15	8.90495e-17	3.78537e-18	1.4274e-19	4.78601e-21	1.43067e-22	3.83759e-24	9.74887e-26	4.20223e-27	
N67	0.172486	0.177118	0.171415	0.153208	0.123931	0.0892638	0.0565904	0.0313399	0.0150925	0.00630482	0.00228252	0.000716143	0.000194875	4.60493e-05	9.46458e-06	1.69514e-06	2.65115e-07	3.6287e-08	4.35675e-09	4.59948e-10	4.28003e-11	3.51926e-12	2.5633e-13	1.65799e-14	9.54803e-16	4.90944e-17	2.26258e-18	9.41552e-20	3.6106e-21	1.37704e-22	8.5305e-24	
POCUSC_Ips_bonanseai	0	0	0	0	0	0	0	0	0	1	0	0	0	0	0	0	0	0	0	0	0	0	0	0	0	0	0	0	0	0	0	
N68	0.159343	0.168827	0.171076	0.159538	0.132561	0.0959422	0.0596017	0.0314883	0.014069	0.00529997	0.00168124	0.000449097	0.000101121	1.92255e-05	3.09346e-06	4.22389e-07	4.90896e-08	4.87167e-09	4.14236e-10	3.02837e-11	1.91027e-12	1.04338e-13	4.95199e-15	2.04939e-16	7.4211e-18	2.35925e-19	6.60717e-21	1.63656e-22	3.61959e-24	7.57859e-26	2.5688e-27	
N69	0.121189	0.13721	0.15469	0.162355	0.150578	0.119447	0.0795576	0.0440488	0.0201688	0.00761864	0.0023727	0.000609541	0.00012935	2.2721e-05	3.31221e-06	4.01928e-07	4.07354e-08	3.4606e-09	2.47359e-10	1.49347e-11	7.6468e-13	3.33366e-14	1.24239e-15	3.97392e-17	1.09523e-18	2.61092e-20	5.40415e-22	9.74931e-24	1.54193e-25	2.21945e-27	4.95274e-29	
N70	0.0882341	0.108329	0.135582	0.156839	0.159118	0.137983	0.100898	0.0617346	0.0314664	0.0133321	0.00469307	0.00137356	0.000334832	6.81525e-05	1.16188e-05	1.66501e-06	2.01343e-07	2.06307e-08	1.79888e-09	1.3406e-10	8.57623e-12	4.7303e-13	2.25913e-14	9.38165e-16	3.40164e-17	1.08119e-18	3.02422e-20	7.4756e-22	1.64646e-23	3.40629e-25	1.15206e-26	
POCUSC_Ips_avulsus	0	0	1	0	0	0	0	0	0	0	0	0	0	0	0	0	0	0	0	0	0	0	0	0	0	0	0	0	0	0	0	
POCUSC_Orthotomicus_suturalis	0	0	0	0	0	0	0	0	0	1	0	0	0	0	0	0	0	0	0	0	0	0	0	0	0	0	0	0	0	0	0	
N71	0.0226486	0.0386675	0.0732444	0.123959	0.172619	0.191569	0.167086	0.113839	0.0604879	0.0251039	0.0081705	0.00209781	0.000428025	6.99694e-05	9.24332e-06	9.95452e-07	8.81498e-08	6.47214e-09	3.97151e-10	2.0522e-11	8.99355e-13	3.36504e-14	1.08174e-15	3.00522e-17	7.25511e-19	1.52992e-20	2.83178e-22	4.62223e-24	6.69584e-26	8.92913e-28	1.86032e-29	
POCUSC_Ips_plastographus	0	0	0	0	0	0	0	0	1	0	0	0	0	0	0	0	0	0	0	0	0	0	0	0	0	0	0	0	0	0	0	
POCUSC_Ips_integer	0	0	0	0	1	0	0	0	0	0	0	0	0	0	0	0	0	0	0	0	0	0	0	0	0	0	0	0	0	0	0	
POCUSC_Ips_pini	0	0	1	0	0	0	0	0	0	0	0	0	0	0	0	0	0	0	0	0	0	0	0	0	0	0	0	0	0	0	0	
N72	0.237769	0.225777	0.190233	0.142552	0.0950455	0.0563468	0.0296658	0.0138514	0.0057283	0.00209609	0.000678181	0.000193951	4.90303e-05	1.09601e-05	2.16787e-06	3.79764e-07	5.89868e-08	8.13451e-09	9.97445e-10	1.08925e-10	1.06117e-11	9.23941e-13	7.20281e-14	5.03708e-15	3.16599e-16	1.79208e-17	9.15599e-19	4.23858e-20	1.80199e-21	7.62615e-23	5.68629e-24	
N73	0.212416	0.208138	0.185332	0.148843	0.106893	0.0681427	0.0383543	0.0189953	0.00826199	0.00315342	0.00105617	0.000310582	8.02657e-05	1.82536e-05	3.65834e-06	6.47255e-07	1.01279e-07	1.40432e-08	1.72901e-09	1.89422e-10	1.85051e-11	1.61559e-12	1.26326e-13	8.86596e-15	5.59732e-16	3.18565e-17	1.63817e-18	7.6351e-20	3.26026e-21	1.3796e-22	1.05321e-23	
N74	2.01112e-07	1.28951e-05	0.000610489	0.0160465	0.190429	0.656318	0.129016	0.00737404	0.000190752	2.74581e-06	2.47813e-08	1.51533e-10	6.62909e-13	2.16003e-15	5.40755e-18	1.06605e-20	1.6885e-23	2.18472e-26	2.34187e-29	2.10484e-32	1.60281e-35	1.04353e-38	5.85559e-42	2.85226e-45	1.21378e-48	4.53884e-52	1.49961e-55	4.40436e-59	1.1637e-62	2.89524e-66	8.56958e-70	
POCUSC_Ips_perturbatus	0	0	0	0	0	1	0	0	0	0	0	0	0	0	0	0	0	0	0	0	0	0	0	0	0	0	0	0	0	0	0	
POCUSC_Ips_hunteri	0	0	0	0	0	1	0	0	0	0	0	0	0	0	0	0	0	0	0	0	0	0	0	0	0	0	0	0	0	0	0	
N75	0.107086	0.470391	0.371278	0.0487807	0.00240321	6.0105e-05	8.93311e-07	8.68681e-09	5.89673e-11	2.92715e-13	1.10038e-15	3.21903e-18	7.4895e-21	1.41081e-23	2.18387e-26	2.81316e-29	3.04831e-32	2.80474e-35	2.20933e-38	1.50079e-41	8.84875e-45	4.55479e-48	2.05758e-51	8.19619e-55	2.89151e-58	9.07082e-62	2.5404e-65	6.38403e-69	1.45696e-72	3.16624e-76	8.18261e-80	
N76	0.0150479	0.961666	0.0232037	8.23921e-05	8.50733e-08	3.57788e-11	7.45576e-15	8.73366e-19	6.27535e-23	2.94722e-27	9.49311e-32	2.17724e-36	3.66351e-41	4.63381e-46	4.49508e-51	3.40063e-56	2.03481e-61	9.74579e-67	3.77453e-72	1.19245e-77	3.09583e-83	6.64714e-89	1.18674e-94	1.76973e-100	2.21273e-106	2.32673e-112	2.06249e-118	1.54391e-124	9.77061e-131	5.23021e-137	2.46584e-143	
POCUSC_Ips_borealis	0	1	0	0	0	0	0	0	0	0	0	0	0	0	0	0	0	0	0	0	0	0	0	0	0	0	0	0	0	0	0	
POCUSC_Ips_tridens	0	1	0	0	0	0	0	0	0	0	0	0	0	0	0	0	0	0	0	0	0	0	0	0	0	0	0	0	0	0	0	
POCUSC_Ips_pilifrons	0	0	1	0	0	0	0	0	0	0	0	0	0	0	0	0	0	0	0	0	0	0	0	0	0	0	0	0	0	0	0	
POCUSC_Ips_woodi	0	0	1	0	0	0	0	0	0	0	0	0	0	0	0	0	0	0	0	0	0	0	0	0	0	0	0	0	0	0	0	
N77	0.233741	0.222422	0.188326	0.142404	0.0963823	0.0584719	0.0318236	0.0155473	0.00682121	0.00268874	0.000952622	0.000303544	8.70447e-05	2.24815e-05	5.2344e-06	1.09978e-06	2.08752e-07	3.58394e-08	5.57253e-09	7.85749e-10	1.00614e-10	1.17163e-11	1.24254e-12	1.20191e-13	1.06208e-14	8.58975e-16	6.37732e-17	4.37828e-18	2.85039e-19	1.95468e-20	2.34099e-21	
N78	0.266951	0.246097	0.1959	0.135328	0.0814107	0.0427609	0.0196518	0.007917	0.00280093	0.000871798	0.000239179	5.79544e-05	1.24283e-05	2.364e-06	3.99734e-07	6.02257e-08	8.10397e-09	9.76207e-10	1.05521e-10	1.02588e-11	8.99147e-13	7.12067e-14	5.10668e-15	3.32378e-16	1.96758e-17	1.06161e-18	5.23307e-20	2.36597e-21	9.94629e-23	4.21822e-24	3.19726e-25	
POCUSC_Orthotomicus_caelatus	0	1	0	0	0	0	0	0	0	0	0	0	0	0	0	0	0	0	0	0	0	0	0	0	0	0	0	0	0	0	0	
POCUSC_Ips_perroti	0	1	0	0	0	0	0	0	0	0	0	0	0	0	0	0	0	0	0	0	0	0	0	0	0	0	0	0	0	0	0	
POCUSC_Ips_typographus	0	0	0	0	1	0	0	0	0	0	0	0	0	0	0	0	0	0	0	0	0	0	0	0	0	0	0	0	0	0	0	
N79	0.192593	0.189943	0.172321	0.143965	0.110725	0.0783108	0.0508605	0.0302904	0.0165215	0.00824453	0.00376123	0.00156792	0.000597081	0.0002077	6.60073e-05	1.91701e-05	5.09003e-06	1.23627e-06	2.74846e-07	5.59711e-08	1.04493e-08	1.78994e-09	2.81592e-10	4.0725e-11	5.42038e-12	6.64828e-13	7.53246e-14	7.93901e-15	8.01003e-16	8.80743e-17	1.78174e-17	
POCUSC_Ips_sexdentatus	0	0	0	0	0	1	0	0	0	0	0	0	0	0	0	0	0	0	0	0	0	0	0	0	0	0	0	0	0	0	0	
N80	0.237185	0.225644	0.190659	0.143206	0.0955028	0.0564277	0.0294704	0.0135783	0.00551175	0.00196988	0.000619899	0.000171878	4.20384e-05	9.08399e-06	1.7375e-06	2.9478e-07	4.44598e-08	5.97517e-09	7.17272e-10	7.70933e-11	7.43695e-12	6.45438e-13	5.05147e-14	3.57343e-15	2.29004e-16	1.33256e-17	7.05903e-19	3.41958e-20	1.53818e-21	6.99227e-23	5.64825e-24	
POCUSC_Ips_emarginatus	0	0	1	0	0	0	0	0	0	0	0	0	0	0	0	0	0	0	0	0	0	0	0	0	0	0	0	0	0	0	0	
POCUSC_Ips_knausi	0	0	1	0	0	0	0	0	0	0	0	0	0	0	0	0	0	0	0	0	0	0	0	0	0	0	0	0	0	0	0	
N81	0.139441	0.153248	0.163552	0.160531	0.139792	0.105902	0.0691033	0.0386531	0.0184971	0.00757054	0.00265209	0.00079641	0.000205417	4.56155e-05	8.74376e-06	1.4508e-06	2.08982e-07	2.62125e-08	2.87177e-09	2.7568e-10	2.32644e-11	1.73182e-12	1.14146e-13	6.68996e-15	3.50481e-16	1.6527e-17	7.08476e-19	2.80426e-20	1.05446e-21	4.03719e-23	2.06459e-24	
N82	0.00714333	0.00963631	0.0148232	0.0236172	0.0366567	0.0536998	0.0731547	0.0920619	0.106718	0.113816	0.111636	0.100697	0.0835406	0.0637607	0.0447834	0.0289571	0.0172449	0.00946383	0.00478907	0.00223646	0.000964844	0.000385091	0.000142492	4.90374e-05	1.57745e-05	4.78184e-06	1.38393e-06	3.90442e-07	1.11032e-07	3.40446e-08	1.4305e-08	
POCUSC_Orthotomicus_erosus	0	0	0	0	0	0	0	0	0	0	0	0	0	0	0	0	1	0	0	0	0	0	0	0	0	0	0	0	0	0	0	
POCUSC_Pityogenes_chalcographus	0	0	0	0	0	0	0	0	0	0	0	0	0	0	0	0	0	0	0	0	1	0	0	0	0	0	0	0	0	0	0	
N83	0.157765	0.160567	0.154521	0.140056	0.118881	0.0939136	0.068647	0.0462008	0.0285178	0.0160974	0.00829244	0.00389338	0.00166481	0.00064814	0.000229754	7.41799e-05	2.18257e-05	5.85612e-06	1.43404e-06	3.20787e-07	6.56149e-08	1.22849e-08	2.10766e-09	3.3174e-10	4.79675e-11	6.38361e-12	7.84841e-13	9.00792e-14	9.99628e-15	1.21909e-15	2.60998e-16	
N84	0.0921563	0.101445	0.111703	0.119568	0.121529	0.115439	0.101465	0.0820215	0.0607482	0.0411228	0.0254038	0.0143071	0.00734176	0.00343184	0.00146126	0.000566869	0.000200423	6.46159e-05	1.90075e-05	5.10526e-06	1.25305e-06	2.81296e-07	5.78116e-08	1.08886e-08	1.88167e-09	2.98819e-10	4.3743e-11	5.95784e-12	7.8243e-13	1.14353e-13	3.02127e-14	
POCUSC_Ips_latidens	0	0	0	0	1	0	0	0	0	0	0	0	0	0	0	0	0	0	0	0	0	0	0	0	0	0	0	0	0	0	0	
POCUSC_Ips_spinifer	0	0	0	0	0	0	0	0	0	0	1	0	0	0	0	0	0	0	0	0	0	0	0	0	0	0	0	0	0	0	0	
POCUSC_Orthotomicus_laricis	0	1	0	0	0	0	0	0	0	0	0	0	0	0	0	0	0	0	0	0	0	0	0	0	0	0	0	0	0	0	0	
POCUSC_Pityogenes_hopkinsi_M	0	1	0	0	0	0	0	0	0	0	0	0	0	0	0	0	0	0	0	0	0	0	0	0	0	0	0	0	0	0	0	
N85	0.0353941	0.0432556	0.0568858	0.0756095	0.0967173	0.115281	0.125509	0.123324	0.108581	0.085301	0.0596466	0.0370749	0.0204733	0.0100433	0.00437789	0.00169663	0.000585022	0.000179652	4.9189e-05	1.20249e-05	2.62912e-06	5.15214e-07	9.07483e-08	1.44228e-08	2.07988e-09	2.74412e-10	3.35503e-11	3.88075e-12	4.41077e-13	5.42287e-14	1.06963e-14	
N86	0.0349359	0.0415281	0.0526388	0.0679733	0.0858568	0.102923	0.114746	0.117433	0.109427	0.0923776	0.0704363	0.0484237	0.0299888	0.0167245	0.00839976	0.00380054	0.00154999	0.000570205	0.000189381	5.68453e-05	1.54398e-05	3.8004e-06	8.49339e-07	1.72785e-07	3.21129e-08	5.48233e-09	8.67103e-10	1.28897e-10	1.85408e-11	2.81538e-12	6.59475e-13	
N87	0.0490665	0.0564034	0.0674554	0.0810585	0.0948583	0.105631	0.110219	0.106727	0.0953436	0.078304	0.059	0.0407365	0.025758	0.0149118	0.00790377	0.00383623	0.00170559	0.000694907	0.000259586	8.89593e-05	2.79862e-05	8.08835e-06	2.1494e-06	5.2576e-07	1.18566e-07	2.47211e-08	4.79497e-09	8.78872e-10	1.59184e-10	3.26829e-11	1.12691e-11	
POCUSC_Xylosandrus_germanus	0	1	0	0	0	0	0	0	0	0	0	0	0	0	0	0	0	0	0	0	0	0	0	0	0	0	0	0	0	0	0	
POCUSC_Xylosandrus_compactus	0	0	0	0	0	0	0	0	0	0	0	0	1	0	0	0	0	0	0	0	0	0	0	0	0	0	0	0	0	0	0	
POCUSC_Xyleborus_sp	0	0	0	0	0	0	0	0	0	0	0	0	0	0	0	0	1	0	0	0	0	0	0	0	0	0	0	0	0	0	0	
N88	0.0261296	0.0316194	0.0413557	0.0555904	0.0734799	0.0924858	0.108523	0.117157	0.115438	0.103326	0.0837879	0.0614672	0.0407683	0.0244443	0.0132534	0.00650141	0.00288771	0.00116247	0.000424616	0.000140932	4.25767e-05	1.17345e-05	2.95938e-06	6.8589e-07	1.4702e-07	2.94223e-08	5.57517e-09	1.0205e-09	1.85285e-10	3.46231e-11	8.07146e-12	
POCUSC_Dryocoetes_affaber	0	0	0	0	0	0	0	0	0	0	0	0	0	0	0	0	0	1	0	0	0	0	0	0	0	0	0	0	0	0	0	
POCUSC_Dryocoetes_autographus	0	0	0	0	0	0	0	0	0	0	0	0	0	0	0	0	1	0	0	0	0	0	0	0	0	0	0	0	0	0	0	
N89	0.255611	0.238975	0.195142	0.139372	0.0870047	0.0473983	0.0224924	0.00928196	0.00332677	0.00103476	0.000279232	6.53813e-05	1.32905e-05	2.34751e-06	3.60702e-07	4.828e-08	5.63823e-09	5.75469e-10	5.14282e-11	4.03198e-12	2.77869e-13	1.68677e-14	9.03794e-16	4.28348e-17	1.79956e-18	6.71645e-20	2.23279e-21	6.64087e-23	1.79167e-24	4.69187e-26	1.98881e-27	
N90	0.240248	0.227798	0.191288	0.142474	0.0940807	0.0549952	0.0284028	0.0129348	0.00518546	0.00182761	0.00056583	0.000153823	3.67202e-05	7.70021e-06	1.41946e-06	2.30246e-07	3.29023e-08	4.14784e-09	4.61997e-10	4.55392e-11	3.9793e-12	3.088e-13	2.13203e-14	1.3121e-15	7.21153e-17	3.54695e-18	1.5651e-19	6.2259e-21	2.27059e-22	8.24943e-24	5.00685e-25	
N91	0.217188	0.20947	0.182155	0.14338	0.102438	0.0665592	0.0393874	0.0212502	0.0104609	0.00470152	0.00193012	0.000724087	0.000248324	7.78805e-05	2.2345e-05	5.86743e-06	1.41063e-06	3.10652e-07	6.26975e-08	1.16032e-08	1.97019e-09	3.07123e-10	4.39829e-11	5.79063e-12	7.01407e-13	7.82368e-14	8.04853e-15	7.67419e-16	6.94576e-17	6.76755e-18	1.23809e-18	
N92	0.206182	0.200633	0.177526	0.143353	0.105914	0.0717323	0.0445957	0.0254764	0.0133844	0.00647078	0.00288031	0.001181	0.00044625	0.000155454	4.99467e-05	1.48075e-05	4.05254e-06	1.02437e-06	2.39273e-07	5.1675e-08	1.03246e-08	1.90959e-09	3.27171e-10	5.19633e-11	7.65803e-12	1.04885e-12	1.33995e-13	1.61451e-14	1.90432e-15	2.50569e-16	5.78505e-17	
POCUCU_Rhynchaenus_sp	0	0	0	1	0	0	0	0	0	0	0	0	0	0	0	0	0	0	0	0	0	0	0	0	0	0	0	0	0	0	0	
POCUSC_Crypturgus_pusillus	0	1	0	0	0	0	0	0	0	0	0	0	0	0	0	0	0	0	0	0	0	0	0	0	0	0	0	0	0	0	0	
N93	0.202037	0.199095	0.179714	0.147934	0.110334	0.0740627	0.0444786	0.0237829	0.0112808	0.00473409	0.00175466	0.000573821	0.000165507	4.21075e-05	9.45443e-06	1.87507e-06	3.28853e-07	5.1071e-08	7.03397e-09	8.60608e-10	9.37042e-11	9.0963e-12	7.88773e-13	6.12162e-14	4.26063e-15	2.66503e-16	1.50229e-17	7.67746e-19	3.63553e-20	1.76237e-21	1.44609e-22	
POCUEN_Tanymecus_sp	0	0	0	1	0	0	0	0	0	0	0	0	0	0	0	0	0	0	0	0	0	0	0	0	0	0	0	0	0	0	0	
N94	0.192878	0.192707	0.177987	0.150397	0.11491	0.0785573	0.0476554	0.0254941	0.0119741	0.00492277	0.00176801	0.000554105	0.000151475	3.61222e-05	7.51848e-06	1.3671e-06	2.17419e-07	3.02858e-08	3.70104e-09	3.97478e-10	3.75853e-11	3.13536e-12	2.31207e-13	1.51026e-14	8.75695e-16	4.5169e-17	2.07753e-18	8.55229e-20	3.18994e-21	1.16349e-22	7.40962e-24	
N95	0.137894	0.14827	0.154989	0.151928	0.135511	0.107725	0.0753447	0.0460089	0.0244234	0.0112457	0.00448762	0.00155216	0.000465663	0.000121324	2.74945e-05	5.42968e-06	9.3633e-07	1.41312e-07	1.8709e-08	2.17826e-09	2.23586e-10	2.02847e-11	1.63079e-12	1.16481e-13	7.41066e-15	4.21029e-16	2.14181e-17	9.7915e-19	4.07042e-20	1.66481e-21	1.2048e-22	
POCUSC_Polygraphus_poligraphus_M	0	0	0	0	0	0	0	1	0	0	0	0	0	0	0	0	0	0	0	0	0	0	0	0	0	0	0	0	0	0	0	
POCUCU_Anthonomus_sp	0	0	0	0	1	0	0	0	0	0	0	0	0	0	0	0	0	0	0	0	0	0	0	0	0	0	0	0	0	0	0	
POCUSC_Polygraphus_grandiclava	0	0	0	1	0	0	0	0	0	0	0	0	0	0	0	0	0	0	0	0	0	0	0	0	0	0	0	0	0	0	0	
N96	0.185509	0.185247	0.17164	0.146887	0.115332	0.0824835	0.0533686	0.0310586	0.016182	0.00752157	0.00311111	0.00114321	0.000372833	0.000107866	2.76848e-05	6.30564e-06	1.27531e-06	2.29227e-07	3.66534e-08	5.21984e-09	6.62895e-10	7.51738e-11	7.62353e-12	6.92455e-13	5.64318e-14	4.13494e-15	2.73294e-16	1.64095e-17	9.15297e-19	5.21191e-20	5.11431e-21	
N97	0.105892	0.114325	0.121797	0.12523	0.121967	0.111101	0.0939308	0.0733842	0.0528487	0.0350349	0.0213627	0.0119758	0.00617077	0.00292222	0.00127183	0.000508777	0.000187108	6.32756e-05	1.96839e-05	5.635e-06	1.48524e-06	3.60628e-07	8.07156e-08	1.66655e-08	3.17754e-09	5.60475e-10	9.18488e-11	1.41618e-11	2.14147e-12	3.65793e-13	1.08882e-13	
POCUCO_Telephae_sp	0	0	0	1	0	0	0	0	0	0	0	0	0	0	0	0	0	0	0	0	0	0	0	0	0	0	0	0	0	0	0	
N98	0.00795573	0.0124999	0.0222908	0.0387764	0.0622934	0.0904607	0.117463	0.135491	0.138247	0.124438	0.0986434	0.0687971	0.0421944	0.0227555	0.0107935	0.00450483	0.00165552	0.000536169	0.000153188	3.86557e-05	8.62643e-06	1.70488e-06	2.98855e-07	4.65417e-08	6.45061e-09	7.97316e-10	8.81607e-11	8.78641e-12	8.11881e-13	7.89579e-14	1.38836e-14	
POCUSC_Trypodendron_lineatum	0	0	0	0	0	0	1	0	0	0	0	0	0	0	0	0	0	0	0	0	0	0	0	0	0	0	0	0	0	0	0	
N99	0.00297312	0.0050711	0.0101592	0.0201344	0.0370909	0.061862	0.0920928	0.121301	0.14057	0.142798	0.126864	0.0984271	0.066634	0.0393491	0.0202693	0.00911057	0.00357516	0.00122582	0.000367584	9.65121e-05	2.22158e-05	4.48976e-06	7.97897e-07	1.24905e-07	1.72571e-08	2.10941e-09	2.29026e-10	2.22939e-11	2.00467e-12	1.86978e-13	2.98582e-14	
N100	4.01843e-14	7.15229e-13	1.51403e-11	2.82615e-10	4.55516e-09	6.27755e-08	7.3215e-07	7.14645e-06	5.76791e-05	0.00037996	0.0020147	0.00847369	0.0278492	0.0704896	0.135661	0.196609	0.213325	0.172822	0.10445	0.0471025	0.015867	0.00400447	0.00076177	0.000110303	1.23143e-05	1.07541e-06	7.4578e-08	4.17291e-09	1.93006e-10	8.05273e-12	5.32785e-13	
POCUSC_Phloeotribus_sp	0	0	0	0	0	0	0	0	0	0	0	0	0	0	1	0	0	0	0	0	0	0	0	0	0	0	0	0	0	0	0	
POCUMO_Lepyrus_sp	0	0	0	0	0	0	0	0	0	0	0	0	0	0	0	0	0	0	0	0	0	1	0	0	0	0	0	0	0	0	0	
POCUSC_Cryphalus_abietis	0	0	0	0	0	0	0	1	0	0	0	0	0	0	0	0	0	0	0	0	0	0	0	0	0	0	0	0	0	0	0	
N101	0.161577	0.16479	0.158888	0.143774	0.120962	0.0937352	0.0663412	0.0425877	0.0246643	0.0128354	0.00598534	0.00249628	0.000930111	0.000309442	9.19157e-05	2.4383e-05	5.77985e-06	1.22526e-06	2.32516e-07	3.95464e-08	6.0365e-09	8.28295e-10	1.02364e-10	1.14224e-11	1.1548e-12	1.06322e-13	8.98624e-15	7.06221e-16	5.27437e-17	3.97299e-18	4.52855e-19	
POCUSC_Hylurgops_sp	0	0	0	0	0	0	0	0	0	0	0	1	0	0	0	0	0	0	0	0	0	0	0	0	0	0	0	0	0	0	0	
N102	0.140904	0.14736	0.148338	0.141485	0.125872	0.103116	0.0770425	0.0521376	0.0318022	0.0174235	0.00855297	0.00375554	0.00147345	0.000516244	0.000161495	4.51155e-05	1.12606e-05	2.51289e-06	5.01846e-07	8.97899e-08	1.44109e-08	2.07762e-09	2.69481e-10	3.1503e-11	3.32666e-12	3.18353e-13	2.7766e-14	2.2328e-15	1.70104e-16	1.33889e-17	1.73626e-18	
POCUSC_Hylastes_sp	0	0	0	0	0	1	0	0	0	0	0	0	0	0	0	0	0	0	0	0	0	0	0	0	0	0	0	0	0	0	0	
N103	0.0805372	0.0950836	0.115171	0.133659	0.142175	0.13516	0.113147	0.0826334	0.0523206	0.028597	0.0134529	0.00543636	0.00188489	0.000560413	0.000142872	3.12437e-05	5.86491e-06	9.45972e-07	1.31268e-07	1.5694e-08	1.61927e-09	1.44442e-10	1.11607e-11	7.48502e-13	4.3665e-14	2.22075e-15	9.87201e-17	3.85049e-18	1.33377e-19	4.42114e-21	2.46365e-22	
N104	0.096792	0.109547	0.125237	0.13768	0.13994	0.128025	0.103591	0.0732849	0.0449833	0.0238351	0.0108658	0.00425295	0.00142762	0.000410814	0.000101357	2.14537e-05	3.89942e-06	6.09394e-07	8.20069e-08	9.51921e-09	9.54924e-10	8.29534e-11	6.25357e-12	4.10037e-13	2.34387e-14	1.17098e-15	5.12861e-17	1.97971e-18	6.84335e-20	2.28026e-21	1.23197e-22	
N105	0.0756508	0.0872495	0.103251	0.119189	0.129184	0.128292	0.115009	0.0922211	0.0657704	0.0415743	0.0232456	0.0114857	0.005014	0.00193454	0.000660222	0.000199537	5.34809e-05	1.27329e-05	2.69771e-06	5.09606e-07	8.60046e-08	1.29945e-08	1.76142e-09	2.14666e-10	2.35719e-11	2.33735e-12	2.09841e-13	1.71446e-14	1.30105e-15	1.02635e-16	1.49484e-17	
POCUSC_Dendroctonus_jeffreyi	0	0	0	0	1	0	0	0	0	0	0	0	0	0	0	0	0	0	0	0	0	0	0	0	0	0	0	0	0	0	0	
POCUSC_Dendroctonus_ponderosae	0	0	0	0	0	0	0	0	1	0	0	0	0	0	0	0	0	0	0	0	0	0	0	0	0	0	0	0	0	0	0	
N106	0.110191	0.12111	0.132563	0.139453	0.136396	0.120931	0.0955114	0.066435	0.0404023	0.0213849	0.00982443	0.00391156	0.00134882	0.000402831	0.00010425	2.33994e-05	4.5608e-06	7.73083e-07	1.14155e-07	1.47117e-08	1.65804e-09	1.63761e-10	1.42059e-11	1.0848e-12	7.30921e-14	4.35624e-15	2.30348e-16	1.08649e-17	4.6487e-19	1.95758e-20	1.39034e-21	
POCUSC_Dendroctonus_frontalis	0	1	0	0	0	0	0	0	0	0	0	0	0	0	0	0	0	0	0	0	0	0	0	0	0	0	0	0	0	0	0	
N107	0.0884541	0.0999299	0.114546	0.127623	0.133327	0.127279	0.109108	0.0830085	0.0556105	0.0326385	0.0167274	0.00747186	0.00290627	0.000984171	0.000290267	7.46213e-05	1.67401e-05	3.28157e-06	5.63024e-07	8.46945e-08	1.11913e-08	1.30157e-09	1.33508e-10	1.21037e-11	9.71965e-13	6.92975e-14	4.39918e-15	2.50024e-16	1.29584e-17	6.71199e-19	5.9915e-20	
POCUSC_Dendroctonus_adjunctus	0	0	0	0	0	1	0	0	0	0	0	0	0	0	0	0	0	0	0	0	0	0	0	0	0	0	0	0	0	0	0	
N108	0.0500061	0.0602392	0.0769968	0.0979559	0.117987	0.130292	0.129431	0.114399	0.0893886	0.0615117	0.0371942	0.0197379	0.00918769	0.00375148	0.00134426	0.000423047	0.000117056	2.85148e-05	6.12466e-06	1.16188e-06	1.95029e-07	2.90223e-08	3.83652e-09	4.51456e-10	4.73915e-11	4.44833e-12	3.74455e-13	2.84469e-14	1.99569e-15	1.44235e-16	1.83977e-17	
POCUSC_Dendroctonus_approximatus	0	0	0	0	0	0	0	0	0	1	0	0	0	0	0	0	0	0	0	0	0	0	0	0	0	0	0	0	0	0	0	
POCUSC_Dendroctonus_brevicomis	0	0	0	0	0	0	0	0	1	0	0	0	0	0	0	0	0	0	0	0	0	0	0	0	0	0	0	0	0	0	0	
N109	0.0378564	0.0478804	0.0654335	0.0886825	0.112737	0.130345	0.134817	0.123614	0.0999526	0.071052	0.0443208	0.0242347	0.0116111	0.00487434	0.0017936	0.000578892	0.000164033	4.08525e-05	8.95435e-06	1.72987e-06	2.95019e-07	4.44931e-08	5.94493e-09	7.05193e-10	7.44474e-11	7.01879e-12	5.94425e-13	4.57841e-14	3.30745e-15	2.46159e-16	2.887e-17	
N110	8.98457e-07	3.22199e-06	1.55125e-05	7.10988e-05	0.000290313	0.00104176	0.00326737	0.00891893	0.0211023	0.0431026	0.0757106	0.113953	0.146489	0.160398	0.149267	0.117879	0.0789371	0.0448208	0.0215945	0.00884092	0.00308208	0.000917346	0.000233838	5.1227e-05	9.68108e-06	1.5848e-06	2.25861e-07	2.82828e-08	3.2066e-09	3.75756e-10	7.79344e-11	
POCUSC_Dendroctonus_simplex	0	0	0	0	0	0	0	0	0	0	0	0	0	0	0	0	0	1	0	0	0	0	0	0	0	0	0	0	0	0	0	
POCUSC_Dendroctonus_pseudotsugae	0	0	0	0	0	0	0	0	0	0	0	0	0	0	1	0	0	0	0	0	0	0	0	0	0	0	0	0	0	0	0	
N111	0.0179255	0.0248715	0.038905	0.0609308	0.08932	0.118323	0.138956	0.143078	0.128323	0.0998564	0.0672722	0.0391942	0.0197437	0.00860227	0.00324438	0.00106048	0.000300871	7.42197e-05	1.59502e-05	2.99252e-06	4.91251e-07	7.07266e-08	8.95208e-09	9.98611e-10	9.8421e-11	8.59222e-12	6.66274e-13	4.6091e-14	2.8895e-15	1.81048e-16	2.0559e-17	
N112	0.000640885	0.00141239	0.00397118	0.0108229	0.0260773	0.053858	0.0940255	0.137561	0.167612	0.169323	0.14139	0.0974349	0.0553946	0.0260058	0.0101013	0.00325561	0.000873782	0.000196107	3.69725e-05	5.88362e-06	7.94206e-07	9.13913e-08	9.00959e-09	7.64614e-10	5.61269e-11	3.58002e-12	1.99316e-13	9.73489e-15	4.21987e-16	1.75144e-17	1.27381e-18	
POCUSC_Dendroctonus_punctatus	0	0	0	0	0	0	0	0	0	1	0	0	0	0	0	0	0	0	0	0	0	0	0	0	0	0	0	0	0	0	0	
N113	2.55227e-18	4.213e-16	6.72703e-14	8.78502e-12	8.98064e-10	6.88096e-08	3.76979e-06	0.00013953	0.00323518	0.0420724	0.256273	0.520031	0.160851	0.0165721	0.000799385	2.1605e-05	3.6495e-07	4.1452e-09	3.33567e-11	1.97773e-13	8.90729e-16	3.12277e-18	8.69485e-21	1.95525e-23	3.6021e-26	5.50387e-29	7.05073e-32	7.64932e-35	7.11984e-38	5.92206e-41	5.875e-44	
POCUSC_Dendroctonus_rufipennis	0	0	0	0	0	0	0	0	0	0	0	1	0	0	0	0	0	0	0	0	0	0	0	0	0	0	0	0	0	0	0	
POCUSC_Dendroctonus_murrayanae	0	0	0	0	0	0	0	0	0	0	0	1	0	0	0	0	0	0	0	0	0	0	0	0	0	0	0	0	0	0	0	
N114	0.0139837	0.0228877	0.0428234	0.0762008	0.119144	0.157696	0.173226	0.156248	0.11512	0.0691604	0.033901	0.0135905	0.00447191	0.00121323	0.000272789	5.11149e-05	8.0279e-06	1.06295e-06	1.19337e-07	1.14245e-08	9.37706e-10	6.63341e-11	4.06467e-12	2.16776e-13	1.01082e-14	4.13904e-16	1.49473e-17	4.78497e-19	1.374e-20	3.77832e-22	1.72839e-23	
POCUSC_Dendroctonus_valens	0	0	0	0	0	0	0	0	0	1	0	0	0	0	0	0	0	0	0	0	0	0	0	0	0	0	0	0	0	0	0	
POCUSC_Dendroctonus_terebrans	0	0	0	1	0	0	0	0	0	0	0	0	0	0	0	0	0	0	0	0	0	0	0	0	0	0	0	0	0	0	0	
N115	0.134834	0.142368	0.145411	0.140796	0.126966	0.105294	0.0796551	0.0546969	0.0339903	0.019082	0.00966802	0.00441851	0.00182127	0.000677131	0.000227146	6.87805e-05	1.88109e-05	4.64979e-06	1.03963e-06	2.10435e-07	3.85978e-08	6.42177e-09	9.7026e-10	1.33301e-10	1.66805e-11	1.90591e-12	1.99762e-13	1.94112e-14	1.80215e-15	1.7833e-16	3.06585e-17	
N116	0.161491	0.164086	0.157326	0.141693	0.119105	0.0928076	0.0666188	0.0438236	0.0263121	0.0143759	0.00713251	0.00320903	0.00130818	0.000483004	0.000161502	4.89117e-05	1.34214e-05	3.33839e-06	7.53153e-07	1.54215e-07	2.86806e-08	4.84865e-09	7.45752e-10	1.04449e-10	1.33344e-11	1.55347e-12	1.65472e-13	1.62055e-14	1.49584e-15	1.47442e-16	2.68864e-17	
N117	0.205886	0.200489	0.177617	0.143623	0.106222	0.0719469	0.0446616	0.0254182	0.0132652	0.00634844	0.00278614	0.00112134	0.000413905	0.00014014	4.35336e-05	1.24119e-05	3.24926e-06	7.81436e-07	1.72753e-07	3.51301e-08	6.57624e-09	1.13415e-09	1.80358e-10	2.64709e-11	3.58925e-12	4.50172e-13	5.23434e-14	5.68094e-15	5.92418e-16	6.78223e-17	1.44145e-17	
POCUMO_Magdalis_sp	0	1	0	0	0	0	0	0	0	0	0	0	0	0	0	0	0	0	0	0	0	0	0	0	0	0	0	0	0	0	0	
POCUCU_Dorytomus_sp	0	0	1	0	0	0	0	0	0	0	0	0	0	0	0	0	0	0	0	0	0	0	0	0	0	0	0	0	0	0	0	
N118	0.135467	0.141342	0.142046	0.135929	0.122411	0.102744	0.0798	0.0570678	0.037449	0.0224982	0.0123551	0.00619566	0.00283531	0.00118367	0.000450741	0.000156573	4.96241e-05	1.43552e-05	3.79198e-06	9.15183e-07	2.01936e-07	4.07662e-08	7.53554e-09	1.27658e-09	1.98422e-10	2.83465e-11	3.73627e-12	4.59421e-13	5.46778e-14	7.17175e-15	1.636e-15	
POCUCU_Curculio_dentipes	0	0	0	1	0	0	0	0	0	0	0	0	0	0	0	0	0	0	0	0	0	0	0	0	0	0	0	0	0	0	0	
N119	0.00784853	0.0132303	0.0257209	0.0479672	0.0800852	0.116541	0.146062	0.15674	0.143582	0.112119	0.0746032	0.0423169	0.0204839	0.00847535	0.00300379	0.000914197	0.000239611	5.42524e-05	1.06464e-05	1.81694e-06	2.70609e-07	3.52961e-08	4.04584e-09	4.08964e-10	3.65799e-11	2.90536e-12	2.05747e-13	1.30832e-14	7.63324e-16	4.50799e-17	4.61305e-18	
POCUCU_Curculio_distinguendus	0	0	0	0	0	0	0	1	0	0	0	0	0	0	0	0	0	0	0	0	0	0	0	0	0	0	0	0	0	0	0	
N120	0.000162518	0.000499661	0.00198138	0.00715022	0.0215317	0.0526376	0.10295	0.159487	0.194342	0.185461	0.138327	0.080648	0.0368288	0.013221	0.00374945	0.000845031	0.00015236	2.21339e-05	2.60997e-06	2.51676e-07	1.99933e-08	1.31795e-09	7.25986e-11	3.36424e-12	1.31997e-13	4.41176e-15	1.26347e-16	3.11882e-18	6.70075e-20	1.32292e-21	4.14391e-23	
N121	2.45176e-05	0.000107211	0.000661789	0.00360423	0.0152885	0.0485363	0.113014	0.190389	0.230013	0.198531	0.122609	0.0545245	0.0176368	0.00420179	0.000747482	0.0001007	1.04167e-05	8.38453e-07	5.31784e-08	2.68919e-09	1.09626e-10	3.63972e-12	9.93604e-14	2.25008e-15	4.2618e-17	6.8034e-19	9.21921e-21	1.06757e-22	1.06388e-24	9.36463e-27	1.18675e-28	
POCUEN_Scepticus_griseus	0	0	0	0	0	0	0	1	0	0	0	0	0	0	0	0	0	0	0	0	0	0	0	0	0	0	0	0	0	0	0	
POCUEN_Scepticus_insularis	0	0	0	0	0	0	0	0	0	1	0	0	0	0	0	0	0	0	0	0	0	0	0	0	0	0	0	0	0	0	0	
POCUCU_Curculio_nucum_M	0	0	0	0	0	0	0	0	0	0	0	0	1	0	0	0	0	0	0	0	0	0	0	0	0	0	0	0	0	0	0	
N122	0.048733	0.0564126	0.0679844	0.0819673	0.0957467	0.106053	0.109932	0.105817	0.0941659	0.0772758	0.0584001	0.0406172	0.0259906	0.0153015	0.00828953	0.00413362	0.00189799	0.000802809	0.000312967	0.000112512	3.73243e-05	1.14345e-05	3.23835e-06	8.49172e-07	2.06735e-07	4.69742e-08	1.0069e-08	2.08205e-09	4.34954e-10	1.01598e-10	3.57697e-11	
N123	4.26728e-08	2.67802e-07	1.96923e-06	1.32343e-05	7.71053e-05	0.000381958	0.00159357	0.00556331	0.0161622	0.0388744	0.077051	0.125313	0.166615	0.180568	0.159162	0.113965	0.0662732	0.031323	0.0120533	0.00378634	0.000974337	0.000206245	3.60829e-05	5.24483e-06	6.37036e-07	6.508e-08	5.64e-09	4.20519e-10	2.78393e-11	1.80458e-12	1.85187e-13	
POCUMO_Pissodes_schwarzi_M	0	0	0	0	0	0	0	0	0	0	1	0	0	0	0	0	0	0	0	0	0	0	0	0	0	0	0	0	0	0	0	
N124	1.40027e-09	9.86102e-09	1.01986e-07	9.87444e-07	8.19568e-06	5.68413e-05	0.000325609	0.0015289	0.00584795	0.0181187	0.0452389	0.0906016	0.144962	0.184693	0.186942	0.150117	0.0956054	0.0483257	0.0194207	0.00622133	0.00159415	0.000328089	5.44904e-05	7.34127e-06	8.06854e-07	7.27935e-08	5.43148e-09	3.39071e-10	1.8192e-11	9.25488e-13	7.73885e-14	
N125	3.36426e-12	4.66345e-11	9.72688e-10	1.79736e-08	2.73554e-07	3.3683e-06	3.31582e-05	0.000257955	0.00156684	0.00733817	0.026164	0.0701393	0.139758	0.205035	0.220061	0.172395	0.0987934	0.0416758	0.0130641	0.00307795	0.000551854	7.62567e-05	8.22341e-06	7.00439e-07	4.76638e-08	2.61919e-09	1.17402e-10	4.33449e-12	1.33513e-13	3.63673e-15	1.56972e-16	
POCUMO_Pissodes_nemorensis	0	0	0	0	0	0	0	0	0	0	0	0	0	0	1	0	0	0	0	0	0	0	0	0	0	0	0	0	0	0	0	
POCUMO_Pissodes_strobi	0	0	0	0	0	0	0	0	0	0	0	0	0	0	1	0	0	0	0	0	0	0	0	0	0	0	0	0	0	0	0	
POCUBA_Limnobaris_sp	0	0	0	0	0	0	0	0	0	0	0	0	0	0	0	0	0	0	0	0	1	0	0	0	0	0	0	0	0	0	0	
N126	5.37557e-11	1.30658e-09	3.41248e-08	7.23996e-07	1.21127e-05	0.000155571	0.00148421	0.010096	0.0465762	0.137728	0.249048	0.273985	0.183853	0.0750235	0.018704	0.00298499	0.000322529	2.47977e-05	1.41302e-06	6.16654e-08	2.11664e-09	5.84077e-11	1.31965e-12	2.47987e-14	3.93059e-16	5.32574e-18	6.26006e-20	6.5071e-22	6.15712e-24	5.55272e-26	6.08666e-28	
POCUMO_Hylobius_piceus	0	0	0	0	0	0	0	0	0	0	0	0	0	1	0	0	0	0	0	0	0	0	0	0	0	0	0	0	0	0	0	
POCUMO_Hylobius_abietis	0	0	0	0	0	0	0	0	0	1	0	0	0	0	0	0	0	0	0	0	0	0	0	0	0	0	0	0	0	0	0	
