NODE	7	8	9	10	11	12	13	14	15	16	17	18	19	20	21	22	23	24	25	26	27	28	29	30	31	32	33	34	35	36	37	38	39	40	41	42	43	44	45	
N1	2.36958e-44	6.21625e-43	2.40642e-41	8.87477e-40	3.03722e-38	9.6162e-37	2.81189e-35	7.58133e-34	1.88157e-32	4.29133e-31	8.97873e-30	1.72045e-28	3.0138e-27	4.8181e-26	7.01727e-25	9.29468e-24	1.1177e-22	1.21813e-21	1.20121e-20	1.07001e-19	8.59638e-19	6.21932e-18	4.04619e-17	1.07336e-12	2.94763e-11	6.49809e-10	1.14784e-08	1.62226e-07	1.83265e-06	1.65416e-05	0.00011933	0.000688861	0.00318971	0.0118914	0.0358794	0.0881776	0.17755	0.293037	0.389449	
N2	4.45791e-45	8.87481e-44	3.9051e-42	1.7751e-40	7.51021e-39	2.91502e-37	1.03856e-35	3.44e-34	1.10851e-32	3.9016e-31	1.7405e-29	9.735e-28	5.8062e-26	3.27017e-24	1.6533e-22	7.36816e-21	2.87407e-19	9.7768e-18	2.8933e-16	7.43352e-15	1.65474e-13	3.18464e-12	5.2858e-11	7.54505e-10	9.23366e-09	9.65718e-08	8.60401e-07	6.51009e-06	4.17111e-05	0.000225712	0.0010292	0.00394681	0.0127073	0.0342839	0.0772574	0.144387	0.220377	0.266217	0.23952	
N3	3.15917e-31	8.16321e-30	4.50503e-28	2.39919e-26	1.15066e-24	4.93328e-23	1.885e-21	6.4014e-20	1.92675e-18	5.1256e-17	1.20171e-15	2.47602e-14	4.47054e-13	7.05303e-12	9.69534e-11	1.15798e-09	1.19837e-08	1.07167e-07	8.26026e-07	5.47404e-06	3.11165e-05	0.00015139	0.000629163	0.00222951	0.00672588	0.01725	0.0375694	0.0694193	0.108744	0.144332	0.162238	0.154383	0.124313	0.0846582	0.0487347	0.0237298	0.00984696	0.00362296	0.00138617	
N4	1.38587e-26	3.64683e-26	1.38383e-25	5.86548e-25	3.06186e-24	4.56304e-23	2.0294e-21	9.9118e-20	4.25324e-18	1.56382e-16	4.89546e-15	1.29962e-13	2.91605e-12	5.51299e-11	8.7563e-10	1.16512e-08	1.29525e-07	1.19991e-06	9.24021e-06	5.90143e-05	0.00031193	0.00136194	0.00490391	0.0145415	0.0354714	0.0711227	0.117164	0.158553	0.176293	0.161144	0.121203	0.0751161	0.0384369	0.0162885	0.00574587	0.00170436	0.000435648	0.000103221	2.87919e-05	
N5	7.37709e-32	1.84865e-30	1.08881e-28	7.57881e-27	5.27325e-25	3.39874e-23	1.95007e-21	9.75162e-20	4.20056e-18	1.5476e-16	4.85301e-15	1.29031e-13	2.89907e-12	5.48747e-11	8.72495e-10	1.16201e-08	1.29282e-07	1.19846e-06	9.23422e-06	5.9003e-05	0.000311983	0.00136254	0.00490699	0.0145521	0.0354984	0.071174	0.117235	0.158621	0.176326	0.161123	0.121142	0.0750453	0.0383812	0.0162556	0.00573062	0.00169866	0.000433883	0.000102752	2.86691e-05	
N6	1.15559e-31	4.8464e-30	4.1944e-28	3.49192e-26	2.57268e-24	1.65009e-22	9.14969e-21	4.3655e-19	1.7851e-17	6.23264e-16	1.85135e-14	4.66178e-13	9.91565e-12	1.77531e-10	2.66637e-09	3.34817e-08	3.50383e-07	3.04649e-06	2.19452e-05	0.000130624	0.00064095	0.00258734	0.00857748	0.0233212	0.051951	0.0947619	0.14151	0.173044	0.17339	0.142514	0.0962324	0.0534924	0.024541	0.00932396	0.00294825	0.0007828	0.000178363	3.7395e-05	9.29488e-06	
N7	1.00883e-25	1.47534e-24	3.90306e-23	1.20684e-21	3.69077e-20	1.04518e-18	2.67239e-17	6.10379e-16	1.23829e-14	2.22252e-13	3.51703e-12	4.89084e-11	5.95728e-10	6.3348e-09	5.86119e-08	4.70266e-07	3.26094e-06	1.94773e-05	9.98792e-05	0.000438323	0.00164122	0.00522825	0.0141333	0.0323472	0.0625624	0.102101	0.140461	0.162807	0.159002	0.130922	0.0909971	0.0534844	0.0266485	0.0112915	0.00408609	0.0012712	0.000344918	8.56373e-05	2.38514e-05	
N8	3.43706e-21	1.88486e-19	1.76486e-17	1.54129e-15	1.1194e-13	6.53293e-12	3.00166e-10	1.06491e-08	2.85703e-07	5.66768e-06	8.12076e-05	0.000821244	0.00574076	0.027258	0.0866462	0.182261	0.251954	0.229156	0.138706	0.0570532	0.0163722	0.00336968	0.000510753	5.84009e-05	5.14625e-06	3.56106e-07	1.96712e-08	8.80076e-10	3.22987e-11	9.83411e-13	2.50933e-14	5.415e-16	9.96389e-18	1.57501e-19	2.1531e-21	2.56018e-23	2.6596e-25	2.42186e-27	2.17429e-29	
N9	3.49769e-25	5.6029e-23	1.31245e-20	2.51287e-18	3.80386e-16	4.47448e-14	4.01716e-12	2.69889e-10	1.32775e-08	4.67106e-07	1.14547e-05	0.000190575	0.00209138	0.0147095	0.0644519	0.171536	0.27273	0.258632	0.148369	0.0529781	0.0122025	0.00188042	0.000200573	1.52635e-05	8.50962e-07	3.55684e-08	1.13724e-09	2.8308e-11	5.57132e-13	8.78911e-15	1.12503e-16	1.18131e-18	1.0276e-20	7.47164e-23	4.57798e-25	2.38129e-27	1.05875e-29	4.06758e-32	1.74807e-34	
POCUDR_Sitophilus_granarius	0	0	0	0	0	0	0	0	0	0	0	0	0	0	0	0	0	1	0	0	0	0	0	0	0	0	0	0	0	0	0	0	0	0	0	0	0	0	0	
POCUDR_Sitophilus_zeamais	0	0	0	0	0	0	0	0	0	0	0	0	0	0	0	1	0	0	0	0	0	0	0	0	0	0	0	0	0	0	0	0	0	0	0	0	0	0	0	
POCUDR_Sitophilus_oryzae	0	0	0	0	0	0	0	0	0	0	0	1	0	0	0	0	0	0	0	0	0	0	0	0	0	0	0	0	0	0	0	0	0	0	0	0	0	0	0	
POCUMO_Pachylobius_picivorus	0	0	0	0	0	0	0	0	0	0	0	0	0	0	0	0	0	0	0	0	0	0	0	0	0	0	0	0	0	1	0	0	0	0	0	0	0	0	0	
N10	4.5099e-28	1.67234e-26	1.23631e-24	8.64017e-23	5.25315e-21	2.73867e-19	1.21737e-17	4.59431e-16	1.46629e-14	3.94241e-13	8.89662e-12	1.67893e-10	2.64034e-09	3.44867e-08	3.72932e-07	3.32892e-06	2.44619e-05	0.000147611	0.000729869	0.00295157	0.00974715	0.0262539	0.0576284	0.103037	0.150041	0.17799	0.172114	0.135799	0.0875422	0.0461865	0.0199839	0.00710832	0.00208461	0.000505824	0.000102058	1.7271e-05	2.50016e-06	3.28062e-07	5.01274e-08	
N11	2.78047e-22	3.90317e-21	1.25281e-19	3.98512e-18	1.13144e-16	2.82799e-15	6.19349e-14	1.18388e-12	1.96746e-11	2.83147e-10	3.51465e-09	3.74772e-08	3.41914e-07	2.65827e-06	1.75438e-05	9.79172e-05	0.000460536	0.00181933	0.00601888	0.016633	0.0383146	0.0734543	0.117082	0.155099	0.170786	0.156447	0.119384	0.0760352	0.0405134	0.0181095	0.00681237	0.00216403	0.000582645	0.000133497	2.61528e-05	4.41144e-06	6.51164e-07	8.9419e-08	1.53598e-08	
N12	8.11852e-32	7.84275e-30	1.28355e-27	1.91186e-25	2.4714e-23	2.74448e-21	2.59804e-19	2.07934e-17	1.39423e-15	7.7527e-14	3.53452e-12	1.30437e-10	3.84064e-09	8.87806e-08	1.58263e-06	2.13418e-05	0.000213509	0.00155715	0.00817742	0.0307629	0.0828773	0.16009	0.221823	0.220241	0.156406	0.0794214	0.0289701	0.00768097	0.00150564	0.000222395	2.52235e-05	2.23552e-06	1.57307e-07	8.91538e-09	4.12371e-10	1.5775e-11	5.07812e-13	1.43023e-14	4.64146e-16	
POCUCE_Phytobius_sp	0	0	0	0	0	0	0	0	0	0	0	0	0	0	0	0	0	1	0	0	0	0	0	0	0	0	0	0	0	0	0	0	0	0	0	0	0	0	0	
POCUCU_Gymnetron_tetrum	0	0	0	0	0	0	0	0	0	0	0	0	0	0	0	0	0	0	0	0	0	0	0	0	0	1	0	0	0	0	0	0	0	0	0	0	0	0	0	
N13	2.29921e-38	9.24845e-36	5.39024e-33	2.84836e-30	1.29374e-27	4.97784e-25	1.60441e-22	4.27863e-20	9.30526e-18	1.62199e-15	2.21831e-13	2.31758e-11	1.78659e-09	9.70016e-08	3.4778e-06	7.53503e-05	0.00089847	0.00635897	0.0286499	0.0858735	0.175285	0.245388	0.233789	0.147987	0.0595155	0.0141705	0.00185101	0.000145574	7.52841e-06	2.72938e-07	7.26444e-09	1.46904e-10	2.31786e-12	2.9148e-14	2.97459e-16	2.50534e-18	1.77593e-20	1.09361e-22	6.92261e-25	
POCUCU_Gymnetron_antirhini	0	0	0	0	0	0	0	0	0	0	0	0	0	0	0	0	0	0	0	0	0	0	0	0	0	1	0	0	0	0	0	0	0	0	0	0	0	0	0	
POCUEN_Naupactus_xanthographus	0	0	0	0	0	0	0	0	0	0	0	0	0	0	0	1	0	0	0	0	0	0	0	0	0	0	0	0	0	0	0	0	0	0	0	0	0	0	0	
N14	5.04306e-26	1.29773e-24	6.77787e-23	3.73322e-21	1.85067e-19	7.93993e-18	2.91251e-16	9.08157e-15	2.39721e-13	5.33756e-12	9.99082e-11	1.56701e-09	2.05305e-08	2.24019e-07	2.02996e-06	1.52351e-05	9.44664e-05	0.000482824	0.00202995	0.00700783	0.019834	0.0459643	0.0871351	0.135035	0.171019	0.177006	0.149774	0.103681	0.058782	0.0273331	0.0104427	0.00328523	0.00085329	0.000183587	3.28708e-05	4.93795e-06	6.35201e-07	7.53261e-08	1.14852e-08	
N15	4.7821e-18	7.45429e-17	2.49094e-15	7.99387e-14	2.20772e-12	5.1487e-11	1.0051e-09	1.62949e-08	2.17642e-07	2.37529e-06	2.1008e-05	0.000149355	0.000847003	0.00380514	0.0134638	0.0373622	0.0811196	0.137748	0.183239	0.191609	0.158275	0.1039	0.0545691	0.0230944	0.00793341	0.00222823	0.000515338	9.88188e-05	1.58148e-05	2.12569e-06	2.4141e-07	2.32982e-08	1.92141e-09	1.36167e-10	8.34255e-12	4.45253e-13	2.09556e-14	8.97723e-16	4.52616e-17	
POCUEN_Brachyderes_incanus	0	0	0	0	0	0	0	0	0	0	0	0	0	0	0	1	0	0	0	0	0	0	0	0	0	0	0	0	0	0	0	0	0	0	0	0	0	0	0	
N16	3.71979e-20	1.35776e-18	9.2335e-17	5.50176e-15	2.71097e-13	1.09052e-11	3.54114e-10	9.17073e-09	1.86954e-07	2.95813e-06	3.57884e-05	0.000325925	0.00219935	0.010833	0.0384467	0.0974146	0.175533	0.22542	0.207866	0.139203	0.0686196	0.025259	0.00704365	0.00150875	0.000251519	3.30361e-05	3.45797e-06	2.91511e-07	1.99866e-08	1.12463e-09	5.23743e-11	2.03454e-12	6.64079e-14	1.83374e-15	4.31129e-17	8.68418e-19	1.51002e-20	2.3269e-22	4.40764e-24	
POCUEN_Strophosoma_capitatum	0	0	0	0	0	0	0	0	0	0	0	0	0	0	0	1	0	0	0	0	0	0	0	0	0	0	0	0	0	0	0	0	0	0	0	0	0	0	0	
POCUEN_Strophosoma_melanogrammum	0	0	0	0	0	0	0	0	0	0	0	0	0	0	0	1	0	0	0	0	0	0	0	0	0	0	0	0	0	0	0	0	0	0	0	0	0	0	0	
N17	1.13687e-19	1.07802e-18	1.84396e-17	3.7454e-16	7.51005e-15	1.37701e-13	2.24501e-12	3.2189e-11	4.03655e-10	4.41051e-09	4.18547e-08	3.4392e-07	2.43976e-06	1.4899e-05	7.81026e-05	0.000350492	0.00134291	0.00438212	0.0121495	0.028558	0.0567981	0.0954181	0.135206	0.161415	0.162235	0.137227	0.0976886	0.0585546	0.0295792	0.0126097	0.00454454	0.00138768	0.000359949	7.95572e-05	1.50416e-05	2.44815e-06	3.4889e-07	4.66922e-08	8.07331e-09	
POCUEN_Sitona_lineatus	0	0	0	0	0	0	0	0	0	0	0	0	0	0	0	1	0	0	0	0	0	0	0	0	0	0	0	0	0	0	0	0	0	0	0	0	0	0	0	
POCUEN_Sitona_hispidulus	0	0	0	0	0	0	0	0	0	0	0	0	0	0	0	1	0	0	0	0	0	0	0	0	0	0	0	0	0	0	0	0	0	0	0	0	0	0	0	
N18	1.07763e-18	6.06329e-18	5.58471e-17	6.3733e-16	7.85678e-15	9.54428e-14	1.0891e-12	1.14145e-11	1.08718e-10	9.35831e-10	7.25549e-09	5.05358e-08	3.15525e-07	1.76224e-06	8.78633e-06	3.90285e-05	0.000154138	0.000540158	0.00167629	0.00459775	0.0111245	0.0237004	0.0443833	0.072941	0.105047	0.132405	0.145912	0.14048	0.118104	0.0866937	0.0555752	0.0311333	0.015259	0.00655636	0.00247911	0.00083225	0.00025403	7.55321e-05	2.63514e-05	
POCUEN_Dyslobus_sp	0	0	0	0	0	0	0	0	0	0	0	0	0	0	0	1	0	0	0	0	0	0	0	0	0	0	0	0	0	0	0	0	0	0	0	0	0	0	0	
POCUEN_Chlorophanus_sp	0	0	0	0	0	0	0	0	0	0	0	0	0	0	0	0	1	0	0	0	0	0	0	0	0	0	0	0	0	0	0	0	0	0	0	0	0	0	0	
POCUEN_Otiorhynchus_armadillo	0	0	0	0	0	0	0	0	0	0	0	0	0	0	0	1	0	0	0	0	0	0	0	0	0	0	0	0	0	0	0	0	0	0	0	0	0	0	0	
N19	7.34485e-27	1.45982e-25	4.56454e-24	1.47097e-22	4.65869e-21	1.3953e-19	3.83599e-18	9.49544e-17	2.09168e-15	4.07061e-14	6.96414e-13	1.04353e-11	1.3653e-10	1.55535e-09	1.53883e-08	1.31902e-07	9.7723e-07	6.24406e-06	3.4336e-05	0.000162178	0.000656764	0.00227657	0.00674478	0.0170573	0.036782	0.0675706	0.105678	0.14064	0.159231	0.153363	0.125685	0.0876871	0.0521323	0.0264604	0.0115074	0.00432067	0.0014254	0.000433552	0.000143869	
N20	2.21441e-26	4.04852e-25	1.51432e-23	5.93399e-22	2.14276e-20	6.89937e-19	1.96014e-17	4.89012e-16	1.06783e-14	2.0354e-13	3.37806e-12	4.86965e-11	6.08304e-10	6.56968e-09	6.12078e-08	4.90889e-07	3.38211e-06	1.99793e-05	0.000101011	0.000436344	0.00160802	0.00504846	0.0134869	0.0306274	0.0590735	0.0967138	0.134343	0.158301	0.158234	0.134206	0.0966358	0.0591266	0.0307841	0.0136704	0.00519949	0.00170832	0.000495187	0.00013488	4.23295e-05	
N21	2.2898e-22	2.89191e-21	6.6071e-20	1.60838e-18	3.79895e-17	8.29078e-16	1.62842e-14	2.84011e-13	4.36628e-12	5.88932e-11	6.94483e-10	7.13808e-09	6.37688e-08	4.93841e-07	3.30684e-06	1.91e-05	9.49402e-05	0.000405266	0.00148271	0.00464126	0.0124116	0.028319	0.0550753	0.0912336	0.128674	0.154494	0.15794	0.137546	0.10212	0.0647072	0.0350408	0.0162453	0.00646203	0.00221189	0.000654404	0.000168735	3.86611e-05	8.34434e-06	2.11494e-06	
N22	7.64887e-23	1.22108e-21	4.20225e-20	1.43759e-18	4.38031e-17	1.16682e-15	2.70214e-14	5.42131e-13	9.39371e-12	1.4015e-10	1.79506e-09	1.96806e-08	1.84181e-07	1.46731e-06	9.92561e-06	5.68722e-05	0.000275415	0.001125	0.00386929	0.0111887	0.0271692	0.055353	0.0945652	0.13544	0.162641	0.163824	0.13852	0.0984251	0.0588508	0.0296602	0.0126246	0.00454842	0.0013907	0.000361991	8.0555e-05	1.54356e-05	2.59223e-06	4.07056e-07	7.94909e-08	
N23	5.39306e-15	2.60146e-14	2.79913e-13	3.51426e-12	4.21382e-11	4.55456e-10	4.36242e-09	3.67943e-08	2.7233e-07	1.76404e-06	9.97675e-06	4.91566e-05	0.000210577	0.000782854	0.00252167	0.0070279	0.0169276	0.0352053	0.0631815	0.0978094	0.130598	0.150428	0.149533	0.128365	0.0952456	0.0611531	0.0340204	0.0164235	0.00689172	0.00251845	0.000803062	0.000223927	5.4728e-05	1.17535e-05	2.22528e-06	3.73511e-07	5.64694e-08	8.20263e-09	1.53212e-09	
POCUEN_Hypomeces_squamosus	0	0	0	0	0	0	0	0	0	0	0	0	0	0	0	1	0	0	0	0	0	0	0	0	0	0	0	0	0	0	0	0	0	0	0	0	0	0	0	
POCUEN_Sympiezomias_cribricollis	0	0	0	0	0	0	0	0	0	0	0	0	0	0	0	1	0	0	0	0	0	0	0	0	0	0	0	0	0	0	0	0	0	0	0	0	0	0	0	
N24	1.00282e-23	2.50149e-22	1.27785e-20	6.04776e-19	2.47137e-17	8.64228e-16	2.57446e-14	6.50518e-13	1.38838e-11	2.49234e-10	3.74773e-09	4.70169e-08	4.90231e-07	4.23296e-06	3.01673e-05	0.000176919	0.00085156	0.00335661	0.010816	0.0284544	0.0610666	0.106879	0.152576	0.177773	0.169238	0.131837	0.0841974	0.0441834	0.0190999	0.00682103	0.00201864	0.000496709	0.000101979	1.75362e-05	2.53671e-06	3.10615e-07	3.26586e-08	3.11956e-09	3.71746e-10	
N25	3.1712e-19	4.35193e-18	1.2771e-16	3.76445e-15	9.781e-14	2.18509e-12	4.16347e-11	6.72971e-10	9.18226e-09	1.05252e-07	1.00881e-06	8.04931e-06	5.32428e-05	0.000290849	0.00130776	0.00482641	0.014588	0.0360539	0.0727933	0.120029	0.161688	0.178097	0.160634	0.118863	0.0723241	0.0362832	0.0150525	0.00518091	0.0014846	0.000355477	7.13967e-05	1.20761e-05	1.72709e-06	2.09731e-07	2.17209e-08	1.92898e-09	1.48587e-10	1.04627e-11	9.57151e-13	
POCUEN_Barypeithes_sp	0	0	0	0	0	0	0	0	0	0	0	0	0	0	0	0	1	0	0	0	0	0	0	0	0	0	0	0	0	0	0	0	0	0	0	0	0	0	0	
N26	2.07061e-19	6.58351e-18	4.00934e-16	2.1802e-14	9.88573e-13	3.68155e-11	1.11219e-09	2.68914e-08	5.12707e-07	7.5823e-06	8.54277e-05	0.000719301	0.00443766	0.0196848	0.0618075	0.136067	0.209824	0.228392	0.177951	0.10098	0.0425033	0.0135088	0.00329661	0.000627189	9.43208e-05	1.13527e-05	1.10597e-06	8.80939e-08	5.79039e-09	3.1672e-10	1.45276e-11	5.62792e-13	1.8535e-14	5.22166e-16	1.2659e-17	2.65854e-19	4.88853e-21	8.12622e-23	1.6009e-24	
N27	1.30629e-71	6.58733e-66	3.31979e-60	1.27655e-54	3.65501e-49	7.74106e-44	1.20199e-38	1.35034e-33	1.0773e-28	5.94821e-24	2.19299e-19	5.12932e-15	7.04882e-11	5.02313e-07	0.00147038	0.994304	0.00422117	4.13585e-06	1.66136e-09	3.45105e-13	4.19657e-17	3.22333e-21	1.64483e-25	5.7763e-30	1.43176e-34	2.55097e-39	3.30945e-44	3.15311e-49	2.2167e-54	1.15115e-59	4.40402e-65	1.23269e-70	2.49419e-76	3.58062e-82	3.54618e-88	2.32282e-94	9.42835e-101	2.14567e-107	2.50863e-114	
POCUEN_Hypera_postica	0	0	0	0	0	0	0	0	0	0	0	0	0	0	0	1	0	0	0	0	0	0	0	0	0	0	0	0	0	0	0	0	0	0	0	0	0	0	0	
POCUEN_Hypera_nigrirostris	0	0	0	0	0	0	0	0	0	0	0	0	0	0	0	1	0	0	0	0	0	0	0	0	0	0	0	0	0	0	0	0	0	0	0	0	0	0	0	
POCUEN_Polydrusus_mollis_M	0	0	0	0	0	0	0	0	0	0	0	0	0	0	1	0	0	0	0	0	0	0	0	0	0	0	0	0	0	0	0	0	0	0	0	0	0	0	0	
N28	9.22364e-22	1.38319e-20	4.4559e-19	1.44777e-17	4.21223e-16	1.07245e-14	2.37167e-13	4.53405e-12	7.46152e-11	1.05263e-09	1.26778e-08	1.29833e-07	1.12615e-06	8.24232e-06	5.07226e-05	0.000261593	0.00112727	0.00404815	0.0120875	0.0299548	0.0615217	0.104618	0.147228	0.17146	0.16532	0.132092	0.0875821	0.0482765	0.0221724	0.00850725	0.00273502	0.0007392	0.000168559	3.2557e-05	5.35097e-06	7.53322e-07	9.22013e-08	1.0397e-08	1.47671e-09	
POCUEN_Eudiagogus_sp	0	0	0	0	0	0	0	0	0	0	0	0	0	0	0	0	0	0	0	0	0	0	0	0	0	0	0	1	0	0	0	0	0	0	0	0	0	0	0	
POCUEN_Liophloeus_tessulatus	0	0	0	0	0	0	0	0	0	0	0	0	0	0	0	1	0	0	0	0	0	0	0	0	0	0	0	0	0	0	0	0	0	0	0	0	0	0	0	
POCUEN_Bothrometopus_sp	0	0	0	0	0	0	0	0	0	0	0	0	0	0	0	1	0	0	0	0	0	0	0	0	0	0	0	0	0	0	0	0	0	0	0	0	0	0	0	
N29	1.97153e-14	6.29079e-14	3.79535e-13	2.89798e-12	2.35865e-11	1.86723e-10	1.37882e-09	9.32903e-09	5.73846e-08	3.19685e-07	1.6093e-06	7.30848e-06	2.99022e-05	0.000110087	0.000364277	0.00108226	0.00288412	0.00688776	0.0147289	0.0281816	0.0482153	0.0737211	0.100691	0.122813	0.133737	0.130011	0.112835	0.0874436	0.0605295	0.0374431	0.0207124	0.0102548	0.00454991	0.00181253	0.000650583	0.000212073	6.41144e-05	1.91129e-05	6.68393e-06	
POCUEN_Phyllobius_pyri	0	0	0	0	0	0	0	0	0	0	0	0	0	0	0	1	0	0	0	0	0	0	0	0	0	0	0	0	0	0	0	0	0	0	0	0	0	0	0	
POCUEN_Phyllobius_argentatus	0	0	0	0	0	0	0	0	0	0	0	0	0	0	0	1	0	0	0	0	0	0	0	0	0	0	0	0	0	0	0	0	0	0	0	0	0	0	0	
POCUEN_Foucartia_squamulata	0	0	0	0	0	0	0	0	0	0	0	0	0	0	0	1	0	0	0	0	0	0	0	0	0	0	0	0	0	0	0	0	0	0	0	0	0	0	0	
N30	2.14582e-32	3.25301e-31	1.10997e-29	4.04871e-28	1.38829e-26	4.37491e-25	1.26055e-23	3.31375e-22	7.93452e-21	1.72772e-19	3.41576e-18	6.12163e-17	9.9292e-16	1.45521e-14	1.92394e-13	2.29088e-12	2.45273e-11	2.35731e-10	2.03044e-09	1.56477e-08	1.07716e-07	6.61239e-07	3.61374e-06	1.75526e-05	7.56432e-05	0.000288727	0.000974371	0.00290195	0.00761331	0.0175606	0.0355414	0.0629925	0.0975759	0.131853	0.155195	0.159	0.141915	0.110715	0.0757748	
N31	3.87398e-30	7.82197e-29	3.33288e-27	1.50051e-25	6.24533e-24	2.34302e-22	7.87324e-21	2.36216e-19	6.31072e-18	1.49732e-16	3.14669e-15	5.84148e-14	9.55273e-13	1.37236e-11	1.7272e-10	1.89909e-09	1.81924e-08	1.51426e-07	1.0923e-06	6.81105e-06	3.66253e-05	0.000169465	0.000673357	0.00229362	0.00668792	0.0166764	0.035537	0.0647099	0.100726	0.134155	0.153123	0.150088	0.126663	0.0923185	0.058329	0.0321259	0.0156098	0.00693033	0.00313884	
N32	3.27742e-20	2.79922e-19	5.46951e-18	1.15023e-16	2.24431e-15	3.92995e-14	6.11565e-13	8.41984e-12	1.0223e-10	1.09149e-09	1.02196e-08	8.36875e-08	5.97833e-07	3.71641e-06	2.00579e-05	9.37853e-05	0.000379162	0.00132315	0.00397979	0.0103054	0.0229543	0.0439601	0.0723876	0.102568	0.125306	0.13257	0.122574	0.100875	0.0763831	0.0558375	0.041157	0.0307644	0.0224934	0.0153541	0.00946677	0.00518363	0.00250781	0.00108633	0.000464728	
N33	1.49248e-24	3.39332e-23	1.64045e-21	7.58922e-20	3.10404e-18	1.11036e-16	3.45536e-15	9.30649e-14	2.15782e-12	4.28278e-11	7.2333e-10	1.03311e-08	1.23981e-07	1.24185e-06	1.03126e-05	7.05247e-05	0.00039462	0.00179588	0.00661253	0.0196186	0.0467789	0.0895793	0.137982	0.171685	0.173792	0.144579	0.100096	0.0584713	0.0291906	0.012573	0.00469447	0.0015198	0.000425494	0.000102641	2.12581e-05	3.768e-06	5.70553e-07	7.5129e-08	1.08747e-08	
POCUCU_Dorytomus_sp	0	0	0	0	0	0	0	0	0	0	0	0	0	0	0	0	0	0	0	1	0	0	0	0	0	0	0	0	0	0	0	0	0	0	0	0	0	0	0	
POCUMO_Magdalis_sp	0	0	0	0	0	0	0	0	0	0	0	0	0	0	0	0	0	0	0	0	0	0	0	1	0	0	0	0	0	0	0	0	0	0	0	0	0	0	0	
N34	7.02514e-19	8.21108e-19	1.32415e-18	8.12695e-33	2.86511e-29	5.36433e-26	6.72556e-23	6.14236e-20	4.264e-17	2.29048e-14	9.56176e-12	3.07737e-09	7.45002e-07	0.000129383	0.0145507	0.793914	0.0360979	0.000795835	1.13489e-05	1.159e-07	8.88318e-10	1.88622e-26	1.80373e-25	7.23624e-25	1.51136e-24	1.71353e-24	1.01125e-24	2.50293e-25	3.05075e-11	5.57059e-09	7.62984e-07	7.48063e-05	0.0047433	0.14589	0.00374423	4.6747e-05	3.79638e-07	2.22524e-09	9.90379e-12	
POCUMO_Hylobius_piceus	0	0	0	0	0	0	0	0	0	0	0	0	0	0	0	0	0	0	0	0	0	0	0	0	0	0	0	0	0	0	0	0	0	1	0	0	0	0	0	
POCUMO_Hylobius_abietis	0	0	0	0	0	0	0	0	0	0	0	0	0	0	0	1	0	0	0	0	0	0	0	0	0	0	0	0	0	0	0	0	0	0	0	0	0	0	0	
N35	1.107e-34	5.68433e-33	5.47868e-31	4.89417e-29	3.85818e-27	2.66775e-25	1.61272e-23	8.49753e-22	3.89047e-20	1.5429e-18	5.28365e-17	1.55751e-15	3.93979e-14	8.52536e-13	1.57335e-11	2.46899e-10	3.28503e-09	3.6956e-08	3.50603e-07	2.79814e-06	1.87444e-05	0.000105183	0.00049356	0.00193383	0.00631971	0.0172123	0.0390553	0.0738285	0.116322	0.152889	0.167853	0.154203	0.118816	0.0770243	0.042203	0.0197005	0.00796845	0.00292303	0.00112725	
N36	3.82874e-25	6.15605e-24	2.05256e-22	7.16683e-21	2.30701e-19	6.63723e-18	1.69028e-16	3.79281e-15	7.47324e-14	1.28896e-12	1.94009e-11	2.54066e-10	2.88617e-09	2.8359e-08	2.40349e-07	1.75233e-06	1.0963e-05	5.8718e-05	0.000268681	0.00104839	0.00348289	0.00983848	0.0236077	0.0480859	0.0831108	0.121884	0.151704	0.160344	0.144047	0.110122	0.0717559	0.0399314	0.019025	0.00778497	0.00274737	0.000841435	0.000226579	5.60367e-05	1.54928e-05	
POCUCU_Curculio_dentipes	0	0	0	0	0	0	0	0	0	0	0	0	0	0	0	0	0	0	0	1	0	0	0	0	0	0	0	0	0	0	0	0	0	0	0	0	0	0	0	
N37	2.29901e-23	4.88243e-22	2.16155e-20	9.21351e-19	3.44955e-17	1.11773e-15	3.11579e-14	7.43608e-13	1.51213e-11	2.60748e-10	3.79448e-09	4.63798e-08	4.73969e-07	4.03184e-06	2.84322e-05	0.0001656	0.000794066	0.0031264	0.0100868	0.0266322	0.05751	0.10158	0.146871	0.174076	0.169461	0.13583	0.089898	0.0492861	0.0224607	0.00853979	0.00271949	0.000728319	0.000164759	3.1635e-05	5.18501e-06	7.30952e-07	8.97921e-08	1.00008e-08	1.29646e-09	
POCUCU_Curculio_nucum_M	0	0	0	0	0	0	0	0	0	0	0	0	0	0	0	0	0	0	0	1	0	0	0	0	0	0	0	0	0	0	0	0	0	0	0	0	0	0	0	
N38	6.38851e-22	1.39111e-20	6.26073e-19	2.68787e-17	1.002e-15	3.19449e-14	8.65039e-13	1.97763e-11	3.79383e-10	6.06949e-09	8.04771e-08	8.78979e-07	7.86137e-06	5.72548e-05	0.000337846	0.00160809	0.00615221	0.0188683	0.0463131	0.0909254	0.142842	0.17981	0.181772	0.148007	0.0974173	0.0520419	0.0226649	0.00808491	0.00237372	0.000576467	0.000116386	1.96341e-05	2.78177e-06	3.32728e-07	3.37834e-08	2.93168e-09	2.20291e-10	1.50889e-11	1.32219e-12	
POCUCU_Curculio_distinguendus	0	0	0	0	0	0	0	0	0	0	0	0	0	0	0	0	0	0	0	1	0	0	0	0	0	0	0	0	0	0	0	0	0	0	0	0	0	0	0	
N39	3.71101e-42	9.74376e-39	3.20227e-35	9.11374e-32	2.13775e-28	4.0572e-25	6.1212e-22	7.1907e-19	6.41225e-16	4.20458e-13	1.94532e-10	6.00665e-08	1.14321e-05	0.00118596	0.0540306	0.668325	0.249951	0.0253433	0.0011252	2.71118e-05	4.00368e-07	3.9182e-09	2.68342e-11	1.33872e-13	5.01724e-16	1.44753e-18	3.27953e-21	5.9321e-24	8.68774e-27	1.04268e-29	1.03637e-32	8.61083e-36	6.0307e-39	3.58752e-42	1.82603e-45	8.01754e-49	3.07483e-52	1.05955e-55	3.63568e-59	
POCUEN_Scepticus_griseus	0	0	0	0	0	0	0	0	0	0	0	0	0	0	0	1	0	0	0	0	0	0	0	0	0	0	0	0	0	0	0	0	0	0	0	0	0	0	0	
POCUEN_Scepticus_insularis	0	0	0	0	0	0	0	0	0	0	0	0	0	0	0	1	0	0	0	0	0	0	0	0	0	0	0	0	0	0	0	0	0	0	0	0	0	0	0	
N40	3.73318e-37	2.45518e-35	2.92918e-33	3.20513e-31	3.09938e-29	2.63612e-27	1.96546e-25	1.2803e-23	7.26137e-22	3.57321e-20	1.52013e-18	5.57076e-17	1.75214e-15	4.7124e-14	1.07979e-12	2.10026e-11	3.45521e-10	4.79084e-09	5.57963e-08	5.44049e-07	4.42768e-06	2.99905e-05	0.000168633	0.000785356	0.00302355	0.0096077	0.025169	0.0543166	0.0965326	0.141297	0.170424	0.169546	0.139335	0.0948155	0.0536548	0.025482	0.0103912	0.00386921	0.001547	
N41	7.92747e-31	2.40251e-29	1.47879e-27	8.8896e-26	4.81314e-24	2.31766e-22	9.87982e-21	3.7149e-19	1.22768e-17	3.55284e-16	8.96973e-15	1.96803e-13	3.73794e-12	6.12162e-11	8.61005e-10	1.03592e-08	1.06199e-07	9.24109e-07	6.80012e-06	4.21662e-05	0.000219598	0.000957626	0.00348739	0.0105814	0.0267005	0.0559536	0.0972958	0.140338	0.167944	0.166881	0.137879	0.094911	0.0545818	0.0263208	0.0106989	0.00369706	0.00110625	0.000303463	9.3753e-05	
POCUMO_Pissodes_schwarzi_M	0	0	0	0	0	0	0	0	0	0	0	0	0	0	0	0	0	0	0	0	0	1	0	0	0	0	0	0	0	0	0	0	0	0	0	0	0	0	0	
N42	1.61731e-34	9.59662e-33	1.06005e-30	1.0851e-28	9.88595e-27	7.97039e-25	5.66197e-23	3.52794e-21	1.9189e-19	9.06454e-18	3.69859e-16	1.29601e-14	3.87604e-13	9.8294e-12	2.09897e-10	3.74656e-09	5.54688e-08	6.75695e-07	6.71621e-06	5.40135e-05	0.000348538	0.00179012	0.00726437	0.023145	0.0576125	0.111679	0.168358	0.197491	0.180712	0.129532	0.0731456	0.0327633	0.0117311	0.00338643	0.000795691	0.000153989	2.50256e-05	3.61e-06	6.09778e-07	
POCUMO_Pissodes_strobi	0	0	0	0	0	0	0	0	0	0	0	0	0	0	0	0	0	0	0	0	0	0	0	0	0	0	0	1	0	0	0	0	0	0	0	0	0	0	0	
POCUMO_Pissodes_nemorensis	0	0	0	0	0	0	0	0	0	0	0	0	0	0	0	0	0	0	0	0	0	0	0	1	0	0	0	0	0	0	0	0	0	0	0	0	0	0	0	
N43	1.40069e-33	4.41811e-32	2.79483e-30	1.77242e-28	1.02695e-26	5.34517e-25	2.48617e-23	1.02992e-21	3.78817e-20	1.23329e-18	3.54264e-17	8.94978e-16	1.98195e-14	3.83464e-13	6.46024e-12	9.44511e-11	1.19439e-09	1.30204e-08	1.21964e-07	9.78588e-07	6.70513e-06	3.91206e-05	0.000193833	0.000813598	0.00288669	0.00864126	0.0217906	0.0462341	0.0824725	0.123635	0.155763	0.16499	0.147051	0.110412	0.0699735	0.0375846	0.0173223	0.00715107	0.00303787	
POCUCL_Cleonus_sp	0	0	0	0	0	0	0	0	0	0	0	0	0	0	0	0	0	0	0	0	0	1	0	0	0	0	0	0	0	0	0	0	0	0	0	0	0	0	0	
N44	1.74241e-58	4.00151e-56	1.47849e-53	5.24988e-51	1.7088e-48	5.06014e-46	1.35884e-43	3.29965e-41	7.22419e-39	1.42161e-36	2.50622e-34	3.94446e-32	5.52175e-30	6.8481e-28	7.49262e-26	7.19946e-24	6.04581e-22	4.4138e-20	2.78549e-18	1.51019e-16	6.98652e-15	2.73755e-13	9.01104e-12	2.46919e-10	5.57585e-09	1.02598e-07	1.51899e-06	1.7841e-05	0.000163652	0.00115239	0.00611736	0.0240405	0.06883	0.141966	0.210033	0.223515	0.173099	0.100928	0.0501356	
POCUMO_Lixus_sp	0	0	0	0	0	0	0	0	0	0	0	0	0	0	0	0	0	0	0	0	0	0	0	0	0	0	0	0	0	0	0	0	0	0	0	0	0	1	0	
POCUMO_Larinus_sp	0	0	0	0	0	0	0	0	0	0	0	0	0	0	0	0	0	0	0	0	0	0	0	0	0	0	0	0	0	0	0	0	1	0	0	0	0	0	0	
N45	1.19613e-25	1.17231e-24	2.74805e-23	6.90624e-22	1.61524e-20	3.43651e-19	6.61951e-18	1.15212e-16	1.8091e-15	2.55906e-14	3.25631e-13	3.72209e-12	3.81644e-11	3.50552e-10	2.88065e-09	2.11503e-08	1.38576e-07	8.09263e-07	4.20745e-06	1.94538e-05	7.99083e-05	0.000291312	0.00094168	0.00269681	0.00683671	0.0153307	0.0303868	0.0532001	0.0822147	0.112072	0.134658	0.1425	0.1327	0.108653	0.0781977	0.0495584	0.027905	0.0143853	0.00736717	
N46	1.35961e-19	6.53665e-19	6.82489e-18	8.521e-17	1.07137e-15	1.27549e-14	1.4039e-13	1.41492e-12	1.30011e-11	1.08658e-10	8.24654e-10	5.67611e-09	3.53906e-08	1.99667e-07	1.01824e-06	4.68906e-06	1.94805e-05	7.29457e-05	0.00024599	0.000746466	0.00203684	0.00499423	0.0109971	0.0217348	0.0385385	0.0612803	0.0873566	0.111613	0.127795	0.131125	0.120584	0.0994244	0.0735593	0.0489096	0.0293153	0.0159434	0.00798696	0.00382063	0.00189375	
POCUSC_Crypturgus_pusillus	0	0	0	0	0	0	0	0	0	0	0	0	0	0	0	0	0	0	0	1	0	0	0	0	0	0	0	0	0	0	0	0	0	0	0	0	0	0	0	
N47	2.76656e-16	9.74013e-16	7.975e-15	8.02066e-14	8.04604e-13	7.55303e-12	6.50135e-11	5.09444e-10	3.62257e-09	2.33312e-08	1.35902e-07	7.15042e-07	3.39425e-06	1.45209e-05	5.59303e-05	0.000193778	0.000603404	0.00168749	0.00423579	0.00953807	0.0192594	0.0348621	0.0565607	0.0822435	0.107187	0.125231	0.131206	0.123326	0.104056	0.0788713	0.0537529	0.0329767	0.0182367	0.00910815	0.00411968	0.00169638	0.000644368	0.000235198	9.39686e-05	
POCUDR_Cosmopolites_sordidus	0	0	0	0	0	0	0	0	0	0	0	0	0	0	0	0	0	0	0	0	0	0	0	1	0	0	0	0	0	0	0	0	0	0	0	0	0	0	0	
POCUEN_Tanymecus_sp	0	0	0	0	0	0	0	0	0	0	0	0	0	0	0	1	0	0	0	0	0	0	0	0	0	0	0	0	0	0	0	0	0	0	0	0	0	0	0	
N48	8.75216e-20	6.11872e-19	8.60194e-18	1.34049e-16	2.05658e-15	2.95331e-14	3.87018e-13	4.57133e-12	4.83677e-11	4.56847e-10	3.84339e-09	2.87508e-08	1.90966e-07	1.1248e-06	5.86826e-06	2.70889e-05	0.000110535	0.000398339	0.00126681	0.00355292	0.00878253	0.0191255	0.0366782	0.0619295	0.0920494	0.120439	0.138732	0.140713	0.125714	0.0989708	0.0686977	0.042069	0.0227443	0.0108644	0.00458985	0.00171902	0.000576191	0.000180326	6.24257e-05	
N49	3.05957e-10	1.14936e-09	1.0372e-08	1.03802e-07	9.29376e-07	7.09854e-06	4.56223e-05	0.000244974	0.00109302	0.0040341	0.0122734	0.0307106	0.0631404	0.106712	0.148518	0.170724	0.162733	0.129229	0.0859394	0.0481229	0.0228174	0.00921194	0.00318407	0.000947231	0.000243768	5.45321e-05	1.06533e-05	1.82547e-06	2.75508e-07	3.67685e-08	4.35545e-09	4.59571e-10	4.334e-11	3.66416e-12	2.78453e-13	1.9057e-14	1.17578e-15	6.59734e-17	4.19619e-18	
POCUBR_Echinocnemus_sp	0	0	0	0	0	0	0	0	0	0	0	0	1	0	0	0	0	0	0	0	0	0	0	0	0	0	0	0	0	0	0	0	0	0	0	0	0	0	0	
POCUER_Tanysphyrus_lemnae	0	0	0	0	0	0	0	0	0	0	1	0	0	0	0	0	0	0	0	0	0	0	0	0	0	0	0	0	0	0	0	0	0	0	0	0	0	0	0	
N50	3.94677e-19	2.41756e-18	3.38362e-17	5.45255e-16	8.39565e-15	1.17677e-13	1.48176e-12	1.66857e-11	1.67637e-10	1.49997e-09	1.19344e-08	8.43108e-08	5.28108e-07	2.9292e-06	1.43692e-05	6.22697e-05	0.000238143	0.000802993	0.00238533	0.00623806	0.0143538	0.0290478	0.0516835	0.0808367	0.111138	0.134325	0.142752	0.133441	0.109771	0.0795107	0.0507475	0.0285639	0.0141935	0.00623586	0.00242946	0.000845403	0.000268215	8.24905e-05	2.92732e-05	
N51	2.92289e-37	5.05375e-35	1.30933e-32	3.41689e-30	8.14248e-28	1.71138e-25	3.12612e-23	4.91416e-21	6.58565e-19	7.44737e-17	7.02419e-15	5.45126e-13	3.426e-11	1.71084e-09	6.63373e-08	1.94132e-06	4.13774e-05	0.000613903	0.00598675	0.0358365	0.123937	0.248315	0.290235	0.1965	0.0768427	0.018438	0.00290642	0.000318722	2.5439e-05	1.53134e-06	7.15288e-08	2.6533e-09	7.96806e-11	1.96915e-12	4.06163e-14	7.07923e-16	1.05392e-17	1.35388e-19	1.72583e-21	
POCUDR_Sphenophorus_sp	0	0	0	0	0	0	0	0	0	0	0	0	0	0	0	0	0	0	0	0	0	0	0	1	0	0	0	0	0	0	0	0	0	0	0	0	0	0	0	
POCUDR_Metamasius_hemipterus	0	0	0	0	0	0	0	0	0	0	0	0	0	0	0	0	0	0	0	1	0	0	0	0	0	0	0	0	0	0	0	0	0	0	0	0	0	0	0	
N52	1.45328e-15	6.97025e-15	8.28367e-14	1.11198e-12	1.39021e-11	1.55666e-10	1.54626e-09	1.35702e-08	1.04911e-07	7.12582e-07	4.24154e-06	2.20725e-05	0.000100198	0.000395971	0.00135988	0.00405245	0.0104662	0.0234067	0.0453035	0.0758717	0.109964	0.137991	0.150047	0.141531	0.115961	0.0826593	0.0513532	0.0278605	0.0132274	0.00550809	0.00201655	0.000650752	0.00018563	4.69585e-05	1.05771e-05	2.1337e-06	3.90238e-07	6.77561e-08	1.41936e-08	
POCUDR_Rhynchophorus_ferrugineus	0	0	0	0	0	0	0	0	0	0	0	0	0	0	0	1	0	0	0	0	0	0	0	0	0	0	0	0	0	0	0	0	0	0	0	0	0	0	0	
POCUDR_Diocalandra_sp	0	0	0	0	0	0	0	0	0	0	0	0	0	0	0	0	0	0	0	1	0	0	0	0	0	0	0	0	0	0	0	0	0	0	0	0	0	0	0	
N53	9.91703e-45	6.67629e-43	8.41437e-41	1.02124e-38	1.1316e-36	1.13698e-34	1.03287e-32	8.46137e-31	6.23414e-29	4.11952e-27	2.43441e-25	1.28265e-23	6.00655e-22	2.49188e-20	9.12724e-19	2.9412e-17	8.3079e-16	2.04921e-14	4.39643e-13	8.17093e-12	1.31004e-10	1.80421e-09	2.12515e-08	2.13148e-07	1.81239e-06	1.30081e-05	7.84719e-05	0.000396258	0.00166851	0.00583736	0.0169137	0.0404711	0.0797678	0.129207	0.17163	0.186646	0.166304	0.122775	0.0782898	
N54	3.43556e-54	1.44228e-51	8.43035e-49	4.36354e-46	1.9738e-43	7.76276e-41	2.64206e-38	7.74657e-36	1.94782e-33	4.18094e-31	7.62522e-29	1.17599e-26	1.52614e-24	1.65817e-22	1.50059e-20	1.12512e-18	6.95191e-17	3.5205e-15	1.45315e-13	4.86213e-12	1.31151e-10	2.83659e-09	4.89347e-08	6.69933e-07	7.24361e-06	6.15819e-05	0.000409983	0.00212979	0.00860668	0.0269884	0.0655432	0.123115	0.178742	0.200596	0.174261	0.117702	0.0626574	0.0275203	0.0116586	
N55	3.44609e-47	5.60176e-45	1.47337e-42	3.69605e-40	8.28651e-38	1.63939e-35	2.84772e-33	4.3261e-31	5.72514e-29	6.57385e-27	6.52212e-25	5.56693e-23	4.06959e-21	2.53612e-19	1.34082e-17	5.98386e-16	2.2426e-14	7.02038e-13	1.8257e-11	3.92211e-10	6.9208e-09	9.97332e-08	1.167e-06	1.1025e-05	8.3627e-05	0.000506602	0.00243874	0.00928655	0.0278599	0.0656236	0.121044	0.174528	0.196577	0.173113	0.119604	0.0653872	0.0288769	0.0108919	0.00416535	
N56	5.4281e-23	4.22838e-22	7.7334e-21	1.61056e-19	3.20981e-18	5.88337e-17	9.81328e-16	1.48282e-14	2.02328e-13	2.48583e-12	2.74254e-11	2.70999e-10	2.39239e-09	1.88239e-08	1.31711e-07	8.17775e-07	4.49638e-06	2.18511e-05	9.36864e-05	0.000353777	0.00117473	0.00342494	0.00875536	0.0196	0.0383801	0.065674	0.0981192	0.127908	0.14542	0.144155	0.124605	0.0939546	0.0618554	0.035616	0.0179908	0.00802101	0.00320202	0.00119361	0.000475846	
N57	7.69103e-18	4.91422e-17	5.16057e-16	5.61547e-15	5.83206e-14	5.67918e-13	5.15395e-12	4.34071e-11	3.37908e-10	2.42154e-09	1.59112e-08	9.54902e-08	5.21536e-07	2.5836e-06	1.15731e-05	4.67473e-05	0.000169846	0.000553823	0.00161741	0.00422292	0.00984096	0.020439	0.0377843	0.0621008	0.0906542	0.117442	0.13493	0.137416	0.124012	0.0991617	0.0702605	0.044127	0.0245795	0.0121537	0.00534179	0.00209114	0.000731868	0.000232599	7.57082e-05	
POCUSC_Xyleborus_sp	0	0	0	0	0	0	0	0	0	0	0	0	0	0	0	0	0	0	0	0	0	0	0	0	0	0	0	0	0	0	0	0	0	1	0	0	0	0	0	
N58	8.69057e-05	0.000155789	0.000372356	0.00089425	0.00207531	0.00458852	0.00954083	0.0184293	0.0327254	0.0529789	0.0777088	0.102819	0.122356	0.13071	0.125216	0.107518	0.0827522	0.0571069	0.0353554	0.0196518	0.00981534	0.00440938	0.00178346	0.000650157	0.000213853	6.35376e-05	1.70702e-05	4.1515e-06	9.14923e-07	1.82895e-07	3.31921e-08	5.47257e-09	8.20088e-10	1.11697e-10	1.38176e-11	1.5498e-12	1.57211e-13	1.45869e-14	1.56016e-15	
POCUSC_Xylosandrus_compactus	0	0	0	1	0	0	0	0	0	0	0	0	0	0	0	0	0	0	0	0	0	0	0	0	0	0	0	0	0	0	0	0	0	0	0	0	0	0	0	
POCUSC_Xylosandrus_germanus	0	1	0	0	0	0	0	0	0	0	0	0	0	0	0	0	0	0	0	0	0	0	0	0	0	0	0	0	0	0	0	0	0	0	0	0	0	0	0	
N59	1.57087e-17	6.66159e-17	7.06055e-16	8.86124e-15	1.07006e-13	1.18687e-12	1.19579e-11	1.09029e-10	8.97665e-10	6.6616e-09	4.44822e-08	2.66818e-07	1.43537e-06	6.91464e-06	2.9785e-05	0.000114566	0.000393006	0.00120099	0.00326615	0.00789807	0.0169702	0.0323814	0.0548508	0.0824632	0.110029	0.130313	0.137033	0.128007	0.10629	0.0785168	0.0516528	0.0303004	0.0158764	0.00744749	0.00313929	0.00119775	0.000421099	0.00014365	5.51622e-05	
POCUSC_Dryocoetes_affaber	0	0	0	0	0	0	0	0	0	0	0	0	0	0	0	0	0	0	0	0	0	1	0	0	0	0	0	0	0	0	0	0	0	0	0	0	0	0	0	
POCUSC_Dryocoetes_autographus	0	0	0	0	0	0	0	0	0	0	0	0	0	0	0	0	0	0	0	0	1	0	0	0	0	0	0	0	0	0	0	0	0	0	0	0	0	0	0	
N60	1.79602e-41	1.63761e-39	1.84382e-37	2.05012e-35	2.22718e-33	2.31564e-31	2.24897e-29	1.99716e-27	1.59547e-25	1.13307e-23	7.0907e-22	3.88272e-20	1.84915e-18	7.61683e-17	2.69884e-15	8.18108e-14	2.10985e-12	4.60256e-11	8.44262e-10	1.29426e-08	1.6478e-07	1.73115e-06	1.49108e-05	0.000104615	0.000594085	0.00271401	0.00991712	0.0288342	0.0664082	0.120714	0.17275	0.194391	0.17207	0.120123	0.0665191	0.0295511	0.0107731	0.00340276	0.00111717	
POCUSC_Pityogenes_hopkinsi_M	0	0	0	0	0	0	0	0	0	0	0	0	0	1	0	0	0	0	0	0	0	0	0	0	0	0	0	0	0	0	0	0	0	0	0	0	0	0	0	
N61	3.31503e-46	4.93691e-44	1.29386e-41	3.70761e-39	1.01275e-36	2.49132e-34	5.37196e-32	9.99774e-30	1.58954e-27	2.14235e-25	2.43212e-23	2.31254e-21	1.8319e-19	1.20281e-17	6.51301e-16	2.89371e-14	1.04954e-12	3.09146e-11	7.3562e-10	1.4065e-08	2.14911e-07	2.60985e-06	2.50502e-05	0.000188998	0.00111481	0.00511417	0.0181566	0.0496615	0.104238	0.167372	0.205145	0.191778	0.136866	0.0748181	0.0315528	0.0104096	0.00276421	0.000633568	0.000158883	
N62	9.43732e-31	1.95826e-29	6.10715e-28	2.34361e-26	9.77742e-25	4.07657e-23	1.61074e-21	5.84292e-20	1.90962e-18	5.55813e-17	1.42956e-15	3.23063e-14	6.38545e-13	1.09946e-11	1.64304e-10	2.12344e-09	2.36481e-08	2.26112e-07	1.84912e-06	1.28821e-05	7.61304e-05	0.00037997	0.00159413	0.00559422	0.0163367	0.0394901	0.0785907	0.128081	0.170058	0.183093	0.159218	0.111516	0.0628304	0.0285064	0.0104614	0.00313905	0.000790963	0.000181043	4.86535e-05	
N63	2.79525e-13	9.28114e-13	5.62191e-12	4.01441e-11	2.96163e-10	2.12456e-09	1.4319e-08	8.8835e-08	5.01232e-07	2.55363e-06	1.16958e-05	4.80176e-05	0.000176358	0.000578555	0.00169321	0.00441607	0.0102547	0.0211849	0.038908	0.0634885	0.0919955	0.118322	0.135034	0.136709	0.122761	0.0977748	0.0690765	0.0432981	0.024088	0.0119004	0.00522479	0.00204063	0.000709986	0.000220493	6.13153e-05	1.53578e-05	3.51642e-06	7.75858e-07	2.05021e-07	
N64	3.77842e-11	1.21208e-10	9.47442e-10	8.67838e-09	7.40375e-08	5.57495e-07	3.65426e-06	2.07376e-05	0.000101525	0.000427527	0.0015446	0.00477755	0.0126299	0.0285035	0.0548817	0.0901497	0.126393	0.151405	0.155188	0.136363	0.102949	0.0669454	0.037598	0.0182892	0.00772838	0.00284545	0.000915571	0.00025824	6.40387e-05	1.40036e-05	2.70825e-06	4.64597e-07	7.09136e-08	9.66268e-09	1.18013e-09	1.29923e-10	1.30293e-11	1.2355e-12	1.45277e-13	
POCUSC_Ips_spinifer	0	0	0	0	0	0	0	0	0	0	0	0	0	1	0	0	0	0	0	0	0	0	0	0	0	0	0	0	0	0	0	0	0	0	0	0	0	0	0	
POCUSC_Ips_latidens	0	0	0	0	0	0	0	0	0	0	0	0	0	1	0	0	0	0	0	0	0	0	0	0	0	0	0	0	0	0	0	0	0	0	0	0	0	0	0	
POCUSC_Orthotomicus_laricis	0	0	0	0	0	0	0	0	0	1	0	0	0	0	0	0	0	0	0	0	0	0	0	0	0	0	0	0	0	0	0	0	0	0	0	0	0	0	0	
N65	2.02335e-16	9.87575e-16	6.28804e-15	4.45269e-14	3.42455e-13	2.74937e-12	2.20851e-11	1.71449e-10	1.25509e-09	8.52532e-09	5.31775e-08	3.02541e-07	1.56264e-06	7.30243e-06	3.07905e-05	0.000116861	0.000398358	0.00121704	0.00332543	0.00810926	0.0176104	0.0339834	0.0581451	0.0880129	0.117602	0.138417	0.143216	0.130019	0.103402	0.0719433	0.043752	0.0232481	0.010797	0.00438863	0.00156651	0.000495179	0.000141886	3.95112e-05	1.30386e-05	
POCUSC_Pityogenes_chalcographus	0	0	0	0	0	0	0	0	0	0	0	1	0	0	0	0	0	0	0	0	0	0	0	0	0	0	0	0	0	0	0	0	0	0	0	0	0	0	0	
POCUSC_Orthotomicus_erosus	0	0	0	0	0	0	0	0	0	1	0	0	0	0	0	0	0	0	0	0	0	0	0	0	0	0	0	0	0	0	0	0	0	0	0	0	0	0	0	
N66	9.57135e-49	2.64843e-46	1.11738e-43	4.36151e-41	1.49525e-38	4.45096e-36	1.14311e-33	2.51882e-31	4.73648e-29	7.56065e-27	1.01906e-24	1.15356e-22	1.09068e-20	8.56516e-19	5.55475e-17	2.95752e-15	1.28502e-13	4.52846e-12	1.28627e-10	2.9263e-09	5.29844e-08	7.58704e-07	8.53845e-06	7.50624e-05	0.00051247	0.00270233	0.0109513	0.0339593	0.0802899	0.144358	0.197093	0.204333	0.161138	0.0970565	0.0449904	0.016277	0.00473173	0.00119158	0.000331546	
N67	1.60417e-51	6.01607e-49	3.2499e-46	1.56815e-43	6.59329e-41	2.40247e-38	7.5527e-36	2.03904e-33	4.70467e-31	9.23043e-29	1.53185e-26	2.1386e-24	2.49737e-22	2.42495e-20	1.9459e-18	1.28229e-16	6.89401e-15	3.00384e-13	1.05356e-11	2.95422e-10	6.57739e-09	1.15491e-07	1.58875e-06	1.70147e-05	0.000141017	0.000899607	0.00439652	0.0163963	0.0465254	0.100267	0.164034	0.20391	0.193142	0.140109	0.0785123	0.0344909	0.0122183	0.00373119	0.00120674	
N68	1.81747e-32	4.38308e-31	2.25397e-29	1.16981e-27	5.56831e-26	2.39637e-24	9.2861e-23	3.23119e-21	1.00692e-19	2.8026e-18	6.94798e-17	1.52988e-15	2.98324e-14	5.13642e-13	7.78486e-12	1.03541e-10	1.20469e-09	1.22226e-08	1.0779e-07	8.23628e-07	5.43546e-06	3.08838e-05	0.00015062	0.000628652	0.00223926	0.00678955	0.0174828	0.0381548	0.0704611	0.109979	0.145001	0.161494	0.15209	0.121418	0.0825987	0.0484174	0.0250512	0.0120481	0.00595859	
N69	4.22564e-34	1.68915e-32	1.33834e-30	1.03596e-28	7.23116e-27	4.499e-25	2.48438e-23	1.21332e-21	5.22204e-20	1.97335e-18	6.52229e-17	1.87805e-15	4.69186e-14	1.0127e-12	1.88034e-11	2.99017e-10	4.0543e-09	4.66595e-08	4.53753e-07	3.71221e-06	2.54397e-05	0.000145439	0.000691014	0.00271917	0.00883572	0.0236517	0.0520639	0.0941481	0.13982	0.170625	0.171321	0.141845	0.097133	0.0552342	0.0262219	0.0104771	0.00358047	0.00109724	0.000360733	
N70	3.02962e-37	2.29653e-35	3.09352e-33	3.8703e-31	4.28814e-29	4.1766e-27	3.56091e-25	2.64664e-23	1.70754e-21	9.52056e-20	4.56626e-18	1.87492e-16	6.55799e-15	1.94402e-13	4.8583e-12	1.01809e-10	1.77921e-09	2.57881e-08	3.08308e-07	3.02397e-06	2.42069e-05	0.000157373	0.000827149	0.0035008	0.0118913	0.0323334	0.0702587	0.121913	0.168965	0.187268	0.166333	0.118758	0.0684269	0.0319759	0.0121986	0.00383844	0.00101792	0.000242437	6.54543e-05	
POCUSC_Ips_montanus	0	0	0	0	0	0	0	0	0	0	0	0	0	0	0	0	0	0	0	0	0	0	0	0	0	1	0	0	0	0	0	0	0	0	0	0	0	0	0	
N71	2.19474e-38	2.16378e-36	3.6524e-34	5.61855e-32	7.64115e-30	9.13812e-28	9.56626e-26	8.72458e-24	6.89718e-22	4.70109e-20	2.74702e-18	1.3679e-16	5.76784e-15	2.04561e-13	6.05908e-12	1.48777e-10	3.00495e-09	4.95228e-08	6.60448e-07	7.06779e-06	6.01865e-05	0.000404527	0.00212966	0.00872219	0.027634	0.0674487	0.126533	0.182372	0.202259	0.173171	0.115011	0.0596092	0.0242786	0.00783246	0.00201974	0.000421292	7.26093e-05	1.10252e-05	1.97689e-06	
POCUSC_Ips_paraconfusus	0	0	0	0	0	0	0	0	0	0	0	0	0	0	0	0	0	0	0	0	0	0	0	0	0	1	0	0	0	0	0	0	0	0	0	0	0	0	0	
N72	2.91358e-48	1.15724e-45	6.54424e-43	3.31388e-40	1.47928e-37	5.79009e-35	1.9765e-32	5.84988e-30	1.49169e-27	3.25453e-25	6.02957e-23	9.40716e-21	1.22465e-18	1.31679e-16	1.15617e-14	8.18399e-13	4.60321e-11	2.02367e-09	6.82304e-08	1.72611e-06	3.19423e-05	0.000419774	0.0037859	0.0225483	0.0851768	0.196999	0.274392	0.233614	0.125741	0.0444819	0.0107332	0.00182578	0.000225307	2.06776e-05	1.44274e-06	7.81496e-08	3.36644e-09	1.20576e-10	4.77003e-12	
POCUSC_Ips_confusus	0	0	0	0	0	0	0	0	0	0	0	0	0	0	0	0	0	0	0	0	0	0	0	0	0	1	0	0	0	0	0	0	0	0	0	0	0	0	0	
POCUSC_Ips_hoppingi	0	0	0	0	0	0	0	0	0	0	0	0	0	0	0	0	0	0	0	0	0	0	0	0	0	1	0	0	0	0	0	0	0	0	0	0	0	0	0	
POCUSC_Ips_lecontei	0	0	0	0	0	0	0	0	0	0	0	0	0	0	0	0	0	0	0	0	0	0	0	0	0	1	0	0	0	0	0	0	0	0	0	0	0	0	0	
N73	2.19586e-27	3.60192e-26	1.35863e-24	5.14781e-23	1.78028e-21	5.55415e-20	1.55723e-18	3.9113e-17	8.77255e-16	1.75112e-14	3.10018e-13	4.85035e-12	6.68125e-11	8.07194e-10	8.51973e-09	7.82466e-08	6.22791e-07	4.27862e-06	2.52709e-05	0.000127826	0.000551707	0.00202501	0.00630206	0.0165877	0.0368561	0.0690398	0.108973	0.144961	0.162666	0.154227	0.123831	0.0844371	0.049058	0.0243761	0.0104013	0.00383215	0.00123392	0.00036353	0.000118181	
POCUSC_Ips_cribricollis	0	0	0	0	0	0	0	0	0	0	0	0	0	0	0	0	0	0	0	0	0	0	0	0	0	1	0	0	0	0	0	0	0	0	0	0	0	0	0	
POCUSC_Ips_calligraphus	0	0	0	0	0	0	0	0	0	0	0	0	0	0	0	0	0	0	0	0	0	0	0	0	0	1	0	0	0	0	0	0	0	0	0	0	0	0	0	
N74	9.4688e-49	2.17556e-46	7.5968e-44	2.56389e-41	7.72585e-39	2.03884e-36	4.67922e-34	9.29508e-32	1.59102e-29	2.33588e-27	2.92757e-25	3.11666e-23	2.80383e-21	2.12011e-19	1.33994e-17	7.03765e-16	3.05345e-14	1.08771e-12	3.16128e-11	7.44853e-10	1.41362e-08	2.14708e-07	2.59327e-06	2.47535e-05	0.000185628	0.00108763	0.00495449	0.017473	0.0475487	0.0996154	0.160503	0.198967	0.190175	0.14077	0.0813372	0.0372268	0.0139167	0.00458284	0.00162958	
N75	1.09355e-21	9.20979e-21	1.88276e-19	4.12199e-18	8.34321e-17	1.52344e-15	2.49463e-14	3.65216e-13	4.76795e-12	5.53687e-11	5.70512e-10	5.20313e-09	4.18998e-08	2.97222e-07	1.85303e-06	1.01314e-05	4.84788e-05	0.000202631	0.000738556	0.0023438	0.00646763	0.0155021	0.0322478	0.0581865	0.0910391	0.123511	0.145332	0.148397	0.131596	0.101459	0.0681043	0.0398693	0.0203982	0.009144	0.00360328	0.00125469	0.000390999	0.000114183	3.73927e-05	
N76	5.34253e-24	1.21787e-22	5.86194e-21	2.70777e-19	1.10277e-17	3.9101e-16	1.19951e-14	3.16494e-13	7.13822e-12	1.36737e-10	2.20989e-09	2.9931e-08	3.37471e-07	3.14717e-06	2.4131e-05	0.000151327	0.000772727	0.00320191	0.010739	0.0291022	0.0636523	0.112298	0.159788	0.183449	0.170115	0.127656	0.077738	0.038563	0.015657	0.00523158	0.00144737	0.000333704	6.45531e-05	1.05518e-05	1.46854e-06	1.75527e-07	1.82314e-08	1.70037e-09	1.82587e-10	
POCUSC_Orthotomicus_caelatus	0	0	0	0	0	0	0	0	0	0	0	0	0	0	0	1	0	0	0	0	0	0	0	0	0	0	0	0	0	0	0	0	0	0	0	0	0	0	0	
POCUSC_Ips_perroti	0	0	0	0	0	0	0	0	0	0	0	0	0	0	0	0	0	0	0	0	0	0	0	0	0	1	0	0	0	0	0	0	0	0	0	0	0	0	0	
POCUSC_Ips_typographus	0	0	0	0	0	0	0	0	0	0	0	0	0	0	0	0	0	0	0	0	0	1	0	0	0	0	0	0	0	0	0	0	0	0	0	0	0	0	0	
N77	3.29701e-46	5.913e-44	1.69454e-41	4.41979e-39	1.01333e-36	2.03081e-34	3.54403e-32	5.36506e-30	7.01752e-28	7.89843e-26	7.61723e-24	6.26667e-22	4.37801e-20	2.58504e-18	1.28379e-16	5.33562e-15	1.8463e-13	5.29133e-12	1.24923e-10	2.41648e-09	3.80897e-08	4.86574e-07	5.01035e-06	4.13701e-05	0.000272536	0.00142574	0.00589794	0.0192228	0.049218	0.0987987	0.155343	0.191378	0.185096	0.141111	0.0854234	0.0416283	0.0168049	0.00602719	0.00230656	
N78	2.51129e-37	1.25203e-35	1.111e-33	1.01699e-31	8.64794e-30	6.62636e-28	4.52867e-26	2.74683e-24	1.47308e-22	6.96017e-21	2.88706e-19	1.04745e-17	3.31134e-16	9.08574e-15	2.155e-13	4.40007e-12	7.70103e-11	1.15035e-09	1.4601e-08	1.56774e-07	1.41761e-06	1.07472e-05	6.80124e-05	0.000357745	0.00155767	0.00559278	0.0165012	0.0398856	0.0787858	0.126949	0.166698	0.178388	0.155773	0.111331	0.0654993	0.0320775	0.0133995	0.00507587	0.00204712	
POCUSC_Ips_bonanseai	0	0	0	0	0	0	0	0	0	0	0	0	0	0	0	0	0	0	0	0	0	0	0	0	0	1	0	0	0	0	0	0	0	0	0	0	0	0	0	
N79	4.16359e-34	1.93725e-32	1.63889e-30	1.37685e-28	1.04728e-26	7.05602e-25	4.18035e-23	2.16851e-21	9.81246e-20	3.85886e-18	1.31395e-16	3.85907e-15	9.73864e-14	2.10347e-12	3.87347e-11	6.05762e-10	8.01439e-09	8.93639e-08	8.36725e-07	6.55541e-06	4.28311e-05	0.000232652	0.00104763	0.00390081	0.011984	0.0303226	0.0631045	0.107918	0.1516	0.174964	0.166028	0.129732	0.0836756	0.0447175	0.0199203	0.00747365	0.00240893	0.0007004	0.000218877	
POCUSC_Ips_pini	0	0	0	0	0	0	0	0	0	0	0	0	0	0	0	0	0	0	0	0	0	0	0	0	1	0	0	0	0	0	0	0	0	0	0	0	0	0	0	
N80	3.39227e-33	1.66499e-31	1.51029e-29	1.32981e-27	1.04253e-25	7.15076e-24	4.26483e-22	2.20262e-20	9.814e-19	3.75871e-17	1.23295e-15	3.45145e-14	8.21569e-13	1.657e-11	2.82167e-10	4.04282e-09	4.85719e-08	4.87735e-07	4.08048e-06	2.83576e-05	0.000163247	0.000776467	0.00304436	0.00981944	0.0260109	0.0565091	0.100591	0.146635	0.175033	0.171152	0.137229	0.0903697	0.0490028	0.0219653	0.00819037	0.00256863	0.000692339	0.000169019	4.5349e-05	
N81	2.29666e-28	6.75552e-27	3.13015e-25	1.49964e-23	6.87133e-22	2.87533e-20	1.07076e-18	3.50006e-17	9.96402e-16	2.45776e-14	5.23203e-13	9.57916e-12	1.50353e-10	2.01682e-09	2.30497e-08	2.23767e-07	1.83976e-06	1.27731e-05	7.46709e-05	0.000366545	0.00150685	0.00517469	0.0148102	0.0352517	0.0696533	0.114071	0.154654	0.173443	0.160848	0.123369	0.0783153	0.0412053	0.0180101	0.00656265	0.00200495	0.000518795	0.000116235	2.40298e-05	5.81977e-06	
N82	1.74796e-28	4.32476e-27	2.28743e-25	1.16622e-23	5.3301e-22	2.16525e-20	7.78794e-19	2.47112e-17	6.89117e-16	1.68239e-14	3.58134e-13	6.61971e-12	1.05791e-10	1.45536e-09	1.71578e-08	1.72567e-07	1.47395e-06	1.06435e-05	6.46896e-05	0.000329525	0.00140119	0.00495513	0.0145259	0.0352015	0.0703689	0.115868	0.157032	0.175173	0.160966	0.122023	0.0764762	0.0397366	0.0171743	0.00619857	0.00187757	0.000481254	0.000106628	2.20094e-05	5.53421e-06	
POCUSC_Ips_plastographus	0	0	0	0	0	0	0	0	0	0	0	0	0	0	0	0	0	0	0	0	0	0	0	0	0	1	0	0	0	0	0	0	0	0	0	0	0	0	0	
POCUSC_Ips_integer	0	0	0	0	0	0	0	0	0	0	0	0	0	0	0	0	0	0	0	0	0	0	0	0	0	1	0	0	0	0	0	0	0	0	0	0	0	0	0	
POCUSC_Orthotomicus_suturalis	0	0	0	0	0	0	0	0	0	1	0	0	0	0	0	0	0	0	0	0	0	0	0	0	0	0	0	0	0	0	0	0	0	0	0	0	0	0	0	
POCUSC_Ips_avulsus	0	0	0	0	0	0	0	0	0	0	0	0	0	0	0	0	0	0	0	0	0	0	0	0	0	1	0	0	0	0	0	0	0	0	0	0	0	0	0	
N83	4.75647e-29	6.92341e-28	2.18642e-26	7.58261e-25	2.48867e-23	7.48077e-22	2.04216e-20	5.04498e-19	1.12496e-17	2.25877e-16	4.07384e-15	6.58339e-14	9.50825e-13	1.22412e-11	1.40107e-10	1.42177e-09	1.27566e-08	1.00916e-07	7.01908e-07	4.28016e-06	2.28177e-05	0.000106046	0.000428476	0.0015011	0.00454808	0.0118888	0.0267544	0.0517321	0.0858123	0.121971	0.148458	0.154737	0.138243	0.106128	0.0703796	0.0407653	0.021112	0.0102651	0.00514146	
N84	6.14898e-35	3.30535e-33	3.34217e-31	3.27188e-29	2.89598e-27	2.29022e-25	1.61001e-23	1.00166e-21	5.48968e-20	2.63733e-18	1.10475e-16	4.01195e-15	1.25534e-13	3.36185e-12	7.65028e-11	1.46783e-09	2.35467e-08	3.12984e-07	3.41408e-06	3.0253e-05	0.000215483	0.00122051	0.00543991	0.0188951	0.050731	0.104677	0.165548	0.200835	0.187671	0.136018	0.0771402	0.0345788	0.0123807	0.00357781	0.000842805	0.0001633	2.62691e-05	3.61264e-06	5.44521e-07	
N85	1.04357e-58	1.35877e-55	2.30147e-52	3.49219e-49	4.66853e-46	5.46758e-43	5.57833e-40	4.9279e-37	3.74439e-34	2.42935e-31	1.33503e-28	6.15887e-26	2.36151e-23	7.44193e-21	1.90308e-18	3.89202e-16	6.25889e-14	7.75896e-12	7.24101e-10	4.94263e-08	2.38059e-06	7.72731e-05	0.00159089	0.0191203	0.119344	0.328715	0.337347	0.152648	0.0358136	0.00489337	0.000422764	2.45245e-05	9.99663e-07	2.96718e-08	6.60291e-10	1.13028e-11	1.52901e-13	1.70213e-15	1.92267e-17	
POCUSC_Ips_perturbatus	0	0	0	0	0	0	0	0	0	0	0	0	0	0	0	0	0	0	0	0	0	0	0	0	0	1	0	0	0	0	0	0	0	0	0	0	0	0	0	
POCUSC_Ips_hunteri	0	0	0	0	0	0	0	0	0	0	0	0	0	0	0	0	0	0	0	0	0	0	0	0	0	1	0	0	0	0	0	0	0	0	0	0	0	0	0	
N86	8.22121e-73	5.5419e-69	4.53835e-65	3.28384e-61	2.06382e-57	1.12e-53	5.21766e-50	2.07325e-46	6.97675e-43	1.97266e-39	4.64532e-36	9.02083e-33	1.42852e-29	1.82139e-26	1.84267e-23	1.45428e-20	8.77694e-18	3.95566e-15	1.2935e-12	2.96143e-10	4.53695e-08	4.38325e-06	0.000246338	0.00717635	0.091093	0.384095	0.38022	0.120135	0.0159278	0.00106123	4.00867e-05	9.34224e-07	1.42932e-08	1.50547e-10	1.13384e-12	6.30738e-15	2.67643e-17	9.04705e-20	2.86326e-22	
POCUSC_Ips_pilifrons	0	0	0	0	0	0	0	0	0	0	0	0	0	0	0	0	0	0	0	0	0	0	0	0	0	1	0	0	0	0	0	0	0	0	0	0	0	0	0	
N87	2.36615e-82	6.19081e-78	1.62082e-73	3.67817e-69	7.18968e-65	1.20253e-60	1.7086e-56	2.0459e-52	2.04645e-48	1.69337e-44	1.14658e-40	6.27552e-37	2.73839e-33	9.37828e-30	2.47574e-26	4.9337e-23	7.24245e-20	7.60675e-17	5.51865e-14	2.64828e-11	7.95887e-09	1.39536e-06	0.000129734	0.00559559	0.0919413	0.426217	0.374942	0.0922628	0.00854001	0.00036137	7.98269e-06	1.01209e-07	7.9041e-10	4.01605e-12	1.38685e-14	3.3746e-17	5.97042e-20	7.92459e-23	9.77016e-26	
POCUSC_Ips_tridens	0	0	0	0	0	0	0	0	0	0	0	0	0	0	0	0	0	0	0	0	0	0	0	0	0	1	0	0	0	0	0	0	0	0	0	0	0	0	0	
POCUSC_Ips_borealis	0	0	0	0	0	0	0	0	0	0	0	0	0	0	0	0	0	0	0	0	0	0	0	0	0	1	0	0	0	0	0	0	0	0	0	0	0	0	0	
POCUSC_Ips_woodi	0	0	0	0	0	0	0	0	0	0	0	0	0	0	0	0	0	0	0	0	0	0	0	0	0	1	0	0	0	0	0	0	0	0	0	0	0	0	0	
N88	2.92952e-26	4.33736e-25	1.01008e-23	2.432e-22	5.76761e-21	1.32182e-19	2.8721e-18	5.8125e-17	1.08014e-15	1.82376e-14	2.7766e-13	3.79017e-12	4.6183e-11	5.00467e-10	4.80732e-09	4.08054e-08	3.05142e-07	2.00421e-06	1.15268e-05	5.78684e-05	0.000252785	0.000957678	0.00313617	0.00884778	0.0214321	0.0444282	0.0785673	0.118177	0.1508	0.162896	0.148729	0.114692	0.0747222	0.0412008	0.0193094	0.00776871	0.00275071	0.000916724	0.000342773	
N89	8.09696e-22	5.79087e-21	9.48434e-20	1.75887e-18	3.13584e-17	5.14857e-16	7.68419e-15	1.03735e-13	1.26314e-12	1.3843e-11	1.36266e-10	1.20246e-09	9.49368e-09	6.69343e-08	4.20619e-07	2.35152e-06	1.16745e-05	5.13805e-05	0.00020012	0.000688685	0.00209089	0.00559261	0.0131619	0.027224	0.0494414	0.0787751	0.110048	0.134737	0.144554	0.135904	0.112005	0.0809738	0.0514136	0.0287339	0.0141972	0.00626222	0.00252396	0.000983752	0.000421783	
POCUSC_Ips_sexdentatus	0	0	0	0	0	0	0	0	0	0	0	0	0	0	0	0	0	0	0	1	0	0	0	0	0	0	0	0	0	0	0	0	0	0	0	0	0	0	0	
N90	6.34342e-28	1.29902e-26	5.78191e-25	2.58174e-23	1.05116e-21	3.84484e-20	1.25714e-18	3.66061e-17	9.45727e-16	2.15934e-14	4.33944e-13	7.64223e-12	1.17409e-10	1.56602e-09	1.80442e-08	1.7867e-07	1.51217e-06	1.08787e-05	6.61529e-05	0.000338129	0.00144481	0.00513441	0.015104	0.0366345	0.0730377	0.119457	0.160167	0.176147	0.159189	0.11857	0.0730772	0.0374458	0.0160404	0.00577941	0.00176377	0.000459918	0.00010404	2.14648e-05	5.11371e-06	
POCUSC_Ips_emarginatus	0	0	0	0	0	0	0	0	0	0	0	0	0	0	0	0	0	0	0	0	0	0	0	0	0	1	0	0	0	0	0	0	0	0	0	0	0	0	0	
POCUSC_Ips_knausi	0	0	0	0	0	0	0	0	0	0	0	0	0	0	0	0	0	0	0	0	0	0	0	0	0	1	0	0	0	0	0	0	0	0	0	0	0	0	0	
POCUSC_Ips_acuminatus	0	0	0	0	0	0	0	0	0	1	0	0	0	0	0	0	0	0	0	0	0	0	0	0	0	0	0	0	0	0	0	0	0	0	0	0	0	0	0	
N91	3.02719e-46	4.04265e-44	6.89227e-42	1.20033e-39	2.04978e-37	3.2906e-35	4.81314e-33	6.28997e-31	7.25672e-29	7.33342e-27	6.45398e-25	4.92242e-23	3.23888e-21	1.83042e-19	8.84537e-18	3.63846e-16	1.26807e-14	3.7267e-13	9.19084e-12	1.8927e-10	3.23832e-09	4.57993e-08	5.32699e-07	5.06965e-06	3.92793e-05	0.000246554	0.00124789	0.00507014	0.0164691	0.0426127	0.0875559	0.142519	0.183516	0.186924	0.150975	0.0974432	0.0513351	0.0233856	0.0106552	
POCUSC_Cryphalus_abietis	0	0	0	0	0	0	0	0	0	0	0	0	0	0	0	0	0	0	0	1	0	0	0	0	0	0	0	0	0	0	0	0	0	0	0	0	0	0	0	
N92	2.19416e-42	1.85891e-40	2.74025e-38	4.0171e-36	5.34508e-34	6.32434e-32	6.61129e-30	6.08328e-28	4.91069e-26	3.46642e-24	2.13259e-22	1.13955e-20	5.27023e-19	2.102e-17	7.2034e-16	2.11302e-14	5.28508e-13	1.12273e-11	2.01757e-10	3.0546e-09	3.88025e-08	4.11857e-07	3.63752e-06	2.66217e-05	0.000160786	0.000798166	0.00324395	0.0107541	0.0289798	0.0632838	0.111697	0.159041	0.18252	0.168957	0.12663	0.077603	0.0398235	0.0181224	0.00835554	
N93	1.37225e-24	1.6577e-23	4.73954e-22	1.38564e-20	3.68897e-19	8.80965e-18	1.87998e-16	3.57572e-15	6.04668e-14	9.06873e-13	1.20333e-11	1.4092e-10	1.45298e-09	1.31589e-08	1.04438e-07	7.24785e-07	4.38894e-06	2.31446e-05	0.000106093	0.000422038	0.00145482	0.00434034	0.0111958	0.02495	0.0480128	0.0797663	0.114414	0.141737	0.151738	0.140507	0.112662	0.0783277	0.047289	0.0248317	0.0113616	0.00454363	0.00160433	0.000522233	0.000185497	
N94	7.54759e-25	1.24958e-23	4.29336e-22	1.52185e-20	4.93739e-19	1.42544e-17	3.63007e-16	8.11885e-15	1.58939e-13	2.71498e-12	4.0344e-11	5.19943e-10	5.79438e-09	5.56765e-08	4.59967e-07	3.25835e-06	1.97413e-05	0.000102051	0.000449122	0.00167943	0.00532672	0.0143096	0.0325209	0.0624754	0.101405	0.139045	0.161101	0.157817	0.130837	0.091917	0.0548108	0.0277978	0.0120195	0.00444453	0.00141155	0.000387864	9.37996e-05	2.11413e-05	5.57901e-06	
N95	4.84364e-27	1.08238e-25	5.21638e-24	2.42792e-22	1.00932e-20	3.71249e-19	1.20344e-17	3.42555e-16	8.53055e-15	1.85147e-13	3.48861e-12	5.68405e-11	7.97577e-10	9.59882e-09	9.86745e-08	8.62887e-07	6.39307e-06	3.99728e-05	0.000210128	0.000925414	0.00340348	0.0104235	0.0265203	0.0559522	0.0977655	0.141389	0.169247	0.167805	0.137987	0.094287	0.0536675	0.0255205	0.0101731	0.0034127	0.00096818	0.000234176	4.93067e-05	9.72868e-06	2.35748e-06	
POCUCU_Anthonomus_sp	0	0	0	0	0	0	0	0	0	0	0	0	0	0	0	0	0	0	0	0	0	0	0	0	0	0	1	0	0	0	0	0	0	0	0	0	0	0	0	
POCUMO_Lepyrus_sp	0	0	0	0	0	0	0	0	0	0	0	0	0	0	0	0	0	0	0	0	0	0	0	1	0	0	0	0	0	0	0	0	0	0	0	0	0	0	0	
POCUER_Procas_sp	0	0	0	0	0	0	0	0	0	0	0	0	0	0	0	0	1	0	0	0	0	0	0	0	0	0	0	0	0	0	0	0	0	0	0	0	0	0	0	
N96	1.19426e-22	1.56794e-21	4.77948e-20	1.45778e-18	3.99236e-17	9.67961e-16	2.06824e-14	3.88036e-13	6.36935e-12	9.11333e-11	1.13243e-09	1.21756e-08	1.12858e-07	8.98626e-07	6.12558e-06	3.56312e-05	0.000176336	0.0007405	0.0026327	0.00790993	0.0200564	0.0428816	0.0772825	0.117424	0.150518	0.162951	0.149222	0.115809	0.0763401	0.0428514	0.0205395	0.00843262	0.00297551	0.00090591	0.000239129	5.51083e-05	1.12414e-05	2.12442e-06	4.65523e-07	
POCUMO_Ruteria_hypocrita	0	0	0	0	0	0	0	0	0	0	0	0	0	0	0	0	0	0	0	0	0	0	0	1	0	0	0	0	0	0	0	0	0	0	0	0	0	0	0	
N97	1.61559e-24	6.01439e-23	4.34346e-21	2.87019e-19	1.63844e-17	7.99967e-16	3.31546e-14	1.15708e-12	3.37088e-11	8.12045e-10	1.60112e-08	2.55556e-07	3.26325e-06	3.29267e-05	0.000259227	0.00157266	0.00726811	0.0253447	0.0662501	0.129462	0.189401	0.208551	0.174281	0.111679	0.0555006	0.0216399	0.00669538	0.00166175	0.000334239	5.50013e-05	7.47063e-06	8.44501e-07	8.0076e-08	6.4178e-09	4.38242e-10	2.5735e-11	1.31655e-12	6.03803e-14	3.19263e-15	
POCUSC_Trypodendron_lineatum	0	0	0	0	0	0	0	0	0	0	0	0	0	0	0	0	0	0	0	1	0	0	0	0	0	0	0	0	0	0	0	0	0	0	0	0	0	0	0	
POCUCO_Telephae_sp	0	0	0	0	0	0	0	0	0	0	0	0	0	0	0	0	0	1	0	0	0	0	0	0	0	0	0	0	0	0	0	0	0	0	0	0	0	0	0	
N98	6.78936e-34	2.32105e-32	1.56714e-30	1.06412e-28	6.56809e-27	3.61856e-25	1.7703e-23	7.66766e-22	2.93241e-20	9.87598e-19	2.92125e-17	7.56856e-16	1.71286e-14	3.3767e-13	5.78236e-12	8.57707e-11	1.09891e-09	1.21267e-08	1.14933e-07	9.32914e-07	6.46714e-06	3.81813e-05	0.000191457	0.000813238	0.00291858	0.00882804	0.0224543	0.0479251	0.0856766	0.128102	0.160031	0.166977	0.145601	0.106319	0.0653122	0.0340882	0.0154592	0.00643838	0.00281921	
N99	7.69787e-20	5.53177e-19	8.70022e-18	1.52795e-16	2.5737e-15	3.96707e-14	5.50268e-13	6.82157e-12	7.53039e-11	7.38344e-10	6.416e-09	4.93136e-08	3.34616e-07	2.00095e-06	1.05272e-05	4.86532e-05	0.000197255	0.000700686	0.00217837	0.00592184	0.0140665	0.02918	0.0528444	0.0835329	0.115259	0.138849	0.146099	0.134355	0.108074	0.0761208	0.0470064	0.0254895	0.01216	0.00511555	0.00190357	0.000629566	0.000186977	5.16205e-05	1.55909e-05	
N100	2.02679e-18	1.62602e-17	3.01679e-16	6.09671e-15	1.13725e-13	1.88006e-12	2.71989e-11	3.42434e-10	3.73877e-09	3.53035e-08	2.87622e-07	2.01761e-06	1.21635e-05	6.29179e-05	0.000278855	0.00105771	0.00343028	0.00950554	0.0224968	0.0454653	0.0784662	0.11568	0.145757	0.157082	0.14493	0.11461	0.0777851	0.0453763	0.0227901	0.00987286	0.00369656	0.0011989	0.000337686	8.2856e-05	1.7783e-05	3.36018e-06	5.66285e-07	8.84205e-08	1.56489e-08	
N101	5.48424e-16	4.03988e-15	5.49666e-14	8.18306e-13	1.16983e-11	1.51891e-10	1.74295e-09	1.74358e-08	1.50953e-07	1.12615e-06	7.21808e-06	3.96585e-05	0.000186444	0.000748856	0.00256651	0.00749796	0.0186583	0.0395279	0.0712724	0.109374	0.14288	0.158959	0.150711	0.121881	0.0841641	0.0496904	0.0251192	0.0108902	0.00405639	0.00130068	0.000359789	8.60558e-05	1.78438e-05	3.21721e-06	5.06364e-07	7.00154e-08	8.63194e-09	1.00327e-09	1.47983e-10	
N102	3.13804e-14	2.16324e-13	3.34145e-12	5.41064e-11	7.82536e-10	9.74125e-09	1.03134e-07	9.22993e-07	6.9511e-06	4.38855e-05	0.000231517	0.00101773	0.00371943	0.0112803	0.0283509	0.0589919	0.101567	0.14467	0.170526	0.16646	0.134733	0.0905847	0.0507038	0.023694	0.00927355	0.00305083	0.0008469	0.000199181	3.98547e-05	6.81342e-06	9.99411e-07	1.26311e-07	1.38122e-08	1.31225e-09	1.08792e-10	7.91507e-12	5.11325e-13	3.07444e-14	2.36948e-15	
POCUSC_Polygraphus_poligraphus_M	0	0	0	0	0	0	0	0	0	1	0	0	0	0	0	0	0	0	0	0	0	0	0	0	0	0	0	0	0	0	0	0	0	0	0	0	0	0	0	
POCUBA_Limnobaris_sp	0	0	0	0	0	0	0	0	0	0	0	0	0	0	0	0	0	0	0	0	1	0	0	0	0	0	0	0	0	0	0	0	0	0	0	0	0	0	0	
POCUSC_Polygraphus_grandiclava	0	0	0	0	0	0	0	0	0	1	0	0	0	0	0	0	0	0	0	0	0	0	0	0	0	0	0	0	0	0	0	0	0	0	0	0	0	0	0	
POCUSC_Phloeotribus_sp	0	0	0	0	0	0	0	0	0	0	0	0	0	0	0	0	0	0	0	1	0	0	0	0	0	0	0	0	0	0	0	0	0	0	0	0	0	0	0	
POCUCU_Rhynchaenus_sp	0	0	0	0	0	0	0	0	0	0	0	0	0	0	0	0	0	0	0	1	0	0	0	0	0	0	0	0	0	0	0	0	0	0	0	0	0	0	0	
N103	5.72104e-26	7.03916e-25	1.66615e-23	4.39333e-22	1.14099e-20	2.77187e-19	6.15629e-18	1.23704e-16	2.23672e-15	3.62634e-14	5.25687e-13	6.79625e-12	7.81645e-11	7.97757e-10	7.20743e-09	5.74999e-08	4.04082e-07	2.49539e-06	1.35098e-05	6.39728e-05	0.000264376	0.000951511	0.00297654	0.0080784	0.0189908	0.0386137	0.0678266	0.102829	0.134465	0.151624	0.147451	0.123752	0.0897651	0.0564244	0.0308854	0.0148626	0.00641723	0.00261041	0.00113169	
N104	1.93835e-27	4.84446e-26	2.30408e-24	1.15596e-22	5.38477e-21	2.24329e-19	8.24835e-18	2.65894e-16	7.47675e-15	1.82518e-13	3.84922e-12	6.97773e-11	1.08153e-09	1.42548e-08	1.58861e-07	1.48829e-06	1.16524e-05	7.57986e-05	0.000407333	0.00179864	0.0064942	0.0190934	0.0455625	0.0880558	0.137699	0.174291	0.178849	0.149197	0.101562	0.0566747	0.026062	0.0099328	0.00315671	0.000841976	0.000189791	3.645e-05	6.03796e-06	8.88744e-07	1.38133e-07	
POCUSC_Hylastes_sp	0	0	0	0	0	0	0	0	0	0	0	0	0	0	0	0	0	0	0	1	0	0	0	0	0	0	0	0	0	0	0	0	0	0	0	0	0	0	0	
N105	1.91155e-36	4.24549e-34	1.41495e-31	4.02669e-29	9.42928e-27	1.80018e-24	2.78217e-22	3.45755e-20	3.43255e-18	2.70482e-16	1.68114e-14	8.19189e-13	3.11135e-11	9.16011e-10	2.07961e-08	3.62318e-07	4.82271e-06	4.8846e-05	0.000375089	0.00217694	0.00952403	0.0313442	0.0774852	0.143767	0.200191	0.20935	0.16466	0.0976311	0.0437735	0.0148981	0.00386658	0.000769258	0.000118009	1.40513e-05	1.3087e-06	9.63352e-08	5.70552e-09	2.84931e-10	1.59191e-11	
N106	5.13145e-25	1.78173e-23	1.15458e-21	7.58561e-20	4.35531e-18	2.10918e-16	8.51372e-15	2.84513e-13	7.82981e-12	1.76617e-10	3.25157e-09	4.86663e-08	5.90011e-07	5.7746e-06	4.54816e-05	0.000287406	0.00145294	0.00585968	0.0188008	0.0478603	0.0964078	0.153271	0.191843	0.188625	0.145408	0.087759	0.0414344	0.0153033	0.00442527	0.00100377	0.00017911	2.52397e-05	2.82243e-06	2.51893e-07	1.80609e-08	1.04885e-09	5.00095e-11	2.05551e-12	1.03228e-13	
N107	5.63823e-20	1.12471e-18	4.7381e-17	1.88424e-15	6.47666e-14	1.89649e-12	4.69209e-11	9.72906e-10	1.67615e-08	2.37728e-07	2.74864e-06	2.56419e-05	0.000190965	0.00112322	0.00516385	0.0183804	0.050258	0.104996	0.167202	0.203162	0.189126	0.135774	0.0757919	0.0332037	0.0115266	0.00320163	0.000718281	0.000131342	1.97435e-05	2.4597e-06	2.55907e-07	2.23942e-08	1.65946e-09	1.04798e-10	5.67569e-12	2.65467e-13	1.08481e-14	4.02739e-16	1.86201e-17	
POCUSC_Dendroctonus_jeffreyi	0	0	0	0	0	0	0	0	0	0	0	0	0	0	0	0	0	1	0	0	0	0	0	0	0	0	0	0	0	0	0	0	0	0	0	0	0	0	0	
POCUSC_Dendroctonus_ponderosae	0	0	0	0	0	0	0	0	0	0	0	0	0	0	0	0	0	1	0	0	0	0	0	0	0	0	0	0	0	0	0	0	0	0	0	0	0	0	0	
N108	1.9987e-13	1.63705e-12	2.41511e-11	3.93845e-10	5.91783e-09	7.6079e-08	8.1231e-07	7.10993e-06	5.06816e-05	0.000293149	0.00137299	0.00520142	0.0159333	0.0394748	0.0791478	0.128548	0.16931	0.181055	0.157394	0.111365	0.0642111	0.0302053	0.0116059	0.00364694	0.000938448	0.000198052	3.43406e-05	4.9024e-06	5.77648e-07	5.6343e-08	4.56456e-09	3.08305e-10	1.74337e-11	8.29041e-13	3.33138e-14	1.13738e-15	3.32948e-17	8.67991e-19	2.80049e-20	
POCUSC_Dendroctonus_frontalis	0	0	0	0	0	0	0	0	0	1	0	0	0	0	0	0	0	0	0	0	0	0	0	0	0	0	0	0	0	0	0	0	0	0	0	0	0	0	0	
N109	5.64878e-09	2.78517e-08	2.47955e-07	2.39482e-06	2.06731e-05	0.00014723	0.000838083	0.00376402	0.0132672	0.0366391	0.0793117	0.134816	0.180448	0.190825	0.160042	0.106878	0.0570662	0.0244624	0.00845316	0.00236419	0.000537281	9.96018e-05	1.512e-05	1.88682e-06	1.94304e-07	1.65773e-08	1.17642e-09	6.97276e-11	3.46619e-12	1.45131e-13	5.14057e-15	1.54708e-16	3.97363e-18	8.74894e-20	1.65857e-21	2.71943e-23	3.87903e-25	4.93105e-27	7.68819e-29	
POCUSC_Dendroctonus_adjunctus	0	0	0	0	0	0	0	1	0	0	0	0	0	0	0	0	0	0	0	0	0	0	0	0	0	0	0	0	0	0	0	0	0	0	0	0	0	0	0	
N110	3.34424e-06	1.18382e-05	7.31555e-05	0.000462334	0.00246276	0.0102649	0.0325927	0.0781754	0.141566	0.194199	0.202929	0.162625	0.100687	0.0485279	0.018345	0.00547965	0.00130256	0.000248111	3.8122e-05	4.75526e-06	4.8455e-07	4.05779e-08	2.80916e-09	1.61694e-10	7.78168e-12	3.14843e-13	1.07667e-14	3.12828e-16	7.76205e-18	1.6529e-19	3.0353e-21	4.82911e-23	6.68645e-25	8.09235e-27	8.59647e-29	8.04796e-31	6.66828e-33	4.95766e-35	4.4677e-37	
POCUSC_Dendroctonus_approximatus	0	0	0	0	0	1	0	0	0	0	0	0	0	0	0	0	0	0	0	0	0	0	0	0	0	0	0	0	0	0	0	0	0	0	0	0	0	0	0	
POCUSC_Dendroctonus_brevicomis	0	0	0	0	0	1	0	0	0	0	0	0	0	0	0	0	0	0	0	0	0	0	0	0	0	0	0	0	0	0	0	0	0	0	0	0	0	0	0	
N111	3.56727e-37	7.60014e-35	2.41045e-32	6.62385e-30	1.5231e-27	2.9054e-25	4.56497e-23	5.86497e-21	6.11578e-19	5.13678e-17	3.4486e-15	1.83636e-13	7.69704e-12	2.52056e-10	6.40261e-09	1.25298e-07	1.8772e-06	2.14073e-05	0.00018488	0.00120397	0.00589127	0.0216032	0.0592633	0.121523	0.186296	0.213743	0.183909	0.119015	0.0581462	0.0215434	0.00608464	0.00131762	0.000220143	2.8571e-05	2.90197e-06	2.32816e-07	1.49943e-08	8.17392e-10	5.21623e-11	
N112	6.96695e-34	6.73469e-32	1.08912e-29	1.57303e-27	1.95603e-25	2.07929e-23	1.87889e-21	1.43489e-19	9.20527e-18	4.92971e-16	2.18944e-14	8.01e-13	2.39719e-11	5.82718e-10	1.14228e-08	1.79274e-07	2.23659e-06	2.20272e-05	0.00017012	0.00102399	0.00477723	0.0171923	0.0475468	0.100779	0.163464	0.202851	0.192784	0.140629	0.0790043	0.0343313	0.0115999	0.0030655	0.000637703	0.000105138	1.38372e-05	1.4655e-06	1.26604e-07	9.42467e-09	8.72439e-10	
N113	2.53761e-25	6.91666e-24	3.8799e-22	2.06031e-20	9.61929e-19	3.90721e-17	1.37293e-15	4.15061e-14	1.07344e-12	2.36081e-11	4.38804e-10	6.84893e-09	8.91803e-08	9.62311e-07	8.54811e-06	6.20999e-05	0.00036665	0.00174909	0.00670664	0.0205783	0.0503538	0.0980294	0.151663	0.186474	0.182426	0.142319	0.0888224	0.0445236	0.0180083	0.00590739	0.00158036	0.000346791	6.2794e-05	9.43935e-06	1.18533e-06	1.25224e-07	1.12762e-08	9.15712e-10	9.58733e-11	
POCUSC_Dendroctonus_valens	0	0	0	0	0	0	0	0	0	0	0	0	0	0	0	0	0	0	0	0	0	1	0	0	0	0	0	0	0	0	0	0	0	0	0	0	0	0	0	
POCUSC_Dendroctonus_terebrans	0	0	0	0	0	0	0	0	0	0	0	0	0	0	0	0	0	0	0	1	0	0	0	0	0	0	0	0	0	0	0	0	0	0	0	0	0	0	0	
N114	5.02914e-31	2.46458e-29	2.28764e-27	1.97422e-25	1.50027e-23	9.95935e-22	5.7464e-20	2.86736e-18	1.23084e-16	4.52023e-15	1.41204e-13	3.72941e-12	8.27604e-11	1.53313e-09	2.35515e-08	2.9799e-07	3.08433e-06	2.59391e-05	0.000176081	0.000958732	0.0041627	0.0143384	0.0390114	0.0835604	0.1406	0.185671	0.192503	0.156955	0.100921	0.0513733	0.0208022	0.00673711	0.00175569	0.000370538	6.37734e-05	9.02668e-06	1.06775e-06	1.12289e-07	1.47288e-08	
POCUSC_Dendroctonus_punctatus	0	0	0	0	0	0	0	0	0	0	0	0	0	0	0	0	0	0	0	0	0	0	0	0	0	1	0	0	0	0	0	0	0	0	0	0	0	0	0	
N115	2.78127e-37	3.85867e-35	8.69793e-33	1.77307e-30	3.16958e-28	4.93514e-26	6.65315e-24	7.71633e-22	7.64598e-20	6.4239e-18	4.53831e-16	2.67142e-14	1.29703e-12	5.13619e-11	1.63826e-09	4.15049e-08	8.22217e-07	1.25145e-05	0.000143499	0.00121301	0.00738363	0.0315899	0.0928607	0.184322	0.245301	0.220203	0.135534	0.0584535	0.0180813	0.00410337	0.000697676	9.05788e-05	9.13431e-06	7.26563e-07	4.62312e-08	2.38622e-09	1.01698e-10	3.7353e-12	1.60884e-13	
POCUSC_Dendroctonus_rufipennis	0	0	0	0	0	0	0	0	0	0	0	0	0	0	0	0	0	0	0	0	0	0	0	1	0	0	0	0	0	0	0	0	0	0	0	0	0	0	0	
POCUSC_Dendroctonus_murrayanae	0	0	0	0	0	0	0	0	0	0	0	0	0	0	0	0	0	0	0	0	0	0	0	1	0	0	0	0	0	0	0	0	0	0	0	0	0	0	0	
N116	1.207e-25	2.53339e-24	1.15367e-22	5.10752e-21	2.01933e-19	7.05079e-18	2.164e-16	5.81305e-15	1.3607e-13	2.76278e-12	4.84284e-11	7.29291e-10	9.38805e-09	1.02779e-07	9.52034e-07	7.42293e-06	4.84686e-05	0.00026373	0.00119021	0.00443568	0.0135978	0.0341745	0.0702276	0.117781	0.16105	0.179519	0.163251	0.121313	0.073844	0.0369357	0.0152377	0.00520681	0.00148048	0.00035201	7.03668e-05	1.19109e-05	1.7357e-06	2.33276e-07	4.00171e-08	
POCUSC_Dendroctonus_simplex	0	0	0	0	0	0	0	0	0	0	0	0	0	0	0	0	0	0	0	0	0	0	0	1	0	0	0	0	0	0	0	0	0	0	0	0	0	0	0	
POCUSC_Dendroctonus_pseudotsugae	0	0	0	0	0	0	0	0	0	0	0	0	0	0	0	0	0	0	0	0	0	0	0	1	0	0	0	0	0	0	0	0	0	0	0	0	0	0	0	
POCUSC_Hylurgops_sp	0	0	0	0	0	0	0	0	0	0	0	0	0	0	0	0	0	0	0	0	1	0	0	0	0	0	0	0	0	0	0	0	0	0	0	0	0	0	0	
N117	4.1935e-36	1.3959e-34	9.57481e-33	6.35278e-31	3.8178e-29	2.06338e-27	1.0003e-25	4.33985e-24	1.68123e-22	5.80204e-21	1.77961e-19	4.83994e-18	1.16439e-16	2.47212e-15	4.62099e-14	7.58709e-13	1.09166e-11	1.37335e-10	1.50729e-09	1.44014e-08	1.1954e-07	8.60342e-07	5.35901e-06	2.88417e-05	0.000133911	0.000535649	0.00184381	0.00545653	0.0138733	0.0302914	0.0567906	0.091443	0.126543	0.150711	0.154876	0.137988	0.107568	0.0746152	0.0472959	
N118	2.95697e-30	5.1494e-29	2.04289e-27	8.118e-26	2.94633e-24	9.66519e-23	2.85769e-21	7.59933e-20	1.81383e-18	3.87776e-17	7.41018e-16	1.26311e-14	1.91656e-13	2.58338e-12	3.08721e-11	3.2644e-10	3.04837e-09	2.50933e-08	1.81763e-07	1.15659e-06	6.45507e-06	3.15528e-05	0.000134901	0.000503884	0.00164264	0.00466974	0.0115693	0.0249693	0.0469364	0.0768498	0.109633	0.136347	0.147935	0.140133	0.115959	0.0838553	0.0530942	0.0298444	0.0158833	
N119	2.3737e-24	2.79016e-23	7.53403e-22	2.13479e-20	5.55304e-19	1.29665e-17	2.70321e-16	5.01743e-15	8.27157e-14	1.20836e-12	1.5607e-11	1.77824e-10	1.7835e-09	1.57129e-08	1.2136e-07	8.20175e-07	4.84158e-06	2.49238e-05	0.000111725	0.000435554	0.00147504	0.00433558	0.0110526	0.0244252	0.0467777	0.0776288	0.11164	0.139165	0.150419	0.141031	0.114747	0.0810435	0.0496935	0.0264489	0.012214	0.00489467	0.0017111	0.000539086	0.000180076	
POCUBR_Notaris_sp	0	0	0	0	0	0	0	0	0	0	0	0	0	0	0	0	0	0	0	0	0	0	0	1	0	0	0	0	0	0	0	0	0	0	0	0	0	0	0	
N120	6.75335e-20	8.42576e-19	2.20923e-17	5.92307e-16	1.42907e-14	3.00802e-13	5.46603e-12	8.5285e-11	1.13809e-09	1.29471e-08	1.2522e-07	1.02728e-06	7.13546e-06	4.19022e-05	0.000207792	0.000869338	0.003066	0.00910904	0.0227827	0.0479404	0.0848243	0.126142	0.157612	0.165456	0.145966	0.10829	0.0676367	0.0356234	0.0158548	0.00597824	0.00191541	0.000523207	0.000122294	2.45574e-05	4.25474e-06	6.39101e-07	8.38478e-08	9.88043e-09	1.30427e-09	
POCUSC_Scolytus_sp	0	0	0	0	0	0	0	0	0	1	0	0	0	0	0	0	0	0	0	0	0	0	0	0	0	0	0	0	0	0	0	0	0	0	0	0	0	0	0	
POCUBA_Metialma_sp	0	0	0	0	0	0	0	0	0	0	0	0	0	0	0	0	0	0	0	0	0	0	0	0	0	1	0	0	0	0	0	0	0	0	0	0	0	0	0	
N121	1.31222e-34	3.1959e-33	1.70101e-31	9.03368e-30	4.42056e-28	1.97422e-26	8.02231e-25	2.9589e-23	9.88133e-22	2.98019e-20	8.0958e-19	1.97544e-17	4.31726e-16	8.42553e-15	1.46383e-13	2.25681e-12	3.07736e-11	3.6988e-10	3.90505e-09	3.60851e-08	2.90798e-07	2.03626e-06	1.23445e-05	6.45583e-05	0.000290241	0.00111804	0.00367887	0.010312	0.0245668	0.0496545	0.0850536	0.12343	0.151866	0.158755	0.141584	0.108549	0.0725827	0.0435806	0.0248989	
POCUMO_Adexius_scrobipennis	0	0	0	0	0	0	0	0	0	0	0	0	0	0	0	0	0	0	0	0	0	0	0	0	0	0	0	0	0	1	0	0	0	0	0	0	0	0	0	
POCUCU_Cionus_sp	0	0	0	0	0	0	0	0	0	0	0	0	0	0	0	0	0	0	0	0	0	0	0	0	0	0	0	0	0	0	0	0	0	1	0	0	0	0	0	
N122	1.46727e-34	4.5067e-33	2.85125e-31	1.77315e-29	9.98121e-28	5.03222e-26	2.26541e-24	9.08581e-23	3.23936e-21	1.02443e-19	2.86733e-18	7.08747e-17	1.54373e-15	2.95646e-14	4.96774e-13	7.30827e-12	9.39372e-11	1.05282e-09	1.02687e-08	8.6998e-08	6.39097e-07	4.06408e-06	2.23368e-05	0.000105956	0.000433238	0.00152524	0.00461903	0.0120238	0.0268892	0.0516445	0.0851857	0.120707	0.147035	0.154169	0.139453	0.109271	0.0748257	0.0457545	0.0263312	
N123	1.54645e-24	1.73554e-23	4.30837e-22	1.14862e-20	2.86433e-19	6.46919e-18	1.3111e-16	2.37532e-15	3.83736e-14	5.5162e-13	7.04154e-12	7.96642e-11	7.97256e-10	7.04487e-09	5.48682e-08	3.76022e-07	2.26394e-06	1.19574e-05	5.53288e-05	0.000224016	0.000792797	0.0024502	0.00660805	0.0155424	0.031868	0.0569462	0.0886757	0.120336	0.142334	0.146782	0.132019	0.103599	0.0709509	0.0424166	0.022142	0.0101077	0.00406617	0.00149289	0.000576307	
POCUCE_Zacladus_geranii	0	0	0	0	0	0	0	0	0	0	0	0	0	0	0	0	0	0	0	0	0	1	0	0	0	0	0	0	0	0	0	0	0	0	0	0	0	0	0	
N124	3.57334e-21	2.88585e-20	5.17639e-19	1.04869e-17	2.01435e-16	3.51085e-15	5.48688e-14	7.65509e-13	9.50856e-12	1.04913e-10	1.02606e-09	8.87646e-09	6.77918e-08	4.56206e-07	2.70031e-06	1.4035e-05	6.39571e-05	0.000255178	0.000890321	0.00271358	0.00721865	0.0167491	0.0338797	0.0597267	0.091755	0.122844	0.143365	0.145904	0.129559	0.100447	0.0680512	0.0403269	0.0209294	0.00952953	0.00381734	0.00135303	0.000430847	0.000129649	4.39793e-05	
POCUCE_Nedyus_quadrimaculatus	0	0	0	0	0	0	0	0	0	0	0	0	0	0	0	0	0	0	0	0	0	1	0	0	0	0	0	0	0	0	0	0	0	0	0	0	0	0	0	
POCUCE_Rhinoncus_sp	0	0	0	0	0	0	0	0	0	0	0	0	0	0	0	0	0	1	0	0	0	0	0	0	0	0	0	0	0	0	0	0	0	0	0	0	0	0	0	
N125	1.5914e-27	1.77088e-26	4.66912e-25	1.3183e-23	3.47927e-22	8.39589e-21	1.84339e-19	3.67392e-18	6.63375e-17	1.08313e-15	1.59613e-14	2.11882e-13	2.52888e-12	2.70861e-11	2.59854e-10	2.22881e-09	1.70601e-08	1.16329e-07	7.05405e-07	3.79771e-06	1.81241e-05	7.65599e-05	0.000285869	0.000942356	0.00273946	0.00701623	0.0158195	0.0313818	0.0547517	0.084005	0.113369	0.134661	0.140949	0.130261	0.106634	0.0777349	0.0509649	0.0306774	0.0177083	
N126	1.77839e-26	3.07164e-25	1.20631e-23	4.70358e-22	1.66195e-20	5.26299e-19	1.48771e-17	3.74042e-16	8.33379e-15	1.63915e-13	2.83474e-12	4.29262e-11	5.66742e-10	6.4951e-09	6.43236e-08	5.47984e-07	3.99771e-06	2.48641e-05	0.000131282	0.000586127	0.0022049	0.0069678	0.0184545	0.040901	0.0758021	0.117493	0.152459	0.165905	0.151762	0.117032	0.0763231	0.0422324	0.0198913	0.00799751	0.00275123	0.000811364	0.000206168	4.67299e-05	1.17267e-05	
POCUMO_Acalles_camelus	0	0	0	0	0	0	0	0	0	0	0	0	0	0	0	0	0	0	0	0	0	0	0	1	0	0	0	0	0	0	0	0	0	0	0	0	0	0	0	
POCUMO_Acalles_echinatus	0	0	0	0	0	0	0	0	0	0	0	0	0	0	0	0	0	0	0	0	0	0	0	1	0	0	0	0	0	0	0	0	0	0	0	0	0	0	0	
POCUTY_Tychius_sp	0	0	0	0	0	0	0	0	0	0	0	0	0	0	0	0	0	0	0	0	0	0	0	0	0	0	0	0	0	0	1	0	0	0	0	0	0	0	0	
