NODE	7	8	9	10	11	12	13	14	15	16	17	18	19	20	21	22	23	24	25	26	27	28	29	30	31	32	33	34	
N1	0.301117	0.262047	0.196714	0.12598	0.0679775	0.0305146	0.0112609	0.00338143	0.000819456	0.000159304	2.47458e-05	3.06536e-06	3.0271e-07	2.38559e-08	1.50362e-09	7.60304e-11	3.09574e-12	1.0193e-13	1.30929e-17	1.93457e-18	2.58888e-19	3.14571e-20	3.47997e-21	3.51677e-22	3.2657e-23	2.82938e-24	2.40081e-25	2.51824e-26	
N2	0.224221	0.201924	0.171164	0.13602	0.100882	0.0695086	0.0442928	0.0259972	0.0140045	0.00690331	0.00310622	0.00127338	0.000474898	0.000160955	4.95415e-05	1.38428e-05	3.51086e-06	8.08319e-07	1.68988e-07	3.20948e-08	5.5409e-09	8.70208e-10	1.24454e-10	1.62391e-11	1.94443e-12	2.18973e-13	2.60353e-14	5.26517e-15	
N3	0.174473	0.16491	0.153001	0.137062	0.116354	0.0919923	0.0667883	0.0440605	0.0262164	0.0139992	0.00668731	0.00285224	0.00108512	0.000368107	0.000111363	3.00599e-05	7.24514e-06	1.56075e-06	3.00842e-07	5.19536e-08	8.0498e-09	1.12092e-09	1.40594e-10	1.59457e-11	1.65003e-12	1.59943e-13	1.59866e-14	2.53103e-15	
POCUBR_Notaris_sp	0	0	0	0	0	0	0	0	1	0	0	0	0	0	0	0	0	0	0	0	0	0	0	0	0	0	0	0	
N4	0.177476	0.169384	0.159075	0.143147	0.120158	0.092042	0.0633112	0.0386674	0.0208086	0.00981618	0.00404564	0.00145373	0.000454945	0.000123949	2.94044e-05	6.07764e-06	1.09553e-06	1.72432e-07	2.37328e-08	2.86103e-09	3.02631e-10	2.81412e-11	2.30508e-12	1.66698e-13	1.0681e-14	6.13951e-16	3.42934e-17	3.19532e-18	
N5	0.0920113	0.102514	0.12098	0.137269	0.14208	0.131022	0.106471	0.0757904	0.0470846	0.0254657	0.0119721	0.00488836	0.00173325	0.000533872	0.000142978	3.33362e-05	6.77785e-06	1.20402e-06	1.87272e-07	2.55636e-08	3.07009e-09	3.25218e-10	3.04687e-11	2.53216e-12	1.87553e-13	1.25737e-14	8.32968e-16	9.26354e-17	
POCUDR_Rhynchophorus_ferrugineus	0	0	0	0	0	0	0	0	0	0	1	0	0	0	0	0	0	0	0	0	0	0	0	0	0	0	0	0	
POCUDR_Cosmopolites_sordidus	0	0	1	0	0	0	0	0	0	0	0	0	0	0	0	0	0	0	0	0	0	0	0	0	0	0	0	0	
N6	0.223308	0.20318	0.174973	0.140833	0.104415	0.0703141	0.0424898	0.0228203	0.0108158	0.0045013	0.00163968	0.000521821	0.000144977	3.51658e-05	7.45238e-06	1.38146e-06	2.24355e-07	3.19803e-08	4.00936e-09	4.4307e-10	4.32592e-11	3.74053e-12	2.87144e-13	1.96201e-14	1.19752e-15	6.60482e-17	3.55792e-18	3.23935e-19	
POCUDR_Diocalandra_sp	0	0	0	1	0	0	0	0	0	0	0	0	0	0	0	0	0	0	0	0	0	0	0	0	0	0	0	0	
N7	0.301219	0.306261	0.237967	0.114285	0.0332791	0.00615533	0.000763368	6.65506e-05	4.23948e-06	2.03619e-07	7.56402e-09	2.21946e-10	5.23521e-12	1.00757e-13	1.60256e-15	2.1299e-17	2.3885e-19	2.27952e-21	1.86569e-23	1.31859e-25	8.09775e-28	4.34583e-30	2.04892e-32	8.53004e-35	3.15527e-37	1.05029e-39	3.29049e-42	1.29828e-44	
POCUDR_Sphenophorus_sp	0	0	1	0	0	0	0	0	0	0	0	0	0	0	0	0	0	0	0	0	0	0	0	0	0	0	0	0	
POCUDR_Metamasius_hemipterus	0	1	0	0	0	0	0	0	0	0	0	0	0	0	0	0	0	0	0	0	0	0	0	0	0	0	0	0	
N8	0.211167	0.191734	0.165287	0.134806	0.103601	0.0747061	0.0503331	0.0315594	0.0183496	0.00986295	0.0048882	0.00222923	0.000933958	0.000359051	0.000126558	4.08809e-05	1.20991e-05	3.28091e-06	8.15351e-07	1.85767e-07	3.88245e-08	7.44857e-09	1.31331e-09	2.13346e-10	3.21917e-11	4.6566e-12	7.33028e-13	1.93096e-13	
N9	0.154894	0.173669	0.194964	0.188479	0.144944	0.0859009	0.0389506	0.0135798	0.00367963	0.000785179	0.000133769	1.84402e-05	2.08279e-06	1.94985e-07	1.52896e-08	1.01382e-09	5.73378e-11	2.78754e-12	1.17321e-13	4.30233e-15	1.38284e-16	3.91719e-18	9.83254e-20	2.20039e-21	4.43071e-23	8.18566e-25	1.46437e-26	3.62558e-28	
POCUBR_Echinocnemus_sp	0	0	1	0	0	0	0	0	0	0	0	0	0	0	0	0	0	0	0	0	0	0	0	0	0	0	0	0	
POCUER_Tanysphyrus_lemnae	0	0	0	0	1	0	0	0	0	0	0	0	0	0	0	0	0	0	0	0	0	0	0	0	0	0	0	0	
POCUER_Procas_sp	0	0	0	0	1	0	0	0	0	0	0	0	0	0	0	0	0	0	0	0	0	0	0	0	0	0	0	0	
N10	0.30265	0.258164	0.194031	0.126119	0.0696443	0.0321571	0.0122464	0.00380356	0.000955091	0.000192701	3.1119e-05	4.01498e-06	4.13828e-07	3.41213e-08	2.25627e-09	1.20061e-10	5.16225e-12	1.80145e-13	5.12259e-15	1.19031e-16	2.26397e-18	3.53064e-20	4.53347e-22	4.86246e-24	4.61039e-26	4.7448e-28	7.91362e-30	3.17916e-31	
N11	0.273949	0.239394	0.189801	0.134562	0.0839475	0.045396	0.0210132	0.00824562	0.00272378	0.000753884	0.000174344	3.36459e-05	5.41822e-06	7.28747e-07	8.20011e-08	7.73689e-09	6.13756e-10	4.10612e-11	2.32438e-12	1.11719e-13	4.57558e-15	1.60269e-16	4.81877e-18	1.24838e-19	2.7989e-21	5.47972e-23	9.81964e-25	2.57359e-26	
N12	0.162623	0.157163	0.151217	0.140792	0.12322	0.0989665	0.0716553	0.0461792	0.0262563	0.0130902	0.00569852	0.0021601	0.000711736	0.000203649	5.05838e-05	1.09086e-05	2.04354e-06	3.32832e-07	4.71823e-08	5.82943e-09	6.28679e-10	5.92822e-11	4.89706e-12	3.55195e-13	2.2713e-14	1.29874e-15	7.20918e-17	6.57748e-18	
N13	0.1591	0.151995	0.14408	0.133249	0.117871	0.0978584	0.0750343	0.0524715	0.0331516	0.0187953	0.00951639	0.00428883	0.00171675	0.000609532	0.00019183	5.35046e-05	1.32288e-05	2.90094e-06	5.64683e-07	9.7672e-08	1.50312e-08	2.06145e-09	2.52509e-10	2.77348e-11	2.75776e-12	2.55569e-13	2.44744e-14	3.71192e-15	
N14	0.148964	0.143708	0.138633	0.13109	0.118827	0.101203	0.0797086	0.0573875	0.0374678	0.0220666	0.0116845	0.00555199	0.00236513	0.000903114	0.000309207	9.49916e-05	2.6211e-05	6.50388e-06	1.4533e-06	2.92876e-07	5.33172e-08	8.78347e-09	1.31215e-09	1.78319e-10	2.22134e-11	2.60562e-12	3.22617e-13	6.68821e-14	
POCUMO_Acalles_camelus	0	0	0	0	0	1	0	0	0	0	0	0	0	0	0	0	0	0	0	0	0	0	0	0	0	0	0	0	
POCUMO_Acalles_echinatus	0	0	0	0	1	0	0	0	0	0	0	0	0	0	0	0	0	0	0	0	0	0	0	0	0	0	0	0	
N15	0.135684	0.131805	0.128907	0.124447	0.116107	0.102787	0.0851287	0.0652767	0.0459984	0.0296284	0.0173779	0.00925627	0.00446902	0.00195341	0.000772433	0.000276234	8.93402e-05	2.61396e-05	6.92274e-06	1.66092e-06	3.61446e-07	7.14778e-08	1.28859e-08	2.13088e-09	3.27625e-10	4.84007e-11	7.53923e-12	1.74591e-12	
POCUCE_Zacladus_geranii	0	0	0	0	0	0	0	0	0	0	0	1	0	0	0	0	0	0	0	0	0	0	0	0	0	0	0	0	
N16	0.142838	0.150034	0.160787	0.161237	0.142947	0.108677	0.0697844	0.037592	0.0169558	0.00641047	0.0020375	0.000546681	0.000124424	2.41473e-05	4.01748e-06	5.76082e-07	7.15708e-08	7.74306e-09	7.33045e-10	6.10123e-11	4.48467e-12	2.92423e-13	1.6996e-14	8.85916e-16	4.18334e-17	1.8282e-18	7.87239e-20	5.03091e-21	
POCUCE_Nedyus_quadrimaculatus	0	0	1	0	0	0	0	0	0	0	0	0	0	0	0	0	0	0	0	0	0	0	0	0	0	0	0	0	
POCUCE_Rhinoncus_sp	0	0	0	0	0	1	0	0	0	0	0	0	0	0	0	0	0	0	0	0	0	0	0	0	0	0	0	0	
N17	0.100043	0.102823	0.110478	0.118667	0.122505	0.118167	0.104504	0.0836604	0.06009	0.0384801	0.0218701	0.0109961	0.00488017	0.00190899	0.000657641	0.000199457	5.3263e-05	1.25287e-05	2.59782e-06	4.75296e-07	7.6829e-08	1.09903e-08	1.3946e-09	1.57638e-10	1.6028e-11	1.50958e-12	1.46732e-13	2.322e-14	
N18	0.10669	0.109867	0.118411	0.127204	0.130042	0.122218	0.103231	0.0772831	0.0508689	0.0293082	0.0147498	0.0064803	0.00248667	0.000834391	0.000245239	6.32667e-05	1.43593e-05	2.87441e-06	5.08812e-07	7.9859e-08	1.1144e-08	1.38659e-09	1.54319e-10	1.54282e-11	1.39693e-12	1.1723e-13	1.00018e-14	1.38346e-15	
POCUMO_Ruteria_hypocrita	0	0	0	0	0	1	0	0	0	0	0	0	0	0	0	0	0	0	0	0	0	0	0	0	0	0	0	0	
N19	0.0183266	0.0400419	0.0926014	0.169467	0.226666	0.215258	0.143331	0.0666159	0.0217005	0.005028	0.000846495	0.000105993	1.00949e-05	7.46393e-07	4.36251e-08	2.04795e-09	7.8303e-11	2.46857e-12	6.48687e-14	1.43461e-15	2.69335e-17	4.32591e-19	5.98629e-21	7.18493e-23	7.53434e-25	6.99414e-27	6.02474e-29	7.00734e-31	
POCUCU_Cionus_sp	0	0	1	0	0	0	0	0	0	0	0	0	0	0	0	0	0	0	0	0	0	0	0	0	0	0	0	0	
POCUMO_Adexius_scrobipennis	0	0	0	0	0	0	0	1	0	0	0	0	0	0	0	0	0	0	0	0	0	0	0	0	0	0	0	0	
N20	0.0724414	0.0760652	0.0853804	0.0978532	0.109692	0.116429	0.114427	0.102583	0.0830528	0.0603167	0.0391147	0.0225799	0.0115797	0.00526891	0.00212565	0.000760165	0.000241006	6.77708e-05	1.69147e-05	3.75084e-06	7.40029e-07	1.30173e-07	2.04849e-08	2.90311e-09	3.75919e-10	4.60682e-11	5.88227e-12	1.11562e-12	
N21	0.0487408	0.0524457	0.0615152	0.0747322	0.0898727	0.103553	0.11184	0.111588	0.101864	0.0845237	0.0634721	0.0430097	0.0262485	0.0144112	0.00711353	0.00315632	0.00125906	0.000451713	0.000145852	4.24231e-05	1.11301e-05	2.63918e-06	5.67571e-07	1.1147e-07	2.03012e-08	3.55568e-09	6.59174e-10	1.78535e-10	
POCUBA_Metialma_sp	0	0	0	0	0	0	0	1	0	0	0	0	0	0	0	0	0	0	0	0	0	0	0	0	0	0	0	0	
POCUTY_Tychius_sp	0	0	0	0	0	0	0	0	0	0	0	0	0	1	0	0	0	0	0	0	0	0	0	0	0	0	0	0	
POCUSC_Scolytus_sp	0	0	0	0	0	0	0	0	0	1	0	0	0	0	0	0	0	0	0	0	0	0	0	0	0	0	0	0	
N22	0.282552	0.243903	0.189284	0.130895	0.0798523	0.0425428	0.0196118	0.00776137	0.00262049	0.000751366	0.000182393	3.74185e-05	6.48352e-06	9.49086e-07	1.17495e-07	1.23214e-08	1.09683e-09	8.30842e-11	5.37008e-12	2.97025e-13	1.41019e-14	5.76512e-16	2.03607e-17	6.2334e-19	1.6615e-20	3.89412e-22	8.44756e-24	2.74438e-25	
N23	0.272488	0.237886	0.188553	0.134121	0.0845211	0.0466109	0.0222563	0.00912409	0.00319125	0.000948168	0.000238681	5.08428e-05	9.16442e-06	1.39907e-06	1.81202e-07	1.99554e-08	1.87377e-09	1.50476e-10	1.03695e-11	6.15351e-13	3.15635e-14	1.40511e-15	5.45465e-17	1.85865e-18	5.61985e-20	1.54009e-21	4.01925e-23	1.40605e-24	
N24	0.255307	0.228247	0.188543	0.140793	0.0928682	0.053018	0.025776	0.010543	0.00359644	0.00101703	0.000237517	4.57158e-05	7.24728e-06	9.46774e-07	1.02071e-07	9.10078e-09	6.72915e-10	4.13922e-11	2.12552e-12	9.14553e-14	3.31002e-15	1.0117e-16	2.62187e-18	5.78461e-20	1.09119e-21	1.77176e-23	2.56885e-25	5.34724e-27	
N25	0.238458	0.213784	0.179044	0.138766	0.09844	0.0632115	0.0363716	0.018594	0.00838894	0.00332343	0.00115209	0.000348677	9.20158e-05	2.11654e-05	4.24439e-06	7.42603e-07	1.13487e-07	1.5171e-08	1.77703e-09	1.82724e-10	1.65267e-11	1.31759e-12	9.28004e-14	5.78976e-15	3.21487e-16	1.61429e-17	7.9502e-19	6.26945e-20	
N26	0.198983	0.184677	0.165204	0.140281	0.111244	0.0812312	0.054031	0.0324849	0.0175603	0.00850463	0.00368183	0.00142284	0.00049049	0.000150798	4.13562e-05	1.01225e-05	2.21293e-06	4.32518e-07	7.5665e-08	1.1863e-08	1.66922e-09	2.11118e-10	2.40461e-11	2.47377e-12	2.3154e-13	2.02184e-14	1.82295e-15	2.65715e-16	
N27	0.0859485	0.0905901	0.101604	0.11466	0.123944	0.124062	0.112641	0.091687	0.0664788	0.0427931	0.0244175	0.0123437	0.00552938	0.0021961	0.000774052	0.000242397	6.75311e-05	1.67626e-05	3.71306e-06	7.35214e-07	1.30364e-07	2.07382e-08	2.96573e-09	3.8231e-10	4.4696e-11	4.85315e-12	5.48586e-13	1.05312e-13	
POCUSC_Ips_latidens	0	0	0	0	0	0	0	0	1	0	0	0	0	0	0	0	0	0	0	0	0	0	0	0	0	0	0	0	
POCUSC_Ips_spinifer	0	0	0	0	0	0	1	0	0	0	0	0	0	0	0	0	0	0	0	0	0	0	0	0	0	0	0	0	
POCUSC_Orthotomicus_laricis	0	1	0	0	0	0	0	0	0	0	0	0	0	0	0	0	0	0	0	0	0	0	0	0	0	0	0	0	
N28	0.217652	0.196992	0.168654	0.135994	0.102761	0.072375	0.0472595	0.028469	0.0157516	0.00797486	0.00368343	0.00154842	0.000591398	0.000204981	6.44299e-05	1.83601e-05	4.74352e-06	1.11151e-06	2.36355e-07	4.56446e-08	8.01315e-09	1.28026e-09	1.86435e-10	2.48115e-11	3.04003e-12	3.52486e-13	4.33816e-14	8.91481e-15	
POCUSC_Orthotomicus_erosus	0	0	0	0	1	0	0	0	0	0	0	0	0	0	0	0	0	0	0	0	0	0	0	0	0	0	0	0	
POCUSC_Pityogenes_chalcographus	0	0	0	1	0	0	0	0	0	0	0	0	0	0	0	0	0	0	0	0	0	0	0	0	0	0	0	0	
N29	0.219007	0.205262	0.184081	0.151778	0.110703	0.069282	0.0363931	0.0158015	0.0056118	0.00161873	0.000377533	7.10106e-05	1.07598e-05	1.31356e-06	1.2934e-07	1.02912e-08	6.63371e-10	3.47477e-11	1.48418e-12	5.18908e-14	1.49115e-15	3.5373e-17	6.95938e-19	1.14142e-20	1.57033e-22	1.83135e-24	1.88733e-26	2.66977e-28	
N30	0.203003	0.189687	0.171209	0.145794	0.114109	0.080177	0.0496443	0.0267285	0.0124019	0.00493229	0.00167652	0.000486571	0.000120625	2.55794e-05	4.64956e-06	7.26317e-07	9.77922e-08	1.13846e-08	1.14975e-09	1.01084e-10	7.76522e-12	5.23392e-13	3.11126e-14	1.6431e-15	7.80437e-17	3.41621e-18	1.47035e-19	8.58451e-21	
N31	0.20198	0.186036	0.164511	0.138307	0.109235	0.0800514	0.0538129	0.0328592	0.0180828	0.00891511	0.00392085	0.00153387	0.00053285	0.000164245	4.49175e-05	1.0904e-05	2.35181e-06	4.51228e-07	7.7128e-08	1.17646e-08	1.60433e-09	1.96003e-10	2.15081e-11	2.12842e-12	1.91608e-13	1.60954e-14	1.38476e-15	1.88117e-16	
POCUSC_Ips_sexdentatus	0	0	0	0	0	0	1	0	0	0	0	0	0	0	0	0	0	0	0	0	0	0	0	0	0	0	0	0	
N32	0.205849	0.189816	0.167762	0.140176	0.109112	0.0780982	0.050884	0.0299572	0.015856	0.00751959	0.00318844	0.00120731	0.000408022	0.000123077	3.31489e-05	7.97781e-06	1.71731e-06	3.31044e-07	5.72253e-08	8.88396e-09	1.24062e-09	1.56104e-10	1.77307e-11	1.82198e-12	1.70162e-13	1.47179e-14	1.30709e-15	1.99912e-16	
POCUSC_Ips_emarginatus	0	1	0	0	0	0	0	0	0	0	0	0	0	0	0	0	0	0	0	0	0	0	0	0	0	0	0	0	
POCUSC_Ips_knausi	0	0	0	0	0	1	0	0	0	0	0	0	0	0	0	0	0	0	0	0	0	0	0	0	0	0	0	0	
POCUSC_Ips_acuminatus	0	0	0	0	0	0	0	0	0	0	1	0	0	0	0	0	0	0	0	0	0	0	0	0	0	0	0	0	
N33	0.206425	0.197368	0.182521	0.15533	0.116542	0.074774	0.0401967	0.0178583	0.00649598	0.00192248	0.00046102	8.93699e-05	1.39913e-05	1.76928e-06	1.80921e-07	1.49884e-08	1.00853e-09	5.52849e-11	2.4774e-12	9.10922e-14	2.75925e-15	6.91396e-17	1.43931e-18	2.50059e-20	3.64558e-22	4.50876e-24	4.95357e-26	7.30382e-28	
N34	0.0669977	0.0800886	0.103469	0.127668	0.142413	0.140661	0.121928	0.0923101	0.060848	0.034845	0.0173098	0.00745302	0.00278057	0.000899041	0.000252075	6.13485e-05	1.29764e-05	2.38917e-06	3.83572e-07	5.38044e-08	6.60884e-09	7.12676e-10	6.76948e-11	5.69239e-12	4.278e-13	2.93907e-14	1.99008e-15	2.04759e-16	
N35	0.145181	0.144485	0.145893	0.143161	0.131069	0.108567	0.0796962	0.0511714	0.0285096	0.0137182	0.00568661	0.00202863	0.00062276	0.000164625	3.75186e-05	7.38358e-06	1.25714e-06	1.85575e-07	2.38058e-08	2.66032e-09	2.59644e-10	2.21902e-11	1.66528e-12	1.10098e-13	6.44856e-15	3.40454e-16	1.75849e-17	1.43935e-18	
N36	0.19426	0.18398	0.169679	0.147805	0.117944	0.0840984	0.0526194	0.028532	0.0132979	0.00530009	0.00180132	0.000521403	0.000128537	2.70109e-05	4.84587e-06	7.43723e-07	9.78811e-08	1.10762e-08	1.08075e-09	9.12002e-11	6.67625e-12	4.25289e-13	2.3649e-14	1.15162e-15	4.92967e-17	1.87206e-18	6.70546e-20	3.88069e-21	
POCUSC_Ips_montanus	0	1	0	0	0	0	0	0	0	0	0	0	0	0	0	0	0	0	0	0	0	0	0	0	0	0	0	0	
N37	0.210817	0.198364	0.179893	0.151528	0.11413	0.0745097	0.0412427	0.0190874	0.00732924	0.00232733	0.000610988	0.000132846	2.39965e-05	3.61528e-06	4.56313e-07	4.84813e-08	4.3571e-09	3.32865e-10	2.17223e-11	1.21672e-12	5.8769e-14	2.45892e-15	8.95112e-17	2.84697e-18	7.94547e-20	1.95932e-21	4.46468e-23	1.58665e-24	
POCUSC_Ips_paraconfusus	0	0	0	1	0	0	0	0	0	0	0	0	0	0	0	0	0	0	0	0	0	0	0	0	0	0	0	0	
N38	0.113042	0.164923	0.22486	0.227709	0.160509	0.0770975	0.0251784	0.00566815	0.000899816	0.000103307	8.78878e-06	5.66401e-07	2.81971e-08	1.10316e-09	3.44349e-11	8.6917e-13	1.79523e-14	3.06671e-16	4.3744e-18	5.25559e-20	5.36052e-22	4.67522e-24	3.50976e-26	2.28183e-28	1.29217e-30	6.41687e-33	2.86504e-35	1.67789e-37	
POCUSC_Ips_confusus	0	1	0	0	0	0	0	0	0	0	0	0	0	0	0	0	0	0	0	0	0	0	0	0	0	0	0	0	
POCUSC_Ips_hoppingi	0	0	0	0	0	1	0	0	0	0	0	0	0	0	0	0	0	0	0	0	0	0	0	0	0	0	0	0	
POCUSC_Ips_lecontei	0	0	0	0	0	0	1	0	0	0	0	0	0	0	0	0	0	0	0	0	0	0	0	0	0	0	0	0	
N39	0.00176286	0.00287412	0.00587812	0.0122487	0.0239683	0.0426614	0.0681164	0.0969171	0.122454	0.137126	0.135934	0.119201	0.0924266	0.0633594	0.0384011	0.0205831	0.00976152	0.00409897	0.0015255	0.000503868	0.000147981	3.87497e-05	9.08526e-06	1.92062e-06	3.70805e-07	6.72655e-08	1.24939e-08	3.34172e-09	
POCUSC_Ips_cribricollis	0	0	0	0	0	0	0	0	0	0	0	0	0	0	0	0	0	0	0	0	1	0	0	0	0	0	0	0	
POCUSC_Ips_calligraphus	0	0	0	0	0	0	0	0	0	1	0	0	0	0	0	0	0	0	0	0	0	0	0	0	0	0	0	0	
N40	0.22237	0.207028	0.183593	0.149625	0.108371	0.0679786	0.0362624	0.0162443	0.00605899	0.00187125	0.00047692	0.000100152	1.73264e-05	2.47188e-06	2.91374e-07	2.84536e-08	2.30931e-09	1.56342e-10	8.86406e-12	4.22637e-13	1.70195e-14	5.81395e-16	1.69233e-17	4.21765e-19	9.05793e-21	1.70087e-22	2.95969e-24	7.24214e-26	
N41	0.245724	0.220435	0.184101	0.140845	0.0968894	0.0588705	0.0311135	0.0141309	0.00546593	0.0017894	0.000493794	0.000114601	2.23484e-05	3.66273e-06	5.05027e-07	5.8683e-08	5.75913e-09	4.78605e-10	3.37775e-11	2.03076e-12	1.04347e-13	4.59785e-15	1.74325e-16	5.70691e-18	1.61913e-19	4.00741e-21	9.04061e-23	3.12081e-24	
N42	0.228786	0.209193	0.18075	0.144341	0.104132	0.0665747	0.0371739	0.0179411	0.00743075	0.00262868	0.000791982	0.000202921	4.41996e-05	8.1887e-06	1.29195e-06	1.73892e-07	2.00114e-08	1.97401e-09	1.67384e-10	1.2237e-11	7.73738e-13	4.24498e-14	2.0276e-15	8.46363e-17	3.10467e-18	1.01507e-19	3.1488e-21	1.48183e-22	
N43	0.177827	0.174037	0.168405	0.153284	0.126048	0.0911777	0.0570543	0.0305557	0.0139071	0.0053542	0.00173853	0.000475345	0.000109385	2.11935e-05	3.46143e-06	4.77403e-07	5.57287e-08	5.52068e-09	4.65493e-10	3.35138e-11	2.06719e-12	1.09618e-13	5.01519e-15	1.98735e-16	6.8569e-18	2.08614e-19	5.93896e-21	2.55197e-22	
N44	0.131142	0.138031	0.149671	0.154368	0.143446	0.116403	0.0809899	0.0477597	0.0236872	0.00982978	0.00340189	0.000980025	0.000234847	4.68233e-05	7.77476e-06	1.07683e-06	1.24662e-07	1.20923e-08	9.85532e-10	6.76879e-11	3.93009e-12	1.93545e-13	8.11264e-15	2.90594e-16	8.95254e-18	2.41761e-19	6.26436e-21	2.76052e-22	
POCUSC_Ips_avulsus	0	0	0	0	1	0	0	0	0	0	0	0	0	0	0	0	0	0	0	0	0	0	0	0	0	0	0	0	
N45	0.124332	0.13233	0.145878	0.153142	0.144918	0.119886	0.0851883	0.0514212	0.0261728	0.0111779	0.00399322	0.00119125	0.000296598	6.16582e-05	1.07144e-05	1.55906e-06	1.90391e-07	1.95638e-08	1.69647e-09	1.24536e-10	7.76478e-12	4.12621e-13	1.8756e-14	7.32359e-16	2.4735e-17	7.37506e-19	2.11955e-20	9.24037e-22	
POCUSC_Orthotomicus_suturalis	0	0	0	1	0	0	0	0	0	0	0	0	0	0	0	0	0	0	0	0	0	0	0	0	0	0	0	0	
N46	1.34102e-08	1.99636e-07	3.33456e-06	4.43139e-05	0.000451221	0.00342098	0.0186705	0.0704395	0.175224	0.273251	0.256292	0.142788	0.0478385	0.0100439	0.00138967	0.00013282	9.12956e-06	4.66675e-07	1.82392e-08	5.57773e-10	1.36083e-11	2.69285e-13	4.38375e-15	5.94449e-17	6.79419e-19	6.64897e-21	5.84196e-23	6.80979e-25	
POCUSC_Ips_plastographus	0	0	0	0	0	0	0	0	0	1	0	0	0	0	0	0	0	0	0	0	0	0	0	0	0	0	0	0	
POCUSC_Ips_integer	0	0	0	0	0	0	0	0	0	0	0	1	0	0	0	0	0	0	0	0	0	0	0	0	0	0	0	0	
POCUSC_Ips_pini	0	0	0	1	0	0	0	0	0	0	0	0	0	0	0	0	0	0	0	0	0	0	0	0	0	0	0	0	
POCUSC_Ips_bonanseai	0	1	0	0	0	0	0	0	0	0	0	0	0	0	0	0	0	0	0	0	0	0	0	0	0	0	0	0	
N47	0.242024	0.216251	0.179931	0.138185	0.0969575	0.0615203	0.034973	0.0176738	0.00789091	0.00309825	0.00106634	0.000321054	8.44685e-05	1.94146e-05	3.8998e-06	6.85205e-07	1.05446e-07	1.42356e-08	1.68917e-09	1.7653e-10	1.62843e-11	1.32904e-12	9.62033e-14	6.19376e-15	3.56309e-16	1.85823e-17	9.49595e-19	7.93037e-20	
N48	0.194822	0.185299	0.171385	0.148756	0.117487	0.0826646	0.0511448	0.0276127	0.0129521	0.00526601	0.00185395	0.000565144	0.000149258	3.41931e-05	6.80535e-06	1.17898e-06	1.78175e-07	2.35452e-08	2.72753e-09	2.77705e-10	2.49179e-11	1.97578e-12	1.38823e-13	8.66792e-15	4.82724e-16	2.42405e-17	1.18121e-18	9.65977e-20	
N49	9.08295e-06	0.000136649	0.00195909	0.0183471	0.100956	0.285429	0.35142	0.190779	0.0450864	0.00547063	0.000389347	1.78327e-05	5.61312e-07	1.27433e-08	2.1649e-10	2.83284e-12	2.9224e-14	2.42273e-16	1.64011e-18	9.19084e-21	4.31364e-23	1.71306e-25	5.80835e-28	1.6952e-30	4.2937e-33	9.55863e-36	1.95042e-38	4.85938e-41	
POCUSC_Ips_perturbatus	0	0	0	0	0	1	0	0	0	0	0	0	0	0	0	0	0	0	0	0	0	0	0	0	0	0	0	0	
POCUSC_Ips_hunteri	0	0	0	0	0	0	0	1	0	0	0	0	0	0	0	0	0	0	0	0	0	0	0	0	0	0	0	0	
N50	0.203122	0.262526	0.281941	0.177502	0.0612074	0.0121093	0.00146938	0.000116177	6.29128e-06	2.42942e-07	6.9126e-09	1.48883e-10	2.48232e-12	3.26514e-14	3.4436e-16	2.95303e-18	2.08437e-20	1.22409e-22	6.0386e-25	2.52382e-27	9.00588e-30	2.76294e-32	7.33451e-35	1.69491e-37	3.4322e-40	6.16384e-43	1.02447e-45	2.08185e-48	
POCUSC_Ips_pilifrons	0	0	1	0	0	0	0	0	0	0	0	0	0	0	0	0	0	0	0	0	0	0	0	0	0	0	0	0	
N51	0.165455	0.268288	0.3296	0.184604	0.0460449	0.00562183	0.000370596	1.43139e-05	3.45856e-07	5.50934e-09	6.03708e-11	4.71235e-13	2.69752e-15	1.16058e-17	3.83259e-20	9.89225e-23	2.02749e-25	3.3461e-28	4.50194e-31	4.99269e-34	4.60945e-37	3.57465e-40	2.34757e-43	1.3153e-46	6.33002e-50	2.63311e-53	9.52952e-57	3.61594e-60	
POCUSC_Ips_tridens	0	0	1	0	0	0	0	0	0	0	0	0	0	0	0	0	0	0	0	0	0	0	0	0	0	0	0	0	
POCUSC_Ips_borealis	0	0	1	0	0	0	0	0	0	0	0	0	0	0	0	0	0	0	0	0	0	0	0	0	0	0	0	0	
POCUSC_Ips_woodi	0	0	1	0	0	0	0	0	0	0	0	0	0	0	0	0	0	0	0	0	0	0	0	0	0	0	0	0	
N52	0.209791	0.192704	0.169122	0.140035	0.107891	0.0763802	0.0491803	0.0285808	0.014908	0.00695264	0.00289174	0.00107095	0.000352894	0.000103444	2.69831e-05	6.26761e-06	1.2977e-06	2.398e-07	3.96061e-08	5.85603e-09	7.76466e-10	9.24924e-11	9.91721e-12	9.59317e-13	8.40808e-14	6.7938e-15	5.58933e-16	7.92308e-17	
N53	0.0787913	0.0992396	0.135524	0.169137	0.177191	0.150206	0.101523	0.0544768	0.0232392	0.00791826	0.00216941	0.000481672	8.73931e-05	1.30674e-05	1.62366e-06	1.68988e-07	1.48445e-08	1.10846e-09	7.08311e-11	3.89746e-12	1.85747e-13	7.70904e-15	2.80048e-16	8.94875e-18	2.52957e-19	6.39911e-21	1.53119e-22	5.61011e-24	
POCUSC_Orthotomicus_caelatus	0	0	0	1	0	0	0	0	0	0	0	0	0	0	0	0	0	0	0	0	0	0	0	0	0	0	0	0	
POCUSC_Ips_perroti	0	0	0	0	0	0	1	0	0	0	0	0	0	0	0	0	0	0	0	0	0	0	0	0	0	0	0	0	
POCUSC_Ips_typographus	0	0	1	0	0	0	0	0	0	0	0	0	0	0	0	0	0	0	0	0	0	0	0	0	0	0	0	0	
POCUSC_Pityogenes_hopkinsi_M	0	0	1	0	0	0	0	0	0	0	0	0	0	0	0	0	0	0	0	0	0	0	0	0	0	0	0	0	
N54	0.255949	0.224883	0.181447	0.134018	0.0903394	0.055415	0.030848	0.0155453	0.00707643	0.00290468	0.00107364	0.000357006	0.000106733	2.86841e-05	6.93026e-06	1.50592e-06	2.94498e-07	5.18758e-08	8.23954e-09	1.18146e-09	1.53147e-10	1.79756e-11	1.91482e-12	1.85876e-13	1.66062e-14	1.40557e-15	1.23928e-16	1.68064e-17	
N55	0.217272	0.196796	0.168697	0.136203	0.103001	0.0725414	0.0473214	0.0284547	0.0157074	0.0079337	0.00365727	0.00153575	0.000586648	0.000203682	6.42437e-05	1.84054e-05	4.79008e-06	1.13284e-06	2.4358e-07	4.76498e-08	8.48751e-09	1.37794e-09	2.04178e-10	2.76826e-11	3.45865e-12	4.08993e-13	5.1336e-14	1.08159e-14	
N56	0.221584	0.201074	0.172603	0.138911	0.103722	0.0711033	0.0443313	0.0249446	0.0125929	0.00567973	0.00228238	0.000815869	0.000259264	7.32458e-05	1.8408e-05	4.11959e-06	8.22063e-07	1.46498e-07	2.3355e-08	3.33691e-09	4.28108e-10	4.94156e-11	5.14245e-12	4.8365e-13	4.12985e-14	3.25868e-15	2.62051e-16	3.61686e-17	
POCUSC_Xylosandrus_germanus	0	0	0	1	0	0	0	0	0	0	0	0	0	0	0	0	0	0	0	0	0	0	0	0	0	0	0	0	
POCUSC_Xylosandrus_compactus	0	0	0	1	0	0	0	0	0	0	0	0	0	0	0	0	0	0	0	0	0	0	0	0	0	0	0	0	
POCUSC_Xyleborus_sp	0	0	0	0	0	1	0	0	0	0	0	0	0	0	0	0	0	0	0	0	0	0	0	0	0	0	0	0	
N57	0.195906	0.189767	0.179227	0.156302	0.120491	0.079884	0.0448812	0.0212299	0.00844316	0.00282803	0.000800641	0.000192483	3.95019e-05	6.95811e-06	1.05781e-06	1.39547e-07	1.60585e-08	1.62011e-09	1.43985e-10	1.13239e-11	7.91537e-13	4.9386e-14	2.76286e-15	1.39383e-16	6.40137e-18	2.73277e-19	1.15619e-20	7.36248e-22	
POCUSC_Dryocoetes_affaber	0	0	0	0	1	0	0	0	0	0	0	0	0	0	0	0	0	0	0	0	0	0	0	0	0	0	0	0	
POCUSC_Dryocoetes_autographus	0	0	1	0	0	0	0	0	0	0	0	0	0	0	0	0	0	0	0	0	0	0	0	0	0	0	0	0	
N58	0.2732	0.239664	0.191067	0.135898	0.0844602	0.044972	0.0201757	0.00752717	0.00231296	0.000581496	0.000119105	1.98301e-05	2.68173e-06	2.94723e-07	2.63608e-08	1.92317e-09	1.14768e-10	5.62073e-12	2.26733e-13	7.56267e-15	2.09433e-16	4.83554e-18	9.34824e-20	1.51982e-21	2.08772e-23	2.44088e-25	2.51636e-27	3.6244e-29	
N59	0.270012	0.237204	0.189885	0.136249	0.0859884	0.0468644	0.0217089	0.00843944	0.00272753	0.000728035	0.000159831	2.87965e-05	4.25522e-06	5.16028e-07	5.14376e-08	4.22435e-09	2.86666e-10	1.6128e-11	7.5504e-13	2.95277e-14	9.6853e-16	2.67559e-17	6.25163e-19	1.24113e-20	2.10639e-22	3.09847e-24	4.17726e-26	7.71641e-28	
N60	0.238291	0.215796	0.183218	0.142965	0.100321	0.0620737	0.0333273	0.0153358	0.00599325	0.00197627	0.000547439	0.000127033	2.46576e-05	4.00169e-06	5.432e-07	6.17383e-08	5.88454e-09	4.71302e-10	3.17928e-11	1.81105e-12	8.73628e-14	3.57947e-15	1.24962e-16	3.72969e-18	9.55654e-20	2.12069e-21	4.28485e-23	1.31389e-24	
N61	0.219493	0.200231	0.173333	0.140611	0.105394	0.0720305	0.0443919	0.0244588	0.0119715	0.00518192	0.00197761	0.000664141	0.000196061	5.08572e-05	1.15929e-05	2.32337e-06	4.09721e-07	6.36439e-08	8.71895e-09	1.05492e-09	1.12899e-10	1.07051e-11	9.00979e-13	6.74619e-14	4.51373e-15	2.74244e-16	1.6511e-17	1.64781e-18	
N62	0.227411	0.204474	0.172714	0.136417	0.100239	0.0681686	0.0426992	0.024531	0.0128812	0.00616524	0.00268412	0.0010614	0.000380864	0.000123955	3.65848e-05	9.79384e-06	2.37904e-06	5.24708e-07	1.05159e-07	1.91692e-08	3.18177e-09	4.81544e-10	6.6586e-11	8.44589e-12	9.93048e-13	1.11744e-13	1.33658e-14	2.51752e-15	
POCUSC_Crypturgus_pusillus	0	1	0	0	0	0	0	0	0	0	0	0	0	0	0	0	0	0	0	0	0	0	0	0	0	0	0	0	
POCUCU_Rhynchaenus_sp	0	0	1	0	0	0	0	0	0	0	0	0	0	0	0	0	0	0	0	0	0	0	0	0	0	0	0	0	
N63	0.161203	0.155593	0.149216	0.138293	0.120728	0.0974375	0.0718307	0.0480102	0.0289611	0.0157224	0.00766773	0.00335555	0.00131681	0.000463243	0.000146087	4.13067e-05	1.04767e-05	2.38497e-06	4.87672e-07	8.96517e-08	1.48336e-08	2.21191e-09	2.97817e-10	3.63355e-11	4.05319e-12	4.25106e-13	4.64086e-14	8.05527e-15	
N64	0.00707825	0.0104153	0.0188426	0.0346298	0.059075	0.0901301	0.121084	0.142238	0.1456	0.129647	0.100338	0.0674807	0.0394496	0.0200618	0.0088849	0.00343182	0.00115812	0.000342153	8.86952e-05	2.02229e-05	4.06595e-06	7.22804e-07	1.13942e-07	1.59871e-08	2.01158e-09	2.32962e-10	2.78785e-11	5.56511e-12	
POCUEN_Tanymecus_sp	0	0	0	0	0	0	0	0	0	0	0	0	1	0	0	0	0	0	0	0	0	0	0	0	0	0	0	0	
POCUSC_Polygraphus_grandiclava	0	0	0	0	0	0	0	1	0	0	0	0	0	0	0	0	0	0	0	0	0	0	0	0	0	0	0	0	
N65	0.20633	0.189282	0.1661	0.138179	0.107797	0.0779827	0.0517753	0.0312731	0.0170659	0.00837075	0.00367729	0.00144362	0.000505854	0.000158162	4.41383e-05	1.10028e-05	2.45278e-06	4.8966e-07	8.76814e-08	1.41074e-08	2.0432e-09	2.66891e-10	3.15077e-11	3.37088e-12	3.28692e-13	2.98361e-14	2.79764e-15	4.46255e-16	
POCUSC_Polygraphus_poligraphus_M	0	0	0	1	0	0	0	0	0	0	0	0	0	0	0	0	0	0	0	0	0	0	0	0	0	0	0	0	
POCUCU_Anthonomus_sp	0	0	0	1	0	0	0	0	0	0	0	0	0	0	0	0	0	0	0	0	0	0	0	0	0	0	0	0	
N66	0.22203	0.204288	0.178663	0.145137	0.106935	0.0700345	0.0401472	0.0199192	0.00848565	0.00308656	0.000955024	0.000250783	5.58225e-05	1.053e-05	1.68404e-06	2.28584e-07	2.63738e-08	2.59169e-09	2.17402e-10	1.5607e-11	9.61553e-13	5.09972e-14	2.33622e-15	9.28262e-17	3.22072e-18	9.93765e-20	2.94042e-21	1.28244e-22	
N67	0.225989	0.204301	0.17412	0.138745	0.102347	0.0691735	0.0424227	0.0234078	0.0115394	0.00505453	0.00195919	0.00067009	0.000201868	5.35153e-05	1.24818e-05	2.56232e-06	4.6336e-07	7.39046e-08	1.04127e-08	1.29831e-09	1.43553e-10	1.41095e-11	1.23657e-12	9.70941e-14	6.89293e-15	4.52156e-16	2.94677e-17	2.94351e-18	
POCUSC_Hylurgops_sp	0	0	0	0	1	0	0	0	0	0	0	0	0	0	0	0	0	0	0	0	0	0	0	0	0	0	0	0	
N68	0.213674	0.196921	0.173398	0.143272	0.108905	0.0747999	0.0457451	0.0246314	0.0115806	0.00472629	0.00166782	0.000507677	0.000133149	3.00846e-05	5.85985e-06	9.85198e-07	1.43226e-07	1.80431e-08	1.97443e-09	1.88172e-10	1.56627e-11	1.14198e-12	7.31771e-14	4.13888e-15	2.08224e-16	9.507e-18	4.24174e-19	2.85655e-20	
POCUSC_Hylastes_sp	0	0	0	1	0	0	0	0	0	0	0	0	0	0	0	0	0	0	0	0	0	0	0	0	0	0	0	0	
N69	0.189888	0.18136	0.16976	0.15038	0.121522	0.0868262	0.053565	0.0280548	0.0123312	0.00451398	0.00136968	0.000343605	7.1199e-05	1.21896e-05	1.72648e-06	2.02704e-07	1.978e-08	1.60905e-09	1.09486e-10	6.25399e-12	3.01028e-13	1.22572e-14	4.23856e-16	1.24973e-17	3.15489e-19	6.86135e-21	1.33583e-22	3.89101e-24	
N70	0.150454	0.15009	0.151894	0.148702	0.13444	0.108178	0.0754355	0.0447628	0.0223331	0.0092986	0.00321717	0.000923192	0.000219679	4.33944e-05	7.13017e-06	9.77158e-07	1.12054e-07	1.07906e-08	8.75976e-10	6.01882e-11	3.51477e-12	1.75178e-13	7.48436e-15	2.7547e-16	8.79839e-18	2.4797e-19	6.54802e-21	2.48961e-22	
POCUSC_Dendroctonus_frontalis	0	0	0	0	0	0	1	0	0	0	0	0	0	0	0	0	0	0	0	0	0	0	0	0	0	0	0	0	
N71	0.127229	0.131595	0.141533	0.148511	0.143311	0.121735	0.0884054	0.0538725	0.0272273	0.0113318	0.00386801	0.00108079	0.000247116	4.62714e-05	7.10731e-06	8.9764e-07	9.34878e-08	8.05541e-09	5.76307e-10	3.43638e-11	1.71452e-12	7.18679e-14	2.5413e-15	7.6121e-17	1.93987e-18	4.23413e-20	8.237e-22	2.38296e-23	
N72	0.109165	0.115126	0.127658	0.139021	0.140643	0.127328	0.100738	0.0686182	0.0398665	0.0196448	0.00818501	0.00287999	0.000855907	0.000215097	4.57997e-05	8.28343e-06	1.27633e-06	1.68091e-07	1.89873e-08	1.84627e-09	1.55113e-10	1.13019e-11	7.16934e-13	3.97651e-14	1.94141e-15	8.50142e-17	3.6246e-18	2.37258e-19	
POCUSC_Dendroctonus_jeffreyi	0	0	0	1	0	0	0	0	0	0	0	0	0	0	0	0	0	0	0	0	0	0	0	0	0	0	0	0	
POCUSC_Dendroctonus_ponderosae	0	0	0	0	0	0	0	0	0	1	0	0	0	0	0	0	0	0	0	0	0	0	0	0	0	0	0	0	
N73	0.109153	0.119076	0.136732	0.150508	0.149337	0.129039	0.0952387	0.0593674	0.0310469	0.0135698	0.00494795	0.00150459	0.000381834	8.10025e-05	1.43975e-05	2.15019e-06	2.7069e-07	2.88287e-08	2.6072e-09	2.01014e-10	1.32657e-11	7.52391e-13	3.68241e-14	1.56156e-15	5.76301e-17	1.86711e-18	5.60999e-20	2.66014e-21	
POCUSC_Dendroctonus_adjunctus	0	1	0	0	0	0	0	0	0	0	0	0	0	0	0	0	0	0	0	0	0	0	0	0	0	0	0	0	
N74	0.0273543	0.0406494	0.0681314	0.106355	0.144667	0.166798	0.160537	0.127758	0.0835744	0.0447918	0.0196418	0.00704887	0.00207328	0.000501072	9.9846e-05	1.64714e-05	2.25999e-06	2.59196e-07	2.49786e-08	2.0335e-09	1.406e-10	8.30042e-12	4.20582e-13	1.83848e-14	6.97043e-16	2.31405e-17	7.11095e-19	3.45332e-20	
POCUSC_Dendroctonus_approximatus	0	0	0	0	0	0	0	0	0	0	0	1	0	0	0	0	0	0	0	0	0	0	0	0	0	0	0	0	
POCUSC_Dendroctonus_brevicomis	0	0	0	1	0	0	0	0	0	0	0	0	0	0	0	0	0	0	0	0	0	0	0	0	0	0	0	0	
N75	0.175006	0.17122	0.166603	0.153826	0.128824	0.0944348	0.059061	0.0309616	0.0134459	0.00480123	0.00140354	0.00033521	6.53847e-05	1.04256e-05	1.36148e-06	1.45992e-07	1.2895e-08	9.41507e-10	5.70432e-11	2.87948e-12	1.21609e-13	4.31525e-15	1.29209e-16	3.27857e-18	7.08102e-20	1.30996e-21	2.15141e-23	5.14199e-25	
N76	0.183531	0.175118	0.164127	0.146639	0.121029	0.0898741	0.0588895	0.0336043	0.0165614	0.00701519	0.00254778	0.000792757	0.000211434	4.83993e-05	9.52754e-06	1.61677e-06	2.37152e-07	3.01587e-08	3.33552e-09	3.21868e-10	2.71881e-11	2.01697e-12	1.31854e-13	7.62298e-15	3.91858e-16	1.81948e-17	8.2602e-19	5.99481e-20	
POCUSC_Dendroctonus_simplex	0	0	0	0	0	0	1	0	0	0	0	0	0	0	0	0	0	0	0	0	0	0	0	0	0	0	0	0	
POCUSC_Dendroctonus_pseudotsugae	0	1	0	0	0	0	0	0	0	0	0	0	0	0	0	0	0	0	0	0	0	0	0	0	0	0	0	0	
N77	0.151927	0.154063	0.158525	0.155377	0.137684	0.106411	0.0700613	0.0386991	0.0177567	0.00672673	0.00209671	0.000536962	0.000112992	1.95599e-05	2.7912e-06	3.29228e-07	3.22008e-08	2.62086e-09	1.78191e-10	1.01607e-11	4.87914e-13	1.9813e-14	6.83224e-16	2.00916e-17	5.06159e-19	1.10141e-20	2.16982e-22	6.32572e-24	
N78	0.170044	0.168002	0.165608	0.154437	0.130118	0.0959332	0.0606733	0.0325343	0.0146961	0.00557492	0.00177448	0.000474211	0.000106578	2.01937e-05	3.23531e-06	4.39785e-07	5.09074e-08	5.03742e-09	4.27802e-10	3.1306e-11	1.98202e-12	1.08996e-13	5.22693e-15	2.19431e-16	8.09749e-18	2.64747e-19	8.09234e-21	3.97437e-22	
POCUSC_Dendroctonus_punctatus	0	1	0	0	0	0	0	0	0	0	0	0	0	0	0	0	0	0	0	0	0	0	0	0	0	0	0	0	
N79	0.032625	0.0527551	0.0988041	0.161428	0.205698	0.196721	0.13945	0.0732043	0.0286263	0.00842349	0.00188846	0.000326897	4.42818e-05	4.75525e-06	4.09789e-07	2.86633e-08	1.64452e-09	7.81463e-11	3.10316e-12	1.03822e-13	2.94884e-15	7.1601e-17	1.49588e-18	2.70513e-20	4.25898e-22	5.88215e-24	7.38065e-26	1.34206e-27	
POCUSC_Dendroctonus_rufipennis	0	0	0	0	0	1	0	0	0	0	0	0	0	0	0	0	0	0	0	0	0	0	0	0	0	0	0	0	
POCUSC_Dendroctonus_murrayanae	0	0	0	0	0	1	0	0	0	0	0	0	0	0	0	0	0	0	0	0	0	0	0	0	0	0	0	0	
N80	0.0591702	0.0750009	0.102901	0.132036	0.15008	0.148406	0.126708	0.0929984	0.0584991	0.0314694	0.0144575	0.00566869	0.00189695	0.000542104	0.000132455	2.77153e-05	4.97655e-06	7.68649e-07	1.02395e-07	1.17988e-08	1.17961e-09	1.02654e-10	7.80245e-12	5.19999e-13	3.05727e-14	1.61236e-15	8.24379e-17	6.71113e-18	
POCUSC_Dendroctonus_valens	0	1	0	0	0	0	0	0	0	0	0	0	0	0	0	0	0	0	0	0	0	0	0	0	0	0	0	0	
POCUSC_Dendroctonus_terebrans	0	0	0	0	0	0	0	0	0	0	0	0	0	1	0	0	0	0	0	0	0	0	0	0	0	0	0	0	
N81	0.14691	0.144784	0.143636	0.138189	0.124913	0.103881	0.0784934	0.0535018	0.0327574	0.0179703	0.00881951	0.00386908	0.00151667	0.000531264	0.000166357	4.66009e-05	1.16901e-05	2.62963e-06	5.31337e-07	9.66428e-08	1.58657e-08	2.35894e-09	3.19048e-10	3.94824e-11	4.50832e-12	4.8279e-13	5.12341e-14	7.46045e-15	
N82	0.183909	0.170893	0.154009	0.133567	0.110419	0.0861492	0.0628405	0.0425048	0.0264778	0.0151084	0.0078639	0.00372229	0.00159879	0.000622244	0.000219254	6.99182e-05	2.01786e-05	5.27209e-06	1.24767e-06	2.67649e-07	5.20928e-08	9.20927e-09	1.48106e-09	2.17288e-10	2.93065e-11	3.7383e-12	5.07379e-13	1.14846e-13	
N83	0.17512	0.16919	0.161413	0.146609	0.122789	0.0927382	0.062281	0.0368758	0.0191517	0.00869971	0.00345162	0.00119567	0.000361791	9.57209e-05	2.21769e-05	4.50746e-06	8.05386e-07	1.26796e-07	1.7631e-08	2.1707e-09	2.37237e-10	2.30755e-11	2.00308e-12	1.5569e-13	1.09005e-14	7.00637e-16	4.51469e-17	4.7517e-18	
POCUSC_Cryphalus_abietis	0	0	0	0	0	0	1	0	0	0	0	0	0	0	0	0	0	0	0	0	0	0	0	0	0	0	0	0	
N84	0.246756	0.23182	0.202189	0.152436	0.0944258	0.0467498	0.0182871	0.00564168	0.00137795	0.000268298	4.1996e-05	5.33222e-06	5.54156e-07	4.75529e-08	3.39746e-09	2.03685e-10	1.03221e-11	4.45182e-13	1.64446e-14	5.23345e-16	1.44286e-17	3.46385e-19	7.276e-21	1.34349e-22	2.19174e-24	3.1894e-26	4.32844e-28	8.52053e-30	
POCUSC_Phloeotribus_sp	0	0	0	1	0	0	0	0	0	0	0	0	0	0	0	0	0	0	0	0	0	0	0	0	0	0	0	0	
POCUMO_Lepyrus_sp	0	1	0	0	0	0	0	0	0	0	0	0	0	0	0	0	0	0	0	0	0	0	0	0	0	0	0	0	
POCUSC_Trypodendron_lineatum	0	0	0	0	1	0	0	0	0	0	0	0	0	0	0	0	0	0	0	0	0	0	0	0	0	0	0	0	
POCUCO_Telephae_sp	0	0	0	0	0	0	0	0	0	0	0	0	0	0	0	0	0	1	0	0	0	0	0	0	0	0	0	0	
N85	0.215121	0.195464	0.168507	0.136983	0.104248	0.0737143	0.0480885	0.0287619	0.0156894	0.00777279	0.0034859	0.00141178	0.000515459	0.000169478	5.01489e-05	1.33523e-05	3.19938e-06	6.90206e-07	1.34148e-07	2.35104e-08	3.71919e-09	5.31712e-10	6.88034e-11	8.07923e-12	8.66781e-13	8.71253e-14	9.13724e-15	1.5871e-15	
N86	0.184226	0.175173	0.163224	0.145021	0.119475	0.0891726	0.0592603	0.0346381	0.0176598	0.00781068	0.00298685	0.000985783	0.000280622	6.89201e-05	1.46168e-05	2.68077e-06	4.2595e-07	5.87575e-08	7.05313e-09	7.38567e-10	6.76416e-11	5.4328e-12	3.83763e-13	2.39233e-14	1.32373e-15	6.60914e-17	3.20929e-18	2.46421e-19	
N87	0.188316	0.178381	0.165055	0.145279	0.118344	0.0871873	0.0571001	0.0328449	0.0164618	0.00715319	0.00268734	0.000871817	0.000244229	5.9129e-05	1.23902e-05	2.25151e-06	3.55621e-07	4.89463e-08	5.88642e-09	6.20314e-10	5.7446e-11	4.68888e-12	3.38316e-13	2.16439e-14	1.23249e-15	6.31675e-17	3.13855e-18	2.61713e-19	
POCUMO_Magdalis_sp	0	0	1	0	0	0	0	0	0	0	0	0	0	0	0	0	0	0	0	0	0	0	0	0	0	0	0	0	
POCUCU_Dorytomus_sp	0	0	0	0	0	1	0	0	0	0	0	0	0	0	0	0	0	0	0	0	0	0	0	0	0	0	0	0	
N88	0.148704	0.149655	0.152769	0.149757	0.13463	0.107521	0.0747386	0.0446356	0.0227204	0.00981059	0.00358482	0.00110764	0.000289525	6.41076e-05	1.20488e-05	1.92694e-06	2.62984e-07	3.07236e-08	3.08259e-09	2.66519e-10	1.99251e-11	1.2925e-12	7.30001e-14	3.60256e-15	1.56008e-16	5.98937e-18	2.1701e-19	1.25944e-20	
N89	0.0661386	0.0821218	0.114057	0.150665	0.171843	0.161608	0.122768	0.0746852	0.0362843	0.0140862	0.00438171	0.00109663	0.000221955	3.65379e-05	4.92212e-06	5.46044e-07	5.02029e-08	3.84941e-09	2.4769e-10	1.34548e-11	6.20623e-13	2.44444e-14	8.26523e-16	2.41151e-17	6.10287e-19	1.35068e-20	2.73777e-22	8.41358e-24	
N90	0.0330826	0.0563124	0.113322	0.19334	0.238821	0.200135	0.111416	0.0412667	0.0103047	0.00176779	0.000212736	1.83381e-05	1.15519e-06	5.41804e-08	1.92472e-09	5.26079e-11	1.12231e-12	1.89334e-14	2.55618e-16	2.79226e-18	2.49276e-20	1.8356e-22	1.12448e-24	5.77598e-27	2.50606e-29	9.25582e-32	2.97904e-34	1.20672e-36	
POCUEN_Scepticus_griseus	0	0	0	0	1	0	0	0	0	0	0	0	0	0	0	0	0	0	0	0	0	0	0	0	0	0	0	0	
N91	0.0284122	0.0510561	0.110857	0.199825	0.250992	0.20551	0.107709	0.036318	0.00801095	0.00118162	0.000119346	8.451e-06	4.29059e-07	1.5948e-08	4.42407e-10	9.3216e-12	1.51589e-13	1.9306e-15	1.95138e-17	1.58451e-19	1.04515e-21	5.65736e-24	2.53671e-26	9.50361e-29	2.99862e-31	8.0281e-34	1.84726e-36	5.05389e-39	
POCUEN_Scepticus_insularis	0	0	0	0	1	0	0	0	0	0	0	0	0	0	0	0	0	0	0	0	0	0	0	0	0	0	0	0	
POCUCU_Curculio_distinguendus	0	0	0	0	1	0	0	0	0	0	0	0	0	0	0	0	0	0	0	0	0	0	0	0	0	0	0	0	
POCUCU_Curculio_nucum_M	0	0	0	0	0	0	0	1	0	0	0	0	0	0	0	0	0	0	0	0	0	0	0	0	0	0	0	0	
POCUCU_Curculio_dentipes	0	0	0	0	1	0	0	0	0	0	0	0	0	0	0	0	0	0	0	0	0	0	0	0	0	0	0	0	
N92	0.111802	0.115245	0.123335	0.129916	0.129192	0.118129	0.0977749	0.0725746	0.0480321	0.0282443	0.0147256	0.00679969	0.0027799	0.00100645	0.000322893	9.18883e-05	2.32243e-05	5.22085e-06	1.04559e-06	1.86877e-07	2.98626e-08	4.27486e-09	5.49382e-10	6.35728e-11	6.66768e-12	6.49124e-13	6.52939e-14	1.09442e-14	
N93	0.027717	0.0414749	0.0693139	0.10711	0.144147	0.165009	0.158523	0.126668	0.0836822	0.0455369	0.02037	0.00748597	0.00226119	0.000562139	0.000115256	1.95403e-05	2.74781e-06	3.21605e-07	3.14451e-08	2.57862e-09	1.78077e-10	1.04003e-11	5.15923e-13	2.18388e-14	7.93448e-16	2.50865e-17	7.39299e-19	3.29583e-20	
POCUMO_Pissodes_schwarzi_M	0	0	0	0	1	0	0	0	0	0	0	0	0	0	0	0	0	0	0	0	0	0	0	0	0	0	0	0	
N94	0.0160985	0.0280151	0.0536958	0.0922642	0.135498	0.167043	0.170872	0.143803	0.0989686	0.0554781	0.0252708	0.0093439	0.00280434	0.000683672	0.000135572	2.1908e-05	2.89154e-06	3.12524e-07	2.77415e-08	2.02893e-09	1.22696e-10	6.15977e-12	2.57968e-13	9.07289e-15	2.71007e-16	7.03056e-18	1.67165e-19	5.13978e-21	
POCUBA_Limnobaris_sp	0	0	0	0	0	0	0	0	0	0	0	0	0	0	0	0	0	0	0	1	0	0	0	0	0	0	0	0	
N95	0.040019	0.0597047	0.0961182	0.1381	0.168003	0.169969	0.141605	0.0965097	0.0535705	0.0241558	0.008839	0.00262522	0.000633656	0.000124557	1.99939e-05	2.62947e-06	2.84375e-07	2.53936e-08	1.88035e-09	1.15986e-10	5.98762e-12	2.5994e-13	9.5366e-15	2.97167e-16	7.9072e-18	1.81101e-19	3.72607e-21	1.15828e-22	
POCUMO_Pissodes_nemorensis	0	0	1	0	0	0	0	0	0	0	0	0	0	0	0	0	0	0	0	0	0	0	0	0	0	0	0	0	
POCUMO_Pissodes_strobi	0	1	0	0	0	0	0	0	0	0	0	0	0	0	0	0	0	0	0	0	0	0	0	0	0	0	0	0	
N96	4.78717e-10	2.23922e-07	6.71694e-05	0.0100299	0.502094	0.479058	0.00869692	5.26661e-05	1.57481e-07	2.77753e-10	3.20086e-13	2.57566e-16	1.51592e-19	6.75213e-23	2.33601e-26	6.40655e-30	1.41571e-33	2.55442e-37	3.80475e-41	4.721e-45	4.91751e-49	4.32824e-53	3.23821e-57	2.07218e-61	1.14444e-65	5.55925e-70	2.4872e-74	1.14585e-78	
POCUMO_Hylobius_piceus	0	0	0	0	0	1	0	0	0	0	0	0	0	0	0	0	0	0	0	0	0	0	0	0	0	0	0	0	
POCUMO_Hylobius_abietis	0	0	0	0	1	0	0	0	0	0	0	0	0	0	0	0	0	0	0	0	0	0	0	0	0	0	0	0	
N97	0.188268	0.182104	0.172451	0.152576	0.121538	0.0851651	0.051799	0.0271366	0.0121893	0.00468156	0.00153492	0.00042925	0.000102376	2.08307e-05	3.61904e-06	5.37524e-07	6.83588e-08	7.4574e-09	6.99329e-10	5.65026e-11	3.94282e-12	2.38238e-13	1.24981e-14	5.70907e-16	2.27959e-17	8.03831e-19	2.65862e-20	1.37651e-21	
N98	0.0537691	0.0635079	0.0828747	0.1069	0.128131	0.1384	0.13248	0.111227	0.0813471	0.0515846	0.0282749	0.0133704	0.00544874	0.00191297	0.000578723	0.000150964	3.39914e-05	6.61511e-06	1.11447e-06	1.62835e-07	2.06746e-08	2.286e-09	2.20647e-10	1.86447e-11	1.38602e-12	9.21302e-14	5.98599e-15	6.45636e-16	
N99	0.0692021	0.0735969	0.0842868	0.0986331	0.112435	0.12051	0.118565	0.105404	0.0838189	0.0592452	0.0370784	0.0205024	0.010006	0.00430914	0.00163813	0.000550123	0.000163377	4.29648e-05	1.00201e-05	2.07586e-06	3.82737e-07	6.29418e-08	9.2601e-09	1.22506e-09	1.47402e-10	1.66358e-11	1.942e-12	3.46349e-13	
N100	0.0546188	0.0633072	0.0809089	0.103076	0.123272	0.134102	0.130363	0.111997	0.0844184	0.055567	0.031851	0.0158761	0.00687924	0.0025925	0.00085067	0.000243417	6.0859e-05	1.33241e-05	2.56052e-06	4.33005e-07	6.46061e-08	8.52816e-09	9.98905e-10	1.04216e-10	9.7574e-12	8.39641e-13	7.34317e-14	1.04249e-14	
POCUEN_Sitona_lineatus	0	0	0	0	0	0	0	0	0	0	1	0	0	0	0	0	0	0	0	0	0	0	0	0	0	0	0	0	
N101	0.11496	0.146229	0.19594	0.217914	0.176235	0.0985418	0.0378435	0.0101171	0.00192327	0.000266041	2.7381e-05	2.14004e-06	1.29374e-07	6.14935e-09	2.33171e-10	7.14489e-12	1.78976e-13	3.70302e-15	6.38726e-17	9.26231e-19	1.13786e-20	1.19251e-22	1.07317e-24	8.34639e-27	5.65371e-29	3.38723e-31	1.88675e-33	1.34893e-35	
POCUCL_Cleonus_sp	0	0	0	1	0	0	0	0	0	0	0	0	0	0	0	0	0	0	0	0	0	0	0	0	0	0	0	0	
N102	0.110126	0.158726	0.232112	0.246844	0.165101	0.0671938	0.0168876	0.00270383	0.000285471	2.05445e-05	1.03863e-06	3.78887e-08	1.02125e-09	2.07696e-11	3.24663e-13	3.96537e-15	3.84011e-17	2.9875e-19	1.88929e-21	9.81618e-24	4.23096e-26	1.5262e-28	4.64473e-31	1.20142e-33	2.65932e-36	5.06933e-39	8.40163e-42	1.62235e-44	
POCUMO_Larinus_sp	0	0	1	0	0	0	0	0	0	0	0	0	0	0	0	0	0	0	0	0	0	0	0	0	0	0	0	0	
POCUMO_Lixus_sp	0	0	0	1	0	0	0	0	0	0	0	0	0	0	0	0	0	0	0	0	0	0	0	0	0	0	0	0	
POCUEN_Foucartia_squamulata	0	0	0	0	0	0	0	0	1	0	0	0	0	0	0	0	0	0	0	0	0	0	0	0	0	0	0	0	
N103	0.00517916	0.00883715	0.0177799	0.0344536	0.0606872	0.0948614	0.12957	0.152891	0.154533	0.132954	0.0969317	0.0597007	0.0310024	0.0135603	0.00499457	0.00154974	0.000405484	8.95937e-05	1.67487e-05	2.65487e-06	3.57735e-07	4.10904e-08	4.03562e-09	3.40117e-10	2.47344e-11	1.57754e-12	9.61907e-14	9.58672e-15	
N104	0.0248007	0.0319371	0.0486514	0.0758562	0.11022	0.141668	0.156603	0.14665	0.115428	0.0760837	0.0419524	0.0193619	0.007492	0.00243652	0.000667993	0.00015491	3.04993e-05	5.11766e-06	7.34751e-07	9.06218e-08	9.6402e-09	8.88043e-10	7.1126e-11	4.97495e-12	3.05871e-13	1.68191e-14	8.96063e-16	7.59656e-17	
N105	0.0101599	0.0166262	0.032834	0.0627464	0.105964	0.151235	0.177831	0.16974	0.130438	0.0803862	0.0396927	0.0157228	0.00501053	0.00128991	0.000269619	4.6018e-05	6.45281e-06	7.48109e-07	7.21698e-08	5.83013e-09	3.96855e-10	2.29e-11	1.1267e-12	4.75314e-14	1.72907e-15	5.47385e-17	1.59049e-18	7.24833e-20	
POCUEN_Phyllobius_argentatus	0	0	0	1	0	0	0	0	0	0	0	0	0	0	0	0	0	0	0	0	0	0	0	0	0	0	0	0	
POCUEN_Liophloeus_tessulatus	0	0	0	0	0	0	0	0	0	0	1	0	0	0	0	0	0	0	0	0	0	0	0	0	0	0	0	0	
POCUEN_Phyllobius_pyri	0	0	0	0	1	0	0	0	0	0	0	0	0	0	0	0	0	0	0	0	0	0	0	0	0	0	0	0	
N106	0.00150073	0.0029197	0.00685583	0.0156178	0.0325249	0.0602102	0.0972023	0.134961	0.159566	0.159517	0.13418	0.0946594	0.0558929	0.0275943	0.0113882	0.00393063	0.00113578	0.000275183	5.60148e-05	9.60202e-06	1.38988e-06	1.70408e-07	1.7762e-08	1.58183e-09	1.21451e-10	8.22531e-12	5.33915e-13	5.2233e-14	
POCUEN_Bothrometopus_sp	0	0	0	0	0	0	0	0	1	0	0	0	0	0	0	0	0	0	0	0	0	0	0	0	0	0	0	0	
N107	5.67086e-05	0.00012171	0.000391348	0.00136194	0.00442804	0.0126444	0.0308063	0.0630427	0.107343	0.15115	0.175306	0.16704	0.130563	0.083656	0.0439391	0.0189291	0.00669563	0.00194756	0.000466725	9.23676e-05	1.51395e-05	2.06267e-06	2.34821e-07	2.253e-08	1.85286e-09	1.35962e-10	1.00514e-11	1.23335e-12	
N108	5.64639e-05	0.000121035	0.000389047	0.00135479	0.00440899	0.0126019	0.0307283	0.0629285	0.107217	0.151059	0.175295	0.167116	0.130689	0.0837801	0.0440276	0.0189776	0.00671662	0.00195484	0.000468769	9.28343e-05	1.52267e-05	2.07604e-06	2.36505e-07	2.27042e-08	1.86771e-09	1.37059e-10	1.01427e-11	1.24928e-12	
N109	0.000258442	0.0006483	0.00238481	0.00858656	0.0259904	0.062829	0.119023	0.175311	0.200182	0.177236	0.121986	0.0655588	0.027675	0.00924043	0.00245887	0.000525592	9.09721e-05	1.28514e-05	1.49322e-06	1.43768e-07	1.15523e-08	7.80012e-10	4.45479e-11	2.16658e-12	9.0499e-14	3.30526e-15	1.13131e-16	5.75668e-18	
N110	0.000100141	0.000375076	0.00208481	0.0101632	0.0373251	0.0985017	0.182937	0.236716	0.213084	0.134239	0.059879	0.0191991	0.0044988	0.000783445	0.000103058	1.03987e-05	8.16426e-07	5.05403e-08	2.49711e-09	9.95851e-11	3.23892e-12	8.67363e-14	1.92941e-15	3.59437e-17	5.65114e-19	7.56377e-21	8.90116e-23	1.46699e-24	
POCUEN_Barypeithes_sp	0	0	0	0	0	0	0	1	0	0	0	0	0	0	0	0	0	0	0	0	0	0	0	0	0	0	0	0	
POCUEN_Polydrusus_mollis_M	0	0	0	0	0	0	1	0	0	0	0	0	0	0	0	0	0	0	0	0	0	0	0	0	0	0	0	0	
N111	1.76835e-33	1.38631e-28	7.60178e-24	2.73556e-19	6.09479e-15	7.84012e-11	5.25013e-07	0.00148625	0.996948	0.0015642	5.8101e-07	9.10014e-11	7.3731e-15	3.39665e-19	9.34579e-24	1.56064e-28	1.56824e-33	9.15314e-39	2.85034e-44	4.00225e-50	1.59046e-56	4.57654e-34	2.21874e-34	1.02797e-34	4.55974e-35	1.94789e-35	8.28345e-36	4.18662e-36	
POCUEN_Hypera_nigrirostris	0	0	0	0	0	0	0	0	1	0	0	0	0	0	0	0	0	0	0	0	0	0	0	0	0	0	0	0	
POCUEN_Hypera_postica	0	0	0	0	0	0	0	0	1	0	0	0	0	0	0	0	0	0	0	0	0	0	0	0	0	0	0	0	
N112	2.6108e-08	1.18781e-07	8.31377e-07	5.77902e-06	3.58897e-05	0.000192195	0.000872512	0.00332299	0.010537	0.0276475	0.0597128	0.105685	0.152726	0.179708	0.171874	0.133517	0.0842751	0.0432835	0.018133	0.00621738	0.00175206	0.000407757	7.88008e-05	1.27266e-05	1.73442e-06	2.04766e-07	2.34402e-08	4.28451e-09	
POCUEN_Hypomeces_squamosus	0	0	0	0	0	0	0	0	0	0	0	0	0	0	0	0	0	1	0	0	0	0	0	0	0	0	0	0	
POCUEN_Sympiezomias_cribricollis	0	0	0	0	0	0	0	0	0	0	0	0	1	0	0	0	0	0	0	0	0	0	0	0	0	0	0	0	
POCUEN_Eudiagogus_sp	0	0	0	0	0	0	0	0	0	0	0	0	0	0	0	0	0	1	0	0	0	0	0	0	0	0	0	0	
N113	0.231667	0.210145	0.17939	0.141798	0.102011	0.0657871	0.0375788	0.0188436	0.00824111	0.00312903	0.00102813	0.000291733	7.13953e-05	1.50606e-05	2.73828e-06	4.29294e-07	5.80776e-08	6.7875e-09	6.86185e-10	6.01012e-11	4.56874e-12	3.02015e-13	1.73997e-14	8.76088e-16	3.87294e-17	1.52329e-18	5.73145e-20	3.54896e-21	
N114	0.239995	0.215042	0.179766	0.138773	0.097814	0.0622849	0.0355105	0.0179996	0.00806881	0.00318682	0.0011061	0.000336834	8.99224e-05	2.10407e-05	4.31643e-06	7.76925e-07	1.22825e-07	1.7078e-08	2.0918e-09	2.26103e-10	2.161e-11	1.83029e-12	1.37744e-13	9.24828e-15	5.58596e-16	3.10638e-17	1.7269e-18	1.45089e-19	
POCUEN_Otiorhynchus_armadillo	0	1	0	0	0	0	0	0	0	0	0	0	0	0	0	0	0	0	0	0	0	0	0	0	0	0	0	0	
N115	0.258584	0.228108	0.184832	0.13624	0.09039	0.0534462	0.0279288	0.0128137	0.00513672	0.00179317	0.000543933	0.0001432	3.27072e-05	6.48244e-06	1.1157e-06	1.66944e-07	2.17492e-08	2.47126e-09	2.45381e-10	2.13366e-11	1.62832e-12	1.09318e-13	6.4718e-15	3.38746e-16	1.5734e-17	6.55783e-19	2.62612e-20	1.7007e-21	
N116	0.2832	0.244867	0.19026	0.131264	0.0794149	0.041674	0.018809	0.00725902	0.00238716	0.000667845	0.000158927	3.2201e-05	5.56504e-06	8.2232e-07	1.04189e-07	1.13548e-08	1.06798e-09	8.69932e-11	6.15844e-12	3.80241e-13	2.05483e-14	9.75276e-16	4.07938e-17	1.50885e-18	4.95385e-20	1.45612e-21	4.05016e-23	1.79146e-24	
N117	0.239983	0.226457	0.199958	0.1542	0.0986998	0.0509163	0.0208699	0.00676359	0.00173432	0.000353287	5.75131e-05	7.53539e-06	8.00625e-07	6.95169e-08	4.97066e-09	2.94875e-10	1.46176e-11	6.09688e-13	2.15355e-14	6.48185e-16	1.67214e-17	3.71765e-19	7.16053e-21	1.20071e-22	1.76115e-24	2.27233e-26	2.65331e-28	4.49677e-30	
N118	0.0563752	0.119549	0.218162	0.265553	0.205573	0.0992732	0.0294727	0.00537086	0.000621302	4.77297e-05	2.54085e-06	9.71985e-08	2.75413e-09	5.92826e-11	9.90197e-13	1.30688e-14	1.38437e-16	1.19312e-18	8.467e-21	5.00044e-23	2.48113e-25	1.04322e-27	3.74584e-30	1.15675e-32	3.09216e-35	7.20052e-38	1.48279e-40	3.7254e-43	
POCUDR_Sitophilus_granarius	0	0	0	0	0	0	1	0	0	0	0	0	0	0	0	0	0	0	0	0	0	0	0	0	0	0	0	0	
POCUDR_Sitophilus_zeamais	0	1	0	0	0	0	0	0	0	0	0	0	0	0	0	0	0	0	0	0	0	0	0	0	0	0	0	0	
POCUDR_Sitophilus_oryzae	0	0	1	0	0	0	0	0	0	0	0	0	0	0	0	0	0	0	0	0	0	0	0	0	0	0	0	0	
POCUMO_Pachylobius_picivorus	0	1	0	0	0	0	0	0	0	0	0	0	0	0	0	0	0	0	0	0	0	0	0	0	0	0	0	0	
N119	0.237737	0.215482	0.183032	0.142695	0.100028	0.0620199	0.0336203	0.0158141	0.00642437	0.00224808	0.000676767	0.000175227	3.9039e-05	7.49164e-06	1.24012e-06	1.77393e-07	2.19727e-08	2.36204e-09	2.209e-10	1.80181e-11	1.28518e-12	8.03751e-14	4.41946e-15	2.14267e-16	9.19441e-18	3.52835e-19	1.29075e-20	7.59298e-22	
POCUEN_Dyslobus_sp	0	1	0	0	0	0	0	0	0	0	0	0	0	0	0	0	0	0	0	0	0	0	0	0	0	0	0	0	
N120	0.138696	0.145104	0.156318	0.159679	0.14519	0.113117	0.0739959	0.0402466	0.0181295	0.00675951	0.00208885	0.000536397	0.000114847	2.05826e-05	3.10079e-06	3.9443e-07	4.25571e-08	3.91266e-09	3.07932e-10	2.08392e-11	1.21805e-12	6.17554e-14	2.72726e-15	1.0534e-16	3.57403e-18	1.07409e-19	3.01513e-21	1.34102e-22	
N121	0.0369435	0.0682624	0.126245	0.187376	0.21258	0.180485	0.113206	0.0520929	0.0175531	0.00434215	0.000793468	0.000108086	1.10974e-05	8.69371e-07	5.26287e-08	2.49319e-09	9.35633e-11	2.81388e-12	6.85615e-14	1.36719e-15	2.25233e-17	3.09225e-19	3.56658e-21	3.48185e-23	2.8973e-25	2.07098e-27	1.30515e-29	1.08974e-31	
N122	0.000790269	0.00320886	0.0147472	0.0519367	0.129243	0.220081	0.25163	0.19131	0.0964164	0.0322444	0.00719108	0.00108097	0.000111499	8.07344e-06	4.20483e-07	1.61301e-08	4.65869e-10	1.03335e-11	1.79182e-13	2.46763e-15	2.73733e-17	2.47692e-19	1.84904e-21	1.15041e-23	6.02053e-26	2.67302e-28	1.02268e-30	4.86429e-33	
POCUCU_Gymnetron_tetrum	0	0	0	0	0	0	0	0	0	0	1	0	0	0	0	0	0	0	0	0	0	0	0	0	0	0	0	0	
POCUCE_Phytobius_sp	0	0	0	0	0	1	0	0	0	0	0	0	0	0	0	0	0	0	0	0	0	0	0	0	0	0	0	0	
N123	0.18672	0.234676	0.263512	0.19634	0.0890016	0.0247904	0.00439934	0.000516918	4.1629e-05	2.36738e-06	9.75434e-08	2.97775e-09	6.8688e-11	1.21836e-12	1.68812e-14	1.85322e-16	1.6329e-18	1.16845e-20	6.86368e-23	3.34261e-25	1.36186e-27	4.68083e-30	1.36772e-32	3.42169e-35	7.37757e-38	1.37965e-40	2.26684e-43	4.43054e-46	
POCUCU_Gymnetron_antirhini	0	0	1	0	0	0	0	0	0	0	0	0	0	0	0	0	0	0	0	0	0	0	0	0	0	0	0	0	
POCUEN_Naupactus_xanthographus	0	1	0	0	0	0	0	0	0	0	0	0	0	0	0	0	0	0	0	0	0	0	0	0	0	0	0	0	
POCUEN_Sitona_hispidulus	0	0	0	0	0	1	0	0	0	0	0	0	0	0	0	0	0	0	0	0	0	0	0	0	0	0	0	0	
N124	0.222393	0.20138	0.172272	0.138182	0.103008	0.0707145	0.0443276	0.025187	0.0128948	0.00592086	0.0024301	0.000889477	0.000289945	8.4117e-05	2.17177e-05	4.9922e-06	1.0225e-06	1.86811e-07	3.04852e-08	4.45029e-09	5.82178e-10	6.83884e-11	7.23399e-12	6.92384e-13	6.06355e-14	5.01018e-15	4.28704e-16	5.47344e-17	
POCUEN_Chlorophanus_sp	0	0	0	0	1	0	0	0	0	0	0	0	0	0	0	0	0	0	0	0	0	0	0	0	0	0	0	0	
N125	0.140458	0.142037	0.145798	0.143826	0.131092	0.107999	0.0795363	0.0520786	0.030238	0.015549	0.00707783	0.00285207	0.00101776	0.000321854	9.02809e-05	2.24881e-05	4.98085e-06	9.82398e-07	1.72823e-07	2.71638e-08	3.8215e-09	4.82125e-10	5.46624e-11	5.58586e-12	5.17825e-13	4.45627e-14	3.9425e-15	5.75599e-16	
POCUEN_Brachyderes_incanus	0	0	0	0	0	0	0	0	0	1	0	0	0	0	0	0	0	0	0	0	0	0	0	0	0	0	0	0	
N126	0.266885	0.236193	0.191093	0.138183	0.0872326	0.0471443	0.0215178	0.00822955	0.00262874	0.000701352	0.000156646	2.93952e-05	4.65519e-06	6.25188e-07	7.15611e-08	7.0165e-09	5.9222e-10	4.32356e-11	2.74278e-12	1.5186e-13	7.36921e-15	3.14677e-16	1.18701e-17	3.97086e-19	1.18394e-20	3.18357e-22	8.17506e-24	3.23435e-25	
POCUEN_Strophosoma_melanogrammum	0	0	1	0	0	0	0	0	0	0	0	0	0	0	0	0	0	0	0	0	0	0	0	0	0	0	0	0	
POCUEN_Strophosoma_capitatum	0	1	0	0	0	0	0	0	0	0	0	0	0	0	0	0	0	0	0	0	0	0	0	0	0	0	0	0	
