NODE	7	8	9	10	11	12	13	14	15	16	17	18	19	20	21	22	23	24	25	26	27	28	29	30	31	32	33	34	35	36	
N1	0.290996	0.253001	0.19217	0.127611	0.0739393	0.0372493	0.0162473	0.00610935	0.00197253	0.00054496	0.000128465	2.5783e-05	4.39868e-06	6.37251e-07	7.83562e-08	8.17669e-09	7.24366e-10	5.45124e-11	3.48814e-12	1.90007e-13	2.43853e-17	4.85569e-18	8.94278e-19	1.52504e-19	2.41199e-20	3.54852e-21	4.89125e-22	6.44587e-23	8.63753e-24	1.56213e-24	
N2	0.136061	0.141669	0.142045	0.135815	0.122441	0.102979	0.0800904	0.0572096	0.0373492	0.0222095	0.0120026	0.0058869	0.00261849	0.00105593	0.000386065	0.000128009	3.85106e-05	1.05181e-05	2.60989e-06	5.88813e-07	1.20887e-07	2.26064e-08	3.8544e-09	5.99824e-10	8.53123e-11	1.11165e-11	1.3369e-12	1.53015e-13	1.91129e-14	4.36624e-15	
N3	0.0622153	0.0716525	0.0854606	0.101167	0.114593	0.121054	0.117364	0.103446	0.082448	0.0592414	0.0383131	0.0222842	0.0116533	0.00547924	0.00231706	0.000881663	0.000302059	9.3246e-05	2.59595e-05	6.52389e-06	1.48156e-06	3.04382e-07	5.66407e-08	9.55904e-09	1.46544e-09	2.04635e-10	2.62362e-11	3.18921e-12	4.22768e-13	1.01824e-13	
N4	0.00883235	0.0145491	0.0284404	0.0540321	0.0910968	0.131563	0.160423	0.164037	0.140161	0.099907	0.0593903	0.0294669	0.0122238	0.0042502	0.00124248	0.000306471	6.40323e-05	1.13789e-05	1.72719e-06	2.24895e-07	2.52283e-08	2.44858e-09	2.06478e-10	1.51898e-11	9.78895e-13	5.55167e-14	2.79134e-15	1.27127e-16	5.76337e-18	4.33275e-19	
N5	0.00346819	0.00798466	0.0213044	0.051157	0.101724	0.161136	0.199126	0.189804	0.138774	0.0776963	0.0333487	0.01101	0.00281007	0.000558005	8.68413e-05	1.06764e-05	1.04548e-06	8.22289e-08	5.23772e-09	2.7238e-10	1.16549e-11	4.13416e-13	1.22434e-14	3.04779e-16	6.41835e-18	1.15042e-19	1.76558e-21	2.33913e-23	2.78378e-25	4.93731e-27	
ADCACA_Cychrus_caraboides	0	0	0	1	0	0	0	0	0	0	0	0	0	0	0	0	0	0	0	0	0	0	0	0	0	0	0	0	0	0	
N6	0.000525555	0.00157182	0.00595242	0.0202136	0.0552713	0.116499	0.185014	0.218473	0.1904	0.122076	0.0575941	0.020057	0.00518513	0.00100296	0.000146556	1.63535e-05	1.40947e-06	9.49239e-08	5.05275e-09	2.14933e-10	7.3836e-12	2.06885e-13	4.77231e-15	9.14211e-17	1.46625e-18	1.98383e-20	2.28044e-22	2.24402e-24	1.94272e-26	2.40388e-28	
ADCACA_Pamborus_opacus	0	0	0	0	0	0	1	0	0	0	0	0	0	0	0	0	0	0	0	0	0	0	0	0	0	0	0	0	0	0	
ADCACA_Pamborus_tropicus	0	0	0	0	0	0	0	0	0	0	0	1	0	0	0	0	0	0	0	0	0	0	0	0	0	0	0	0	0	0	
ADCACA_Pamborus_alternans	0	0	0	0	0	0	0	0	0	0	1	0	0	0	0	0	0	0	0	0	0	0	0	0	0	0	0	0	0	0	
N7	0.000933015	0.00234954	0.00703458	0.0192393	0.0446977	0.0859462	0.135208	0.173057	0.179755	0.15142	0.103497	0.057481	0.0259925	0.00959408	0.00289937	0.0007199	0.000147451	2.50251e-05	3.53671e-06	4.18418e-07	4.16689e-08	3.51293e-09	2.52154e-10	1.54983e-11	8.20447e-13	3.76519e-14	1.51272e-15	5.45244e-17	1.93124e-18	1.07016e-19	
ADCACA_Carabus_granulatus	0	0	0	0	0	0	0	0	0	0	0	0	0	0	0	1	0	0	0	0	0	0	0	0	0	0	0	0	0	0	
N8	0.00270845	0.00707465	0.0231456	0.0648411	0.136827	0.208721	0.227241	0.176447	0.0983268	0.0397455	0.0118071	0.0026141	0.000437422	5.60672e-05	5.57479e-06	4.35078e-07	2.69443e-08	1.33762e-09	5.37376e-11	1.76255e-12	4.75912e-14	1.06617e-15	1.99635e-17	3.14614e-19	4.20053e-21	4.78118e-23	4.66828e-25	3.94246e-27	2.98212e-29	3.19547e-31	
ADCACA_Carabus_punctatoauratus	0	0	0	0	0	0	1	0	0	0	0	0	0	0	0	0	0	0	0	0	0	0	0	0	0	0	0	0	0	0	
N9	0.00430309	0.0332386	0.150079	0.322099	0.32534	0.142166	0.0212319	0.00148326	5.75798e-05	1.37523e-06	2.16135e-08	2.34543e-10	1.82283e-12	1.04452e-14	4.51961e-17	1.50672e-19	3.93747e-22	8.18855e-25	1.37335e-27	1.87973e-30	2.12215e-33	1.99528e-36	1.57608e-39	1.0543e-42	6.01641e-46	2.94861e-49	1.24883e-52	4.59886e-56	1.49349e-59	5.48963e-63	
ADCACA_Carabus_auronitens	0	1	0	0	0	0	0	0	0	0	0	0	0	0	0	0	0	0	0	0	0	0	0	0	0	0	0	0	0	0	
ADCACA_Carabus_nemoralis	0	0	0	0	0	1	0	0	0	0	0	0	0	0	0	0	0	0	0	0	0	0	0	0	0	0	0	0	0	0	
N10	0.10156	0.114048	0.127974	0.136842	0.135094	0.121051	0.097614	0.0705274	0.0455447	0.0262476	0.0134857	0.00617309	0.0025166	0.000913587	0.00029536	8.50655e-05	2.18359e-05	4.99917e-06	1.02164e-06	1.8655e-07	3.04702e-08	4.45743e-09	5.84834e-10	6.89325e-11	7.31417e-12	7.01049e-13	6.1209e-14	5.009e-15	4.31815e-16	6.54698e-17	
ADCANE_Notiophilus_sp	0	0	0	1	0	0	0	0	0	0	0	0	0	0	0	0	0	0	0	0	0	0	0	0	0	0	0	0	0	0	
N11	0.0742375	0.0900787	0.111972	0.131457	0.14012	0.133533	0.113133	0.0850222	0.0566152	0.0333805	0.0174182	0.00804127	0.0032839	0.00118633	0.000379195	0.000107281	2.688e-05	5.969e-06	1.17583e-06	2.05706e-07	3.20054e-08	4.4366e-09	5.49244e-10	6.09319e-11	6.08841e-12	5.5232e-13	4.60616e-14	3.60602e-15	2.80874e-16	3.29656e-17	
ADCASC_Clivina_sp	0	0	0	0	0	0	0	0	0	0	0	0	0	0	0	0	0	0	0	1	0	0	0	0	0	0	0	0	0	0	
N12	0.153343	0.161507	0.162876	0.15274	0.13002	0.0988556	0.0664636	0.0392781	0.0203304	0.00919737	0.00363275	0.00125228	0.000376824	9.9039e-05	2.27572e-05	4.57731e-06	8.07083e-07	1.24956e-07	1.70183e-08	2.04278e-09	2.16549e-10	2.03155e-11	1.69033e-12	1.2501e-13	8.23643e-15	4.84701e-16	2.55853e-17	1.22976e-18	5.88149e-20	4.95567e-21	
ADCAPA_Penetretus_sp	0	0	1	0	0	0	0	0	0	0	0	0	0	0	0	0	0	0	0	0	0	0	0	0	0	0	0	0	0	0	
N13	0.197511	0.200147	0.187656	0.158261	0.116786	0.0737824	0.0393045	0.0174851	0.00646059	0.00197799	0.000501681	0.000105547	1.84632e-05	2.69364e-06	3.28925e-07	3.37497e-08	2.92167e-09	2.14289e-10	1.33725e-11	7.13017e-13	3.2619e-14	1.2856e-15	4.38267e-17	1.29737e-18	3.34758e-20	7.55699e-22	1.49857e-23	2.63229e-25	4.31745e-27	1.11719e-28	
ADCABR_Promecoderus_sp	0	1	0	0	0	0	0	0	0	0	0	0	0	0	0	0	0	0	0	0	0	0	0	0	0	0	0	0	0	0	
N14	0.179089	0.187217	0.184448	0.164071	0.126839	0.0829158	0.0450441	0.020134	0.00736846	0.00220437	0.000539421	0.000108202	1.78472e-05	2.43e-06	2.7429e-07	2.57859e-08	2.02856e-09	1.34194e-10	7.50113e-12	3.56005e-13	1.44138e-14	5.00151e-16	1.49411e-17	3.85941e-19	8.65661e-21	1.69295e-22	2.89871e-24	4.37359e-26	6.05287e-28	1.30058e-29	
ADCACA_Calosoma_inquistor	0	0	0	0	0	1	0	0	0	0	0	0	0	0	0	0	0	0	0	0	0	0	0	0	0	0	0	0	0	0	
N15	0.0446629	0.0948669	0.195303	0.272523	0.230946	0.116885	0.0364138	0.00730983	0.000989535	9.4017e-05	6.48506e-06	3.3408e-07	1.31629e-08	4.04739e-10	9.88154e-12	1.94442e-13	3.12422e-15	4.14645e-17	4.5924e-19	4.28361e-21	3.39293e-23	2.29925e-25	1.34217e-27	6.7914e-30	2.99595e-32	1.15837e-34	3.94547e-37	1.19132e-39	3.27157e-42	1.18683e-44	
ADCAPS_Mecyclothorax_sp	0	0	0	1	0	0	0	0	0	0	0	0	0	0	0	0	0	0	0	0	0	0	0	0	0	0	0	0	0	0	
ADCAPS_Amblytelus_curtus	0	0	0	0	1	0	0	0	0	0	0	0	0	0	0	0	0	0	0	0	0	0	0	0	0	0	0	0	0	0	
N16	0.267778	0.24573	0.194905	0.134836	0.0816332	0.0432228	0.0199629	0.00801826	0.00279292	0.000841711	0.00021911	4.92135e-05	9.53224e-06	1.59214e-06	2.29414e-07	2.854e-08	3.06883e-09	2.85618e-10	2.30455e-11	1.61445e-12	9.82232e-14	5.17982e-15	2.35918e-16	9.24973e-18	3.12154e-19	9.14522e-21	2.41361e-22	6.61197e-24	2.8589e-25	3.91248e-26	
N17	0.244893	0.231066	0.19228	0.14145	0.0920003	0.0528311	0.0267295	0.0118887	0.0046398	0.0015866	0.000474963	0.00012443	2.85313e-05	5.72912e-06	1.00837e-06	1.55761e-07	2.11468e-08	2.52775e-09	2.66541e-10	2.48463e-11	2.05231e-12	1.50609e-13	9.84946e-15	5.76249e-16	3.03236e-17	1.44706e-18	6.34558e-20	2.61594e-21	1.07139e-22	6.13848e-24	
ADCASC_Dyschirius_sp	0	0	0	0	0	1	0	0	0	0	0	0	0	0	0	0	0	0	0	0	0	0	0	0	0	0	0	0	0	0	
N18	0.1462	0.156785	0.162434	0.156327	0.135436	0.10342	0.0686699	0.039306	0.019286	0.00808276	0.00288715	0.000877996	0.000227246	5.00761e-05	9.40292e-06	1.5064e-06	2.06232e-07	2.41724e-08	2.43072e-09	2.10176e-10	1.5664e-11	1.00875e-12	5.62789e-14	2.72732e-15	1.15112e-16	4.24318e-18	1.37021e-19	3.90349e-21	1.03656e-22	4.61082e-24	
N19	0.0737528	0.08861	0.11063	0.132962	0.145915	0.141649	0.1194	0.0864374	0.0533902	0.0280301	0.012482	0.0047103	0.0015062	0.000408348	9.39613e-05	1.83766e-05	3.06019e-06	4.34795e-07	5.28277e-08	5.50253e-09	4.9268e-10	3.80336e-11	2.54002e-12	1.47344e-13	7.46385e-15	3.32799e-16	1.32465e-17	4.84835e-19	1.76997e-20	1.02813e-21	
N20	0.076596	0.0872986	0.101982	0.116986	0.126952	0.126892	0.114821	0.0930697	0.0671569	0.0429905	0.0243743	0.0122338	0.00543766	0.0021423	0.000749116	0.000232884	6.44871e-05	1.59388e-05	3.52419e-06	6.98767e-07	1.24572e-07	2.00273e-08	2.91426e-09	3.85721e-10	4.67803e-11	5.26262e-12	5.61148e-13	5.89818e-14	6.55898e-15	9.72964e-16	
ADCACA_Carabus_problematicus	0	0	0	0	0	0	0	0	0	0	0	0	0	0	1	0	0	0	0	0	0	0	0	0	0	0	0	0	0	0	
N21	0.000803637	0.00468923	0.0274133	0.106269	0.244129	0.30785	0.210105	0.0786601	0.0173788	0.00244991	0.000235133	1.61669e-05	8.28714e-07	3.26874e-08	1.01771e-09	2.5539e-11	5.25618e-13	9.00317e-15	1.29964e-16	1.59832e-18	1.69062e-20	1.55113e-22	1.24405e-24	8.78768e-27	5.51111e-29	3.09976e-31	1.5878e-33	7.60144e-36	3.55107e-38	1.97165e-40	
ADCALO_Loricera_pilicornis	0	0	0	0	1	0	0	0	0	0	0	0	0	0	0	0	0	0	0	0	0	0	0	0	0	0	0	0	0	0	
ADCAHA_Demetrias_atricapillus	0	0	0	0	0	0	1	0	0	0	0	0	0	0	0	0	0	0	0	0	0	0	0	0	0	0	0	0	0	0	
N22	0.0528412	0.0661534	0.0887794	0.11658	0.140358	0.149116	0.136879	0.107321	0.0714213	0.0402047	0.019112	0.00766798	0.00259727	0.000743339	0.000179997	3.69394e-05	6.43753e-06	9.54814e-07	1.20819e-07	1.3076e-08	1.21368e-09	9.68806e-11	6.67032e-12	3.97375e-13	2.05572e-14	9.27894e-16	3.6843e-17	1.3143e-18	4.58524e-20	2.65356e-21	
N23	0.00784976	0.0145902	0.0329562	0.0700551	0.124986	0.178211	0.198483	0.170785	0.113042	0.057556	0.0226087	0.00688542	0.00163587	0.000305316	4.50923e-05	5.30916e-06	5.02004e-07	3.83933e-08	2.39152e-09	1.2214e-10	5.14728e-12	1.80093e-13	5.26229e-15	1.29147e-16	2.67701e-18	4.71366e-20	7.10095e-22	9.30255e-24	1.14203e-25	2.07146e-27	
N24	0.00833759	0.0157527	0.0366258	0.079607	0.142055	0.196779	0.206291	0.161756	0.0944433	0.0410638	0.0133391	0.00325477	0.000600649	8.44892e-05	9.1338e-06	7.65326e-07	5.01256e-08	2.58764e-09	1.06146e-10	3.48732e-12	9.24728e-14	1.99426e-15	3.52507e-17	5.14963e-19	6.2775e-21	6.46447e-23	5.72066e-25	4.46137e-27	3.20044e-29	2.70884e-31	
ADCAHA_Sphallomorpha_sp	0	0	0	0	0	0	0	0	0	0	0	0	0	0	0	0	1	0	0	0	0	0	0	0	0	0	0	0	0	0	
N25	0.00923188	0.0181835	0.0432808	0.0932217	0.160648	0.210478	0.204683	0.145941	0.0758542	0.0286977	0.00791599	0.00159845	0.000237637	2.61917e-05	2.15674e-06	1.33775e-07	6.30307e-09	2.27523e-10	6.34552e-12	1.37883e-13	2.35361e-15	3.18179e-17	3.43433e-19	2.9842e-21	2.1057e-23	1.21821e-25	5.84507e-28	2.36303e-30	8.39096e-33	4.05104e-35	
N26	0.00966089	0.0200161	0.0491772	0.10589	0.177786	0.221839	0.200811	0.13009	0.0598703	0.0195163	0.00450802	0.000740182	8.68465e-05	7.33268e-06	4.49227e-07	2.01542e-08	6.68729e-10	1.65796e-11	3.10365e-13	4.43293e-15	4.88117e-17	4.18577e-19	2.8231e-21	1.51187e-23	6.4881e-26	2.25087e-28	6.36587e-31	1.47966e-33	2.86228e-36	6.4044e-39	
N27	0.036711	0.0625869	0.111157	0.168076	0.202024	0.186751	0.130115	0.0674992	0.0259121	0.007351	0.0015448	0.00024176	2.8386e-05	2.52277e-06	1.71368e-07	8.98819e-09	3.67758e-10	1.18575e-11	3.04247e-13	6.27126e-15	1.04779e-16	1.43112e-18	1.61079e-20	1.5054e-22	1.17653e-24	7.74131e-27	4.31642e-29	2.05594e-31	8.6125e-34	4.75292e-36	
N28	0.0958213	0.129254	0.174263	0.199446	0.179937	0.123815	0.0639727	0.0246443	0.00706452	0.0015093	0.000241333	2.90598e-05	2.65538e-06	1.85729e-07	1.00364e-08	4.23047e-10	1.40443e-11	3.70724e-13	7.85371e-15	1.34729e-16	1.88768e-18	2.17783e-20	2.085e-22	1.6686e-24	1.124e-26	6.4148e-29	3.12151e-31	1.30558e-33	4.83983e-36	2.36186e-38	
N29	0.119225	0.150698	0.188667	0.200556	0.166638	0.104278	0.0483707	0.0165272	0.00415365	0.000769124	0.000105339	1.07308e-05	8.18706e-07	4.71514e-08	2.06743e-09	6.96327e-11	1.81799e-12	3.713e-14	5.98577e-16	7.68414e-18	7.92225e-20	6.61368e-22	4.50601e-24	2.52441e-26	1.17125e-28	4.53129e-31	1.47124e-33	4.03406e-36	9.45298e-39	2.68612e-41	
N30	0.186596	0.201192	0.201288	0.173082	0.122206	0.0692742	0.0312137	0.011141	0.00315119	0.000708283	0.000127069	1.82963e-05	2.12745e-06	2.01085e-07	1.55541e-08	9.91224e-10	5.23883e-11	2.31111e-12	8.56297e-14	2.68055e-15	7.12992e-17	1.62015e-18	3.16137e-20	5.32315e-22	7.77067e-24	9.87851e-26	1.09875e-27	1.07797e-29	9.73711e-32	1.29459e-33	
N31	0.229642	0.22473	0.197132	0.151481	0.0999426	0.0558588	0.0262498	0.0103379	0.00341035	0.000943615	0.000219539	4.30906e-05	7.16249e-06	1.01241e-06	1.22217e-07	1.26564e-08	1.12929e-09	8.71994e-11	5.85189e-12	3.42741e-13	1.75905e-14	7.94208e-16	3.1664e-17	1.11879e-18	3.51559e-20	9.85898e-22	2.47825e-23	5.65097e-25	1.25386e-26	4.56385e-28	
ADCAHA_Platyderus_lusitanicus	0	1	0	0	0	0	0	0	0	0	0	0	0	0	0	0	0	0	0	0	0	0	0	0	0	0	0	0	0	0	
ADCAHA_Platyderus_varians	0	1	0	0	0	0	0	0	0	0	0	0	0	0	0	0	0	0	0	0	0	0	0	0	0	0	0	0	0	0	
N32	0.226679	0.225355	0.201605	0.156215	0.101474	0.0540955	0.0234083	0.00819267	0.00232191	0.000535064	0.000100832	1.56422e-05	2.01156e-06	2.15955e-07	1.94893e-08	1.4885e-09	9.6829e-11	5.39787e-12	2.59368e-13	1.0801e-14	3.91843e-16	1.24445e-17	3.47582e-19	8.57509e-21	1.8763e-22	3.65556e-24	6.36777e-26	9.99351e-28	1.47835e-29	3.4706e-31	
ADCAHA_Amara_sp	0	0	1	0	0	0	0	0	0	0	0	0	0	0	0	0	0	0	0	0	0	0	0	0	0	0	0	0	0	0	
ADCAHA_Zabrus_sp	0	0	0	1	0	0	0	0	0	0	0	0	0	0	0	0	0	0	0	0	0	0	0	0	0	0	0	0	0	0	
N33	0.088552	0.119235	0.162696	0.192221	0.182453	0.134326	0.0753735	0.0319622	0.0102099	0.00245722	0.000446649	6.15632e-05	6.46716e-06	5.20806e-07	3.23561e-08	1.56116e-09	5.89011e-11	1.74982e-12	4.12165e-14	7.75084e-16	1.1716e-17	1.43302e-19	1.42755e-21	1.16561e-23	7.84881e-26	4.38465e-28	2.04408e-30	8.00352e-33	2.67945e-35	1.13892e-37	
N34	0.112451	0.138308	0.169786	0.184485	0.165856	0.119154	0.067182	0.029467	0.0100228	0.0026453	0.00054346	8.7339e-05	1.10474e-05	1.10745e-06	8.86345e-08	5.70695e-09	2.97892e-10	1.27019e-11	4.45721e-13	1.29653e-14	3.14811e-16	6.4234e-18	1.1084e-19	1.62737e-21	2.0448e-23	2.21123e-25	2.0706e-27	1.69779e-29	1.28097e-31	1.37564e-33	
ADCAHA_Pterostichus_melanarius	0	0	1	0	0	0	0	0	0	0	0	0	0	0	0	0	0	0	0	0	0	0	0	0	0	0	0	0	0	0	
N35	0.119452	0.138022	0.160186	0.171693	0.158795	0.121255	0.0745387	0.0364188	0.0140696	0.00429564	0.00103897	0.000199924	3.07742e-05	3.81304e-06	3.82846e-07	3.13651e-08	2.11142e-09	1.17603e-10	5.45671e-12	2.1232e-13	6.97217e-15	1.94415e-16	4.63045e-18	9.47289e-20	1.67348e-21	2.56592e-23	3.4313e-25	4.02448e-27	4.25879e-29	6.77247e-31	
N36	0.0439695	0.0736894	0.135916	0.20836	0.231689	0.176622	0.090407	0.0309603	0.00713578	0.00111993	0.000121499	9.26475e-06	5.05202e-07	2.00392e-08	5.87802e-10	1.2951e-11	2.17502e-13	2.82263e-15	2.86678e-17	2.30581e-19	1.4862e-21	7.90328e-24	4.944e-26	1.55532e-27	1.1432e-28	8.2526e-30	5.48235e-31	3.35651e-32	1.93913e-33	1.50648e-34	
N37	0.0434485	0.0730692	0.135637	0.209077	0.232946	0.177161	0.0900644	0.0304947	0.00691731	0.00106343	0.00011246	8.31733e-06	4.37631e-07	1.66627e-08	4.6669e-10	9.7663e-12	1.5496e-13	1.88995e-15	1.79456e-17	1.34241e-19	7.99839e-22	3.83473e-24	1.49347e-26	4.76705e-29	1.25906e-31	2.82277e-34	6.71898e-37	4.64369e-39	8.46454e-41	2.17892e-42	
N38	0.0175953	0.0448013	0.115548	0.216998	0.266608	0.205577	0.0979782	0.0288685	0.00533674	0.000635692	5.03731e-05	2.74239e-06	1.05708e-07	2.96417e-09	6.19411e-11	9.85323e-13	1.21584e-14	1.18336e-16	9.22032e-19	5.82807e-21	3.02425e-23	1.3022e-25	4.69802e-28	1.43268e-30	3.72273e-33	8.30302e-36	1.60026e-38	2.68185e-41	3.9451e-44	6.94223e-47	
ADCAHA_Pterostichus_nemoralis	0	0	1	0	0	0	0	0	0	0	0	0	0	0	0	0	0	0	0	0	0	0	0	0	0	0	0	0	0	0	
N39	4.29504e-15	3.83294e-12	2.4374e-09	9.61905e-07	0.00020889	0.0206336	0.622162	0.353203	0.00377942	1.2373e-05	1.84268e-08	1.49954e-11	7.42844e-15	2.40701e-18	5.37139e-22	8.58227e-26	1.01209e-29	9.02655e-34	6.21127e-38	3.35274e-42	1.4396e-46	4.97566e-51	1.39837e-55	3.2235e-60	6.14057e-65	9.72867e-70	1.289e-74	1.435e-79	1.35019e-84	1.22846e-89	
ADCAHA_Pterostichus_nigrita	0	0	0	0	0	0	0	1	0	0	0	0	0	0	0	0	0	0	0	0	0	0	0	0	0	0	0	0	0	0	
ADCAHA_Pterostichus_anthracinus	0	0	0	0	0	0	1	0	0	0	0	0	0	0	0	0	0	0	0	0	0	0	0	0	0	0	0	0	0	0	
ADCAHA_Pterostichus_alacer	0	0	0	0	1	0	0	0	0	0	0	0	0	0	0	0	0	0	0	0	0	0	0	0	0	0	0	0	0	0	
ADCAHA_Pterostichus_aterrimus	0	0	0	0	0	1	0	0	0	0	0	0	0	0	0	0	0	0	0	0	0	0	0	0	0	0	0	0	0	0	
N40	0.036472	0.0685117	0.128147	0.192619	0.218653	0.1819	0.109	0.0466828	0.0142942	0.0031503	0.000505366	5.9834e-05	5.30779e-06	3.58189e-07	1.8662e-08	7.61259e-10	2.46329e-11	6.3999e-13	1.3501e-14	2.33654e-16	3.34904e-18	4.01058e-20	4.04522e-22	3.46234e-24	2.53214e-26	1.59252e-28	8.66482e-31	4.10432e-33	1.72754e-35	9.76941e-38	
N41	0.000250032	0.0017167	0.0119284	0.0568219	0.165762	0.282182	0.274132	0.1508	0.0470668	0.00841127	0.000873281	5.36655e-05	1.99532e-06	4.60101e-08	6.76009e-10	6.51023e-12	4.2268e-14	1.90045e-16	6.0667e-19	1.40803e-21	2.48933e-24	5.61681e-27	7.45641e-29	1.76691e-30	3.77402e-32	7.04514e-34	1.15613e-35	1.6786e-37	2.17493e-39	3.08689e-41	
N42	0.000271589	0.00182445	0.012516	0.0589128	0.169585	0.284403	0.271793	0.146913	0.0450247	0.00790026	0.000805951	4.87562e-05	1.79018e-06	4.09486e-08	6.00218e-10	5.8047e-12	3.81194e-14	1.74682e-16	5.72816e-19	1.37521e-21	2.46745e-24	3.37065e-27	3.57761e-30	3.38701e-33	1.30444e-35	2.62232e-37	5.62803e-39	1.11332e-40	2.03805e-42	4.40809e-44	
ADCAHA_Pterostichus_spinolae	0	0	0	0	0	1	0	0	0	0	0	0	0	0	0	0	0	0	0	0	0	0	0	0	0	0	0	0	0	0	
ADCAHA_Pterostichus_globosus	0	0	0	1	0	0	0	0	0	0	0	0	0	0	0	0	0	0	0	0	0	0	0	0	0	0	0	0	0	0	
N43	1.04934e-06	1.39893e-05	0.000213997	0.00235067	0.0166786	0.0727434	0.189073	0.287103	0.252912	0.130476	0.0400809	0.00744599	0.000846295	5.94442e-05	2.622e-06	7.48031e-08	1.43142e-09	1.9051e-11	1.82251e-13	1.28982e-15	6.92299e-18	2.87928e-20	9.45291e-23	2.48978e-25	5.33617e-28	9.42331e-31	1.38646e-33	1.71668e-36	1.81281e-39	2.19373e-42	
ADCAHA_Pterostichus_flavofemoratus	0	0	0	0	0	0	0	1	0	0	0	0	0	0	0	0	0	0	0	0	0	0	0	0	0	0	0	0	0	0	
ADCAHA_Pterostichus_ziegleri	0	0	0	0	0	0	0	0	0	0	0	0	0	1	0	0	0	0	0	0	0	0	0	0	0	0	0	0	0	0	
N44	0.0935853	0.148184	0.228821	0.252532	0.17601	0.0759565	0.0207284	0.0036967	0.000445583	3.74417e-05	2.25459e-06	9.96867e-08	3.30686e-09	8.38905e-11	1.65555e-12	2.58082e-14	3.22219e-16	3.2624e-18	2.70912e-20	1.86422e-22	1.07305e-24	5.21106e-27	2.15201e-29	7.61234e-32	2.32195e-34	6.1451e-37	1.41916e-39	2.87567e-42	5.17135e-45	1.15293e-47	
ADCAHA_Pterostichus_interruptus	0	0	0	1	0	0	0	0	0	0	0	0	0	0	0	0	0	0	0	0	0	0	0	0	0	0	0	0	0	0	
ADCAHA_Pterostichus_niger	0	0	1	0	0	0	0	0	0	0	0	0	0	0	0	0	0	0	0	0	0	0	0	0	0	0	0	0	0	0	
N45	0.0593635	0.0872648	0.131392	0.172002	0.184869	0.159522	0.109358	0.0592893	0.025402	0.00861614	0.00232198	0.000499515	8.62454e-05	1.20212e-05	1.3608e-06	1.25867e-07	9.57e-09	6.01688e-10	3.14632e-11	1.37611e-12	5.06164e-14	1.57404e-15	4.15953e-17	9.38694e-19	1.81776e-20	3.03508e-22	4.39545e-24	5.60222e-26	6.76749e-28	1.22725e-29	
ADCAHA_Stomis_sp	0	1	0	0	0	0	0	0	0	0	0	0	0	0	0	0	0	0	0	0	0	0	0	0	0	0	0	0	0	0	
N46	0.00382959	0.00712453	0.0160875	0.0347602	0.0657835	0.106049	0.144279	0.165029	0.158403	0.127473	0.085989	0.0486414	0.0230949	0.0092169	0.00309752	0.000878554	0.000210843	4.29361e-05	7.44219e-06	1.10159e-06	1.39726e-07	1.52413e-08	1.43495e-09	1.1704e-10	8.30259e-12	5.14621e-13	2.81008e-14	1.38605e-15	6.84228e-17	5.48299e-18	
ADCAHA_Pterostichus_herculeanus	0	0	0	0	0	0	0	0	0	0	0	0	0	1	0	0	0	0	0	0	0	0	0	0	0	0	0	0	0	0	
ADCAHA_Pterostichus_angustus	0	0	0	0	0	0	0	0	0	0	0	0	0	1	0	0	0	0	0	0	0	0	0	0	0	0	0	0	0	0	
N47	0.19624	0.199375	0.187501	0.158444	0.117082	0.0741596	0.0397458	0.0178892	0.00673633	0.00211959	0.000557554	0.000122815	2.27108e-05	3.53645e-06	4.65344e-07	5.19386e-08	4.93668e-09	4.01212e-10	2.79959e-11	1.68416e-12	8.77026e-14	3.96945e-15	1.56764e-16	5.42286e-18	1.64932e-19	4.4267e-21	1.05287e-22	2.23985e-24	4.51262e-26	1.47486e-27	
N48	0.259311	0.244058	0.200239	0.141587	0.0851218	0.0429894	0.0180737	0.00628852	0.00180525	0.000427245	8.34436e-05	1.34795e-05	1.80681e-06	2.01741e-07	1.88448e-08	1.47944e-09	9.80771e-11	5.51685e-12	2.64575e-13	1.08692e-14	3.84286e-16	1.17459e-17	3.11743e-19	7.21494e-21	1.46207e-22	2.60446e-24	4.09408e-26	5.70827e-28	7.29151e-30	1.44885e-31	
ADCAHA_Poecilus_cupreus	0	1	0	0	0	0	0	0	0	0	0	0	0	0	0	0	0	0	0	0	0	0	0	0	0	0	0	0	0	0	
N49	0.258997	0.2662	0.229367	0.14831	0.0685065	0.022387	0.00522457	0.000885906	0.000111297	1.05607e-05	7.70566e-07	4.39472e-08	1.98816e-09	7.22974e-11	2.13857e-12	5.2015e-14	1.05046e-15	1.77716e-17	2.53922e-19	3.08694e-21	3.21504e-23	2.88682e-25	2.24788e-27	1.5262e-29	9.08092e-32	4.7576e-34	2.20459e-36	9.08088e-39	3.39227e-41	1.72028e-43	
ADCAHA_Poecilus_versicolor	0	0	0	1	0	0	0	0	0	0	0	0	0	0	0	0	0	0	0	0	0	0	0	0	0	0	0	0	0	0	
ADCAHA_Poecilus_lucublandus	0	1	0	0	0	0	0	0	0	0	0	0	0	0	0	0	0	0	0	0	0	0	0	0	0	0	0	0	0	0	
ADCAHA_Poecilus_chalcites	0	0	0	0	0	0	1	0	0	0	0	0	0	0	0	0	0	0	0	0	0	0	0	0	0	0	0	0	0	0	
N50	0.065713	0.0821881	0.108469	0.13688	0.154839	0.151345	0.125261	0.0868484	0.050194	0.0241507	0.00968478	0.00324578	0.000912546	0.000216174	4.33539e-05	7.39699e-06	1.07901e-06	1.35222e-07	1.46279e-08	1.37222e-09	1.12122e-10	8.01368e-12	5.03061e-13	2.78481e-14	1.36507e-15	5.95533e-17	2.33348e-18	8.42098e-20	3.06835e-21	1.76382e-22	
ADCAHA_Pterostichus_oblongopunctatus	0	0	0	0	0	0	0	0	0	1	0	0	0	0	0	0	0	0	0	0	0	0	0	0	0	0	0	0	0	0	
N51	0.021021	0.044044	0.101406	0.185802	0.241858	0.214096	0.126515	0.0496576	0.013002	0.00229601	0.000277708	2.34263e-05	1.40502e-06	6.1087e-08	1.96189e-09	4.7382e-11	8.74981e-13	1.25465e-14	1.41687e-16	1.27659e-18	9.28628e-21	5.51328e-23	2.69816e-25	1.09844e-27	3.75128e-30	1.0833e-32	2.66833e-35	5.69085e-38	1.10509e-40	2.65896e-43	
N52	0.0219009	0.0456018	0.105404	0.193279	0.248051	0.212208	0.118591	0.0430354	0.010172	0.00158064	0.000163679	1.14814e-05	5.55429e-07	1.88777e-08	4.59186e-10	8.1385e-12	1.06918e-13	1.05807e-15	8.00723e-18	4.69931e-20	2.16673e-22	7.94333e-25	2.34123e-27	5.60499e-30	1.10029e-32	1.78669e-35	2.41959e-38	2.75483e-41	2.68452e-44	3.02555e-47	
ADCAHA_Agonum_marginatum	0	0	0	0	0	0	0	0	1	0	0	0	0	0	0	0	0	0	0	0	0	0	0	0	0	0	0	0	0	0	
N53	0.0364791	0.0705584	0.140797	0.21923	0.239598	0.175539	0.0846154	0.0267467	0.00557977	0.00077815	7.37877e-05	4.85055e-06	2.25602e-07	7.57724e-09	1.8745e-10	3.48017e-12	4.93452e-14	5.43036e-16	4.70747e-18	3.25846e-20	1.82343e-22	8.34318e-25	3.15381e-27	9.94292e-30	2.63715e-32	5.93143e-35	1.13965e-37	1.88358e-40	2.71473e-43	4.74842e-46	
N54	0.073936	0.209361	0.397283	0.248561	0.0626226	0.00769007	0.000523698	2.16157e-05	5.766e-07	1.04352e-08	1.33124e-10	1.23493e-12	8.54904e-15	4.51495e-17	1.85404e-19	6.01931e-22	1.56789e-24	3.31974e-27	5.78085e-30	8.36675e-33	1.0161e-35	1.04446e-38	9.15908e-42	6.90163e-45	4.49854e-48	2.5519e-51	1.26701e-54	5.53548e-58	2.15007e-61	9.47704e-65	
ADCAHA_Percus_politus	0	0	1	0	0	0	0	0	0	0	0	0	0	0	0	0	0	0	0	0	0	0	0	0	0	0	0	0	0	0	
ADCAHA_Notagonum_sp	0	0	1	0	0	0	0	0	0	0	0	0	0	0	0	0	0	0	0	0	0	0	0	0	0	0	0	0	0	0	
ADCAHA_Agonum_muelleri	0	0	0	1	0	0	0	0	0	0	0	0	0	0	0	0	0	0	0	0	0	0	0	0	0	0	0	0	0	0	
N55	0.00898507	0.0250968	0.0715419	0.155909	0.237575	0.242656	0.162696	0.0710376	0.020215	0.00377694	0.000469171	3.93921e-05	2.27887e-06	9.27341e-08	2.71081e-09	5.8105e-11	9.31204e-13	1.13627e-14	1.07349e-16	7.97333e-19	4.72142e-21	2.25743e-23	8.81635e-26	2.84233e-28	7.63749e-31	1.72558e-33	3.30472e-36	5.40513e-39	7.63876e-42	1.27236e-44	
N56	0.000502446	0.00260448	0.013412	0.0517283	0.136461	0.235829	0.261869	0.18538	0.0834377	0.0238734	0.00435268	0.000508996	3.86403e-05	1.93898e-06	6.5816e-08	1.55099e-09	2.60578e-11	3.20127e-13	2.94357e-15	2.06865e-17	1.13205e-19	4.90463e-22	1.70732e-24	4.8383e-27	1.12939e-29	2.19456e-32	3.58375e-35	4.96103e-38	5.88656e-41	8.01718e-44	
ADCAHA_Chlaenius_sp	0	0	0	1	0	0	0	0	0	0	0	0	0	0	0	0	0	0	0	0	0	0	0	0	0	0	0	0	0	0	
N57	1.82224e-09	4.92186e-08	1.36528e-06	2.83828e-05	0.000415682	0.00409804	0.0261084	0.103031	0.239858	0.311723	0.216115	0.0804399	0.0162747	0.00179421	0.000108672	3.83702e-06	8.45056e-08	1.23098e-09	1.24386e-11	9.06017e-14	4.90841e-16	2.02968e-18	6.5468e-21	1.67787e-23	3.4715e-26	5.87897e-29	8.24849e-32	9.69179e-35	9.65206e-38	1.07322e-40	
ADCAHA_Oodes_sp	0	0	0	0	0	0	0	0	0	0	0	0	0	1	0	0	0	0	0	0	0	0	0	0	0	0	0	0	0	0	
ADCAHA_Microlestes_sp	0	0	0	0	0	0	0	0	0	1	0	0	0	0	0	0	0	0	0	0	0	0	0	0	0	0	0	0	0	0	
ADCAHA_Loxandrus_sp	0	0	1	0	0	0	0	0	0	0	0	0	0	0	0	0	0	0	0	0	0	0	0	0	0	0	0	0	0	0	
N58	0.00491297	0.0101029	0.0263914	0.0642315	0.126581	0.190897	0.215162	0.179416	0.11031	0.0500477	0.0168186	0.00421113	0.000791497	0.000112627	1.2245e-05	1.02692e-06	6.70727e-08	3.44457e-09	1.40397e-10	4.58298e-12	1.20862e-13	2.59664e-15	4.58112e-17	6.68747e-19	8.13604e-21	8.30656e-23	7.16693e-25	5.28039e-27	3.46198e-29	3.09497e-31	
N59	0.000141886	0.0003559	0.00124475	0.00439442	0.0136914	0.0356102	0.0754165	0.128475	0.174924	0.189708	0.163622	0.11219	0.0611888	0.0265805	0.00921442	0.00255541	0.0005686	0.000101846	1.47382e-05	1.72981e-06	1.65344e-07	1.29261e-08	8.3014e-10	4.39973e-11	1.93383e-12	7.09114e-14	2.19092e-15	5.85606e-17	1.51182e-18	7.31113e-20	
N60	0.000507916	0.00116569	0.00352347	0.0103978	0.0268336	0.0581594	0.103981	0.151901	0.180345	0.173496	0.135066	0.0850829	0.0434086	0.0179681	0.00604888	0.00166113	0.000373431	6.89897e-05	1.05187e-05	1.32946e-06	1.39943e-07	1.23268e-08	9.13013e-10	5.714e-11	3.03658e-12	1.37758e-13	5.37367e-15	1.8333e-16	5.88797e-18	2.99826e-19	
N61	0.00508745	0.00990362	0.0229862	0.0500428	0.0933111	0.143581	0.179214	0.179962	0.144882	0.0934532	0.0483575	0.020125	0.00675981	0.00184029	0.000407979	7.40267e-05	1.10521e-05	1.36514e-06	1.40277e-07	1.20582e-08	8.71874e-10	5.33162e-11	2.7721e-12	1.23184e-13	4.70199e-15	1.54923e-16	4.4279e-18	1.1063e-19	2.53902e-21	9.55036e-23	
ADCAHA_Stenolophus_mixtus	0	0	0	0	0	0	1	0	0	0	0	0	0	0	0	0	0	0	0	0	0	0	0	0	0	0	0	0	0	0	
ADCAHA_Stenolophus_lecontei	0	0	0	1	0	0	0	0	0	0	0	0	0	0	0	0	0	0	0	0	0	0	0	0	0	0	0	0	0	0	
ADCAHA_Stenolophus_teutonus	0	0	0	0	0	0	0	0	0	0	0	0	0	0	1	0	0	0	0	0	0	0	0	0	0	0	0	0	0	0	
N62	0.000125852	0.000307472	0.00106835	0.00380396	0.0120281	0.031863	0.0689459	0.120391	0.168588	0.188711	0.168609	0.120224	0.0684617	0.0311819	0.0113837	0.00334001	0.000790049	0.00015119	2.3497e-05	2.97775e-06	3.09034e-07	2.63809e-08	1.86085e-09	1.08974e-10	5.32515e-12	2.18543e-13	7.62056e-15	2.33099e-16	6.97405e-18	3.12692e-19	
ADCAHA_Craspedophorus_sp	0	0	0	0	0	0	0	0	0	0	0	0	0	1	0	0	0	0	0	0	0	0	0	0	0	0	0	0	0	0	
N63	8.96481e-08	4.26302e-07	2.91141e-06	1.91177e-05	0.000110225	0.00054155	0.00223335	0.00765518	0.0216453	0.0501706	0.0948088	0.145389	0.180233	0.180102	0.144819	0.0936557	0.0487504	0.0204662	0.00695185	0.00191866	0.000432437	8.00441e-05	1.22421e-05	1.55683e-06	1.65682e-07	1.48528e-08	1.13039e-09	7.43576e-11	4.65707e-12	5.07459e-13	
ADCAHA_Amphasia_sericea	0	0	0	0	0	0	0	0	0	0	0	0	0	1	0	0	0	0	0	0	0	0	0	0	0	0	0	0	0	0	
ADCAHA_Egadroma_marginatum	0	0	0	0	0	0	0	0	0	0	0	0	0	0	0	0	1	0	0	0	0	0	0	0	0	0	0	0	0	0	
N64	0.0042668	0.00889981	0.0238282	0.0596383	0.120847	0.187216	0.216504	0.184931	0.116202	0.0537105	0.0183139	0.00462989	0.000873646	0.000124019	1.33593e-05	1.10194e-06	7.02497e-08	3.49357e-09	1.36773e-10	4.25313e-12	1.05958e-13	2.13241e-15	3.49434e-17	4.6979e-19	5.21941e-21	4.82513e-23	3.73703e-25	2.44678e-27	1.40276e-29	1.07826e-31	
N65	0.00298305	0.00612563	0.014849	0.0335867	0.0658103	0.108798	0.150061	0.171738	0.16264	0.127309	0.0823649	0.0440801	0.0195445	0.00719452	0.00220443	0.000563885	0.000120811	2.17557e-05	3.30519e-06	4.2525e-07	4.6519e-08	4.34404e-09	3.47686e-10	2.39478e-11	1.42523e-12	7.36004e-14	3.31646e-15	1.32399e-16	5.08625e-18	3.2712e-19	
N66	1.38096e-05	4.39867e-05	0.000187305	0.000762784	0.00273347	0.00840066	0.0218645	0.0477998	0.0872526	0.132387	0.166401	0.172833	0.148088	0.104571	0.0608419	0.0291807	0.0115504	0.00378014	0.00102541	0.000231245	4.35068e-05	6.85544e-06	9.08509e-07	1.01709e-07	9.66346e-09	7.832e-10	5.4546e-11	3.33062e-12	1.96555e-13	1.96352e-14	
N67	6.07863e-12	8.05999e-11	1.43122e-09	2.30818e-08	3.17927e-07	3.63843e-06	3.39704e-05	0.000254949	0.00151682	0.00705361	0.0252619	0.0686118	0.139121	0.207443	0.224523	0.174821	0.0976413	0.0392781	0.0114956	0.00248255	0.000402019	4.9634e-05	4.74799e-06	3.57311e-07	2.14539e-08	1.04116e-09	4.1343e-11	1.36461e-12	3.99113e-14	1.85172e-15	
ADCAHA_Anisodactylus_virens	0	0	0	0	0	0	0	0	0	0	0	0	0	0	0	1	0	0	0	0	0	0	0	0	0	0	0	0	0	0	
ADCAHA_Anisodactylus_hispanus	0	0	0	0	0	0	0	0	0	0	0	0	0	0	0	1	0	0	0	0	0	0	0	0	0	0	0	0	0	0	
ADCAHA_Platymetopus_sp	0	0	0	0	0	0	0	0	0	0	0	0	0	0	1	0	0	0	0	0	0	0	0	0	0	0	0	0	0	0	
ADCAHA_Amblystomus_sp	0	0	1	0	0	0	0	0	0	0	0	0	0	0	0	0	0	0	0	0	0	0	0	0	0	0	0	0	0	0	
N68	0.0048274	0.010628	0.0287158	0.0695474	0.13424	0.197234	0.215843	0.173949	0.102685	0.0443528	0.014049	0.00327937	0.000567985	7.36021e-05	7.20239e-06	5.37493e-07	3.09004e-08	1.38244e-09	4.86125e-11	1.35669e-12	3.0332e-14	5.48144e-16	8.07535e-18	9.77718e-20	9.80346e-22	8.20006e-24	5.76265e-26	3.43406e-28	1.79587e-30	1.24883e-32	
N69	0.0656283	0.0817119	0.107292	0.13476	0.151936	0.148713	0.124369	0.0882408	0.0529694	0.0268876	0.01155	0.00420532	0.00130063	0.000342594	7.70863e-05	1.48646e-05	2.46494e-06	3.52772e-07	4.37335e-08	4.71388e-09	4.43407e-10	3.65334e-11	2.6462e-12	1.69103e-13	9.56738e-15	4.80915e-16	2.15677e-17	8.7265e-19	3.43342e-20	2.38538e-21	
ADCAHA_Notiobia_sp	0	1	0	0	0	0	0	0	0	0	0	0	0	0	0	0	0	0	0	0	0	0	0	0	0	0	0	0	0	0	
ADCAHA_Parophonus_hespericus	0	0	0	0	0	0	0	1	0	0	0	0	0	0	0	0	0	0	0	0	0	0	0	0	0	0	0	0	0	0	
N70	0.0028562	0.00674394	0.0202396	0.0552126	0.119304	0.192704	0.226561	0.191426	0.11561	0.0498746	0.0154124	0.00343045	0.000554132	6.55574e-05	5.73863e-06	3.75748e-07	1.86101e-08	7.05119e-10	2.06665e-11	4.73668e-13	8.57885e-15	1.24017e-16	1.44471e-18	1.36853e-20	1.06321e-22	6.82942e-25	3.65501e-27	1.64334e-29	6.36296e-32	3.16848e-34	
N71	0.00190153	0.00469603	0.0153098	0.0455329	0.106277	0.183623	0.229009	0.203771	0.128738	0.0577266	0.0184239	0.0042078	0.000692766	8.2948e-05	7.29466e-06	4.76185e-07	2.33279e-08	8.67205e-10	2.47348e-11	5.47188e-13	9.48806e-15	1.30267e-16	1.42995e-18	1.26666e-20	9.13419e-23	5.40717e-25	2.64843e-27	1.08183e-29	3.7564e-32	1.64063e-34	
N72	0.000416311	0.00114774	0.00429863	0.0149928	0.0426484	0.0945491	0.160369	0.206257	0.200264	0.146565	0.0809026	0.0337614	0.0106914	0.00258179	0.000478141	6.83439e-05	7.59109e-06	6.59856e-07	4.52156e-08	2.4604e-09	1.07098e-10	3.75638e-12	1.06922e-13	2.4872e-15	4.76081e-17	7.54924e-19	9.98466e-21	1.11066e-22	1.07301e-24	1.47918e-26	
N73	0.00039514	0.00113066	0.00414812	0.0138267	0.0379742	0.0831495	0.142915	0.19113	0.197929	0.158407	0.0980071	0.0469773	0.0175064	0.00509541	0.00116453	0.000210212	3.01562e-05	3.45989e-06	3.19523e-07	2.39047e-08	1.45804e-09	7.2963e-11	3.01436e-12	1.03462e-13	2.96995e-15	7.18744e-17	1.48456e-18	2.68358e-20	4.52845e-22	1.03164e-23	
ADCAHA_Dixus_capito	0	0	0	0	0	0	0	0	0	0	0	0	0	0	0	0	0	0	0	1	0	0	0	0	0	0	0	0	0	0	
N74	0.0296873	0.0479223	0.0849166	0.135482	0.178972	0.188592	0.155874	0.100419	0.0504135	0.0197869	0.00610384	0.00148947	0.000289571	4.51865e-05	5.70269e-06	5.86474e-07	4.95164e-08	3.45731e-09	2.0104e-10	9.8025e-12	4.03407e-13	1.41002e-14	4.21096e-16	1.08066e-17	2.39609e-19	4.61391e-21	7.75471e-23	1.14502e-24	1.53914e-26	3.20129e-28	
ADCAHA_Abax_parallelepipedus	0	0	0	1	0	0	0	0	0	0	0	0	0	0	0	0	0	0	0	0	0	0	0	0	0	0	0	0	0	0	
ADCAHA_Abax_ovalis	0	0	0	1	0	0	0	0	0	0	0	0	0	0	0	0	0	0	0	0	0	0	0	0	0	0	0	0	0	0	
N75	5.18579e-05	0.000184245	0.00090317	0.00407161	0.0149651	0.0430937	0.0955526	0.161533	0.20687	0.199948	0.14567	0.0800913	0.0333507	0.010577	0.00257344	0.000484413	7.11968e-05	8.24913e-06	7.60784e-07	5.63862e-08	3.38988e-09	1.66795e-10	6.77454e-12	2.28977e-13	6.48999e-15	1.55373e-16	3.16371e-18	5.52596e-20	8.61992e-22	2.06438e-23	
N76	6.26292e-07	4.53923e-06	4.60034e-05	0.000397826	0.00264489	0.0130249	0.0463721	0.116906	0.204917	0.24619	0.201146	0.11183	0.0426883	0.0113593	0.00214682	0.000293951	2.97404e-05	2.26541e-06	1.322e-07	6.00544e-09	2.1549e-10	6.18941e-12	1.44035e-13	2.74586e-15	4.33164e-17	5.70681e-19	6.33264e-21	5.96895e-23	4.90255e-25	5.67406e-27	
ADCAHA_Carterus_rotundicollis_M	0	0	0	0	0	0	0	0	0	1	0	0	0	0	0	0	0	0	0	0	0	0	0	0	0	0	0	0	0	0	
ADCAHA_Carterus_fulvipes	0	0	0	0	0	0	0	0	0	0	1	0	0	0	0	0	0	0	0	0	0	0	0	0	0	0	0	0	0	0	
ADCAHA_Licinus_sp	0	0	0	0	0	0	0	0	0	1	0	0	0	0	0	0	0	0	0	0	0	0	0	0	0	0	0	0	0	0	
N77	0.00347013	0.00853837	0.0253957	0.0653961	0.131288	0.197902	0.220029	0.17874	0.105651	0.0454281	0.0142497	0.00327776	0.00055677	7.04207e-05	6.69301e-06	4.82653e-07	2.66714e-08	1.14072e-09	3.81347e-11	1.00613e-12	2.11469e-14	3.57287e-16	4.89471e-18	5.48236e-20	5.06014e-22	3.8779e-24	2.48648e-26	1.34857e-28	6.44392e-31	4.06768e-33	
ADCAHA_Harpalus_pennsylvanicus	0	0	0	1	0	0	0	0	0	0	0	0	0	0	0	0	0	0	0	0	0	0	0	0	0	0	0	0	0	0	
N78	0.0031205	0.00773536	0.0233189	0.0612758	0.125896	0.194245	0.220905	0.183501	0.110959	0.0488617	0.0157218	0.00371638	0.000649898	8.47537e-05	8.31455e-06	6.19204e-07	3.53323e-08	1.55914e-09	5.36986e-11	1.45654e-12	3.13885e-14	5.42002e-16	7.56088e-18	8.58833e-20	8.00382e-22	6.16483e-24	3.95449e-26	2.13741e-28	1.01694e-30	6.32478e-33	
N79	3.97613e-06	1.60533e-05	8.76889e-05	0.000444694	0.00192887	0.00696717	0.0206504	0.0497193	0.0965137	0.150181	0.186495	0.184207	0.144405	0.0897537	0.0442399	0.0173194	0.00540053	0.0013467	0.00026992	4.37412e-05	5.76843e-06	6.23341e-07	5.55861e-08	4.11974e-09	2.55561e-10	1.3362e-11	5.93336e-13	2.2701e-14	8.06381e-16	4.73137e-17	
ADCAHA_Acinopus_picipes	0	0	0	0	0	0	0	0	0	0	0	0	0	0	1	0	0	0	0	0	0	0	0	0	0	0	0	0	0	0	
ADCAHA_Nesarpalus_sp	0	0	0	0	0	0	0	0	0	0	0	0	0	0	1	0	0	0	0	0	0	0	0	0	0	0	0	0	0	0	
N80	0.0281721	0.0529049	0.108493	0.182551	0.227023	0.200935	0.124814	0.0542754	0.0165982	0.00360275	0.00056178	6.37945e-05	5.35189e-06	3.3651e-07	1.60839e-08	5.92378e-10	1.70315e-11	3.86971e-13	7.02875e-15	1.03166e-16	1.23603e-18	1.22022e-20	1.00131e-22	6.88574e-25	3.99843e-27	1.9745e-29	8.34737e-32	3.04344e-34	9.82437e-37	4.21249e-39	
ADCAHA_Harpalus_serripes	0	1	0	0	0	0	0	0	0	0	0	0	0	0	0	0	0	0	0	0	0	0	0	0	0	0	0	0	0	0	
N81	0.0280705	0.053699	0.114288	0.197785	0.243726	0.202235	0.110305	0.0392322	0.00911372	0.00139361	0.000141946	9.77051e-06	4.61791e-07	1.52387e-08	3.57051e-10	6.03932e-12	7.4936e-14	6.92634e-16	4.83895e-18	2.59053e-20	1.07649e-22	3.51429e-25	9.11501e-28	1.8981e-30	3.20455e-33	4.4264e-36	5.04497e-39	4.78242e-42	3.81137e-45	3.34474e-48	
N82	0.0393898	0.071334	0.137171	0.21291	0.236703	0.178153	0.0884749	0.0287638	0.0061413	0.000870068	8.30216e-05	5.43019e-06	2.48117e-07	8.07455e-09	1.90759e-10	3.33219e-12	4.37922e-14	4.40101e-16	3.43366e-18	2.10902e-20	1.03302e-22	4.08313e-25	1.31662e-27	3.49837e-30	7.73064e-33	1.43285e-35	2.24519e-38	2.99832e-41	3.48368e-44	4.84643e-47	
N83	0.0855521	0.128238	0.196865	0.238685	0.198865	0.106834	0.0361424	0.00768489	0.00103758	9.04932e-05	5.20517e-06	2.01916e-07	5.40265e-09	1.01922e-10	1.38421e-12	1.38003e-14	1.02849e-16	5.82631e-19	2.54763e-21	8.72068e-24	2.36728e-26	5.15687e-29	9.11349e-32	1.31975e-34	1.58055e-37	1.57879e-40	1.32569e-43	9.42675e-47	5.74237e-50	3.93722e-53	
N84	0.00953621	0.0433334	0.169789	0.34669	0.300768	0.109004	0.0189743	0.00179931	0.000102055	3.70967e-06	9.10774e-08	1.57382e-09	1.97884e-11	1.86078e-13	1.33917e-15	7.52317e-18	3.35581e-20	1.20643e-22	3.54183e-25	8.59109e-28	1.73982e-30	2.96949e-33	4.30796e-36	5.35341e-39	5.73877e-42	5.34121e-45	4.34181e-48	3.09988e-51	1.96376e-54	1.43879e-57	
ADCAHA_Harpalus_attenuatus	0	0	0	1	0	0	0	0	0	0	0	0	0	0	0	0	0	0	0	0	0	0	0	0	0	0	0	0	0	0	
ADCAHA_Harpalus_rubripes	0	0	0	0	1	0	0	0	0	0	0	0	0	0	0	0	0	0	0	0	0	0	0	0	0	0	0	0	0	0	
N85	0.0919681	0.135376	0.202127	0.237702	0.192055	0.100103	0.0328896	0.00680305	0.000895769	7.64474e-05	4.32104e-06	1.65532e-07	4.39832e-09	8.28933e-11	1.13179e-12	1.14181e-14	8.66781e-17	5.0348e-19	2.2723e-21	8.08068e-24	2.29346e-26	5.25636e-29	9.83312e-32	1.51629e-34	1.94484e-37	2.09222e-40	1.90231e-43	1.47254e-46	9.83367e-50	7.54893e-53	
ADCAHA_Harpalus_ebeninus	0	0	0	1	0	0	0	0	0	0	0	0	0	0	0	0	0	0	0	0	0	0	0	0	0	0	0	0	0	0	
N86	0.109336	0.16384	0.230076	0.23707	0.162867	0.0721033	0.0204524	0.0037579	0.000456589	3.76228e-05	2.15875e-06	8.84984e-08	2.65511e-09	5.95921e-11	1.02069e-12	1.35825e-14	1.42703e-16	1.20098e-18	8.20246e-21	4.60004e-23	2.14092e-25	8.34931e-28	2.75244e-30	7.73183e-33	1.86433e-35	3.88476e-38	7.03871e-41	1.11536e-43	1.55979e-46	2.61571e-49	
ADCAHA_Harpalus_honestus	0	0	0	0	0	1	0	0	0	0	0	0	0	0	0	0	0	0	0	0	0	0	0	0	0	0	0	0	0	0	
N87	0.259687	0.518764	0.195717	0.024434	0.00135728	3.94511e-05	6.64864e-07	6.97889e-09	4.81361e-11	2.27552e-13	7.63052e-16	1.86816e-18	3.42261e-21	4.79339e-24	5.22832e-27	4.51488e-30	3.13195e-33	1.76809e-36	8.2179e-40	3.1778e-43	1.03206e-46	2.83932e-50	6.66872e-54	1.34673e-57	2.35377e-61	3.5817e-65	4.77151e-69	5.59365e-73	5.81146e-77	6.40234e-81	
ADCAHA_Harpalus_decipiens	0	1	0	0	0	0	0	0	0	0	0	0	0	0	0	0	0	0	0	0	0	0	0	0	0	0	0	0	0	0	
ADCAHA_Harpalus_wagneri	0	1	0	0	0	0	0	0	0	0	0	0	0	0	0	0	0	0	0	0	0	0	0	0	0	0	0	0	0	0	
ADCAHA_Harpalus_dimidiatus	0	0	0	0	1	0	0	0	0	0	0	0	0	0	0	0	0	0	0	0	0	0	0	0	0	0	0	0	0	0	
N88	0.0100064	0.0215664	0.0548339	0.119467	0.196614	0.232299	0.192809	0.111568	0.0450522	0.0127859	0.00257955	0.000375258	3.99873e-05	3.17243e-06	1.90432e-07	8.78449e-09	3.16012e-10	8.98825e-12	2.04727e-13	3.77858e-15	5.71295e-17	7.14694e-19	7.46645e-21	6.56954e-23	4.90667e-25	3.13339e-27	1.72241e-29	8.20564e-32	3.45811e-34	1.95651e-36	
N89	2.33343e-07	6.04918e-06	0.0001493	0.00243993	0.0237542	0.124767	0.31672	0.346915	0.153209	0.0292166	0.00268697	0.000132011	3.76719e-06	6.67511e-08	7.74654e-10	6.1481e-12	3.45779e-14	1.41961e-16	4.36258e-19	1.02529e-21	1.87735e-24	2.72185e-27	3.16952e-30	3.00197e-33	2.33876e-36	1.51392e-39	8.2167e-43	3.77063e-46	1.48366e-49	6.57325e-53	
N90	5.68925e-08	1.78747e-06	6.24754e-05	0.00138098	0.0171786	0.108882	0.314338	0.367041	0.16034	0.0283874	0.00229254	9.4065e-05	2.14254e-06	2.90914e-08	2.49411e-10	1.41506e-12	5.52362e-15	1.53255e-17	3.10716e-20	4.71385e-23	5.46245e-26	4.92274e-29	3.50519e-32	1.99987e-35	9.25815e-39	3.5169e-42	1.10743e-45	2.91729e-49	6.48946e-53	1.47057e-56	
N91	1.15918e-13	4.01286e-11	1.21492e-08	2.21374e-06	0.000217041	0.00995933	0.170829	0.692224	0.1216	0.00508757	8.06247e-05	6.06999e-07	2.49213e-09	6.13099e-12	9.6829e-15	1.03494e-17	7.80523e-21	4.29649e-24	1.7752e-27	5.63621e-31	1.40288e-34	2.78499e-38	4.47609e-42	5.90131e-46	6.45672e-50	5.92341e-54	4.59874e-58	3.04667e-62	1.73626e-66	9.71355e-71	
ADCAHA_Harpalus_affinis	0	0	0	0	0	0	0	1	0	0	0	0	0	0	0	0	0	0	0	0	0	0	0	0	0	0	0	0	0	0	
ADCAHA_Harpalus_distinguendus	0	0	0	0	0	0	0	1	0	0	0	0	0	0	0	0	0	0	0	0	0	0	0	0	0	0	0	0	0	0	
ADCAHA_Harpalus_aesculanus	0	0	0	0	0	0	0	1	0	0	0	0	0	0	0	0	0	0	0	0	0	0	0	0	0	0	0	0	0	0	
ADCAHA_Harpalus_contemptus	0	0	0	0	0	0	0	1	0	0	0	0	0	0	0	0	0	0	0	0	0	0	0	0	0	0	0	0	0	0	
ADCAHA_Harpalus_anxius	0	0	0	0	0	0	1	0	0	0	0	0	0	0	0	0	0	0	0	0	0	0	0	0	0	0	0	0	0	0	
N92	0.00691332	0.0129703	0.0295	0.0633722	0.115157	0.168778	0.195176	0.176212	0.123631	0.067336	0.0285112	0.00941599	0.00243699	0.000497173	8.04811e-05	1.04114e-05	1.08438e-06	9.16227e-08	6.32785e-09	3.59897e-10	1.69795e-11	6.69192e-13	2.21814e-14	6.22369e-16	1.48733e-17	3.04536e-19	5.37454e-21	8.25193e-23	1.15494e-24	2.4598e-26	
N93	0.00293437	0.00717647	0.0202101	0.0505036	0.103181	0.165856	0.205265	0.193147	0.137236	0.07342	0.0295792	0.00899627	0.00207456	0.000364832	4.92674e-05	5.14836e-06	4.1976e-07	2.69322e-08	1.37168e-09	5.59375e-11	1.84217e-12	4.94018e-14	1.0875e-15	1.98033e-17	3.00516e-19	3.82711e-21	4.1179e-23	3.77193e-25	3.02597e-27	3.41153e-29	
N94	0.000385306	0.00122997	0.00492241	0.0174596	0.0495267	0.107932	0.177146	0.216615	0.196234	0.131423	0.065103	0.0239134	0.00653934	0.00133821	0.000206177	2.40782e-05	2.14719e-06	1.47366e-07	7.84869e-09	3.27197e-10	1.07711e-11	2.82493e-13	5.95521e-15	1.0179e-16	1.42272e-18	1.63956e-20	1.57136e-22	1.26873e-24	9.03607e-27	8.64238e-29	
ADCAHA_Ophonus_longicollis	0	0	0	0	0	0	0	0	0	0	0	0	0	0	0	0	1	0	0	0	0	0	0	0	0	0	0	0	0	0	
N95	0.000899701	0.00302102	0.0118806	0.0380885	0.0924634	0.166438	0.21969	0.211046	0.14687	0.073915	0.0269383	0.00714086	0.00138658	0.000199038	2.13473e-05	1.73043e-06	1.07283e-07	5.14812e-09	1.93462e-10	5.75829e-12	1.37236e-13	2.6461e-15	4.16828e-17	5.41402e-19	5.8486e-21	5.29754e-23	4.05403e-25	2.64081e-27	1.49337e-29	1.13926e-31	
ADCAHA_Bradybaenus_sp	0	1	0	0	0	0	0	0	0	0	0	0	0	0	0	0	0	0	0	0	0	0	0	0	0	0	0	0	0	0	
N96	7.60275e-11	3.42293e-09	1.57352e-07	5.5033e-06	0.000135968	0.00221974	0.0221977	0.12301	0.327203	0.346929	0.150091	0.0259428	0.0021614	0.000100292	2.86096e-06	5.37978e-08	7.02056e-10	6.61448e-12	4.64246e-14	2.49007e-16	1.04257e-18	3.46924e-21	9.31764e-24	2.04717e-26	3.72308e-29	5.66367e-32	7.27457e-35	7.95835e-38	7.53383e-41	8.29586e-44	
ADCAHA_Graphipterus_sp	0	0	0	0	0	0	0	0	0	0	1	0	0	0	0	0	0	0	0	0	0	0	0	0	0	0	0	0	0	0	
ADCAHA_Ophonus_azureus	0	0	0	0	0	0	0	0	1	0	0	0	0	0	0	0	0	0	0	0	0	0	0	0	0	0	0	0	0	0	
ADCAHA_Ophonus_stictus	0	0	0	1	0	0	0	0	0	0	0	0	0	0	0	0	0	0	0	0	0	0	0	0	0	0	0	0	0	0	
ADCAHA_Abacetus_sp	0	0	0	0	0	0	1	0	0	0	0	0	0	0	0	0	0	0	0	0	0	0	0	0	0	0	0	0	0	0	
N97	0.124024	0.1416	0.160207	0.166733	0.151564	0.116668	0.0746923	0.0393592	0.0169727	0.00597311	0.00171447	0.000401754	7.70232e-05	1.21181e-05	1.57041e-06	1.68337e-07	1.49933e-08	1.11491e-09	6.95537e-11	3.65835e-12	1.63031e-13	6.18575e-15	2.00782e-16	5.60136e-18	1.34918e-19	2.81811e-21	5.12683e-23	8.1714e-25	1.18258e-26	2.66283e-28	
N98	0.173073	0.180031	0.177157	0.15963	0.127671	0.0884517	0.0521818	0.0259207	0.0107671	0.00372596	0.00107251	0.000256816	5.12206e-05	8.52681e-06	1.18806e-06	1.38993e-07	1.37018e-08	1.14241e-09	8.08755e-11	4.88075e-12	2.52097e-13	1.11891e-14	4.28436e-16	1.42079e-17	4.09626e-19	1.03064e-20	2.27255e-22	4.42814e-24	8.01299e-26	2.29952e-27	
N99	0.16673	0.173377	0.171388	0.156747	0.128912	0.0930622	0.057921	0.0307046	0.0137601	0.00519202	0.00164686	0.000439183	9.86029e-05	1.86788e-05	2.99395e-06	4.07355e-07	4.72127e-08	4.67848e-09	3.9789e-10	2.91546e-11	1.84762e-12	1.0166e-13	4.87483e-15	2.04483e-16	7.53053e-18	2.4438e-19	7.02049e-21	1.80708e-22	4.47259e-24	1.81313e-25	
ADCAHA_Dicrochile_sp	0	0	0	0	1	0	0	0	0	0	0	0	0	0	0	0	0	0	0	0	0	0	0	0	0	0	0	0	0	0	
ADCAHA_Sarothrocrepis_sp	0	0	0	0	0	1	0	0	0	0	0	0	0	0	0	0	0	0	0	0	0	0	0	0	0	0	0	0	0	0	
ADCAHA_Lebia_sp	0	1	0	0	0	0	0	0	0	0	0	0	0	0	0	0	0	0	0	0	0	0	0	0	0	0	0	0	0	0	
N100	0.113908	0.135567	0.162512	0.1772	0.163692	0.122845	0.0731745	0.0341797	0.0124508	0.00353244	0.000781636	0.00013533	1.84161e-05	1.98038e-06	1.69293e-07	1.15776e-08	6.37579e-10	2.84623e-11	1.03684e-12	3.10251e-14	7.67495e-16	1.57953e-17	2.72093e-19	3.94641e-21	4.84666e-23	5.06763e-25	4.53499e-27	3.49397e-29	2.37428e-31	2.25289e-33	
N101	0.121552	0.14358	0.169726	0.18101	0.161777	0.116025	0.0652399	0.02844	0.00957222	0.00248807	0.000500938	7.84984e-05	9.63147e-06	9.31558e-07	7.1539e-08	4.3947e-09	2.17592e-10	8.74876e-12	2.87772e-13	7.79981e-15	1.75423e-16	3.29599e-18	5.20706e-20	6.95982e-22	7.91731e-24	7.70934e-26	6.46425e-28	4.71312e-30	3.11416e-32	2.85202e-34	
ADCAPS_Olisthopus_sp	0	0	0	0	0	0	0	0	1	0	0	0	0	0	0	0	0	0	0	0	0	0	0	0	0	0	0	0	0	0	
N102	0.172555	0.191418	0.201496	0.182703	0.133003	0.0745743	0.0315127	0.00993768	0.0023326	0.000408271	5.35383e-05	5.295e-06	3.98075e-07	2.29459e-08	1.02333e-09	3.56367e-11	9.78038e-13	2.13466e-14	3.73815e-16	5.29723e-18	6.12448e-20	5.82272e-22	4.58635e-24	3.01424e-26	1.66412e-28	7.7672e-31	3.08348e-33	1.04731e-35	3.08376e-38	1.14468e-40	
N103	0.252631	0.269184	0.239979	0.152714	0.064259	0.0176152	0.0031909	0.000391455	3.3403e-05	2.03408e-06	9.05029e-08	3.00538e-09	7.59212e-11	1.48416e-12	2.27999e-14	2.79083e-16	2.75633e-18	2.22159e-20	1.47651e-22	8.16872e-25	3.79478e-27	1.49208e-29	5.00212e-32	1.43952e-34	3.57852e-37	7.7292e-40	1.45835e-42	2.41657e-45	3.56649e-48	6.58266e-51	
N104	0.199141	0.284969	0.303575	0.165209	0.0417157	0.00506247	0.000317157	1.10243e-05	2.26521e-07	2.90316e-09	2.42819e-11	1.37712e-13	5.47168e-16	1.5665e-18	3.31117e-21	5.27863e-24	6.46678e-27	6.18998e-30	4.69835e-33	2.86553e-36	1.42116e-39	5.79336e-43	1.96025e-46	5.55456e-50	1.32885e-53	2.70411e-57	4.71277e-61	7.07907e-65	9.22446e-69	1.22092e-72	
N105	0.140257	0.266149	0.350765	0.19615	0.0425709	0.00393086	0.000173696	4.07162e-06	5.50582e-08	4.59421e-10	2.49795e-12	9.25281e-15	2.42259e-17	4.62388e-20	6.60401e-23	7.21784e-26	6.15469e-29	4.16415e-32	2.26881e-35	1.00858e-38	3.70102e-42	1.13282e-45	2.91949e-49	6.38909e-53	1.19647e-56	1.93083e-60	2.70243e-64	3.29982e-68	3.53606e-72	3.85638e-76	
ADCAHA_Calathus_melanocephalus	0	0	1	0	0	0	0	0	0	0	0	0	0	0	0	0	0	0	0	0	0	0	0	0	0	0	0	0	0	0	
N106	0.0716974	0.217605	0.407101	0.252527	0.0476752	0.00329363	9.96036e-05	1.51339e-06	1.28175e-08	6.55119e-11	2.14999e-13	4.76007e-16	7.40078e-19	8.35236e-22	7.03473e-25	4.52688e-28	2.27099e-31	9.03791e-35	2.89717e-38	7.58143e-42	1.63893e-45	2.95799e-49	4.49973e-53	5.81898e-57	6.44678e-61	6.16219e-65	5.11466e-69	3.70808e-73	2.36142e-77	1.49101e-81	
N107	0.00259372	0.0712092	0.382432	0.465792	0.07556	0.00239985	1.28707e-05	2.49014e-08	2.2804e-11	1.1468e-14	3.48663e-18	6.85924e-22	9.18567e-26	8.70859e-30	6.0301e-34	3.12764e-38	1.24069e-42	3.82993e-47	9.33529e-52	1.81898e-56	2.8631e-61	3.673e-66	3.86961e-71	3.36944e-76	2.43798e-81	2.50502e-70	1.24892e-71	3.72737e-73	4.34254e-75	9.97171e-78	
ADCAHA_Calathus_auctus	0	1	0	0	0	0	0	0	0	0	0	0	0	0	0	0	0	0	0	0	0	0	0	0	0	0	0	0	0	0	
N108	0.000197217	0.0129201	0.201186	0.621101	0.156949	0.00760901	3.71003e-05	5.61254e-08	3.6842e-11	1.25253e-14	2.46753e-18	3.04634e-22	2.49725e-26	1.42106e-30	5.81405e-35	1.75943e-39	4.03085e-44	7.12778e-49	9.888e-54	1.09105e-58	9.6888e-64	6.99458e-69	4.14082e-74	2.0253e-79	8.23712e-85	1.34978e-67	1.71134e-70	9.6338e-74	4.01563e-77	1.53215e-80	
ADCAHA_Calathus_circumseptus	0	0	0	1	0	0	0	0	0	0	0	0	0	0	0	0	0	0	0	0	0	0	0	0	0	0	0	0	0	0	
ADCAHA_Calathus_freyi	0	0	0	0	0	1	0	0	0	0	0	0	0	0	0	0	0	0	0	0	0	0	0	0	0	0	0	0	0	0	
ADCAHA_Calathus_ascendens	0	0	1	0	0	0	0	0	0	0	0	0	0	0	0	0	0	0	0	0	0	0	0	0	0	0	0	0	0	0	
N109	0.157668	0.28138	0.339555	0.179258	0.0384754	0.00351071	0.000148982	3.23426e-06	3.90912e-08	2.8237e-10	1.29223e-12	3.93133e-15	8.27481e-18	1.24604e-20	1.38089e-23	1.15385e-26	7.42275e-30	3.74353e-33	1.50382e-36	4.87968e-40	1.29499e-43	2.84209e-47	5.20985e-51	8.04866e-55	1.05647e-58	1.18695e-62	1.14912e-66	9.64571e-71	7.06444e-75	5.21324e-79	
ADCAHA_Colliuris_pennsylvanica	0	0	0	0	1	0	0	0	0	0	0	0	0	0	0	0	0	0	0	0	0	0	0	0	0	0	0	0	0	0	
N110	0.186711	0.33283	0.337086	0.125706	0.0167605	0.000885493	2.1017e-05	2.51233e-07	1.66303e-09	6.58025e-12	1.655e-14	2.78095e-17	3.25192e-20	2.73741e-23	1.70662e-26	8.07251e-30	2.95765e-33	8.54545e-37	1.97773e-40	3.71725e-44	5.74367e-48	7.37538e-52	7.94749e-56	7.24984e-60	5.64308e-64	3.775e-68	2.18463e-72	1.10027e-76	4.84994e-81	2.08635e-85	
N111	0.109582	0.803376	0.0850312	0.00199421	1.6574e-05	6.12226e-08	1.16284e-10	1.26007e-13	8.41991e-17	3.6839e-20	1.1066e-23	2.37112e-27	3.73958e-31	4.456e-35	4.10101e-39	2.97048e-43	1.72105e-47	8.08926e-52	3.12273e-56	1.00092e-60	2.68966e-65	6.11194e-70	1.18359e-74	1.96693e-79	2.82279e-84	3.51846e-89	3.82888e-94	3.6551e-99	3.07465e-104	2.47255e-109	
N112	0.0160838	0.973545	0.0103558	1.53659e-05	6.74568e-09	1.22048e-12	1.09727e-16	5.52487e-21	1.69197e-25	3.34591e-30	4.46888e-35	4.17288e-40	2.79841e-45	1.37655e-50	5.04948e-56	1.39891e-61	2.95464e-67	4.78817e-73	5.9803e-79	6.43632e-85	6.99111e-90	1.98605e-93	1.36086e-93	9.46541e-94	4.70281e-94	3.33865e-80	8.86351e-80	1.54661e-81	2.5667e-83	4.14167e-85	
N113	0.00170983	0.997146	0.00114414	1.54289e-07	5.86834e-12	9.0397e-17	6.85689e-22	2.8881e-27	7.31454e-33	1.17714e-38	1.25195e-44	9.05037e-51	4.53601e-57	1.59723e-63	3.98207e-70	7.04825e-77	8.8379e-84	7.7933e-91	4.76883e-98	1.98331e-105	5.43532e-113	9.37492e-121	9.48484e-129	5.01238e-137	1.1121e-145	5.6063e-127	2.00722e-47	2.16803e-47	2.17205e-47	2.17209e-47	
ADCAHA_Calathus_abaxoides	0	1	0	0	0	0	0	0	0	0	0	0	0	0	0	0	0	0	0	0	0	0	0	0	0	0	0	0	0	0	
ADCAHA_Calathus_ambiguus	0	1	0	0	0	0	0	0	0	0	0	0	0	0	0	0	0	0	0	0	0	0	0	0	0	0	0	0	0	0	
N114	0.000233659	0.999596	0.000170619	3.59019e-09	2.22404e-14	4.38713e-20	2.92382e-26	5.63682e-33	2.87011e-40	7.52366e-42	1.73549e-43	3.56827e-45	6.60677e-47	1.1108e-48	1.70758e-50	2.41383e-52	3.15286e-54	3.82068e-56	4.31042e-58	4.5407e-60	4.47761e-62	4.14215e-64	3.60127e-66	2.9472e-68	2.27327e-70	1.65441e-72	1.13701e-74	7.38535e-77	4.54575e-79	2.72773e-81	
ADCAHA_Calathus_granatensis	0	1	0	0	0	0	0	0	0	0	0	0	0	0	0	0	0	0	0	0	0	0	0	0	0	0	0	0	0	0	
ADCAHA_Calathus_rotundatus	0	1	0	0	0	0	0	0	0	0	0	0	0	0	0	0	0	0	0	0	0	0	0	0	0	0	0	0	0	0	
N115	0.00970126	0.984402	0.00589188	4.62692e-06	1.02787e-09	9.07949e-14	3.85253e-18	8.83527e-23	1.18518e-27	9.81891e-33	5.21589e-38	1.82108e-43	4.23746e-49	1.07185e-46	2.61362e-48	1.30486e-51	5.46217e-55	1.96824e-58	6.15182e-62	1.67867e-65	4.02162e-69	8.50006e-73	1.59167e-76	2.65012e-80	3.93553e-84	5.22641e-88	6.22029e-92	6.64649e-96	6.38475e-100	5.63249e-104	
N116	0.00473064	0.992551	0.00271716	7.11047e-07	4.68682e-11	1.16572e-15	1.36222e-20	8.55606e-26	3.15612e-31	7.26762e-37	1.09083e-42	1.10068e-48	7.6313e-55	1.70817e-55	1.1494e-58	9.46892e-63	5.87923e-67	3.05066e-71	5.4091e-75	3.63752e-77	2.98213e-79	2.29359e-81	1.65507e-83	1.12167e-85	7.14475e-88	7.67844e-77	8.41298e-77	4.4762e-79	2.23013e-81	1.04916e-83	
ADCAHA_Calathus_mollis	0	1	0	0	0	0	0	0	0	0	0	0	0	0	0	0	0	0	0	0	0	0	0	0	0	0	0	0	0	0	
N117	0.000784	0.998641	0.00057493	4.09326e-08	8.55754e-13	7.25692e-18	2.92481e-23	6.1224e-29	6.94159e-35	4.30306e-41	1.42608e-47	2.34209e-54	1.62295e-61	3.00549e-69	1.91322e-53	1.44999e-55	9.84616e-58	5.98501e-60	3.24903e-62	1.56917e-64	6.70495e-67	2.51526e-69	8.1982e-72	2.28961e-74	5.37797e-77	6.62766e-49	1.79866e-47	1.84209e-47	1.8423e-47	1.8423e-47	
ADCAHA_Calathus_micropterus	0	1	0	0	0	0	0	0	0	0	0	0	0	0	0	0	0	0	0	0	0	0	0	0	0	0	0	0	0	0	
ADCAHA_Calathus_fuscipes	0	1	0	0	0	0	0	0	0	0	0	0	0	0	0	0	0	0	0	0	0	0	0	0	0	0	0	0	0	0	
ADCAHA_Calathus_erratus	0	1	0	0	0	0	0	0	0	0	0	0	0	0	0	0	0	0	0	0	0	0	0	0	0	0	0	0	0	0	
N118	0.106429	0.333114	0.402221	0.144375	0.0134014	0.000451983	6.90904e-06	5.5374e-08	2.57776e-10	7.5168e-13	1.45475e-15	1.95569e-18	1.89462e-21	1.36324e-24	7.47146e-28	3.18641e-31	1.07699e-34	2.93099e-38	6.51217e-42	1.19574e-45	1.83417e-49	2.37313e-53	2.61239e-57	2.46593e-61	2.01009e-65	1.42409e-69	8.82277e-74	4.85064e-78	3.11943e-82	1.3649e-85	
ADCAHA_Calathus_brevis	0	0	0	1	0	0	0	0	0	0	0	0	0	0	0	0	0	0	0	0	0	0	0	0	0	0	0	0	0	0	
N119	0.0144621	0.964379	0.0210733	8.50626e-05	1.05606e-07	5.27456e-11	1.26362e-14	1.63709e-18	1.2479e-22	5.94821e-27	1.85428e-31	3.90874e-36	5.71107e-41	5.8885e-46	4.33725e-51	2.29858e-56	8.7848e-62	2.41443e-67	4.73125e-73	6.5067e-79	6.12174e-85	3.78556e-91	1.44335e-97	3.04391e-104	2.8783e-111	7.10227e-119	3.38141e-53	1.54321e-54	6.73916e-56	2.93392e-57	
ADCAHA_Calathus_rectus	0	1	0	0	0	0	0	0	0	0	0	0	0	0	0	0	0	0	0	0	0	0	0	0	0	0	0	0	0	0	
ADCAHA_Calathus_asturiensis	0	1	0	0	0	0	0	0	0	0	0	0	0	0	0	0	0	0	0	0	0	0	0	0	0	0	0	0	0	0	
ADCAHA_Orthomus_velocissimus	0	0	1	0	0	0	0	0	0	0	0	0	0	0	0	0	0	0	0	0	0	0	0	0	0	0	0	0	0	0	
N120	0.167434	0.187376	0.199269	0.182694	0.135309	0.0781158	0.0345422	0.0116165	0.00296843	0.000578119	8.62936e-05	9.94446e-06	8.92205e-07	6.2884e-08	3.51431e-09	1.57186e-10	5.67877e-12	1.672e-13	4.04658e-15	8.11664e-17	1.35983e-18	1.917e-20	2.28986e-22	2.33291e-24	2.03975e-26	1.53946e-28	1.00855e-30	5.77425e-33	2.9795e-35	2.16135e-37	
ADCAHA_Syntomus_sp	0	1	0	0	0	0	0	0	0	0	0	0	0	0	0	0	0	0	0	0	0	0	0	0	0	0	0	0	0	0	
ADCAHA_Apenes_sp	0	0	0	0	0	0	1	0	0	0	0	0	0	0	0	0	0	0	0	0	0	0	0	0	0	0	0	0	0	0	
N121	0.0682803	0.0954002	0.135951	0.170455	0.178138	0.151895	0.104531	0.0576975	0.0254604	0.00897293	0.00252755	0.000570315	0.000103422	1.51361e-05	1.79644e-06	1.73827e-07	1.37904e-08	9.02261e-10	4.89735e-11	2.21846e-12	8.4366e-14	2.70911e-15	7.38727e-17	1.71997e-18	3.43744e-20	5.9271e-22	8.86182e-24	1.15672e-25	1.36736e-27	2.44488e-29	
ADCAHA_Cymindis_sp	0	1	0	0	0	0	0	0	0	0	0	0	0	0	0	0	0	0	0	0	0	0	0	0	0	0	0	0	0	0	
N122	0.00454443	0.0101412	0.0256841	0.0576498	0.106936	0.159831	0.190275	0.179333	0.133376	0.0781629	0.0360906	0.0131443	0.00378435	0.000864112	0.000157156	2.28844e-05	2.68419e-06	2.55292e-07	1.98284e-08	1.26688e-09	6.70777e-11	2.96467e-12	1.10157e-13	3.46463e-15	9.28438e-17	2.13312e-18	4.22776e-20	7.28911e-22	1.14086e-23	2.77376e-25	
ADCAHA_Dromius_sp	0	0	0	0	0	0	0	0	0	0	0	0	0	1	0	0	0	0	0	0	0	0	0	0	0	0	0	0	0	0	
ADCAHA_Diplocheila_sp	0	0	0	0	0	1	0	0	0	0	0	0	0	0	0	0	0	0	0	0	0	0	0	0	0	0	0	0	0	0	
N123	0.00197032	0.00346352	0.00770432	0.0175755	0.0369147	0.0679797	0.107345	0.143839	0.162758	0.15521	0.124705	0.084487	0.0483401	0.0234068	0.00961519	0.00336	0.00100172	0.000255567	5.59722e-05	1.05572e-05	1.72061e-06	2.43164e-07	2.99148e-08	3.21846e-09	3.04678e-10	2.5609e-11	1.93971e-12	1.36084e-13	9.49896e-15	9.67371e-16	
ADCAHA_Galerita_sp	0	0	0	0	0	0	0	0	0	0	0	0	0	0	0	0	0	1	0	0	0	0	0	0	0	0	0	0	0	0	
N124	0.000531496	0.00107566	0.00271373	0.00686112	0.0160464	0.0335015	0.0612625	0.097041	0.13226	0.154467	0.154211	0.131434	0.0955843	0.0593186	0.031431	0.0142327	0.00551453	0.0018309	0.000521791	0.000127887	2.70115e-05	4.92769e-06	7.78329e-07	1.06731e-07	1.27487e-08	1.33287e-09	1.23203e-10	1.03843e-11	9.04278e-13	1.39576e-13	
N125	0.000136154	0.00027349	0.000736961	0.00209286	0.00561383	0.0135789	0.0289958	0.0540665	0.0874846	0.122372	0.147614	0.153331	0.137037	0.10535	0.0696761	0.0396659	0.0194535	0.00822825	0.00300567	0.000949697	0.000260029	6.18204e-05	1.27919e-05	2.31049e-06	3.65829e-07	5.11634e-08	6.42637e-09	7.55282e-10	9.2608e-11	1.72754e-11	
ADCAHA_Drypta_sp	0	0	0	0	0	0	0	0	0	0	0	0	0	0	0	0	0	0	1	0	0	0	0	0	0	0	0	0	0	0	
ADCAHA_Macrocheilus_sp	0	0	0	0	0	0	0	0	0	0	0	0	0	1	0	0	0	0	0	0	0	0	0	0	0	0	0	0	0	0	
ADCAHA_Anthia_sp	0	0	0	0	0	0	1	0	0	0	0	0	0	0	0	0	0	0	0	0	0	0	0	0	0	0	0	0	0	0	
N126	0.0417046	0.0520707	0.0697436	0.0924449	0.114999	0.130334	0.132454	0.119666	0.0956598	0.0674909	0.041975	0.0230043	0.0111124	0.00473464	0.00178112	0.000592367	0.000174435	4.55556e-05	1.05705e-05	2.18327e-06	4.02203e-07	6.62241e-08	9.76878e-09	1.29477e-09	1.54888e-10	1.68665e-11	1.70398e-12	1.66971e-13	1.75593e-14	2.7165e-15	
ADCABR_Aptinus_displosor	0	0	0	0	1	0	0	0	0	0	0	0	0	0	0	0	0	0	0	0	0	0	0	0	0	0	0	0	0	0	
N127	0.00868387	0.0128753	0.0212676	0.0343564	0.0519584	0.0726072	0.0933	0.109956	0.118628	0.116997	0.105372	0.0866	0.0649171	0.0443771	0.0276643	0.0157298	0.00816051	0.00386468	0.00167176	0.000661002	0.000239086	7.91801e-05	2.4034e-05	6.69386e-06	1.71312e-06	4.03786e-07	8.81357e-08	1.81488e-08	3.8071e-09	1.14823e-09	
ADCABR_Brachinus_sp	0	0	1	0	0	0	0	0	0	0	0	0	0	0	0	0	0	0	0	0	0	0	0	0	0	0	0	0	0	0	
ADCABR_Pheropsophus_sp	0	0	0	0	0	0	0	0	0	0	0	0	0	0	0	0	0	0	0	0	0	0	0	0	0	0	0	0	1	0	
N128	0.155206	0.161795	0.161312	0.150586	0.128752	0.0989518	0.0673871	0.0402483	0.0209349	0.00943918	0.00367879	0.00123743	0.000359047	8.9884e-05	1.94288e-05	3.63043e-06	5.87334e-07	8.24137e-08	1.00499e-08	1.06733e-09	9.89436e-11	8.02485e-12	5.70802e-13	3.56936e-14	1.96721e-15	9.58355e-17	4.1472e-18	1.62068e-19	6.22895e-21	3.99702e-22	
N129	0.124749	0.134003	0.140727	0.140563	0.130502	0.110861	0.0853095	0.059091	0.0366897	0.0203626	0.0100817	0.00444685	0.00174588	0.000609839	0.000189496	5.23893e-05	1.28925e-05	2.82598e-06	5.52222e-07	9.62985e-08	1.50036e-08	2.09122e-09	2.61121e-10	2.92522e-11	2.94472e-12	2.66901e-13	2.18711e-14	1.65053e-15	1.28133e-16	1.83753e-17	
N130	0.0234855	0.0349543	0.0578416	0.0910183	0.127163	0.153368	0.157687	0.137318	0.100894	0.0623955	0.0324274	0.0141504	0.00518306	0.00159384	0.000411718	8.94276e-05	1.63536e-05	2.52175e-06	3.28487e-07	3.62186e-08	3.38761e-09	2.6942e-10	1.82662e-11	1.0587e-12	5.26383e-14	2.25645e-15	8.42516e-17	2.82128e-18	9.50609e-20	5.81158e-21	
N131	0.0493418	0.0658542	0.0932543	0.124415	0.14799	0.153102	0.135983	0.102887	0.0659866	0.0357627	0.0163508	0.00630211	0.00204805	0.000561634	0.00013014	2.55265e-05	4.24743e-06	6.01001e-07	7.25107e-08	7.48085e-09	6.61959e-10	5.03963e-11	3.31165e-12	1.88444e-13	9.31641e-15	4.01555e-16	1.51555e-17	5.06499e-19	1.60428e-20	8.51729e-22	
N132	0.0948905	0.114149	0.140043	0.159638	0.159431	0.135249	0.0959934	0.0566093	0.0276673	0.011206	0.00376697	0.00105362	0.000246002	4.81264e-05	7.92131e-06	1.10169e-06	1.30048e-07	1.30884e-08	1.12817e-09	8.36561e-11	5.36001e-12	2.98015e-13	1.44386e-14	6.1204e-16	2.27876e-17	7.48045e-19	2.17375e-20	5.63512e-22	1.37545e-23	5.63243e-25	
N133	0.00018786	0.00139366	0.010248	0.0508661	0.155002	0.273137	0.277762	0.16367	0.0555138	0.0108314	0.00128426	9.86266e-05	5.18146e-06	1.94561e-07	5.40709e-09	1.14393e-10	1.88531e-12	2.4675e-14	2.60666e-16	2.25383e-18	1.61444e-20	9.68278e-23	4.90837e-25	2.12069e-27	7.8686e-30	2.52446e-32	7.04801e-35	1.7256e-37	3.80966e-40	1.08232e-42	
ADCASC_Scarites_buparius	0	0	0	0	0	0	0	0	1	0	0	0	0	0	0	0	0	0	0	0	0	0	0	0	0	0	0	0	0	0	
ADCASC_Scarites_occidentalis_M	0	0	0	0	1	0	0	0	0	0	0	0	0	0	0	0	0	0	0	0	0	0	0	0	0	0	0	0	0	0	
ADCASC_Scarites_hespericus	0	1	0	0	0	0	0	0	0	0	0	0	0	0	0	0	0	0	0	0	0	0	0	0	0	0	0	0	0	0	
ADCASC_Carenum_interruptum	0	0	0	1	0	0	0	0	0	0	0	0	0	0	0	0	0	0	0	0	0	0	0	0	0	0	0	0	0	0	
N134	0.0183455	0.0271023	0.0457729	0.0753962	0.111628	0.14349	0.15783	0.147563	0.116861	0.078232	0.0442211	0.0210955	0.00849335	0.00288744	0.000829624	0.000201709	4.15647e-05	7.27226e-06	1.08256e-06	1.37422e-07	1.49118e-08	1.38676e-09	1.10837e-10	7.63738e-12	4.55517e-13	2.36662e-14	1.08575e-15	4.56019e-17	1.94457e-18	1.19267e-19	
N135	3.74468e-07	2.35805e-06	1.87283e-05	0.000129713	0.000745336	0.00348968	0.0131039	0.0388343	0.0893792	0.157305	0.208803	0.206803	0.151907	0.0827306	0.0335875	0.0102667	0.00239322	0.000431504	6.10503e-05	6.87312e-06	6.2387e-07	4.62168e-08	2.82572e-09	1.44052e-10	6.18063e-12	2.25151e-13	7.02851e-15	1.91047e-16	4.83081e-18	1.93334e-19	
ADCASC_Scarites_terricola	0	0	0	0	0	0	0	0	0	0	0	1	0	0	0	0	0	0	0	0	0	0	0	0	0	0	0	0	0	0	
ADCASC_Scarites_laevigatus	0	0	0	0	0	0	0	0	0	0	0	0	1	0	0	0	0	0	0	0	0	0	0	0	0	0	0	0	0	0	
ADCASC_Scarites_eurytus	0	0	0	0	0	0	0	0	0	0	0	0	0	0	0	1	0	0	0	0	0	0	0	0	0	0	0	0	0	0	
N136	0.150307	0.154205	0.150579	0.139128	0.120678	0.0974554	0.0727158	0.0498056	0.031153	0.0177247	0.00914654	0.00427235	0.00180404	0.000688145	0.000237053	7.3753e-05	2.07318e-05	5.26835e-06	1.21123e-06	2.52168e-07	4.75902e-08	8.15076e-09	1.26842e-09	1.79592e-10	2.31719e-11	2.73156e-12	2.96314e-13	3.04434e-14	3.37416e-15	6.81738e-16	
ADCAPA_Mystropomus_subcostatus	0	0	0	0	0	1	0	0	0	0	0	0	0	0	0	0	0	0	0	0	0	0	0	0	0	0	0	0	0	0	
ADCAPA_Arthropterus_sp	0	0	0	1	0	0	0	0	0	0	0	0	0	0	0	0	0	0	0	0	0	0	0	0	0	0	0	0	0	0	
N137	0.118259	0.129783	0.140483	0.144145	0.136077	0.115987	0.0882491	0.0595083	0.0353955	0.0185101	0.00849174	0.00341262	0.00120042	0.000369498	9.95406e-05	2.34818e-05	4.85487e-06	8.80691e-07	1.40362e-07	1.96846e-08	2.4333e-09	2.65641e-10	2.56688e-11	2.20171e-12	1.6832e-13	1.15475e-14	7.19995e-16	4.18778e-17	2.43895e-18	2.16007e-19	
N138	3.05243e-05	8.13384e-05	0.000280893	0.000939478	0.00282243	0.00747075	0.0173163	0.0350478	0.0618258	0.0949176	0.126674	0.146828	0.147727	0.128976	0.0977148	0.0642587	0.0366998	0.0182181	0.00786869	0.00296084	0.000972071	0.000278947	7.01157e-05	1.54803e-05	3.01429e-06	5.21387e-07	8.13618e-08	1.19109e-08	1.83891e-09	4.53946e-10	
ADCACI_Omus_californicus	0	0	0	0	0	0	0	0	0	0	0	0	0	0	0	0	0	0	0	0	0	1	0	0	0	0	0	0	0	0	
N139	1.47903e-06	7.02792e-06	4.86505e-05	0.000312162	0.001659	0.00704832	0.0235134	0.0608059	0.120647	0.18228	0.208822	0.181341	0.119798	0.0606182	0.0237095	0.00724362	0.00174779	0.000336748	5.23637e-05	6.63821e-06	6.9259e-07	5.99972e-08	4.35083e-09	2.66152e-10	1.3836e-11	6.16043e-13	2.37443e-14	8.10209e-16	2.63739e-17	1.32815e-18	
ADCACI_Amblycheila_baroni	0	0	0	0	0	0	0	0	0	0	1	0	0	0	0	0	0	0	0	0	0	0	0	0	0	0	0	0	0	0	
ADCACI_Mantichora_amygdaloides	0	0	0	0	0	0	0	0	0	1	0	0	0	0	0	0	0	0	0	0	0	0	0	0	0	0	0	0	0	0	
N140	0.141402	0.14992	0.153685	0.148316	0.13155	0.105321	0.0751638	0.0474056	0.0262664	0.0127334	0.00538584	0.00198402	0.000635883	0.000177243	4.29693e-05	9.06495e-06	1.66555e-06	2.66822e-07	3.73206e-08	4.56466e-09	4.8904e-10	4.59785e-11	3.80096e-12	2.7687e-13	1.78119e-14	1.01497e-15	5.14865e-17	2.3628e-18	1.06934e-19	8.47161e-21	
N141	0.1127	0.121318	0.128607	0.131294	0.12644	0.113042	0.0927585	0.0693088	0.0468991	0.0286316	0.0157296	0.0077636	0.00343915	0.00136673	0.000487236	0.000155864	4.47652e-05	1.15521e-05	2.68116e-06	5.60267e-07	1.05537e-07	1.79442e-08	2.75779e-09	3.83694e-10	4.84187e-11	5.55863e-12	5.85065e-13	5.80762e-14	6.15388e-15	1.17439e-15	
N142	0.0986707	0.119785	0.147949	0.167687	0.163615	0.132998	0.0887155	0.0482921	0.0214475	0.00779405	0.00232867	0.00057538	0.000118332	2.03911e-05	2.96395e-06	3.65782e-07	3.85678e-08	3.4953e-09	2.73822e-10	1.86427e-11	1.10866e-12	5.78628e-14	2.66231e-15	1.08447e-16	3.92705e-18	1.26989e-19	3.69199e-21	9.81824e-23	2.55881e-24	1.06664e-25	
ADCACI_Megacephala_brasiliensis	0	0	0	1	0	0	0	0	0	0	0	0	0	0	0	0	0	0	0	0	0	0	0	0	0	0	0	0	0	0	
ADCACI_Megacephala_sobrina	0	0	0	0	0	1	0	0	0	0	0	0	0	0	0	0	0	0	0	0	0	0	0	0	0	0	0	0	0	0	
ADCACI_Megacephala_whelani	0	0	0	0	0	0	0	0	0	1	0	0	0	0	0	0	0	0	0	0	0	0	0	0	0	0	0	0	0	0	
N143	0.205678	0.204412	0.186361	0.153473	0.112055	0.0712391	0.0388379	0.0179429	0.006965	0.00225887	0.000610054	0.000137005	2.55861e-05	3.97806e-06	5.15947e-07	5.59693e-08	5.09397e-09	3.90319e-10	2.52719e-11	1.38795e-12	6.49126e-14	2.59547e-15	8.90733e-17	2.63403e-18	6.73769e-20	1.49653e-21	2.89851e-23	4.93492e-25	7.73687e-27	1.87708e-28	
N144	0.203163	0.202672	0.185937	0.154224	0.113356	0.0724476	0.0396356	0.0183433	0.00712192	0.00230757	0.00062217	0.000139455	2.59979e-05	4.03737e-06	5.23546e-07	5.68598e-08	5.18967e-09	3.99557e-10	2.60514e-11	1.44429e-12	6.83655e-14	2.77437e-15	9.69193e-17	2.92636e-18	7.66713e-20	1.74995e-21	3.49414e-23	6.15124e-25	9.99822e-27	2.54265e-28	
N145	0.174776	0.186266	0.187634	0.168794	0.129799	0.0829305	0.0432643	0.0182406	0.00617965	0.00167792	0.000364987	6.36778e-05	8.93122e-06	1.01024e-06	9.25091e-08	6.88708e-09	4.18756e-10	2.08947e-11	8.5978e-13	2.93202e-14	8.32772e-16	1.97973e-17	3.95835e-19	6.68843e-21	9.59565e-23	1.17516e-24	1.25033e-26	1.40421e-28	4.85196e-30	7.23953e-31	
N146	0.172995	0.185338	0.187881	0.169753	0.130747	0.08346	0.0434077	0.0182116	0.0061295	0.0016509	0.000355706	6.13849e-05	8.50473e-06	9.49032e-07	8.56218e-08	6.27229e-09	3.74797e-10	1.83558e-11	7.40434e-13	2.47226e-14	6.86684e-16	1.59447e-17	3.11021e-19	5.12107e-21	7.15132e-23	8.51138e-25	8.68939e-27	7.73125e-29	6.47271e-31	9.23419e-33	
ADCACI_Lophyridia_lunulata	0	0	0	0	0	0	0	0	0	1	0	0	0	0	0	0	0	0	0	0	0	0	0	0	0	0	0	0	0	0	
N147	0.261552	0.25299	0.212371	0.146904	0.0799605	0.0331504	0.0102666	0.00235292	0.000398135	4.98636e-05	4.6488e-06	3.25135e-07	1.72127e-08	6.96456e-10	2.17529e-11	5.29725e-13	1.01569e-14	1.54807e-16	1.89296e-18	1.87342e-20	1.51329e-22	1.0057e-24	5.5406e-27	2.54858e-29	9.85444e-32	3.22357e-34	8.97517e-37	2.13988e-39	4.43587e-42	1.13377e-44	
N148	0.304066	0.274287	0.205433	0.124967	0.0603086	0.0226599	0.0065494	0.00144806	0.000244839	3.1772e-05	3.18437e-06	2.48497e-07	1.52362e-08	7.41038e-10	2.88679e-11	9.09374e-13	2.33798e-14	4.94945e-16	8.70066e-18	1.28022e-19	1.58859e-21	1.67415e-23	1.50837e-25	1.16908e-27	7.8402e-30	4.57433e-32	2.33386e-34	1.04681e-36	4.2029e-39	2.28265e-41	
N149	0.259251	0.278709	0.241684	0.145225	0.0573285	0.0148704	0.00259147	0.000312226	2.67602e-05	1.67483e-06	7.83467e-08	2.79613e-09	7.7524e-11	1.69673e-12	2.97352e-14	4.22618e-16	4.92743e-18	4.76195e-20	3.85058e-22	2.62764e-24	1.52515e-26	7.58385e-29	3.25221e-31	1.21015e-33	3.92947e-36	1.11931e-38	2.81069e-41	6.25183e-44	1.24661e-46	3.1478e-49	
ADCACI_Oxycheila_sp	0	0	0	1	0	0	0	0	0	0	0	0	0	0	0	0	0	0	0	0	0	0	0	0	0	0	0	0	0	0	
ADCACI_Cicindela_punctulata	0	1	0	0	0	0	0	0	0	0	0	0	0	0	0	0	0	0	0	0	0	0	0	0	0	0	0	0	0	0	
ADCACI_Therates_sp	0	1	0	0	0	0	0	0	0	0	0	0	0	0	0	0	0	0	0	0	0	0	0	0	0	0	0	0	0	0	
N150	0.23674	0.239289	0.214902	0.159555	0.0924767	0.0403558	0.0130055	0.00307073	0.000530883	6.74879e-05	6.35453e-06	4.47264e-07	2.37767e-08	9.65096e-10	3.02431e-11	7.39749e-13	1.42754e-14	2.19593e-16	2.71928e-18	2.73627e-20	2.25725e-22	1.53937e-24	8.74713e-27	4.17212e-29	1.68202e-31	5.76932e-34	1.69403e-36	4.28663e-39	9.54208e-42	2.67332e-44	
N151	0.204007	0.221643	0.217762	0.174856	0.108416	0.0504766	0.0174252	0.00444362	0.000838846	0.00011794	1.24588e-05	9.99174e-07	6.15248e-08	2.94269e-09	1.10598e-10	3.30327e-12	7.92559e-14	1.54336e-15	2.46295e-17	3.25048e-19	3.57797e-21	3.31115e-23	2.59535e-25	1.735e-27	9.95623e-30	4.93408e-32	2.12368e-34	7.98351e-37	2.66499e-39	1.17461e-41	
N152	0.165466	0.400707	0.349489	0.0771356	0.00687938	0.000314784	8.46043e-06	1.45554e-07	1.70111e-09	1.41104e-11	8.59259e-14	3.94679e-16	1.39822e-18	3.89285e-21	8.65555e-24	1.55856e-26	2.30081e-29	2.81515e-32	2.88282e-35	2.49254e-38	1.83413e-41	1.15698e-44	6.29809e-48	2.97658e-51	1.22825e-54	4.44799e-58	1.42051e-61	4.02077e-65	1.02383e-68	3.00104e-72	
ADCACI_Cicindela_sedecimpunctata	0	0	1	0	0	0	0	0	0	0	0	0	0	0	0	0	0	0	0	0	0	0	0	0	0	0	0	0	0	0	
ADCACI_Cicindela_aurulenta	0	1	0	0	0	0	0	0	0	0	0	0	0	0	0	0	0	0	0	0	0	0	0	0	0	0	0	0	0	0	
N153	0.00145459	0.0086914	0.0482753	0.165072	0.309536	0.29237	0.13743	0.0325845	0.00423866	0.00032995	1.64942e-05	5.5943e-07	1.34396e-08	2.36677e-10	3.14186e-12	3.2176e-14	2.59224e-16	1.67058e-18	8.73768e-21	3.75632e-23	1.34223e-25	4.02649e-28	1.02315e-30	2.22013e-33	4.144e-36	6.69832e-39	9.43358e-42	1.16438e-44	1.27498e-47	1.67501e-50	
ADCACI_Prothyma_sp	0	0	0	0	1	0	0	0	0	0	0	0	0	0	0	0	0	0	0	0	0	0	0	0	0	0	0	0	0	0	
ADCACI_Pentacomia_sp	0	0	0	0	0	0	1	0	0	0	0	0	0	0	0	0	0	0	0	0	0	0	0	0	0	0	0	0	0	0	
ADCACI_Cicindela_dorsalis	0	0	0	0	1	0	0	0	0	0	0	0	0	0	0	0	0	0	0	0	0	0	0	0	0	0	0	0	0	0	
ADCACI_Cicindela_repanda	0	0	0	0	0	1	0	0	0	0	0	0	0	0	0	0	0	0	0	0	0	0	0	0	0	0	0	0	0	0	
N154	0.11609	0.130788	0.147091	0.155586	0.147624	0.121913	0.0861618	0.0516642	0.0261824	0.0112027	0.00404957	0.00123888	0.000321556	7.10212e-05	1.33931e-05	2.16419e-06	3.00794e-07	3.60969e-08	3.75482e-09	3.3987e-10	2.68725e-11	1.86301e-12	1.13667e-13	6.12538e-15	2.92564e-16	1.24275e-17	4.71241e-19	1.60892e-20	5.27564e-22	3.0316e-23	
ADCACI_Cicindela_hybrida	0	0	0	0	0	1	0	0	0	0	0	0	0	0	0	0	0	0	0	0	0	0	0	0	0	0	0	0	0	0	
ADCACI_Ctenostoma_sp	0	0	0	0	0	1	0	0	0	0	0	0	0	0	0	0	0	0	0	0	0	0	0	0	0	0	0	0	0	0	
N155	0.189043	0.195249	0.187979	0.162214	0.121395	0.0769631	0.0406863	0.017745	0.00634026	0.00184781	0.000438275	8.45549e-05	1.32798e-05	1.70116e-06	1.78247e-07	1.53298e-08	1.0865e-09	6.37388e-11	3.10929e-12	1.2673e-13	4.33678e-15	1.2521e-16	3.06472e-18	6.3899e-20	1.14019e-21	1.74916e-23	2.31793e-25	2.67304e-27	2.79019e-29	4.29507e-31	
N156	0.156791	0.171257	0.179628	0.1699	0.138465	0.0944782	0.0530092	0.0241777	0.00889923	0.0026319	0.000624039	0.000118566	1.80662e-05	2.21178e-06	2.1815e-07	1.73924e-08	1.12518e-09	5.93164e-11	2.55957e-12	9.08294e-14	2.66337e-15	6.48463e-17	1.31732e-18	2.24358e-20	3.21889e-22	3.90855e-24	4.03574e-26	3.5656e-28	2.77636e-30	3.02954e-32	
N157	0.168725	0.177916	0.178581	0.163607	0.131585	0.0902016	0.0516484	0.0243877	0.00942532	0.00297021	0.000762342	0.000159481	2.72515e-05	3.8155e-06	4.39412e-07	4.18072e-08	3.30175e-09	2.17521e-10	1.20151e-11	5.59297e-13	2.20529e-14	7.4025e-16	2.12582e-17	5.248e-19	1.11896e-20	2.07014e-22	3.3404e-24	4.74932e-26	6.2639e-28	1.24878e-29	
N158	0.132426	0.15438	0.175967	0.178409	0.15237	0.106505	0.0599564	0.0269314	0.00960521	0.00271532	0.000608817	0.000108539	1.54451e-05	1.76287e-06	1.62286e-07	1.21225e-08	7.39384e-10	3.70591e-11	1.53618e-12	5.29977e-14	1.53116e-15	3.72686e-17	7.68671e-19	1.35094e-20	2.03399e-22	2.63697e-24	2.95848e-26	2.89031e-28	2.53747e-30	3.25688e-32	
ADCACI_Cicindela_marutha	0	0	1	0	0	0	0	0	0	0	0	0	0	0	0	0	0	0	0	0	0	0	0	0	0	0	0	0	0	0	
N159	0.102641	0.128778	0.161812	0.180334	0.167816	0.126685	0.0764052	0.0365082	0.013764	0.00409007	0.000959159	0.00017805	2.62773e-05	3.0998e-06	2.94055e-07	2.25777e-08	1.41259e-09	7.25112e-11	3.07471e-12	1.08424e-13	3.20039e-15	7.95766e-17	1.67693e-18	3.01247e-20	4.63905e-22	6.15668e-24	7.07846e-26	7.09979e-28	6.44016e-30	8.59538e-32	
ADCACI_Ellipsoptera_marginata	0	0	0	0	0	0	0	0	1	0	0	0	0	0	0	0	0	0	0	0	0	0	0	0	0	0	0	0	0	0	
ADCACI_Taenidia_circumdata	0	0	0	1	0	0	0	0	0	0	0	0	0	0	0	0	0	0	0	0	0	0	0	0	0	0	0	0	0	0	
ADCACI_Cylindera_cognata	0	0	0	0	1	0	0	0	0	0	0	0	0	0	0	0	0	0	0	0	0	0	0	0	0	0	0	0	0	0	
N160	0.0714861	0.0885403	0.114495	0.140444	0.154036	0.14644	0.11879	0.0815694	0.047228	0.0230193	0.00944336	0.00326329	0.000951385	0.000234508	4.89987e-05	8.70404e-06	1.31877e-06	1.71008e-07	1.90468e-08	1.82884e-09	1.5195e-10	1.09651e-11	6.89808e-13	3.79707e-14	1.83556e-15	7.82297e-17	2.95571e-18	1.0061e-19	3.35275e-21	1.85167e-22	
ADCACI_Myriochile_undulata	0	0	0	0	0	0	1	0	0	0	0	0	0	0	0	0	0	0	0	0	0	0	0	0	0	0	0	0	0	0	
ADCACI_Lophyra_sp	0	0	0	0	0	0	0	0	0	0	1	0	0	0	0	0	0	0	0	0	0	0	0	0	0	0	0	0	0	0	
N161	0.208538	0.209461	0.192788	0.1578	0.111582	0.0666751	0.0331941	0.0136629	0.00463555	0.00129668	0.00029974	5.747e-05	9.18101e-06	1.22822e-06	1.38321e-07	1.31844e-08	1.06934e-09	7.4189e-11	4.42542e-12	2.28092e-13	1.02065e-14	3.98324e-16	1.36173e-17	4.09502e-19	1.08758e-20	2.56082e-22	5.36703e-24	1.00843e-25	1.78019e-27	5.09629e-29	
N162	0.110383	0.1659	0.235052	0.239399	0.158661	0.0675753	0.0189104	0.00359166	0.000478471	4.60672e-05	3.29089e-06	1.78446e-07	7.49087e-09	2.47648e-10	6.54542e-12	1.40149e-13	2.45978e-15	3.57624e-17	4.34802e-19	4.45872e-21	3.88658e-23	2.9004e-25	1.86517e-27	1.03984e-29	5.05387e-32	2.15244e-34	8.0724e-37	2.68031e-39	8.03909e-42	3.1957e-44	
ADCACI_Cicindela_splendida	0	0	0	1	0	0	0	0	0	0	0	0	0	0	0	0	0	0	0	0	0	0	0	0	0	0	0	0	0	0	
ADCACI_Cicindela_sexguttata	0	0	0	1	0	0	0	0	0	0	0	0	0	0	0	0	0	0	0	0	0	0	0	0	0	0	0	0	0	0	
ADCACI_Cicindela_tranquebarica	0	0	0	1	0	0	0	0	0	0	0	0	0	0	0	0	0	0	0	0	0	0	0	0	0	0	0	0	0	0	
N163	0.211706	0.206605	0.183072	0.146866	0.106216	0.0689669	0.0400728	0.0207895	0.00961765	0.00396561	0.00145754	0.000477802	0.000139828	3.65733e-05	8.56152e-06	1.79639e-06	3.3838e-07	5.73178e-08	8.74585e-09	1.20424e-09	1.49909e-10	1.69044e-11	1.73059e-12	1.61302e-13	1.37452e-14	1.07875e-15	7.91492e-17	5.61925e-18	4.22684e-19	4.81026e-20	
ADCANE_Nebria_brevicollis	0	0	0	0	0	0	0	0	0	0	1	0	0	0	0	0	0	0	0	0	0	0	0	0	0	0	0	0	0	0	
N164	0.254361	0.238236	0.195167	0.139937	0.0876779	0.0478752	0.0227159	0.00934124	0.00332214	0.0010203	0.000270369	6.17975e-05	1.21856e-05	2.07411e-06	3.05018e-07	3.88008e-08	4.27552e-09	4.08747e-10	3.39617e-11	2.45691e-12	1.55058e-13	8.55425e-15	4.13392e-16	1.75387e-17	6.54825e-19	2.15766e-20	6.30162e-22	1.65078e-23	4.14319e-25	1.73251e-26	
N165	0.250018	0.234525	0.193033	0.139906	0.08945	0.0504866	0.0251569	0.0110642	0.00429368	0.00146985	0.000443823	0.000118221	2.77899e-05	5.76829e-06	1.05812e-06	1.71713e-07	2.46819e-08	3.14677e-09	3.56383e-10	3.59121e-11	3.22536e-12	2.58643e-13	1.85527e-14	1.19267e-15	6.88523e-17	3.57868e-18	1.68337e-19	7.29893e-21	3.1915e-22	2.37594e-23	
N166	0.23271	0.221749	0.188223	0.142768	0.0969286	0.0589445	0.0321139	0.0156745	0.00685373	0.00268479	0.000942385	0.000296514	8.36763e-05	2.11944e-05	4.8227e-06	9.86873e-07	1.81819e-07	3.01975e-08	4.52739e-09	6.136e-10	7.52882e-11	8.37592e-12	8.46208e-13	7.77587e-14	6.50973e-15	4.97475e-16	3.48418e-17	2.27531e-18	1.53795e-19	1.93047e-20	
ADCATR_Perileptus_areolatus	0	1	0	0	0	0	0	0	0	0	0	0	0	0	0	0	0	0	0	0	0	0	0	0	0	0	0	0	0	0	
ADCATR_Bembidion_ruficorne	0	0	0	1	0	0	0	0	0	0	0	0	0	0	0	0	0	0	0	0	0	0	0	0	0	0	0	0	0	0	
N167	0.170947	0.188379	0.194782	0.174532	0.130032	0.0792157	0.0392606	0.0158376	0.00521806	0.00141149	0.000315448	5.86478e-05	9.13577e-06	1.20089e-06	1.34138e-07	1.28175e-08	1.05443e-09	7.51294e-11	4.66271e-12	2.53398e-13	1.21188e-14	5.12419e-16	1.92392e-17	6.44056e-19	1.93e-20	5.19918e-22	1.26705e-23	2.83875e-25	6.24423e-27	2.18188e-28	
ADCATR_Trechus_quadristriatus	0	0	0	0	0	1	0	0	0	0	0	0	0	0	0	0	0	0	0	0	0	0	0	0	0	0	0	0	0	0	
ADCATR_Trechus_obtusus	0	1	0	0	0	0	0	0	0	0	0	0	0	0	0	0	0	0	0	0	0	0	0	0	0	0	0	0	0	0	
N168	0.25255	0.237005	0.194881	0.140458	0.0885603	0.0487016	0.0232857	0.00965333	0.00346247	0.00107304	0.000287129	6.63379e-05	1.32404e-05	2.28522e-06	3.41536e-07	4.42746e-08	4.98786e-09	4.89358e-10	4.1905e-11	3.13943e-12	2.06268e-13	1.19147e-14	6.06596e-16	2.72897e-17	1.08791e-18	3.85686e-20	1.22401e-21	3.54172e-23	1.00285e-24	4.47825e-26	
ADCATR_Pogonus_chalceus	0	1	0	0	0	0	0	0	0	0	0	0	0	0	0	0	0	0	0	0	0	0	0	0	0	0	0	0	0	0	
N169	0.220632	0.216453	0.191973	0.151431	0.104507	0.0622816	0.0317614	0.0137802	0.00506987	0.00157937	0.000416539	9.30831e-05	1.76528e-05	2.84711e-06	3.9151e-07	4.60319e-08	4.64165e-09	4.02687e-10	3.01554e-11	1.95571e-12	1.10212e-13	5.41477e-15	2.32689e-16	8.77442e-18	2.91274e-19	8.54059e-21	2.22211e-22	5.19251e-24	1.16019e-25	4.15637e-27	
N170	0.180908	0.189308	0.186014	0.164093	0.125366	0.0810213	0.0436898	0.0195159	0.00719956	0.00219273	0.000552118	0.000115228	1.99985e-05	2.89732e-06	3.51828e-07	3.59623e-08	3.10763e-09	2.28012e-10	1.4266e-11	7.64367e-13	3.52175e-14	1.40098e-15	4.83117e-17	1.44991e-18	3.80307e-20	8.76474e-22	1.79114e-23	3.31659e-25	5.93027e-27	1.52155e-28	
N171	0.200772	0.208649	0.200466	0.167914	0.116618	0.0648317	0.0282198	0.00949851	0.00245803	0.000488461	7.46812e-05	8.8201e-06	8.09034e-07	5.80012e-08	3.27247e-09	1.46355e-10	5.22652e-12	1.50133e-13	3.49412e-15	6.63549e-17	1.03531e-18	1.33602e-20	1.43511e-22	1.29109e-24	9.78551e-27	6.28371e-29	3.43721e-31	1.61103e-33	6.61292e-36	3.61503e-38	
N172	0.221752	0.223828	0.204789	0.161447	0.10462	0.0537873	0.0214331	0.00652942	0.00151054	0.000264882	3.52598e-05	3.57633e-06	2.77854e-07	1.66401e-08	7.73517e-10	2.81161e-11	8.0518e-13	1.83059e-14	3.32919e-16	4.87952e-18	5.80591e-20	5.64794e-22	4.52279e-24	3.00109e-26	1.66056e-28	7.70836e-31	3.01942e-33	1.00373e-35	2.86893e-38	1.02143e-40	
N173	0.226536	0.227353	0.205123	0.158545	0.101	0.0517129	0.0209751	0.00669172	0.00167539	0.000329527	5.10838e-05	6.27171e-06	6.13392e-07	4.81021e-08	3.04549e-09	1.5678e-10	6.60919e-12	2.29768e-13	6.63292e-15	1.60065e-16	3.24987e-18	5.58602e-20	8.17676e-22	1.02508e-23	1.10657e-25	1.03396e-27	8.40822e-30	6.00498e-32	3.92046e-34	3.58215e-36	
N174	0.301024	0.272055	0.204883	0.126158	0.0622444	0.0242082	0.00734016	0.0017246	0.00031334	4.40696e-05	4.81386e-06	4.10416e-07	2.74769e-08	1.45439e-09	6.13071e-11	2.07351e-12	5.66942e-14	1.26255e-15	2.30684e-17	3.48281e-19	4.37486e-21	4.6024e-23	4.08062e-25	3.06764e-27	1.96655e-29	1.08093e-31	5.1207e-34	2.10158e-36	7.57989e-39	3.5702e-41	
N175	0.352044	0.296969	0.196161	0.100394	0.0394011	0.0117942	0.00269326	0.000471368	6.3711e-05	6.71228e-06	5.56804e-07	3.67438e-08	1.94865e-09	8.38733e-11	2.9576e-12	8.62086e-14	2.09461e-15	4.27583e-17	7.38783e-19	1.08793e-20	1.37432e-22	1.49834e-24	1.41789e-26	1.17084e-28	8.47891e-31	5.41015e-33	3.05507e-35	1.53364e-37	6.95307e-40	4.34539e-42	
ADCATR_Bembidion_sejunctum	0	1	0	0	0	0	0	0	0	0	0	0	0	0	0	0	0	0	0	0	0	0	0	0	0	0	0	0	0	0	
N176	0.0255652	0.519972	0.441478	0.0128638	0.000119763	5.23317e-07	1.28306e-09	1.96018e-12	2.00021e-15	1.43272e-18	7.47869e-22	2.92976e-25	8.82062e-29	2.08148e-32	3.91437e-36	5.9504e-40	7.40267e-44	7.61892e-48	6.54975e-52	4.74344e-56	2.91629e-60	1.53265e-64	6.92862e-69	2.70972e-73	9.21585e-78	2.73875e-82	7.143e-87	1.64202e-91	3.36136e-96	7.37435e-101	
ADCATR_Bembidion_mexicanum	0	1	0	0	0	0	0	0	0	0	0	0	0	0	0	0	0	0	0	0	0	0	0	0	0	0	0	0	0	0	
ADCATR_Bembidion_transversale	0	0	1	0	0	0	0	0	0	0	0	0	0	0	0	0	0	0	0	0	0	0	0	0	0	0	0	0	0	0	
N177	0.299779	0.270546	0.20387	0.126416	0.0634429	0.0254171	0.00805508	0.00201032	0.000394849	6.11727e-05	7.50835e-06	7.34361e-07	5.76198e-08	3.65326e-09	1.8858e-10	7.9855e-12	2.79477e-13	8.14318e-15	1.98934e-16	4.10227e-18	7.18701e-20	1.07633e-21	1.38596e-23	1.54298e-25	1.49294e-27	1.26167e-29	9.35677e-32	6.12422e-34	3.63667e-36	3.08779e-38	
ADCATR_Bembidion_levigatum	0	0	0	1	0	0	0	0	0	0	0	0	0	0	0	0	0	0	0	0	0	0	0	0	0	0	0	0	0	0	
ADCATR_Bembidion_decorum	0	1	0	0	0	0	0	0	0	0	0	0	0	0	0	0	0	0	0	0	0	0	0	0	0	0	0	0	0	0	
N178	5.04279e-11	5.64604e-09	5.11321e-07	3.09969e-05	0.00116549	0.0241868	0.22639	0.623841	0.117677	0.00654196	0.00016439	2.28766e-06	1.98404e-08	1.15836e-10	4.80679e-13	1.47601e-15	3.46e-18	6.34728e-21	9.29861e-24	1.10635e-26	1.08445e-29	8.86534e-33	6.10905e-36	3.58183e-39	1.80172e-42	7.83344e-46	2.96464e-49	9.86051e-53	2.98409e-56	1.06549e-59	
ADCATR_Bembidion_tibiale	0	0	0	0	0	0	0	1	0	0	0	0	0	0	0	0	0	0	0	0	0	0	0	0	0	0	0	0	0	0	
ADCATR_Bembidion_tetracolum	0	0	0	0	0	0	0	1	0	0	0	0	0	0	0	0	0	0	0	0	0	0	0	0	0	0	0	0	0	0	
N179	0.21867	0.218515	0.19831	0.157822	0.106528	0.0594725	0.0270195	0.00990105	0.00291599	0.000690342	0.000131731	2.03491e-05	2.55848e-06	2.63402e-07	2.23472e-08	1.57257e-09	9.23841e-11	4.55982e-12	1.90262e-13	6.75159e-15	2.0493e-16	5.34979e-18	1.20747e-19	2.36806e-21	4.0546e-23	6.08868e-25	8.05719e-27	9.47869e-29	1.04367e-30	1.75816e-32	
N180	0.0101356	0.0280637	0.0824431	0.178027	0.255971	0.237161	0.14009	0.0528787	0.0129082	0.00207756	0.00022588	1.70343e-05	9.14798e-07	3.58634e-08	1.04989e-09	2.34231e-11	4.05548e-13	5.53807e-15	6.0513e-17	5.35924e-19	3.89165e-21	2.34128e-23	1.17799e-25	4.99915e-28	1.80342e-30	5.56971e-33	1.48259e-35	3.42908e-38	7.10095e-41	1.90646e-43	
ADCATR_Bembidion_tairuense	0	0	0	0	0	1	0	0	0	0	0	0	0	0	0	0	0	0	0	0	0	0	0	0	0	0	0	0	0	0	
N181	0.00720711	0.0220329	0.0715083	0.168721	0.259361	0.250411	0.150041	0.0557269	0.0129087	0.00189116	0.00017921	1.12943e-05	4.87454e-07	1.48196e-08	3.25719e-10	5.29786e-12	6.5111e-14	6.15943e-16	4.55943e-18	2.68003e-20	1.26747e-22	4.88017e-25	1.5462e-27	4.07036e-30	8.98159e-33	1.67464e-35	2.6579e-38	3.61556e-41	4.25856e-44	5.84124e-47	
ADCATR_Bembidion_articulatum	0	0	1	0	0	0	0	0	0	0	0	0	0	0	0	0	0	0	0	0	0	0	0	0	0	0	0	0	0	0	
ADCATR_Bembidion_quadrimaculatum	0	0	0	0	0	0	0	0	1	0	0	0	0	0	0	0	0	0	0	0	0	0	0	0	0	0	0	0	0	0	
ADCATR_Bembidion_punctulatum	0	1	0	0	0	0	0	0	0	0	0	0	0	0	0	0	0	0	0	0	0	0	0	0	0	0	0	0	0	0	
N182	0.0957484	0.123309	0.159975	0.182937	0.172889	0.131059	0.0785234	0.0369305	0.0136084	0.00393504	0.000896542	0.000161868	2.33178e-05	2.70024e-06	2.53331e-07	1.94072e-08	1.2235e-09	6.39582e-11	2.79266e-12	1.02566e-13	3.18973e-15	8.45307e-17	1.92041e-18	3.76145e-20	6.38609e-22	9.44611e-24	1.22365e-25	1.39942e-27	1.4706e-29	2.30739e-31	
ADCATR_Bembidion_rapidum	0	0	0	0	0	1	0	0	0	0	0	0	0	0	0	0	0	0	0	0	0	0	0	0	0	0	0	0	0	0	
N183	0.00995996	0.0257397	0.0733748	0.160346	0.24195	0.242413	0.158105	0.0665125	0.0180335	0.00317075	0.000365742	2.81057e-05	1.46454e-06	5.27304e-08	1.33702e-09	2.43236e-11	3.23215e-13	3.19055e-15	2.37691e-17	1.35619e-19	6.00776e-22	2.09248e-24	5.79738e-27	1.29153e-29	2.33672e-32	3.46535e-35	4.2486e-38	4.34172e-41	3.75241e-44	3.65254e-47	
N184	0.00950841	0.0244035	0.0692478	0.152228	0.234122	0.242565	0.166204	0.0747332	0.0220638	0.00430812	0.000563258	5.01029e-05	3.08763e-06	1.34373e-07	4.21026e-09	9.67822e-11	1.6618e-12	2.16769e-14	2.18213e-16	1.72009e-18	1.07602e-20	5.40811e-23	2.20869e-25	7.40632e-28	2.05872e-30	4.78558e-33	9.37866e-36	1.56184e-38	2.2521e-41	4.01459e-44	
N185	4.0936e-08	1.11586e-06	2.83163e-05	0.00048819	0.00533864	0.0350979	0.132678	0.277544	0.309932	0.178619	0.0519549	0.00768769	0.000603284	2.66387e-05	7.03188e-07	1.1721e-08	1.29324e-10	9.83049e-13	5.32542e-15	2.11593e-17	6.3197e-20	1.44926e-22	2.59923e-25	3.70502e-28	4.25744e-31	3.99378e-34	3.09298e-37	1.9978e-40	1.09094e-43	6.50273e-47	
N186	1.17259e-12	1.17141e-10	1.20595e-08	8.28243e-07	3.52784e-05	0.000879755	0.0120547	0.084262	0.27449	0.375849	0.203461	0.0445532	0.00421825	0.000191357	4.60192e-06	6.3897e-08	5.48816e-10	3.08241e-12	1.18426e-14	3.22992e-17	6.44965e-20	9.67815e-23	1.11586e-25	1.00764e-28	7.24616e-32	4.21074e-35	2.00289e-38	7.8883e-42	2.60258e-45	8.86049e-49	
N187	2.53871e-19	3.30971e-16	3.83806e-13	2.57933e-10	9.23578e-08	1.5985e-05	0.00117826	0.0312923	0.24259	0.459002	0.230262	0.0340713	0.0015656	2.26488e-05	1.25921e-07	3.17542e-10	4.10287e-13	2.97522e-16	1.29882e-19	3.60797e-23	6.67056e-27	8.58253e-31	1.27557e-34	3.13339e-37	1.62688e-39	7.45076e-42	2.98716e-44	1.05619e-46	3.31657e-49	1.02952e-51	
N188	1.15455e-22	5.3002e-19	1.94319e-15	4.54294e-12	6.25254e-09	4.52581e-06	0.00143711	0.138821	0.503378	0.347915	0.00838992	5.51205e-05	1.42084e-07	1.74812e-10	1.16905e-13	4.66422e-17	1.19037e-20	2.05074e-24	2.48866e-28	2.2019e-32	1.46118e-36	7.44647e-41	2.97318e-45	9.46113e-50	2.43516e-54	5.13525e-59	8.97317e-64	1.31223e-68	1.62068e-73	1.85524e-78	
ADCATR_Bembidion_bellorum	0	0	0	0	0	0	0	0	0	1	0	0	0	0	0	0	0	0	0	0	0	0	0	0	0	0	0	0	0	0	
ADCATR_Bembidion_louisella	0	0	0	0	0	0	0	1	0	0	0	0	0	0	0	0	0	0	0	0	0	0	0	0	0	0	0	0	0	0	
N189	2.12871e-19	2.76633e-16	3.26529e-13	2.24326e-10	8.23793e-08	1.46498e-05	0.00110962	0.0302228	0.23926	0.458863	0.233601	0.0352448	0.00165925	2.45511e-05	1.39866e-07	3.62913e-10	4.85092e-13	3.6611e-16	1.67389e-19	4.90934e-23	1.11585e-26	2.17157e-29	2.2419e-31	2.09414e-33	1.68651e-35	1.18253e-37	7.28422e-40	3.97304e-42	1.9334e-44	9.61957e-47	
ADCATR_Bembidion_chalceum	0	0	0	0	0	0	0	0	0	0	0	0	1	0	0	0	0	0	0	0	0	0	0	0	0	0	0	0	0	0	
ADCATR_Bembidion_rothfelsi	0	0	0	0	0	0	0	0	1	0	0	0	0	0	0	0	0	0	0	0	0	0	0	0	0	0	0	0	0	0	
N190	5.00818e-34	1.34525e-33	3.89736e-33	1.00973e-32	2.27556e-32	4.39887e-32	7.19815e-32	9.84795e-32	1.99207e-13	1.08698e-08	0.000228486	0.999703	6.87528e-05	1.00973e-09	5.98936e-15	1.82837e-33	5.70287e-34	1.59294e-34	4.01931e-35	9.23146e-36	1.94301e-36	3.77002e-37	6.77892e-38	1.1349e-38	1.77646e-39	2.60965e-40	3.61001e-41	4.71704e-42	5.84556e-43	7.63489e-44	
ADCATR_Bembidion_americanum	0	0	0	0	0	0	0	0	0	0	0	1	0	0	0	0	0	0	0	0	0	0	0	0	0	0	0	0	0	0	
ADCATR_Bembidion_bifossulatum	0	0	0	0	0	0	0	0	0	0	0	1	0	0	0	0	0	0	0	0	0	0	0	0	0	0	0	0	0	0	
N191	3.55746e-08	1.03276e-06	3.20756e-05	0.000633475	0.00725003	0.0460557	0.159281	0.296441	0.292883	0.151162	0.0402791	0.00555648	0.000406726	1.66023e-05	4.00784e-07	6.05273e-09	6.0088e-11	4.09028e-13	1.97856e-15	7.00975e-18	1.86635e-20	3.81774e-23	6.11555e-26	7.80012e-29	8.03784e-32	6.77873e-35	4.73264e-38	2.76354e-41	1.3653e-44	7.22917e-48	
N192	7.99317e-07	9.40858e-05	0.00566953	0.103939	0.417462	0.386244	0.082137	0.00436696	8.59976e-05	7.70008e-07	3.53922e-09	9.0763e-12	1.38544e-14	1.32846e-17	8.37892e-21	3.6163e-24	1.10479e-27	2.45938e-31	4.08981e-35	5.19056e-39	5.12149e-43	3.99238e-47	2.49352e-51	1.26324e-55	5.24758e-60	1.80465e-64	5.1818e-69	1.25175e-73	2.56414e-78	5.08086e-83	
N193	7.77993e-06	0.00182934	0.0410801	0.259433	0.483948	0.209052	0.00462638	2.4239e-05	4.61734e-08	4.05252e-11	1.90043e-14	5.26752e-18	9.28368e-22	1.09954e-25	9.13854e-30	5.5183e-34	2.49096e-38	8.60729e-43	2.32281e-47	4.98027e-52	8.61015e-57	1.21586e-61	1.41833e-66	1.38048e-71	1.13106e-76	7.8629e-82	4.67085e-87	2.38614e-92	1.05436e-97	4.25019e-103	
ADCATR_Bembidion_honestum	0	1	0	0	0	0	0	0	0	0	0	0	0	0	0	0	0	0	0	0	0	0	0	0	0	0	0	0	0	0	
ADCATR_Bembidion_integrum	0	0	0	0	0	1	0	0	0	0	0	0	0	0	0	0	0	0	0	0	0	0	0	0	0	0	0	0	0	0	
N194	2.98274e-08	1.03686e-05	0.00189931	0.0959385	0.428073	0.396355	0.0763442	0.00137201	7.27446e-06	1.59227e-08	1.72343e-11	1.03717e-14	3.77347e-18	8.84108e-22	1.40158e-25	1.5643e-29	1.2698e-33	7.70185e-38	3.57096e-42	1.29037e-46	3.69487e-51	8.50529e-56	1.59378e-60	2.45804e-65	3.15047e-70	3.3846e-75	3.0711e-80	2.36966e-85	1.56433e-90	9.37225e-96	
ADCATR_Bembidion_rufotinctum	0	0	0	0	0	0	1	0	0	0	0	0	0	0	0	0	0	0	0	0	0	0	0	0	0	0	0	0	0	0	
ADCATR_Bembidion_arenobilis	0	0	0	1	0	0	0	0	0	0	0	0	0	0	0	0	0	0	0	0	0	0	0	0	0	0	0	0	0	0	
ADCATR_Bembidion_antiquum	0	0	0	0	0	0	0	0	0	0	0	1	0	0	0	0	0	0	0	0	0	0	0	0	0	0	0	0	0	0	
N195	0.0433575	0.165225	0.371223	0.323873	0.0864189	0.00937869	0.000507778	1.56056e-05	2.96946e-07	3.72263e-09	3.2217e-11	1.9964e-13	9.12314e-16	3.15044e-18	8.39238e-21	1.75539e-23	2.92775e-26	3.94686e-29	4.35269e-32	3.96942e-35	3.02251e-38	1.93859e-41	1.05571e-44	4.917e-48	1.97172e-51	6.84914e-55	2.07271e-58	5.4967e-62	1.29876e-65	3.52016e-69	
N196	0.0103302	0.0777818	0.346381	0.456814	0.101811	0.00670155	0.000178367	2.31227e-06	1.64938e-08	7.05615e-11	1.93039e-13	3.54939e-16	4.56408e-19	4.24003e-22	2.92405e-25	1.53175e-28	6.21657e-32	1.98848e-35	5.08885e-39	1.05587e-42	1.79729e-46	2.53648e-50	2.99627e-54	2.98814e-58	2.53562e-62	1.84384e-66	1.15651e-70	6.29447e-75	2.98953e-79	1.38046e-83	
ADCATR_Bembidion_lapponicum	0	0	0	1	0	0	0	0	0	0	0	0	0	0	0	0	0	0	0	0	0	0	0	0	0	0	0	0	0	0	
ADCATR_Bembidion_confusum	0	0	0	1	0	0	0	0	0	0	0	0	0	0	0	0	0	0	0	0	0	0	0	0	0	0	0	0	0	0	
ADCATR_Bembidion_balli	0	1	0	0	0	0	0	0	0	0	0	0	0	0	0	0	0	0	0	0	0	0	0	0	0	0	0	0	0	0	
N197	0.0072587	0.0195679	0.0600184	0.143449	0.235842	0.254179	0.17583	0.077518	0.0218445	0.00397769	0.000475912	3.81851e-05	2.10079e-06	8.10579e-08	2.2423e-09	4.54092e-11	6.86447e-13	7.88661e-15	7.00091e-17	4.87466e-19	2.69918e-21	1.20355e-23	4.37135e-26	1.30687e-28	3.24695e-31	6.76339e-34	1.19072e-36	1.78525e-39	2.30851e-42	3.51604e-45	
N198	0.00150288	0.01276	0.0940771	0.309019	0.380588	0.170647	0.0292693	0.00206745	6.75802e-05	1.14057e-06	1.08624e-08	6.26163e-11	2.31e-13	5.70479e-16	9.78598e-19	1.20506e-21	1.46257e-24	3.1311e-26	1.66778e-27	7.09793e-29	2.58499e-30	8.3313e-32	2.40084e-33	6.22048e-35	1.45594e-36	3.09175e-38	5.98061e-40	1.05804e-41	1.73097e-43	3.32433e-45	
ADCATR_Bembidion_planatum	0	0	0	0	1	0	0	0	0	0	0	0	0	0	0	0	0	0	0	0	0	0	0	0	0	0	0	0	0	0	
N199	0.00141784	0.0124374	0.0944762	0.312525	0.381597	0.167914	0.0277508	0.00182635	5.35555e-05	7.80868e-07	6.19575e-09	2.87437e-11	8.25816e-14	1.53962e-16	1.93606e-19	1.69633e-22	1.06464e-25	4.90187e-29	1.6906e-32	4.45451e-36	9.46154e-40	3.22182e-43	7.14162e-46	2.43086e-48	7.58919e-51	2.13394e-53	5.42645e-56	1.25337e-58	2.64101e-61	5.62669e-64	
N200	0.00813136	0.0621222	0.273317	0.422881	0.198861	0.0325318	0.00209464	5.97639e-05	8.51304e-07	6.71013e-09	3.17856e-11	9.65793e-14	1.98231e-16	2.86545e-19	3.01821e-22	2.38297e-25	1.44421e-28	6.85597e-32	2.59417e-35	7.94301e-39	1.99423e-42	4.15377e-46	7.25254e-50	1.07138e-53	1.35026e-57	1.46276e-61	1.37142e-65	1.1197e-69	8.00783e-74	5.68212e-78	
ADCATR_Bembidion_concolor	0	1	0	0	0	0	0	0	0	0	0	0	0	0	0	0	0	0	0	0	0	0	0	0	0	0	0	0	0	0	
ADCATR_Bembidion_californicum	0	0	0	1	0	0	0	0	0	0	0	0	0	0	0	0	0	0	0	0	0	0	0	0	0	0	0	0	0	0	
ADCATR_Bembidion_lampros	0	0	0	0	0	0	1	0	0	0	0	0	0	0	0	0	0	0	0	0	0	0	0	0	0	0	0	0	0	0	
N201	0.000374839	0.00196672	0.0112584	0.0485959	0.14012	0.25369	0.277693	0.179779	0.0685271	0.0156041	0.00218444	0.000194765	1.14675e-05	4.6134e-07	1.30791e-08	2.68576e-10	4.09292e-12	4.72911e-14	4.22215e-16	2.96204e-18	1.65747e-20	7.49738e-23	2.77455e-25	8.49171e-28	2.17055e-30	4.67496e-33	8.55347e-36	1.33948e-38	1.81747e-41	2.91933e-44	
ADCATR_Bembidion_levettei	0	0	0	0	0	1	0	0	0	0	0	0	0	0	0	0	0	0	0	0	0	0	0	0	0	0	0	0	0	0	
N202	2.15915e-06	3.26371e-05	0.000536351	0.00603169	0.040969	0.155216	0.30711	0.302557	0.146625	0.0359036	0.00466136	0.000339132	1.46059e-05	3.91712e-07	6.84222e-09	8.09541e-11	6.7116e-13	4.01521e-15	1.77807e-17	5.95917e-20	1.54122e-22	3.12914e-25	5.06355e-28	6.61945e-31	7.07579e-34	6.25221e-37	4.61171e-40	2.86519e-43	1.51686e-46	8.79462e-50	
ADCATR_Bembidion_inaequale	0	0	0	0	0	0	0	0	0	1	0	0	0	0	0	0	0	0	0	0	0	0	0	0	0	0	0	0	0	0	
N203	9.45495e-08	3.00382e-06	0.000106638	0.00226975	0.0254242	0.137402	0.330951	0.334984	0.140869	0.0257076	0.00218669	9.36509e-05	2.1716e-06	2.90815e-08	2.37845e-10	1.24633e-12	4.35966e-15	1.05446e-17	1.81774e-20	2.29271e-23	2.16474e-26	1.56098e-29	8.74947e-33	3.87207e-36	1.37189e-39	3.94014e-43	9.27629e-47	1.80839e-50	2.95009e-54	4.84262e-58	
N204	9.42905e-08	3.0388e-06	0.000107852	0.00229154	0.0256984	0.139102	0.333949	0.333977	0.13793	0.0247564	0.00209172	9.05285e-05	2.1693e-06	3.07943e-08	2.74248e-10	1.60805e-12	6.4654e-15	1.84483e-17	3.84674e-20	6.01028e-23	7.19066e-26	6.71256e-29	4.97059e-32	2.96228e-35	1.43919e-38	5.7656e-42	1.92418e-45	5.39897e-49	1.2866e-52	3.2273e-56	
ADCATR_Bembidion_obtusum	0	0	0	0	0	0	0	1	0	0	0	0	0	0	0	0	0	0	0	0	0	0	0	0	0	0	0	0	0	0	
ADCATR_Bembidion_levettei_carrianum	0	0	0	0	0	0	1	0	0	0	0	0	0	0	0	0	0	0	0	0	0	0	0	0	0	0	0	0	0	0	
ADCATR_Bembidion_properans	0	0	0	0	0	0	0	1	0	0	0	0	0	0	0	0	0	0	0	0	0	0	0	0	0	0	0	0	0	0	
ADCATR_Bembidion_coxendix	0	0	0	0	0	0	0	0	0	0	0	1	0	0	0	0	0	0	0	0	0	0	0	0	0	0	0	0	0	0	
N205	0.15155	0.175394	0.192591	0.1816	0.140633	0.0880282	0.0443421	0.0179861	0.00589415	0.00156835	0.000340933	6.09626e-05	9.03123e-06	1.11655e-06	1.16033e-07	1.02066e-08	7.65039e-10	4.9175e-11	2.7269e-12	1.31194e-13	5.50534e-15	2.02508e-16	6.56027e-18	1.87989e-19	4.78508e-21	1.08646e-22	2.21214e-24	4.09019e-26	7.28217e-28	2.04453e-29	
ADCATR_Bembidion_aenulum	0	1	0	0	0	0	0	0	0	0	0	0	0	0	0	0	0	0	0	0	0	0	0	0	0	0	0	0	0	0	
N206	1.16097e-08	1.72798e-06	0.000175845	0.00949537	0.203465	0.422713	0.294036	0.0685449	0.00155384	1.40491e-05	6.78758e-08	2.01312e-10	3.98314e-13	5.56111e-16	5.70658e-19	4.43989e-22	2.68433e-25	1.28664e-28	4.97106e-32	1.57007e-35	4.103e-39	8.96476e-43	1.65277e-46	2.59205e-50	3.48311e-54	4.03638e-58	4.05763e-62	3.56011e-66	2.7763e-70	2.41145e-74	
ADCATR_Bembidion_umbratum	0	0	0	0	1	0	0	0	0	0	0	0	0	0	0	0	0	0	0	0	0	0	0	0	0	0	0	0	0	0	
ADCATR_Bembidion_insulatum	0	0	0	0	0	0	0	1	0	0	0	0	0	0	0	0	0	0	0	0	0	0	0	0	0	0	0	0	0	0	
