NODE	11	12	13	14	15	16	17	18	19	20	21	22	23	24	25	26	27	28	29	30	31	32	33	34	
N1	0.459759	0.313999	0.153541	0.0549175	0.0144947	0.00283118	0.000409502	4.38767e-05	3.48645e-06	2.05905e-07	9.06888e-09	2.99199e-10	7.43332e-12	1.399e-13	9.26397e-18	9.72532e-19	8.98141e-20	7.3282e-21	5.31016e-22	3.44037e-23	2.01255e-24	1.08134e-25	5.63707e-27	4.41273e-28	
N2	0.359203	0.316097	0.199036	0.0894801	0.0285575	0.0064584	0.00103809	0.000119395	9.91773e-06	6.01487e-07	2.69465e-08	9.02536e-10	2.28745e-11	4.43933e-13	6.67371e-15	7.85817e-17	7.32475e-19	5.45972e-21	3.28562e-23	1.6109e-25	6.49003e-28	2.16662e-30	6.10056e-33	2.19037e-35	
N3	0.299257	0.291754	0.217868	0.121695	0.0501665	0.0152132	0.00340391	0.000565429	7.02835e-05	6.59502e-06	4.71483e-07	2.59223e-08	1.10637e-09	3.69967e-11	9.78099e-13	2.06241e-14	3.49808e-16	4.81169e-18	5.4099e-20	5.00923e-22	3.84794e-24	2.47445e-26	1.38424e-28	1.11115e-30	
N4	0.105588	0.139911	0.17518	0.188791	0.166322	0.117014	0.0651464	0.0286365	0.0099491	0.00273974	0.000600307	0.000105133	1.47897e-05	1.68003e-06	1.54948e-07	1.16679e-08	7.21429e-10	3.68349e-11	1.56195e-12	5.53315e-14	1.64931e-15	4.20297e-17	9.89364e-19	3.87299e-20	
N5	0.0657992	0.0909635	0.125858	0.159187	0.173035	0.155878	0.114067	0.0671042	0.0315875	0.0118833	0.00357655	0.000863368	0.000167753	2.63477e-05	3.36118e-06	3.50095e-07	2.99415e-08	2.11593e-09	1.24513e-10	6.16835e-12	2.62027e-13	9.87862e-15	3.56026e-16	1.90473e-17	
POCHDO_Donacia_hirticollis	0	0	0	0	0	0	0	0	0	0	0	1	0	0	0	0	0	0	0	0	0	0	0	0	
N6	0.0600401	0.084142	0.118931	0.154392	0.172809	0.160572	0.121191	0.0734051	0.0354626	0.0136326	0.00417053	0.00101716	0.000198357	3.10468e-05	3.91744e-06	4.00408e-07	3.33246e-08	2.27084e-09	1.27471e-10	5.93921e-12	2.32547e-13	7.87459e-15	2.5313e-16	1.32919e-17	
POCHDO_Donacia_vulgaris	0	0	0	0	0	0	1	0	0	0	0	0	0	0	0	0	0	0	0	0	0	0	0	0	
N7	0.0448124	0.065395	0.0985383	0.137932	0.167518	0.169767	0.14049	0.0938201	0.0502514	0.0215321	0.0073794	0.00202575	0.000446622	7.93642e-05	1.14148e-05	1.33511e-06	1.27643e-07	1.00311e-08	6.52219e-10	3.5396e-11	1.62765e-12	6.54901e-14	2.51246e-15	1.4949e-16	
POCHDO_Donacia_bicolor	0	0	0	0	0	0	0	0	0	0	0	1	0	0	0	0	0	0	0	0	0	0	0	0	
N8	0.0413615	0.0615051	0.0947547	0.135216	0.16697	0.171781	0.144183	0.0975876	0.0529364	0.0229531	0.00795287	0.00220495	0.000490447	8.7828e-05	1.27158e-05	1.49542e-06	1.43581e-07	1.13156e-08	7.36231e-10	3.98151e-11	1.80848e-12	7.07345e-14	2.60995e-15	1.59594e-16	
N9	0.056488	0.0795418	0.113495	0.149394	0.17032	0.162043	0.12602	0.0792416	0.0400843	0.0162887	0.00532227	0.00140189	0.000298766	5.17481e-05	7.32136e-06	8.50696e-07	8.16389e-08	6.50834e-09	4.33539e-10	2.42748e-11	1.15052e-12	4.68981e-14	1.79948e-15	1.25363e-16	
POCHDO_Donacia_biimpressa	0	0	0	0	1	0	0	0	0	0	0	0	0	0	0	0	0	0	0	0	0	0	0	0	
POCHDO_Donacia_clavipes	0	0	0	0	0	1	0	0	0	0	0	0	0	0	0	0	0	0	0	0	0	0	0	0	
POCHDO_Donacia_subtilis	0	0	0	0	0	0	0	0	0	0	1	0	0	0	0	0	0	0	0	0	0	0	0	0	
N10	0.011569	0.021262	0.0423537	0.077449	0.121806	0.160365	0.174518	0.155974	0.114097	0.0682044	0.0333036	0.0132896	0.00433897	0.00116116	0.000255306	4.62588e-05	6.9331e-06	8.63716e-07	9.00438e-08	7.93822e-09	6.0337e-10	4.14088e-11	2.98425e-12	4.18762e-13	
N11	0.00879646	0.0162265	0.0334018	0.064279	0.107124	0.149849	0.173533	0.165255	0.12897	0.0823539	0.0430101	0.0183801	0.0064347	0.00184879	0.000436987	8.52332e-05	1.37734e-05	1.85401e-06	2.09524e-07	2.01253e-08	1.67728e-09	1.26099e-10	9.45614e-12	1.12627e-12	
N12	0.00362746	0.00747782	0.0172483	0.0371583	0.0701546	0.112862	0.152417	0.171331	0.159544	0.122766	0.077981	0.0408914	0.0177169	0.0063522	0.00188875	0.00046698	9.63115e-05	1.66313e-05	2.41542e-06	2.96897e-07	3.1257e-08	2.91526e-09	2.74927e-10	4.74114e-11	
POCHCR_Crioceris_paracenthesis	0	0	0	0	0	0	0	0	0	0	0	0	0	0	1	0	0	0	0	0	0	0	0	0	
POCHCR_Crioceris_asparagi	0	0	0	0	1	0	0	0	0	0	0	0	0	0	0	0	0	0	0	0	0	0	0	0	
POCHCR_Oulema_melanopus	0	0	0	0	0	0	0	0	0	0	0	0	0	0	0	0	1	0	0	0	0	0	0	0	
POCHCR_Lilioceris_sp	0	0	0	0	0	0	0	1	0	0	0	0	0	0	0	0	0	0	0	0	0	0	0	0	
N13	0.29288	0.280875	0.21115	0.125562	0.0591342	0.0220426	0.00650377	0.00152137	0.000283013	4.20462e-05	5.01452e-06	4.82836e-07	3.77643e-08	2.41434e-09	1.2697e-10	5.52745e-12	2.00427e-13	6.09011e-15	1.55989e-16	3.38793e-18	6.28318e-20	1.00946e-21	1.49825e-23	3.53115e-25	
N14	0.21462	0.224997	0.200806	0.153967	0.101671	0.0577939	0.0282442	0.0118547	0.00427182	0.00132218	0.000351911	8.0691e-05	1.59756e-05	2.73829e-06	4.07531e-07	5.28252e-08	5.98294e-09	5.94021e-10	5.18737e-11	3.99855e-12	2.73546e-13	1.69317e-14	1.06709e-15	1.34584e-16	
POCHBR_Pachymerus_sp	0	0	0	1	0	0	0	0	0	0	0	0	0	0	0	0	0	0	0	0	0	0	0	0	
POCHBR_Zabrotes_subfasciatus	0	0	0	1	0	0	0	0	0	0	0	0	0	0	0	0	0	0	0	0	0	0	0	0	
N15	0.265202	0.267852	0.217454	0.139978	0.0706551	0.0278221	0.00854038	0.00204743	0.000384623	5.68599e-05	6.64719e-06	6.17804e-07	4.59101e-08	2.74398e-09	1.3271e-10	5.2258e-12	1.68579e-13	4.48242e-15	9.88329e-17	1.81777e-18	2.80519e-20	3.65896e-22	4.1872e-24	7.46213e-26	
N16	0.126781	0.170302	0.204212	0.197877	0.150398	0.0891071	0.0411563	0.0148484	0.00419672	0.00093257	0.000163604	2.27637e-05	2.52461e-06	2.24354e-07	1.60637e-08	9.31939e-10	4.40622e-11	1.70773e-12	5.45767e-14	1.44684e-15	3.20191e-17	5.97325e-19	9.89291e-21	2.6733e-22	
N17	0.185566	0.212698	0.212718	0.176345	0.116988	0.0609224	0.0246847	0.0077611	0.00189534	0.000360708	5.37558e-05	6.31024e-06	5.87308e-07	4.36438e-08	2.60832e-09	1.26288e-10	4.99004e-12	1.62074e-13	4.35758e-15	9.76523e-17	1.83691e-18	2.93265e-20	4.20268e-22	9.6474e-24	
N18	0.154148	0.191733	0.211329	0.190236	0.134673	0.0737764	0.0310562	0.0100204	0.00247908	0.00047143	6.91835e-05	7.87567e-06	6.99651e-07	4.88261e-08	2.69549e-09	1.18571e-10	4.18661e-12	1.1953e-13	2.77955e-15	5.30227e-17	8.35672e-19	1.09817e-20	1.25481e-22	2.19641e-24	
N19	0.205054	0.230796	0.22217	0.172328	0.103024	0.0463362	0.0155446	0.00389547	0.000734567	0.000105318	1.16167e-05	9.97846e-07	6.75568e-08	3.64696e-09	1.58717e-10	5.62648e-12	1.64049e-13	3.96965e-15	8.03946e-17	1.37341e-18	1.99373e-20	2.47959e-22	2.73736e-24	4.7729e-26	
POCHBR_Callosobruchus_subinnotatus	0	0	0	1	0	0	0	0	0	0	0	0	0	0	0	0	0	0	0	0	0	0	0	0	
POCHBR_Callosobruchus_maculatus	0	0	1	0	0	0	0	0	0	0	0	0	0	0	0	0	0	0	0	0	0	0	0	0	
N20	0.0156455	0.0384003	0.0848884	0.14608	0.19388	0.19866	0.157339	0.0964196	0.0457642	0.0168388	0.00480708	0.00106566	0.000183665	2.46545e-05	2.58528e-06	2.12716e-07	1.3818e-08	7.14117e-10	2.96202e-11	9.95483e-13	2.73975e-14	6.27923e-16	1.28268e-17	4.2316e-19	
POCHBR_Callosobruchus_chinensis	0	1	0	0	0	0	0	0	0	0	0	0	0	0	0	0	0	0	0	0	0	0	0	0	
POCHSA_Sagra_femorata	0	0	0	0	0	0	0	0	0	0	0	0	0	0	1	0	0	0	0	0	0	0	0	0	
POCHBR_Callosobruchus_analis	0	1	0	0	0	0	0	0	0	0	0	0	0	0	0	0	0	0	0	0	0	0	0	0	
N21	0.0277467	0.0558105	0.104389	0.157268	0.188313	0.179745	0.137286	0.0841838	0.0415674	0.0165741	0.00535172	0.00140349	0.000299856	5.2363e-05	7.50024e-06	8.84554e-07	8.62588e-08	6.98862e-09	4.73136e-10	2.69774e-11	1.31343e-12	5.65137e-14	2.4171e-15	1.7526e-16	
N22	0.000559374	0.00164727	0.00552203	0.0161531	0.039034	0.077184	0.124748	0.164858	0.178229	0.157713	0.114294	0.0678827	0.0330739	0.0132359	0.00435804	0.00118329	0.00026577	4.96003e-05	7.74536e-06	1.02398e-06	1.17168e-07	1.21453e-08	1.26889e-09	1.93997e-10	
POCHBR_Bruchus_pisorum	0	0	0	0	0	0	0	0	0	0	0	0	0	0	0	0	0	0	1	0	0	0	0	0	
POCHBR_Spermophagus_sp	0	0	0	0	0	0	0	0	0	0	0	0	1	0	0	0	0	0	0	0	0	0	0	0	
POCHBR_Bruchus_rufimanus	0	1	0	0	0	0	0	0	0	0	0	0	0	0	0	0	0	0	0	0	0	0	0	0	
N23	0.273236	0.267619	0.210223	0.134283	0.0701469	0.030028	0.0105417	0.00303727	0.000719109	0.000140187	2.2563e-05	3.00815e-06	3.33477e-07	3.0868e-08	2.39632e-09	1.56734e-10	8.67738e-12	4.08562e-13	1.64377e-14	5.68041e-16	1.69843e-17	4.47448e-19	1.12414e-20	4.7654e-22	
N24	0.28185	0.272618	0.209553	0.130188	0.0659115	0.027301	0.00927036	0.00258425	0.000592329	0.000111854	1.74467e-05	2.2548e-06	2.42328e-07	2.1744e-08	1.63596e-09	1.03671e-10	5.55881e-12	2.53378e-13	9.86356e-15	3.29463e-16	9.49209e-18	2.38438e-19	5.57869e-21	2.28311e-22	
N25	0.229854	0.241852	0.21335	0.155542	0.0921936	0.0439111	0.0167081	0.00507356	0.00123244	0.000240587	3.79671e-05	4.87602e-06	5.1321e-07	4.45853e-08	3.21973e-09	1.94612e-10	9.91134e-12	4.28035e-13	1.5771e-14	4.98651e-16	1.36081e-17	3.23384e-19	7.08388e-21	2.73902e-22	
POCHBR_Bruchidius_aureus	0	0	0	1	0	0	0	0	0	0	0	0	0	0	0	0	0	0	0	0	0	0	0	0	
POCHBR_Bruchidius_saundersi	0	0	0	1	0	0	0	0	0	0	0	0	0	0	0	0	0	0	0	0	0	0	0	0	
POCHBR_Bruchidius_urbanus	0	1	0	0	0	0	0	0	0	0	0	0	0	0	0	0	0	0	0	0	0	0	0	0	
POCHBR_Acanthoscelides_obtectus	0	0	0	0	1	0	0	0	0	0	0	0	0	0	0	0	0	0	0	0	0	0	0	0	
N26	0.365544	0.319572	0.197693	0.0856165	0.025566	0.00521188	0.000723382	6.86006e-05	4.48184e-06	2.04041e-07	6.56032e-09	1.5113e-10	2.53184e-12	3.13032e-14	2.89775e-16	2.03641e-18	1.10083e-20	4.63493e-23	1.53788e-25	4.06571e-28	8.65285e-31	1.49697e-33	2.13437e-36	3.52881e-39	
N27	0.343327	0.312136	0.20619	0.0972561	0.0322586	0.00747259	0.00120987	0.000137795	1.11523e-05	6.49432e-07	2.75853e-08	8.66825e-10	2.04368e-11	3.66503e-13	5.06568e-15	5.46397e-17	4.65366e-19	3.16433e-21	1.7356e-23	7.75334e-26	2.84722e-28	8.69232e-31	2.29421e-33	8.05434e-36	
N28	0.286255	0.27788	0.212955	0.129228	0.0618168	0.0231871	0.00679764	0.00155651	0.000278843	3.92202e-05	4.35218e-06	3.83228e-07	2.69477e-08	1.52341e-09	6.97166e-11	2.60066e-12	7.96233e-14	2.01434e-15	4.23851e-17	7.46527e-19	1.10756e-20	1.39531e-22	1.55173e-24	2.69069e-26	
N29	0.254008	0.258563	0.2148	0.144665	0.0783203	0.0338885	0.0116895	0.00321493	0.000706491	0.0001245	1.76758e-05	2.03262e-06	1.90426e-07	1.46225e-08	9.26048e-10	4.86694e-11	2.13579e-12	7.8736e-14	2.45327e-15	6.50372e-17	1.48108e-18	2.96301e-20	5.64669e-22	1.69989e-23	
POCHCH_Timarcha_intricata	0	0	0	0	0	0	0	1	0	0	0	0	0	0	0	0	0	0	0	0	0	0	0	0	
N30	0.272452	0.275465	0.221147	0.136997	0.064133	0.0225005	0.00592402	0.00117865	0.000178963	2.0966e-05	1.91662e-06	1.3824e-07	7.95166e-09	3.68494e-10	1.38914e-11	4.29889e-13	1.1015e-14	2.35571e-16	4.23695e-18	6.45463e-20	8.38806e-22	9.40069e-24	9.60128e-26	1.54693e-27	
POCHCH_Timarcha_metallica	0	0	0	0	0	1	0	0	0	0	0	0	0	0	0	0	0	0	0	0	0	0	0	0	
N31	0.340935	0.333741	0.220912	0.0849326	0.017472	0.00189244	0.000110423	3.61397e-06	6.94353e-08	8.18958e-10	6.17938e-12	3.09517e-14	1.06334e-16	2.57865e-19	4.52721e-22	5.88392e-25	5.77391e-28	4.35364e-31	2.56218e-34	1.19353e-37	4.45665e-41	1.34958e-44	3.37277e-48	9.00669e-52	
N32	0.357031	0.341854	0.214031	0.0734967	0.0125126	0.00103183	4.22828e-05	9.03817e-07	1.06532e-08	7.31223e-11	3.07286e-13	8.26663e-16	1.48047e-18	1.82637e-21	1.59889e-24	1.0195e-27	4.84385e-31	1.74956e-34	4.88977e-38	1.07421e-41	1.88108e-45	2.65871e-49	3.07092e-53	3.48014e-57	
N33	0.35389	0.341133	0.215646	0.0750591	0.013092	0.00112877	4.97771e-05	1.18507e-06	1.61389e-08	1.32768e-10	6.92663e-13	2.39102e-15	5.66506e-18	9.509e-21	1.16217e-23	1.05911e-26	7.34772e-30	3.9519e-33	1.67439e-36	5.66836e-40	1.55267e-43	3.48052e-47	6.47397e-51	1.26181e-54	
N34	0.327867	0.336832	0.229749	0.086833	0.0169121	0.00171012	9.39486e-05	2.96729e-06	5.69532e-08	6.983e-10	5.71228e-12	3.23637e-14	1.31138e-16	3.90669e-19	8.76336e-22	1.51121e-24	2.04009e-27	2.19069e-30	1.89778e-33	1.34308e-36	7.8527e-40	3.83221e-43	1.58429e-46	7.28797e-50	
POCHCH_Timarcha_granadensis	0	0	1	0	0	0	0	0	0	0	0	0	0	0	0	0	0	0	0	0	0	0	0	0	
N35	0.242816	0.325803	0.283971	0.12136	0.0237607	0.00218705	0.000100478	2.46596e-06	3.4505e-08	2.91815e-10	1.56935e-12	5.60612e-15	1.38091e-17	2.42189e-20	3.10899e-23	2.99193e-26	2.20395e-29	1.26562e-32	5.75775e-36	2.105e-39	6.26372e-43	1.53442e-46	3.1285e-50	6.42772e-54	
N36	0.081904	0.207654	0.341288	0.260224	0.0918657	0.0156646	0.00133874	5.96102e-05	1.47392e-06	2.16727e-08	2.01475e-10	1.2466e-12	5.35661e-15	1.65586e-17	3.79248e-20	6.59777e-23	8.90572e-26	9.4992e-29	8.13504e-32	5.6721e-35	3.25977e-38	1.56117e-41	6.30502e-45	2.7474e-48	
POCHCH_Timarcha_goettingensis	0	0	0	0	0	0	1	0	0	0	0	0	0	0	0	0	0	0	0	0	0	0	0	0	
N37	0.0868286	0.326468	0.44545	0.12972	0.0111603	0.000367315	5.48351e-06	4.19046e-08	1.79784e-10	4.65942e-13	7.73873e-16	8.64412e-19	6.7572e-22	3.82126e-25	1.60754e-28	5.15144e-32	1.28335e-35	2.52958e-39	4.00595e-43	5.16614e-47	5.49033e-51	4.85962e-55	3.61808e-59	2.64331e-63	
N38	0.0699707	0.424702	0.439154	0.0647551	0.0014106	8.30516e-06	1.82204e-08	1.81591e-11	9.40125e-15	2.78275e-18	5.05652e-22	5.95478e-26	4.74087e-30	2.87053e-34	4.18807e-37	2.61854e-39	8.62959e-42	2.02151e-44	4.01255e-47	6.94649e-50	1.05822e-52	1.4285e-55	1.7195e-58	1.9905e-61	
N39	0.0608685	0.41275	0.452672	0.0721896	0.00151155	8.37523e-06	1.74415e-08	1.68281e-11	8.63402e-15	2.59438e-18	4.89831e-22	6.1259e-26	5.28425e-30	3.3674e-34	1.39086e-37	5.50909e-40	1.50181e-42	3.26479e-45	6.16152e-48	1.02873e-50	1.53119e-53	2.04425e-56	2.46169e-59	2.90571e-62	
POCHCH_Timarcha_cornuta	0	1	0	0	0	0	0	0	0	0	0	0	0	0	0	0	0	0	0	0	0	0	0	0	
POCHCH_Timarcha_sinuaticollis	0	0	0	1	0	0	0	0	0	0	0	0	0	0	0	0	0	0	0	0	0	0	0	0	
POCHCH_Timarcha_recticollis	0	1	0	0	0	0	0	0	0	0	0	0	0	0	0	0	0	0	0	0	0	0	0	0	
N40	2.57968e-05	0.0106793	0.983691	0.00559805	6.03397e-06	2.24734e-09	3.76823e-13	3.31223e-17	1.68464e-21	5.30945e-26	1.0895e-30	1.50977e-35	1.45184e-40	9.88514e-46	4.83441e-51	1.71436e-56	4.42998e-62	8.34543e-68	1.14124e-73	1.12178e-79	7.79316e-86	3.72641e-92	1.17755e-98	2.46966e-105	
POCHCH_Timarcha_maritima	0	0	1	0	0	0	0	0	0	0	0	0	0	0	0	0	0	0	0	0	0	0	0	0	
POCHCH_Timarcha_interstitialis	0	0	1	0	0	0	0	0	0	0	0	0	0	0	0	0	0	0	0	0	0	0	0	0	
N41	0.214846	0.326377	0.303545	0.129115	0.0240026	0.00202751	8.3505e-05	1.8155e-06	2.24535e-08	1.68594e-10	8.11915e-13	2.62564e-15	5.92542e-18	9.63929e-21	1.16192e-23	1.06256e-26	7.52376e-30	4.19877e-33	1.87573e-36	6.80061e-40	2.02558e-43	5.0109e-47	1.04076e-50	2.21813e-54	
N42	0.00132435	0.0173822	0.139032	0.428619	0.331278	0.0775944	0.00465726	0.000111229	1.3253e-06	9.00536e-09	3.81398e-11	1.07308e-13	2.10474e-16	2.98883e-19	3.16818e-22	2.57082e-25	1.6311e-28	8.23898e-32	3.36517e-35	1.1266e-38	3.12848e-42	7.28265e-46	1.43584e-49	2.91507e-53	
POCHCH_Timarcha_fallax	0	0	0	0	0	1	0	0	0	0	0	0	0	0	0	0	0	0	0	0	0	0	0	0	
POCHCH_Timarcha_aurichalcea	0	0	0	1	0	0	0	0	0	0	0	0	0	0	0	0	0	0	0	0	0	0	0	0	
N43	0.305629	0.397977	0.24047	0.0515571	0.00421482	0.000148957	2.56112e-06	2.36708e-08	1.27566e-10	4.28107e-13	9.43712e-16	1.42746e-18	1.53615e-21	1.21224e-24	7.19716e-28	3.28594e-31	1.17568e-34	3.35117e-38	7.72036e-42	1.45593e-45	2.27311e-49	2.96798e-53	3.27256e-57	3.61578e-61	
N44	0.27046	0.443634	0.246205	0.0377323	0.00192909	4.00474e-05	3.94152e-07	2.06874e-09	6.334e-12	1.21279e-14	1.53423e-17	1.34019e-20	8.38108e-24	3.86634e-27	1.34929e-30	3.63931e-34	7.72741e-38	1.31244e-41	1.80806e-45	2.04532e-49	1.92066e-53	1.51176e-57	1.0064e-61	6.52559e-66	
POCHCH_Timarcha_montserratensis	0	0	1	0	0	0	0	0	0	0	0	0	0	0	0	0	0	0	0	0	0	0	0	0	
N45	0.158929	0.690202	0.146802	0.00403554	3.07478e-05	9.06399e-08	1.26069e-10	9.43637e-14	4.16998e-17	1.16453e-20	2.1641e-24	2.78574e-28	2.5641e-32	1.73113e-36	8.75123e-41	3.36831e-45	1.00051e-49	2.31834e-54	4.22588e-59	6.09713e-64	6.99167e-69	6.38505e-74	4.64419e-79	2.91425e-84	
N46	0.091061	0.761823	0.145923	0.00119174	1.78582e-06	8.24481e-10	1.55066e-13	1.40955e-17	6.91543e-22	1.97255e-26	3.47426e-31	8.82713e-36	6.78412e-39	7.41294e-42	6.71163e-45	5.07774e-48	3.24342e-51	1.7643e-54	8.23209e-58	3.31457e-61	1.15743e-64	3.51971e-68	9.35245e-72	2.25707e-75	
POCHCH_Timarcha_geniculata	0	1	0	0	0	0	0	0	0	0	0	0	0	0	0	0	0	0	0	0	0	0	0	0	
N47	0.0802655	0.754703	0.163588	0.00144091	2.42504e-06	1.32845e-09	3.12056e-13	3.69141e-17	2.42631e-21	9.44129e-26	2.3219e-30	1.69621e-34	2.64398e-37	4.29342e-40	5.89946e-43	6.93656e-46	7.05347e-49	6.25971e-52	4.88701e-55	3.37976e-58	2.08326e-61	1.15072e-64	5.72367e-68	2.70803e-71	
POCHCH_Timarcha_perezi	0	0	1	0	0	0	0	0	0	0	0	0	0	0	0	0	0	0	0	0	0	0	0	0	
POCHCH_Timarcha_cyanescens	0	1	0	0	0	0	0	0	0	0	0	0	0	0	0	0	0	0	0	0	0	0	0	0	
POCHCH_Timarcha_gougeleti	0	1	0	0	0	0	0	0	0	0	0	0	0	0	0	0	0	0	0	0	0	0	0	0	
POCHCH_Timarcha_hispanica	0	1	0	0	0	0	0	0	0	0	0	0	0	0	0	0	0	0	0	0	0	0	0	0	
N48	0.0683253	0.211607	0.377251	0.258433	0.0742457	0.00954933	0.000571041	1.75858e-05	3.0783e-07	3.31346e-09	2.33131e-11	1.12489e-13	3.8683e-16	9.78354e-19	1.86813e-21	2.75328e-24	3.19185e-27	2.95858e-30	2.22418e-33	1.37328e-36	7.04185e-40	3.02898e-43	1.10707e-46	4.51091e-50	
POCHCH_Timarcha_intermedia	0	0	0	0	0	1	0	0	0	0	0	0	0	0	0	0	0	0	0	0	0	0	0	0	
N49	0.0827606	0.293894	0.450685	0.155542	0.0164518	0.000655181	1.12531e-05	9.40472e-08	4.23945e-10	1.12031e-12	1.85459e-15	2.02824e-18	1.52987e-21	8.24569e-25	3.27076e-28	9.7889e-32	2.25793e-35	4.08826e-39	5.90387e-43	6.89568e-47	6.59504e-51	5.22181e-55	3.45749e-59	2.20123e-63	
POCHCH_Timarcha_lugens	0	1	0	0	0	0	0	0	0	0	0	0	0	0	0	0	0	0	0	0	0	0	0	0	
N50	0.0434924	0.253887	0.561296	0.133723	0.00745731	0.000142957	1.18359e-06	4.93253e-09	1.15447e-11	1.64657e-14	1.5237e-17	9.61155e-21	4.30052e-24	1.41003e-27	3.48085e-31	6.61943e-35	9.88803e-39	1.17994e-42	1.14137e-46	9.06545e-51	5.97961e-55	3.30868e-59	1.54993e-63	6.93814e-68	
POCHCH_Timarcha_calceata	0	0	1	0	0	0	0	0	0	0	0	0	0	0	0	0	0	0	0	0	0	0	0	0	
POCHCH_Timarcha_marginicollis	0	0	1	0	0	0	0	0	0	0	0	0	0	0	0	0	0	0	0	0	0	0	0	0	
N51	0.240466	0.302559	0.271306	0.140358	0.0389754	0.00582498	0.00048666	2.38901e-05	7.24574e-07	1.42178e-08	1.87989e-10	1.73512e-12	1.15267e-14	5.6592e-17	2.10123e-19	6.01987e-22	1.35442e-24	2.43071e-27	3.52802e-30	4.19275e-33	4.12514e-36	3.39376e-39	2.36121e-42	1.83578e-45	
N52	0.240201	0.305616	0.274036	0.138134	0.0364636	0.00512563	0.00040364	1.88642e-05	5.52344e-07	1.06273e-08	1.39984e-10	1.3073e-12	8.9186e-15	4.56015e-17	1.78665e-19	5.46808e-22	1.32945e-24	2.60608e-27	4.17326e-30	5.52346e-33	6.10576e-36	5.69063e-39	4.52214e-42	4.10121e-45	
POCHCH_Timarcha_strangulata	0	0	0	1	0	0	0	0	0	0	0	0	0	0	0	0	0	0	0	0	0	0	0	0	
POCHCH_Timarcha_scabripennis	0	1	0	0	0	0	0	0	0	0	0	0	0	0	0	0	0	0	0	0	0	0	0	0	
N53	0.00291685	0.0357483	0.246763	0.506152	0.191478	0.0164594	0.000476971	5.99571e-06	3.83922e-08	1.397e-10	3.12569e-13	4.56357e-16	4.55386e-19	3.22287e-22	1.66725e-25	6.46419e-29	1.91821e-32	4.4349e-36	8.11142e-40	1.18918e-43	1.41349e-47	1.37583e-51	1.10818e-55	9.00258e-60	
POCHCH_Timarcha_ventricosa	0	0	0	0	1	0	0	0	0	0	0	0	0	0	0	0	0	0	0	0	0	0	0	0	
N54	0.00200918	0.0289424	0.241841	0.535504	0.178705	0.0127114	0.000284452	2.59593e-06	1.14662e-08	2.76064e-11	3.95076e-14	3.5888e-17	2.17833e-20	9.20638e-24	2.80201e-27	6.31569e-31	1.07939e-34	1.42713e-38	1.48513e-42	1.23475e-46	8.30943e-51	4.57843e-55	2.08699e-59	8.99048e-64	
POCHCH_Timarcha_rugosa	0	0	0	1	0	0	0	0	0	0	0	0	0	0	0	0	0	0	0	0	0	0	0	0	
POCHCH_Timarcha_espanoli	0	0	0	1	0	0	0	0	0	0	0	0	0	0	0	0	0	0	0	0	0	0	0	0	
N55	0.303862	0.321444	0.238894	0.106113	0.0259908	0.00343729	0.000248327	1.00714e-05	2.37175e-07	3.36047e-09	2.96655e-11	1.68659e-13	6.36832e-16	1.64262e-18	2.96943e-21	3.85053e-24	3.65755e-27	2.59372e-30	1.3969e-33	5.80317e-37	1.88601e-40	4.85703e-44	1.00379e-47	2.03054e-51	
N56	0.276827	0.296843	0.241037	0.130653	0.0441719	0.00917516	0.00118859	9.87684e-05	5.43661e-06	2.04637e-07	5.42603e-09	1.04121e-10	1.48128e-12	1.59636e-14	1.3284e-16	8.68222e-19	4.52516e-21	1.9065e-23	6.5725e-26	1.87447e-28	4.46674e-31	8.97898e-34	1.55956e-36	3.54156e-39	
POCHCH_Timarcha_tenebricosa	0	0	0	1	0	0	0	0	0	0	0	0	0	0	0	0	0	0	0	0	0	0	0	0	
POCHCH_Timarcha_pimelioides	0	0	0	1	0	0	0	0	0	0	0	0	0	0	0	0	0	0	0	0	0	0	0	0	
N57	0.267791	0.302199	0.249293	0.130584	0.041278	0.00786133	0.000921271	6.84424e-05	3.32775e-06	1.09243e-07	2.49329e-09	4.06424e-11	4.84877e-13	4.32807e-15	2.9481e-17	1.55969e-19	6.51087e-22	2.17504e-24	5.88853e-27	1.30671e-29	2.40122e-32	3.69132e-35	4.88483e-38	8.44583e-41	
POCHCH_Timarcha_balearica	0	0	0	0	0	0	1	0	0	0	0	0	0	0	0	0	0	0	0	0	0	0	0	0	
POCHCH_Timarcha_insparsa	0	1	0	0	0	0	0	0	0	0	0	0	0	0	0	0	0	0	0	0	0	0	0	0	
N58	0.249549	0.262724	0.224188	0.149037	0.0754022	0.0287485	0.00824123	0.00177953	0.000290695	3.61437e-05	3.44563e-06	2.5392e-07	1.45913e-08	6.59701e-10	2.36796e-11	6.80837e-13	1.58172e-14	2.99421e-16	4.65594e-18	5.9931e-20	6.43306e-22	5.80467e-24	4.53495e-26	5.21342e-28	
N59	0.26641	0.264943	0.212745	0.138427	0.0727405	0.0307388	0.010419	0.00283198	0.000618478	0.000108927	1.55487e-05	1.80941e-06	1.72757e-07	1.36233e-08	8.93323e-10	4.90368e-11	2.26817e-12	8.89678e-14	2.97752e-15	8.55261e-17	2.12092e-18	4.58273e-20	9.12659e-22	3.16005e-23	
POCHCH_Phratora_laticollis	0	0	0	1	0	0	0	0	0	0	0	0	0	0	0	0	0	0	0	0	0	0	0	0	
POCHCH_Phratora_tibialis	0	1	0	0	0	0	0	0	0	0	0	0	0	0	0	0	0	0	0	0	0	0	0	0	
N60	0.141077	0.195992	0.232376	0.207299	0.134193	0.062377	0.0207636	0.00495546	0.000851294	0.000105904	9.6137e-06	6.42437e-07	3.19084e-08	1.18995e-09	3.36705e-11	7.3059e-13	1.22854e-14	1.61775e-16	1.68513e-18	1.40218e-20	9.40839e-23	5.13911e-25	2.33509e-27	1.40921e-29	
N61	0.0746046	0.125508	0.18808	0.217239	0.187978	0.121096	0.058005	0.0206873	0.00551183	0.00110251	0.000166585	1.91485e-05	1.68765e-06	1.15009e-07	6.11373e-09	2.55832e-10	8.50497e-12	2.26699e-13	4.88895e-15	8.60679e-17	1.24853e-18	1.51597e-20	1.65554e-22	2.78307e-24	
POCHCH_Phaedon_sp	0	0	0	1	0	0	0	0	0	0	0	0	0	0	0	0	0	0	0	0	0	0	0	0	
N62	2.25066e-07	2.82141e-06	3.57639e-05	0.000344058	0.00244874	0.0126868	0.046962	0.121616	0.215516	0.255906	0.200169	0.102044	0.0338004	0.00731248	0.00104734	0.000101391	6.80302e-06	3.24832e-07	1.13234e-08	2.95077e-10	5.87351e-12	9.12315e-14	1.16494e-15	2.18119e-17	
N63	5.02248e-11	1.92692e-09	8.38985e-08	2.72117e-06	6.15463e-05	0.000930741	0.0089791	0.0522111	0.171501	0.301079	0.281469	0.140635	0.0373835	0.00530269	0.000424218	2.04351e-05	6.28057e-07	1.29216e-08	1.85151e-10	1.90959e-12	1.45758e-14	8.43409e-17	3.82076e-19	2.14849e-21	
POCHCH_Gastrophysa_poligoni	0	0	0	0	0	0	0	0	1	0	0	0	0	0	0	0	0	0	0	0	0	0	0	0	
POCHCH_Gastrophysa_viridula	0	0	0	0	0	0	0	0	0	0	0	0	1	0	0	0	0	0	0	0	0	0	0	0	
POCHCH_Gastrophysa_cyanea	0	0	0	0	0	0	0	0	0	0	0	0	0	1	0	0	0	0	0	0	0	0	0	0	
N64	0.211975	0.246959	0.239706	0.174109	0.0885059	0.0304842	0.00704216	0.00109458	0.000115735	8.45277e-06	4.33899e-07	1.59398e-08	4.26654e-10	8.46613e-12	1.26603e-13	1.44893e-15	1.28744e-17	9.00047e-20	5.01207e-22	2.24868e-24	8.2142e-27	2.46748e-29	6.20642e-32	1.95738e-34	
N65	0.244761	0.265995	0.234538	0.154591	0.0717448	0.0227214	0.0048647	0.000707533	7.08256e-05	4.96521e-06	2.48501e-07	9.0538e-09	2.44724e-10	4.99638e-12	7.83488e-14	9.58333e-16	9.27411e-18	7.19363e-20	4.52598e-22	2.33506e-24	9.97812e-27	3.56597e-29	1.08975e-31	4.37803e-34	
N66	0.160754	0.259199	0.300297	0.196942	0.068721	0.0127255	0.00128466	7.40813e-05	2.57091e-06	5.63997e-08	8.16833e-10	8.10841e-12	5.6973e-14	2.91327e-16	1.11046e-18	3.22197e-21	7.24791e-24	1.28472e-26	1.82032e-29	2.0883e-32	1.96215e-35	1.52583e-38	9.97117e-42	7.48784e-45	
N67	0.119121	0.225864	0.31089	0.234184	0.0903046	0.0177235	0.00180807	0.000100743	3.25193e-06	6.43206e-08	8.18891e-10	6.99966e-12	4.16381e-14	1.7774e-16	5.58996e-19	1.32516e-21	2.41545e-24	3.44498e-27	3.90415e-30	3.56423e-33	2.65349e-36	1.62878e-39	8.34971e-43	4.70327e-46	
POCHCH_Chrysomela_tremulae	0	0	1	0	0	0	0	0	0	0	0	0	0	0	0	0	0	0	0	0	0	0	0	0	
POCHCH_Chrysomela_populi	0	0	0	0	0	1	0	0	0	0	0	0	0	0	0	0	0	0	0	0	0	0	0	0	
POCHCH_Prasocuris_sp	0	1	0	0	0	0	0	0	0	0	0	0	0	0	0	0	0	0	0	0	0	0	0	0	
POCHCH_Plagiodera_versicolora	0	0	1	0	0	0	0	0	0	0	0	0	0	0	0	0	0	0	0	0	0	0	0	0	
N68	0.0971686	0.162514	0.236638	0.24314	0.16442	0.0717307	0.0201934	0.00370585	0.000450483	3.69971e-05	2.0984e-06	8.4083e-08	2.43406e-09	5.19988e-11	8.36152e-13	1.03062e-14	9.89987e-17	7.52321e-19	4.58502e-21	2.26888e-23	9.2193e-26	3.10946e-28	8.90845e-31	3.31062e-33	
N69	0.12087	0.203597	0.281978	0.241094	0.116048	0.0311592	0.00479005	0.000438452	2.49135e-05	9.14365e-07	2.24757e-08	3.8223e-10	4.62917e-12	4.09626e-14	2.70931e-16	1.36675e-18	5.35416e-21	1.65512e-23	4.09579e-26	8.21899e-29	1.35305e-31	1.84678e-34	2.11912e-37	2.83735e-40	
N70	0.187187	0.329431	0.327933	0.13229	0.0215112	0.00158667	5.92854e-05	1.22631e-06	1.50788e-08	1.16798e-10	5.97866e-13	2.105e-15	5.27279e-18	9.67043e-21	1.331e-23	1.40442e-26	1.15736e-29	7.57121e-33	3.98867e-36	1.71394e-39	6.07586e-43	1.79513e-46	4.46662e-50	1.15943e-53	
POCHCH_Chrysomela_lapponica	0	1	0	0	0	0	0	0	0	0	0	0	0	0	0	0	0	0	0	0	0	0	0	0	
N71	0.107741	0.335495	0.399872	0.143518	0.0129443	0.000424334	6.30651e-06	4.89792e-08	2.19588e-10	6.11881e-13	1.12192e-15	1.41636e-18	1.27733e-21	8.48363e-25	4.25716e-28	1.64956e-31	5.02864e-35	1.22579e-38	2.42346e-42	3.93503e-46	5.30612e-50	6.0011e-54	5.745e-58	5.40663e-62	
POCHCH_Chrysomela_interrupta	0	0	0	1	0	0	0	0	0	0	0	0	0	0	0	0	0	0	0	0	0	0	0	0	
POCHCH_Chrysomela_mainensis	0	1	0	0	0	0	0	0	0	0	0	0	0	0	0	0	0	0	0	0	0	0	0	0	
POCHCH_Chrysomela_schaefferi	0	0	0	0	1	0	0	0	0	0	0	0	0	0	0	0	0	0	0	0	0	0	0	0	
POCHCH_Linaeidea_aenea	0	0	0	0	0	0	0	1	0	0	0	0	0	0	0	0	0	0	0	0	0	0	0	0	
N72	0.224283	0.252237	0.232599	0.163536	0.0846611	0.0318945	0.00874332	0.00175452	0.000260121	2.88055e-05	2.41065e-06	1.54279e-07	7.63948e-09	2.96009e-10	9.07216e-12	2.22188e-13	4.39067e-15	7.06479e-17	9.3365e-19	1.02208e-20	9.36047e-23	7.30714e-25	5.184e-27	5.15081e-29	
N73	0.00115596	0.00350591	0.0117633	0.0333324	0.0752233	0.133262	0.184353	0.198583	0.166262	0.108096	0.0545774	0.0214233	0.00655227	0.0015666	0.000294071	4.35639e-05	5.12331e-06	4.81436e-07	3.63988e-08	2.23033e-09	1.11709e-10	4.65136e-12	1.75485e-13	1.15427e-14	
N74	1.69678e-05	8.03143e-05	0.000469792	0.0023931	0.0097992	0.0313286	0.0769216	0.143392	0.201237	0.211386	0.165677	0.0968533	0.0423311	0.0138996	0.00345258	0.00065426	9.5488e-05	1.08426e-05	9.67883e-07	6.86564e-08	3.91847e-09	1.84316e-10	7.90811e-12	5.77949e-13	
N75	4.05341e-07	3.87654e-06	4.43082e-05	0.00041499	0.00290181	0.0146122	0.051884	0.127877	0.216075	0.247997	0.192212	0.100416	0.0354535	0.00852148	0.00141046	0.00016315	1.34115e-05	7.97498e-07	3.49192e-08	1.14547e-09	2.86215e-11	5.54515e-13	8.77364e-15	2.06882e-16	
POCHCH_Gonioctena_viminalis	0	0	0	0	0	0	1	0	0	0	0	0	0	0	0	0	0	0	0	0	0	0	0	0	
N76	3.88351e-10	9.0063e-09	2.50995e-07	5.45293e-06	8.53894e-05	0.000931393	0.00689189	0.0337658	0.107111	0.215889	0.272959	0.21542	0.10635	0.0330978	0.00657115	0.000844931	7.16069e-05	4.07852e-06	1.59438e-07	4.37312e-09	8.60641e-11	1.24348e-12	1.38028e-14	2.06076e-16	
POCHCH_Gonioctena_sibirica_M	0	0	0	0	0	0	0	0	0	1	0	0	0	0	0	0	0	0	0	0	0	0	0	0	
N77	2.45851e-17	2.69891e-15	3.28066e-13	3.06534e-11	2.1009e-09	1.02709e-07	3.48161e-06	7.9311e-05	0.00117183	0.010775	0.0587022	0.179213	0.293747	0.266232	0.13873	0.04265	0.00780101	0.000841129	5.22459e-05	1.84233e-06	3.90004e-08	5.30308e-10	5.02387e-12	5.71742e-14	
POCHCH_Gonioctena_linnaeana	0	0	0	0	0	0	0	0	0	0	0	1	0	0	0	0	0	0	0	0	0	0	0	0	
POCHCH_Gonioctena_springlovae	0	0	0	0	0	0	0	0	0	0	0	0	0	0	0	0	0	0	1	0	0	0	0	0	
POCHCH_Paropsis_porosa_M	0	0	0	0	0	0	0	0	0	0	0	0	1	0	0	0	0	0	0	0	0	0	0	0	
N78	0.000105423	0.000415278	0.001922	0.00778683	0.0253795	0.0644065	0.12544	0.186157	0.209667	0.178823	0.115384	0.0563348	0.0208384	0.0058535	0.00125282	0.00020519	2.58512e-05	2.52039e-06	1.91454e-07	1.14193e-08	5.40266e-10	2.07105e-11	7.08499e-13	4.2255e-14	
N79	1.75877e-05	7.47985e-05	0.000408601	0.0020215	0.00818876	0.0261944	0.0651217	0.124791	0.183454	0.206341	0.177348	0.116476	0.0585163	0.0225353	0.00667315	0.00152554	0.000270556	3.74385e-05	4.06924e-06	3.50372e-07	2.42402e-08	1.39825e-09	7.64923e-11	6.66614e-12	
N80	1.30083e-08	1.00158e-07	1.03082e-06	9.52992e-06	7.33439e-05	0.000458219	0.00229214	0.00908819	0.0283164	0.0687909	0.129372	0.187137	0.20705	0.174461	0.111645	0.0542168	0.0200072	0.00563111	0.00121615	0.000203357	2.67327e-05	2.87096e-06	2.90115e-07	4.98776e-08	
POCHCH_Paropsis_atomaria	0	0	0	0	0	0	0	0	0	0	0	0	0	0	0	0	1	0	0	0	0	0	0	0	
POCHCH_Gonioctena_variabilis	0	0	0	0	0	0	0	0	0	0	0	0	0	0	1	0	0	0	0	0	0	0	0	0	
POCHCH_Entomoscelis_sp	0	0	0	0	0	0	0	0	0	0	0	1	0	0	0	0	0	0	0	0	0	0	0	0	
N81	9.50526e-05	0.000373497	0.00187668	0.00824091	0.0284569	0.074549	0.145455	0.208824	0.218924	0.167138	0.0931399	0.0381454	0.0115991	0.00265099	0.000461468	6.20099e-05	6.51734e-06	5.4253e-07	3.61967e-08	1.95737e-09	8.6772e-11	3.2108e-12	1.07673e-13	6.28221e-15	
POCHCH_Paropsisterna_sp	0	0	0	0	0	0	0	0	1	0	0	0	0	0	0	0	0	0	0	0	0	0	0	0	
POCHCH_Philhydronopa_sp	0	0	0	0	0	0	0	0	1	0	0	0	0	0	0	0	0	0	0	0	0	0	0	0	
N82	0.232528	0.258682	0.235624	0.161359	0.0784755	0.0262955	0.00599794	0.000931094	9.90814e-05	7.31331e-06	3.7983e-07	1.40986e-08	3.79991e-10	7.55408e-12	1.12448e-13	1.2715e-15	1.10696e-17	7.51451e-20	4.02482e-22	1.71969e-24	5.92199e-27	1.65972e-29	3.85193e-32	1.09889e-34	
N83	0.185447	0.228791	0.24062	0.189976	0.104748	0.0389777	0.00965956	0.001592	0.000175501	1.30753e-05	6.6708e-07	2.36542e-08	5.92155e-10	1.06327e-11	1.39102e-13	1.34615e-15	9.77791e-18	5.40499e-20	2.30363e-22	7.66393e-25	2.01357e-27	4.2264e-30	7.24154e-33	1.46713e-35	
N84	0.132619	0.171613	0.202685	0.197773	0.151075	0.0881582	0.0389591	0.0130381	0.00332001	0.000648036	9.7815e-05	1.15252e-05	1.07031e-06	7.90933e-08	4.6945e-09	2.25829e-10	8.88134e-12	2.8795e-13	7.76033e-15	1.75414e-16	3.36806e-18	5.6464e-20	9.01147e-22	2.1671e-23	
POCHCH_Chrysolina_aurichalcea	0	0	0	0	0	0	1	0	0	0	0	0	0	0	0	0	0	0	0	0	0	0	0	0	
N85	0.0272154	0.0566937	0.109846	0.169257	0.202591	0.187128	0.132791	0.0721598	0.0299761	0.00952059	0.00231668	0.000433606	6.27754e-05	7.07896e-06	6.26743e-07	4.39425e-08	2.46174e-09	1.11195e-10	4.08604e-12	1.23237e-13	3.07972e-15	6.47657e-17	1.22435e-18	3.73484e-20	
POCHCH_Cyrtonus_plumbeus	0	0	1	0	0	0	0	0	0	0	0	0	0	0	0	0	0	0	0	0	0	0	0	0	
N86	0.00157954	0.00531079	0.0192037	0.0554842	0.120312	0.192267	0.224481	0.190492	0.117149	0.0521645	0.0168362	0.00394986	0.000676611	8.51333e-05	7.92467e-06	5.50216e-07	2.87496e-08	1.14126e-09	3.47578e-11	8.2043e-13	1.51805e-14	2.24308e-16	2.82565e-18	5.11208e-20	
N87	0.00174259	0.00536332	0.0186671	0.0535867	0.116982	0.189211	0.224006	0.192822	0.120294	0.0543664	0.0178367	0.00426639	0.00074867	9.71468e-05	9.40685e-06	6.86588e-07	3.81754e-08	1.63464e-09	5.4494e-11	1.42977e-12	2.98589e-14	5.04637e-16	7.37241e-18	1.63821e-19	
POCHCH_Cyrtonus_elegans	0	0	0	0	0	1	0	0	0	0	0	0	0	0	0	0	0	0	0	0	0	0	0	0	
N88	2.36088e-05	0.000151983	0.00112794	0.00663282	0.0283968	0.0854195	0.176567	0.246865	0.230986	0.143897	0.0597246	0.0166221	0.00313765	0.000407855	3.71545e-05	2.41675e-06	1.14378e-07	4.01141e-09	1.06085e-10	2.15029e-12	3.39166e-14	4.22702e-16	4.33178e-18	6.36652e-20	
N89	1.7739e-06	1.61888e-05	0.000183615	0.00160943	0.0099414	0.0418828	0.117876	0.218177	0.262577	0.204105	0.102307	0.0331963	0.0070376	0.000988608	9.3672e-05	6.10828e-06	2.79985e-07	9.21368e-09	2.22162e-10	4.00131e-12	5.4805e-14	5.80932e-16	4.94889e-18	5.77198e-20	
N90	3.0508e-08	9.00761e-07	2.75939e-05	0.000550691	0.0063102	0.0381518	0.127272	0.245908	0.283127	0.19596	0.0807491	0.0192396	0.00252309	0.000173934	6.81836e-06	1.6512e-07	2.63626e-09	2.91639e-11	2.3239e-13	1.37594e-15	6.20977e-18	2.18351e-20	6.17229e-23	2.13652e-25	
POCHCH_Cyrtonus_dufouri	0	0	0	0	1	0	0	0	0	0	0	0	0	0	0	0	0	0	0	0	0	0	0	0	
POCHCH_Cyrtonus_cupreovirens	0	0	0	0	0	0	0	0	0	0	0	0	1	0	0	0	0	0	0	0	0	0	0	0	
N91	1.20405e-14	1.15239e-12	1.14762e-10	8.72283e-09	4.73256e-07	1.75197e-05	0.000421728	0.00620494	0.0511516	0.207574	0.349152	0.268776	0.0987352	0.01673	0.00119309	4.28077e-05	8.84352e-07	1.15214e-08	1.00926e-10	6.23388e-13	2.81664e-15	9.59133e-18	2.55257e-20	8.02423e-23	
POCHCH_Cyrtonus_cylindricus	0	0	0	0	0	0	0	0	0	1	0	0	0	0	0	0	0	0	0	0	0	0	0	0	
POCHCH_Cyrtonus_ruficornis	0	0	0	0	0	0	0	0	0	0	0	0	0	1	0	0	0	0	0	0	0	0	0	0	
N92	1.54842e-07	2.51918e-06	4.71976e-05	0.000654533	0.00613782	0.0367852	0.133043	0.273244	0.302862	0.178723	0.0569624	0.010324	0.00113092	7.91643e-05	3.7124e-06	1.21307e-07	2.85422e-09	4.97149e-11	6.56352e-13	6.70305e-15	5.39015e-17	3.46949e-19	1.84672e-21	1.31686e-23	
POCHCH_Cyrtonus_rotundatus	0	0	0	0	0	0	0	1	0	0	0	0	0	0	0	0	0	0	0	0	0	0	0	0	
POCHCH_Cyrtonus_majoricensis	0	0	0	0	0	0	0	0	0	1	0	0	0	0	0	0	0	0	0	0	0	0	0	0	
N93	8.64131e-09	1.08636e-07	1.53482e-06	1.77974e-05	0.000162518	0.00114239	0.00606665	0.0239426	0.0691939	0.144538	0.215925	0.22903	0.171983	0.0915718	0.0347588	0.00948265	0.00187768	0.000272842	2.94572e-05	2.39964e-06	1.50816e-07	7.59515e-09	3.321e-10	1.98207e-11	
POCHCH_Cyrtonus_puncticeps	0	0	0	0	0	0	0	0	0	0	0	0	0	0	0	0	0	0	0	1	0	0	0	0	
N94	5.14706e-11	1.27934e-09	3.96942e-08	9.63674e-07	1.72847e-05	0.000223258	0.00202689	0.0126106	0.0523915	0.141772	0.244614	0.265249	0.179786	0.0765006	0.0207091	0.00363879	0.000424985	3.38245e-05	1.87995e-06	7.46818e-08	2.16777e-09	4.70573e-11	8.10393e-13	2.03846e-14	
N95	6.06685e-13	3.45919e-11	2.25751e-09	1.09826e-07	3.78832e-06	8.92559e-05	0.0013746	0.0131172	0.0727166	0.217725	0.330108	0.248917	0.0944454	0.019126	0.00221399	0.000155818	7.02367e-06	2.11811e-07	4.43342e-09	6.64567e-11	7.32932e-13	6.09302e-15	3.97149e-17	3.34889e-19	
POCHCH_Cyrtonus_contractus	0	0	0	0	0	0	0	0	0	1	0	0	0	0	0	0	0	0	0	0	0	0	0	0	
POCHCH_Cyrtonus_fairmairei	0	0	0	0	0	0	0	0	0	0	0	1	0	0	0	0	0	0	0	0	0	0	0	0	
N96	1.4301e-20	3.15266e-18	7.41354e-16	1.36294e-13	1.87247e-11	1.86826e-09	1.31248e-07	6.25487e-06	0.000193033	0.00363096	0.0382978	0.200292	0.427112	0.273407	0.0527076	0.00418232	0.000167014	3.81226e-06	5.42331e-08	5.11829e-10	3.36008e-12	1.59449e-14	5.74506e-17	2.44137e-19	
POCHCH_Cyrtonus_arcasi	0	0	0	0	0	0	0	0	0	0	0	0	1	0	0	0	0	0	0	0	0	0	0	0	
POCHCH_Cyrtonus_pardoi	0	0	0	0	0	0	0	0	0	0	0	0	0	1	0	0	0	0	0	0	0	0	0	0	
N97	0.155167	0.20793	0.239778	0.20622	0.123861	0.0504388	0.01376	0.00251008	0.000307557	2.553e-05	1.45178e-06	5.72773e-08	1.58918e-09	3.14416e-11	4.49815e-13	4.71771e-15	3.67644e-17	2.15658e-19	9.64246e-22	3.32599e-24	8.95382e-27	1.90302e-29	3.25086e-32	6.4231e-35	
N98	0.0954699	0.146156	0.202716	0.219029	0.175146	0.101888	0.0429482	0.013152	0.00294399	0.000485626	5.95685e-05	5.48494e-06	3.82711e-07	2.04248e-08	8.4136e-10	2.69893e-11	6.80074e-13	1.35774e-14	2.16675e-16	2.79103e-18	2.939e-20	2.59191e-22	2.09425e-24	2.70853e-26	
N99	0.0526356	0.0861693	0.139898	0.189401	0.200117	0.161782	0.0997633	0.0470705	0.0170898	0.00480735	0.00105545	0.000182204	2.4916e-05	2.71851e-06	2.38328e-07	1.69047e-08	9.76809e-10	4.63094e-11	1.8159e-12	5.95403e-14	1.66312e-15	4.11981e-17	1.00496e-18	3.48808e-20	
N100	0.00290534	0.00779575	0.0208555	0.0473755	0.0893661	0.13863	0.175502	0.180246	0.149539	0.0999387	0.0537157	0.0232052	0.00805887	0.00225212	0.000507319	9.23453e-05	1.36267e-05	1.63658e-06	1.60736e-07	1.29848e-08	8.70342e-10	4.9522e-11	2.66544e-12	2.55832e-13	
N101	2.34779e-09	2.87117e-08	3.83056e-07	4.2249e-06	3.76136e-05	0.000268083	0.0015169	0.00675037	0.0233845	0.062374	0.126645	0.193475	0.219855	0.18386	0.112132	0.0495447	0.0158104	0.00364785	0.000611898	7.53563e-05	6.91387e-06	4.86351e-07	2.94049e-08	2.96893e-09	
POCHCH_Chrysolina_colasi	0	0	0	0	0	0	0	0	0	0	0	0	0	0	1	0	0	0	0	0	0	0	0	0	
N102	5.00567e-15	1.55997e-13	6.11198e-12	2.03248e-10	5.44754e-09	1.15579e-07	1.91603e-06	2.4501e-05	0.000238364	0.00173807	0.00934419	0.0363803	0.100586	0.193376	0.252899	0.220275	0.125572	0.0464227	0.0111634	0.00177324	0.000190729	1.44406e-05	8.6588e-07	8.02634e-08	
POCHCH_Chrysolina_obsoleta	0	0	0	0	0	0	0	0	0	0	0	0	0	0	0	0	0	1	0	0	0	0	0	0	
POCHCH_Chrysolina_haemoptera	0	0	0	0	0	0	0	0	0	0	0	0	0	0	0	0	1	0	0	0	0	0	0	0	
POCHCH_Chrysolina_diluta	0	0	0	1	0	0	0	0	0	0	0	0	0	0	0	0	0	0	0	0	0	0	0	0	
N103	1.95526e-17	1.76001e-15	1.49076e-13	1.01945e-11	5.55222e-10	2.36839e-08	7.74486e-07	1.88917e-05	0.000331842	0.00400744	0.0312413	0.143818	0.342609	0.345654	0.114899	0.0161854	0.00118136	5.10156e-05	1.42603e-06	2.75149e-08	3.85197e-10	4.10953e-12	3.65044e-14	4.22523e-16	
POCHCH_Chrysolina_femoralis	0	0	0	0	0	0	0	0	0	0	0	0	0	1	0	0	0	0	0	0	0	0	0	0	
POCHCH_Chrysolina_affinis	0	0	0	0	0	0	0	0	0	0	0	0	0	1	0	0	0	0	0	0	0	0	0	0	
N104	0.173316	0.199385	0.203131	0.175892	0.125512	0.0724156	0.0334324	0.0122939	0.00359834	0.00084003	0.000157031	2.36292e-05	2.87966e-06	2.8611e-07	2.33351e-08	1.57324e-09	8.82842e-11	4.15156e-12	1.64674e-13	5.54464e-15	1.59486e-16	3.95799e-18	8.9953e-20	3.57792e-21	
N105	0.0475987	0.089875	0.159677	0.218676	0.217462	0.153912	0.0770748	0.0273487	0.00692386	0.00126528	0.00016941	1.68983e-05	1.27726e-06	7.43695e-08	3.38772e-09	1.22467e-10	3.55962e-12	8.41868e-14	1.63778e-15	2.64695e-17	3.58655e-19	4.11457e-21	4.14638e-23	6.43806e-25	
POCHCH_Chrysolina_viridana	0	0	0	0	0	0	0	1	0	0	0	0	0	0	0	0	0	0	0	0	0	0	0	0	
N106	0.000405073	0.0218782	0.477649	0.478364	0.0213938	0.000307364	2.05412e-06	7.58825e-09	1.71506e-11	2.5368e-14	2.57694e-17	1.86445e-20	9.88653e-24	3.93219e-27	1.19574e-30	2.82518e-34	5.25807e-38	7.80019e-42	9.31801e-46	9.04357e-50	7.18688e-54	4.71243e-58	2.60269e-62	1.54543e-66	
POCHCH_Chrysolina_herbacea	0	0	1	0	0	0	0	0	0	0	0	0	0	0	0	0	0	0	0	0	0	0	0	0	
POCHCH_Chrysolina_graminis	0	0	0	1	0	0	0	0	0	0	0	0	0	0	0	0	0	0	0	0	0	0	0	0	
N107	0.185046	0.273248	0.295499	0.176441	0.0574553	0.0109081	0.00129525	0.000101977	5.57694e-06	2.19848e-07	6.43729e-09	1.43499e-10	2.48621e-12	3.40721e-14	3.74987e-16	3.35842e-18	2.47642e-20	1.51912e-22	7.82509e-25	3.41339e-27	1.27111e-29	4.08421e-32	1.17798e-34	4.60861e-37	
POCHCH_Chrysolina_lucida	0	0	1	0	0	0	0	0	0	0	0	0	0	0	0	0	0	0	0	0	0	0	0	0	
POCHCH_Chrysolina_coerulans	0	0	1	0	0	0	0	0	0	0	0	0	0	0	0	0	0	0	0	0	0	0	0	0	
N108	0.185942	0.223688	0.231118	0.1858	0.109756	0.0463646	0.0138794	0.00294998	0.00044908	4.95921e-05	4.03199e-06	2.45145e-07	1.13211e-08	4.03142e-10	1.12285e-11	2.47895e-13	4.39212e-15	6.31702e-17	7.45426e-19	7.2913e-21	5.98081e-23	4.20167e-25	2.70831e-27	2.45704e-29	
POCHCH_Chrysolina_bicolor	0	0	1	0	0	0	0	0	0	0	0	0	0	0	0	0	0	0	0	0	0	0	0	0	
N109	0.158647	0.208532	0.238241	0.205226	0.123497	0.0499232	0.0133127	0.00233024	0.000268819	2.06476e-05	1.07108e-06	3.81591e-08	9.50703e-10	1.6873e-11	2.17263e-13	2.06582e-15	1.47505e-17	8.03486e-20	3.38836e-22	1.1214e-24	2.94959e-27	6.23962e-30	1.08408e-32	2.27979e-35	
N110	0.162076	0.202798	0.225572	0.198731	0.128586	0.0587525	0.0186624	0.00411456	0.000633851	6.90093e-05	5.38453e-06	3.0569e-07	1.28238e-08	4.03614e-10	9.6717e-12	1.78932e-13	2.58959e-15	2.96815e-17	2.72553e-19	2.02699e-21	1.23451e-23	6.25953e-26	2.79598e-28	1.70022e-30	
N111	0.169012	0.210931	0.231178	0.197219	0.121358	0.0517891	0.0150788	0.00298772	0.000405202	3.80254e-05	2.5034e-06	1.17404e-07	3.98499e-09	9.94598e-11	1.85372e-12	2.61838e-14	2.84249e-16	2.40303e-18	1.60166e-20	8.51409e-23	3.64943e-25	1.27723e-27	3.78648e-30	1.4467e-32	
POCHCH_Oreina_cacaliae	0	0	1	0	0	0	0	0	0	0	0	0	0	0	0	0	0	0	0	0	0	0	0	0	
N112	0.148285	0.196961	0.231533	0.20891	0.133949	0.058851	0.0174774	0.00350655	0.000478787	4.50268e-05	2.95953e-06	1.38144e-07	4.65528e-09	1.15123e-10	2.12271e-12	2.96307e-14	3.17677e-16	2.65167e-18	1.74528e-20	9.16657e-23	3.88707e-25	1.35133e-27	4.04093e-30	1.55416e-32	
POCHCH_Oreina_intricata	0	0	0	0	0	0	0	0	1	0	0	0	0	0	0	0	0	0	0	0	0	0	0	0	
N113	0.174626	0.219441	0.238655	0.196464	0.113199	0.0440032	0.0113954	0.00196846	0.000228999	1.82033e-05	1.00589e-06	3.93587e-08	1.11102e-09	2.30419e-11	3.57279e-13	4.21044e-15	3.8295e-17	2.72667e-19	1.53996e-21	6.98293e-24	2.57083e-26	7.76573e-29	1.96059e-31	6.19088e-34	
N114	0.116529	0.183402	0.242852	0.228735	0.145786	0.0617408	0.0172947	0.00321984	0.000403149	3.45188e-05	2.0612e-06	8.76436e-08	2.70969e-09	6.215e-11	1.07764e-12	1.43744e-14	1.49873e-16	1.23938e-18	8.23744e-21	4.4537e-23	1.98044e-25	7.31748e-28	2.28871e-30	9.26254e-33	
POCHCH_Oreina_elongata	0	1	0	0	0	0	0	0	0	0	0	0	0	0	0	0	0	0	0	0	0	0	0	0	
N115	0.0180542	0.0526885	0.136817	0.239952	0.266139	0.183379	0.0783204	0.0207999	0.00345861	0.000365171	2.5099e-05	1.1586e-06	3.70941e-08	8.48964e-10	1.42717e-11	1.80495e-13	1.75385e-15	1.33374e-17	8.06797e-20	3.93834e-22	1.57135e-24	5.18428e-27	1.44111e-29	5.09547e-32	
POCHCH_Chrysolina_cerealis	0	0	0	0	0	0	0	0	1	0	0	0	0	0	0	0	0	0	0	0	0	0	0	0	
POCHCH_Chrysolina_fastuosa	0	0	0	1	0	0	0	0	0	0	0	0	0	0	0	0	0	0	0	0	0	0	0	0	
N116	0.194563	0.275015	0.283898	0.173714	0.0596957	0.0116607	0.00135129	9.75928e-05	4.59901e-06	1.47192e-07	3.31122e-09	5.39202e-11	6.51893e-13	5.98145e-15	4.24606e-17	2.37168e-19	1.05809e-21	3.82102e-24	1.13037e-26	2.76897e-29	5.67159e-32	9.80352e-35	1.45646e-37	2.68602e-40	
N117	0.0755487	0.194326	0.340916	0.275823	0.097213	0.0149996	0.00112671	4.58125e-05	1.09769e-06	1.65596e-08	1.65729e-10	1.14763e-12	5.69206e-15	2.08125e-17	5.74881e-20	1.22496e-22	2.0504e-25	2.73912e-28	2.96151e-31	2.62382e-34	1.92613e-37	1.18329e-40	6.14731e-44	3.47172e-47	
POCHCH_Oreina_ganglbaueri	0	0	1	0	0	0	0	0	0	0	0	0	0	0	0	0	0	0	0	0	0	0	0	0	
POCHCH_Oreina_alpestris	0	0	0	0	1	0	0	0	0	0	0	0	0	0	0	0	0	0	0	0	0	0	0	0	
POCHCH_Oreina_variabilis	0	1	0	0	0	0	0	0	0	0	0	0	0	0	0	0	0	0	0	0	0	0	0	0	
POCHCH_Oreina_virgulata	0	0	0	0	0	0	0	1	0	0	0	0	0	0	0	0	0	0	0	0	0	0	0	0	
N118	0.139713	0.194361	0.236859	0.215914	0.136415	0.0575568	0.0159358	0.00287858	0.000339914	2.64307e-05	1.36813e-06	4.77734e-08	1.14204e-09	1.89817e-11	2.22838e-13	1.87688e-15	1.15165e-17	5.22456e-20	1.77728e-22	4.5948e-25	9.1433e-28	1.41775e-30	1.74476e-33	2.41001e-36	
N119	0.102831	0.152649	0.209907	0.224617	0.172745	0.0925472	0.0342077	0.00873329	0.00155115	0.000193746	1.72374e-05	1.10754e-06	5.21234e-08	1.82219e-09	4.79729e-11	9.63783e-13	1.49632e-14	1.81691e-16	1.74513e-18	1.34017e-20	8.31548e-23	4.2269e-25	1.85792e-27	1.14754e-29	
N120	0.0211851	0.0449919	0.095945	0.165695	0.216221	0.207081	0.143546	0.0715936	0.0256712	0.00663691	0.0012443	0.000170516	1.7244e-05	1.30079e-06	7.40362e-08	3.21722e-09	1.08011e-10	2.83448e-12	5.88048e-14	9.74982e-16	1.30532e-17	1.4262e-19	1.31248e-21	1.76048e-23	
N121	0.0223197	0.0510914	0.112113	0.189379	0.231861	0.200946	0.121922	0.0515412	0.0151826	0.0031338	0.000458418	4.82801e-05	3.72752e-06	2.14918e-07	9.42167e-09	3.19386e-10	8.5034e-12	1.8036e-13	3.08736e-15	4.31576e-17	4.98006e-19	4.79528e-21	3.97972e-23	4.88332e-25	
POCHCH_Chrysolina_grossa	0	1	0	0	0	0	0	0	0	0	0	0	0	0	0	0	0	0	0	0	0	0	0	0	
POCHCH_Chrysolina_polita	0	0	0	0	0	0	0	0	1	0	0	0	0	0	0	0	0	0	0	0	0	0	0	0	
N122	0.00489617	0.0127404	0.0362262	0.0860145	0.156998	0.213363	0.212615	0.15419	0.0811677	0.031048	0.00866386	0.00177481	0.000269119	3.0505e-05	2.61355e-06	1.71254e-07	8.68707e-09	3.4529e-10	1.0882e-11	2.75051e-13	5.6395e-15	9.52815e-17	1.41324e-18	3.26759e-20	
POCHCH_Chrysolina_americana	0	0	0	0	0	0	0	0	0	0	0	1	0	0	0	0	0	0	0	0	0	0	0	0	
POCHCH_Chrysolina_gemina	0	0	0	0	0	0	1	0	0	0	0	0	0	0	0	0	0	0	0	0	0	0	0	0	
N123	0.00840974	0.0185996	0.0442782	0.0907037	0.149324	0.192973	0.193756	0.150374	0.0900147	0.0415645	0.0148349	0.00410781	0.000887067	0.000150353	2.01504e-05	2.15273e-06	1.84895e-07	1.28787e-08	7.33854e-10	3.45061e-11	1.35139e-12	4.48137e-14	1.36368e-15	7.21911e-17	
POCHCH_Chrysolina_varians	0	0	0	0	0	0	1	0	0	0	0	0	0	0	0	0	0	0	0	0	0	0	0	0	
POCHCH_Chrysolina_geminata	0	0	0	0	0	0	0	0	0	0	0	1	0	0	0	0	0	0	0	0	0	0	0	0	
N124	0.195623	0.225505	0.22373	0.177867	0.10788	0.0486032	0.0160845	0.00390485	0.000698854	9.30062e-05	9.30384e-06	7.079e-07	4.14692e-08	1.89308e-09	6.81376e-11	1.95546e-12	4.52241e-14	8.51322e-16	1.31674e-17	1.68815e-19	1.80902e-21	1.63586e-23	1.29614e-25	1.53341e-27	
N125	0.270349	0.282254	0.231612	0.138695	0.0575116	0.0161134	0.00303881	0.000389163	3.43714e-05	2.13268e-06	9.47782e-08	3.07473e-09	7.4147e-11	1.35188e-12	1.89312e-14	2.0659e-16	1.78044e-18	1.22675e-20	6.83408e-23	3.11028e-25	1.16757e-27	3.65156e-30	9.80871e-33	3.52858e-35	
POCHCH_Chrysolina_curvilinea	0	0	1	0	0	0	0	0	0	0	0	0	0	0	0	0	0	0	0	0	0	0	0	0	
N126	0.263931	0.280778	0.23511	0.142142	0.0586267	0.0160916	0.00293091	0.000357828	2.97762e-05	1.7223e-06	7.06702e-08	2.09861e-09	4.5967e-11	7.55951e-13	9.48889e-15	9.22974e-17	7.05433e-19	4.291e-21	2.10176e-23	8.37916e-26	2.74607e-28	7.46853e-31	1.72029e-33	5.08598e-36	
POCHCH_Chrysolina_marginata	0	0	1	0	0	0	0	0	0	0	0	0	0	0	0	0	0	0	0	0	0	0	0	0	
POCHCH_Chrysolina_carnifex	0	0	0	1	0	0	0	0	0	0	0	0	0	0	0	0	0	0	0	0	0	0	0	0	
N127	0.0793777	0.128899	0.188	0.21403	0.184461	0.119384	0.0578359	0.0209567	0.00568937	0.00116239	0.000180005	2.13273e-05	1.95456e-06	1.40188e-07	7.96325e-09	3.62461e-10	1.33686e-11	4.0379e-13	1.0087e-14	2.10334e-16	3.69271e-18	5.51231e-20	7.2961e-22	1.55274e-23	
POCHCH_Chrysolina_timarchoides	0	0	0	0	0	0	0	0	1	0	0	0	0	0	0	0	0	0	0	0	0	0	0	0	
POCHCH_Chrysolina_peregrina	0	1	0	0	0	0	0	0	0	0	0	0	0	0	0	0	0	0	0	0	0	0	0	0	
N128	0.248244	0.258991	0.221306	0.150056	0.078482	0.0311222	0.00929586	0.00209384	0.000357846	4.68191e-05	4.73796e-06	3.74859e-07	2.34363e-08	1.16988e-09	4.7086e-11	1.54233e-12	4.14755e-14	9.23197e-16	1.71416e-17	2.67522e-19	3.5406e-21	4.04448e-23	4.27268e-25	6.81782e-27	
N129	0.292871	0.280071	0.210114	0.125343	0.0597447	0.0227888	0.00696271	0.0017068	0.000336602	5.36099e-05	6.92825e-06	7.30478e-07	6.32044e-08	4.51555e-09	2.68046e-10	1.33031e-11	5.55409e-13	1.96241e-14	5.9023e-16	1.51995e-17	3.37398e-19	6.54608e-21	1.18605e-22	3.56265e-24	
POCHCH_Platyphora_sp	0	1	0	0	0	0	0	0	0	0	0	0	0	0	0	0	0	0	0	0	0	0	0	0	
N130	0.301671	0.286526	0.210976	0.121233	0.0543028	0.0189083	0.0051101	0.00107233	0.000175131	2.23491e-05	2.24014e-06	1.77442e-07	1.11816e-08	5.645e-10	2.29968e-11	7.6147e-13	2.06409e-14	4.61254e-16	8.55567e-18	1.32609e-19	1.72971e-21	1.92162e-23	1.92335e-25	2.94421e-27	
POCHCH_Leptinotarsa_haldemani	0	0	0	0	1	0	0	0	0	0	0	0	0	0	0	0	0	0	0	0	0	0	0	0	
N131	0.307889	0.289741	0.209932	0.118043	0.0514663	0.0173491	0.00451359	0.000906519	0.000140888	1.70141e-05	1.60532e-06	1.19101e-07	6.99737e-09	3.27965e-10	1.23561e-11	3.77044e-13	9.3888e-15	1.92185e-16	3.25692e-18	4.60108e-20	5.45569e-22	5.4802e-24	4.86559e-26	6.54449e-28	
POCHCH_Desmogramma_sp	0	1	0	0	0	0	0	0	0	0	0	0	0	0	0	0	0	0	0	0	0	0	0	0	
N132	0.23129	0.254894	0.229882	0.159364	0.0823025	0.0313272	0.00878954	0.00182882	0.000284871	3.35999e-05	3.03788e-06	2.13195e-07	1.17569e-08	5.15538e-10	1.81783e-11	5.20906e-13	1.22509e-14	2.38659e-16	3.88431e-18	5.32401e-20	6.19137e-22	6.15652e-24	5.39027e-26	7.19843e-28	
N133	0.0144194	0.525766	0.451815	0.00795439	4.45688e-05	1.17637e-07	1.74839e-10	1.62221e-13	1.00514e-16	4.36192e-20	1.3737e-23	3.22734e-27	5.78252e-31	8.04549e-35	8.8243e-39	7.72707e-43	5.46078e-47	3.14366e-51	1.48606e-55	5.80856e-60	1.88876e-64	5.14318e-69	1.20087e-73	3.05937e-78	
POCHCH_Doryphora_sp	0	0	1	0	0	0	0	0	0	0	0	0	0	0	0	0	0	0	0	0	0	0	0	0	
POCHCH_Leptinotarsa_texana	0	1	0	0	0	0	0	0	0	0	0	0	0	0	0	0	0	0	0	0	0	0	0	0	
N134	0.0141448	0.0551748	0.176705	0.31654	0.282668	0.124091	0.0271999	0.00323766	0.00022832	1.02431e-05	3.09095e-07	6.5548e-09	1.01172e-10	1.16953e-12	1.03688e-14	7.19334e-17	3.97257e-19	1.77263e-21	6.47486e-24	1.95845e-26	4.95593e-29	1.05932e-31	1.94817e-34	4.50432e-37	
POCHCH_Leptinotarsa_juncta	0	0	0	1	0	0	0	0	0	0	0	0	0	0	0	0	0	0	0	0	0	0	0	0	
POCHCH_Labidomera_clivicollis	0	0	0	0	0	1	0	0	0	0	0	0	0	0	0	0	0	0	0	0	0	0	0	0	
N135	0.00332811	0.0119466	0.0418224	0.109439	0.200533	0.25021	0.209388	0.116773	0.0434941	0.0109316	0.00188527	0.000227765	1.9711e-05	1.24933e-06	5.92302e-08	2.1417e-09	6.01184e-11	1.33117e-12	2.35878e-14	3.38881e-16	3.99731e-18	3.9378e-20	3.43929e-22	4.42859e-24	
N136	0.000577115	0.00373048	0.0245359	0.105025	0.254396	0.321198	0.207197	0.0691308	0.0127219	0.00138816	9.56356e-05	4.37924e-06	1.38963e-07	3.16241e-09	5.31098e-11	6.7435e-13	6.60949e-15	5.09146e-17	3.13152e-19	1.55939e-21	6.36542e-24	2.15526e-26	6.20575e-29	2.3166e-31	
POCHCH_Calligrapha_fulvipes	0	0	0	0	0	0	1	0	0	0	0	0	0	0	0	0	0	0	0	0	0	0	0	0	
POCHCH_Calligrapha_polyspila	0	0	0	0	1	0	0	0	0	0	0	0	0	0	0	0	0	0	0	0	0	0	0	0	
N137	0.000377473	0.00211421	0.0124453	0.0525144	0.145028	0.252099	0.269833	0.175936	0.0698141	0.0169948	0.00257802	0.000249055	1.57185e-05	6.65793e-07	1.94388e-08	4.01244e-10	5.99445e-12	6.62214e-14	5.51552e-16	3.52476e-18	1.7559e-20	6.91785e-23	2.20094e-25	8.59467e-28	
N138	6.29137e-05	0.000599332	0.00611173	0.0402356	0.150788	0.298824	0.300628	0.154322	0.0416408	0.00621459	0.000543258	2.93638e-05	1.02936e-06	2.43857e-08	4.04423e-10	4.83978e-12	4.29005e-14	2.88145e-16	1.49584e-18	6.10745e-21	1.99172e-23	5.2602e-26	1.14728e-28	3.04611e-31	
N139	7.29102e-24	9.95248e-20	9.14036e-16	4.83995e-12	1.34908e-08	1.77866e-05	0.00901494	0.987306	0.00365872	2.96365e-06	9.42299e-10	1.45367e-13	1.20428e-17	5.66799e-22	1.54979e-26	2.455e-31	2.18715e-36	1.01145e-41	2.0641e-47	1.17958e-53	2.57742e-37	5.47695e-38	1.0989e-38	2.44179e-39	
POCHCH_Calligrapha_rowena	0	0	0	0	0	0	0	1	0	0	0	0	0	0	0	0	0	0	0	0	0	0	0	0	
POCHCH_Calligrapha_philadelphica	0	0	0	0	0	0	0	1	0	0	0	0	0	0	0	0	0	0	0	0	0	0	0	0	
N140	9.67558e-07	4.72963e-05	0.0018951	0.0368328	0.267441	0.48958	0.183216	0.0200795	0.000888365	1.90529e-05	2.22941e-07	1.54855e-09	6.80828e-12	1.99327e-14	4.04944e-17	5.90628e-20	6.36396e-23	5.19003e-26	3.27099e-29	1.62211e-32	6.42991e-36	2.06569e-39	5.45627e-43	1.48932e-46	
POCHCH_Calligrapha_confluens	0	0	0	0	1	0	0	0	0	0	0	0	0	0	0	0	0	0	0	0	0	0	0	0	
N141	3.83533e-11	2.02212e-08	7.12925e-06	0.00111105	0.0591302	0.691566	0.241804	0.00633602	4.46847e-05	1.25162e-07	1.70609e-10	1.28596e-13	5.85581e-17	1.71939e-20	3.42211e-24	4.80297e-28	4.90797e-32	3.74891e-36	2.18814e-40	9.94252e-45	3.57335e-49	1.02981e-53	2.40859e-58	5.08521e-63	
N142	5.37329e-16	3.96351e-12	1.6176e-08	2.69352e-05	0.0132556	0.960749	0.0259085	6.01588e-05	3.43097e-08	7.34864e-12	7.41326e-16	4.04963e-20	1.3157e-24	2.71779e-29	3.75021e-34	3.58918e-39	2.45292e-44	1.22466e-49	4.54732e-55	1.27337e-60	2.71785e-66	4.45579e-72	5.63993e-78	5.74276e-84	
N143	4.00511e-19	1.44305e-14	2.69703e-10	2.01416e-06	0.00416472	0.990771	0.0050596	2.31408e-06	2.69378e-10	1.20488e-14	2.57206e-19	2.98784e-24	2.05852e-29	8.92544e-35	2.54e-40	4.88906e-46	6.50205e-52	6.06129e-58	3.9952e-64	1.86856e-70	6.19226e-77	1.44436e-83	2.34152e-90	2.62429e-97	
POCHCH_Calligrapha_scalaris	0	0	0	0	0	1	0	0	0	0	0	0	0	0	0	0	0	0	0	0	0	0	0	0	
POCHCH_Calligrapha_multipunctata	0	0	0	0	0	1	0	0	0	0	0	0	0	0	0	0	0	0	0	0	0	0	0	0	
POCHCH_Calligrapha_alni	0	0	0	0	0	1	0	0	0	0	0	0	0	0	0	0	0	0	0	0	0	0	0	0	
POCHCH_Calligrapha_amator	0	0	0	0	0	0	1	0	0	0	0	0	0	0	0	0	0	0	0	0	0	0	0	0	
N144	1.03749e-05	8.92346e-05	0.000898572	0.00672318	0.033927	0.110663	0.226335	0.283196	0.212809	0.0952065	0.0255026	0.00417785	0.000431908	2.91855e-05	1.33466e-06	4.26592e-08	9.81096e-10	1.66595e-11	2.13669e-13	2.11186e-15	1.63733e-17	1.01206e-19	5.13695e-22	3.46064e-24	
N145	4.37126e-24	1.65881e-20	5.17807e-17	1.11534e-13	1.52872e-10	1.23745e-07	5.33441e-05	0.0102485	0.590081	0.396493	0.00311678	7.39539e-06	7.9079e-09	4.5654e-12	1.5779e-15	3.48936e-19	5.16897e-23	5.30112e-27	3.85579e-31	2.02439e-35	7.76862e-40	2.1978e-44	4.64794e-49	9.06328e-54	
POCHCH_Calligrapha_californica	0	0	0	0	0	0	0	0	1	0	0	0	0	0	0	0	0	0	0	0	0	0	0	0	
POCHCH_Calligrapha_bidenticola	0	0	0	0	0	0	0	0	0	1	0	0	0	0	0	0	0	0	0	0	0	0	0	0	
POCHCH_Zygogramma_sp	0	0	0	0	0	0	0	0	0	1	0	0	0	0	0	0	0	0	0	0	0	0	0	0	
N146	0.319462	0.3039	0.215551	0.110094	0.0394011	0.00973215	0.00165056	0.00019263	1.55857e-05	8.84004e-07	3.56231e-08	1.03505e-09	2.20183e-11	3.48218e-13	4.15582e-15	3.79696e-17	2.6922e-19	1.50051e-21	6.6534e-24	2.37347e-26	6.88308e-29	1.63862e-31	3.24909e-34	7.77337e-37	
N147	0.211002	0.246012	0.236106	0.17114	0.0902698	0.0341664	0.00924108	0.00178813	0.000248695	2.50443e-05	1.84313e-06	1.0019e-07	4.06899e-09	1.2494e-10	2.93537e-12	5.33934e-14	7.60595e-16	8.57911e-18	7.74306e-20	5.64788e-22	3.36085e-24	1.64696e-26	6.80349e-29	3.74929e-31	
N148	0.218538	0.235899	0.216152	0.163089	0.0981646	0.0460022	0.0165293	0.00451957	0.000938733	0.000148451	1.79639e-05	1.67474e-06	1.21244e-07	6.8744e-09	3.07963e-10	1.09975e-11	3.15805e-13	7.35478e-15	1.40061e-16	2.19831e-18	2.86531e-20	3.12682e-22	2.94624e-24	4.16884e-26	
N149	0.15885	0.197817	0.217267	0.192333	0.13113	0.0674184	0.0258992	0.00741449	0.00158419	0.000253687	3.06331e-05	2.80955e-06	1.97292e-07	1.0697e-08	4.51684e-10	1.49819e-11	3.93708e-13	8.26611e-15	1.3981e-16	1.92075e-18	2.16241e-20	2.0199e-22	1.63797e-24	2.0114e-26	
N150	0.207251	0.243487	0.238439	0.175713	0.0920102	0.033301	0.00823579	0.00138912	0.000160461	1.28001e-05	7.13004e-07	2.80914e-08	7.93681e-10	1.63102e-11	2.47255e-13	2.80353e-15	2.40947e-17	1.58972e-19	8.14972e-22	3.28348e-24	1.05094e-26	2.70156e-29	5.72343e-32	1.57152e-34	
N151	0.20287	0.241239	0.239231	0.178055	0.094044	0.0343369	0.00857544	0.00146289	0.000171257	1.38803e-05	7.87983e-07	3.17551e-08	9.2153e-10	1.95424e-11	3.07296e-13	3.63427e-15	3.27716e-17	2.28268e-19	1.24336e-21	5.35777e-24	1.84688e-26	5.15986e-29	1.21759e-31	3.76487e-34	
N152	0.0814489	0.148082	0.224022	0.240225	0.177448	0.0895069	0.0307465	0.00721286	0.00116521	0.00013131	1.04892e-05	6.04528e-07	2.55967e-08	8.10531e-10	1.95227e-11	3.63414e-13	5.30589e-15	6.15905e-17	5.75557e-19	4.37979e-21	2.74278e-23	1.42855e-25	6.3595e-28	3.85206e-30	
POCHGA_Pyrrhalta_viburni	0	1	0	0	0	0	0	0	0	0	0	0	0	0	0	0	0	0	0	0	0	0	0	0	
N153	0.00708123	0.0250037	0.0826944	0.185841	0.266602	0.239525	0.134082	0.0470245	0.0104787	0.00151302	0.00014479	9.40384e-06	4.24481e-07	1.36269e-08	3.1799e-10	5.50509e-12	7.20506e-14	7.25337e-16	5.70592e-18	3.5583e-20	1.78256e-22	7.27343e-25	2.50391e-27	1.12293e-29	
POCHGA_Galerucella_lineola	0	0	0	0	0	0	0	0	0	1	0	0	0	0	0	0	0	0	0	0	0	0	0	0	
N154	0.000665425	0.00477781	0.0314835	0.125488	0.271059	0.308505	0.185894	0.0602681	0.0107241	0.00107114	6.16494e-05	2.10914e-06	4.44281e-08	5.97874e-10	5.32829e-12	3.25167e-14	1.40044e-16	4.37237e-19	1.01337e-21	1.78045e-24	2.41579e-27	2.57349e-30	2.18982e-33	1.99327e-36	
N155	0.00214864	0.0145121	0.0870887	0.264863	0.3532	0.209848	0.059184	0.00847129	0.000654719	2.89237e-05	7.69679e-07	1.29412e-08	1.43501e-10	1.08996e-12	5.86198e-15	2.29782e-17	6.73229e-20	1.50705e-22	2.62767e-25	3.62942e-28	4.03106e-31	3.64838e-34	2.73188e-37	2.26753e-40	
POCHGA_Xanthogaleruca_luteola	0	0	0	0	1	0	0	0	0	0	0	0	0	0	0	0	0	0	0	0	0	0	0	0	
N156	0.000447904	0.0111516	0.156999	0.503725	0.294404	0.0324274	0.000839376	6.45646e-06	1.80644e-08	2.15067e-11	1.22926e-14	3.70545e-18	6.34496e-22	6.64483e-26	1.12666e-29	3.8003e-32	1.6228e-34	5.62791e-37	1.60122e-39	3.78504e-42	7.515e-45	1.26506e-47	1.8215e-50	2.50356e-53	
N157	0.000516575	0.0119138	0.152145	0.482442	0.308837	0.042536	0.00158922	2.03016e-05	1.10051e-07	2.97061e-10	4.47904e-13	4.10331e-16	2.43293e-19	9.80158e-23	2.78778e-26	5.77203e-30	8.91937e-34	1.05029e-37	9.61759e-42	7.17491e-46	5.70944e-50	1.02157e-53	3.34103e-57	1.34007e-60	
N158	1.87725e-06	0.00013429	0.00622043	0.105853	0.490174	0.340516	0.0555295	0.00155562	1.5197e-05	6.88929e-08	1.69903e-10	2.52638e-13	2.43526e-16	1.60628e-19	7.56027e-23	2.62577e-26	6.9165e-30	1.41368e-33	2.28587e-37	2.97289e-41	3.15481e-45	2.76622e-49	2.02685e-53	1.42649e-57	
POCHGA_Trirhabda_virgata	0	0	0	0	1	0	0	0	0	0	0	0	0	0	0	0	0	0	0	0	0	0	0	0	
POCHGA_Galeruca_sp	0	0	0	0	0	0	1	0	0	0	0	0	0	0	0	0	0	0	0	0	0	0	0	0	
POCHGA_Galerucella_pusilla	0	0	1	0	0	0	0	0	0	0	0	0	0	0	0	0	0	0	0	0	0	0	0	0	
N159	0.000468281	0.0115685	0.159726	0.50524	0.290856	0.0313443	0.000791199	5.95963e-06	1.65141e-08	1.98184e-11	1.16797e-14	3.72623e-18	6.94281e-22	8.01103e-26	6.0223e-30	5.43666e-34	1.27751e-36	5.60617e-39	2.14162e-41	7.13173e-44	2.0872e-46	5.40755e-49	1.24891e-51	2.90133e-54	
N160	0.000558924	0.0111321	0.136754	0.479282	0.325008	0.0453111	0.00192079	3.27839e-05	2.71255e-07	1.23562e-09	3.39466e-12	6.02081e-15	7.2649e-18	6.21648e-21	3.9011e-24	1.84579e-27	6.73904e-31	1.93632e-34	4.45296e-38	8.31698e-42	1.27785e-45	1.63338e-49	1.75513e-53	1.86627e-57	
POCHGA_Galerucella_tenella	0	0	0	0	1	0	0	0	0	0	0	0	0	0	0	0	0	0	0	0	0	0	0	0	
POCHGA_Trirhabda_canadensis	0	0	0	1	0	0	0	0	0	0	0	0	0	0	0	0	0	0	0	0	0	0	0	0	
POCHGA_Galerucella_calmariensis	0	0	1	0	0	0	0	0	0	0	0	0	0	0	0	0	0	0	0	0	0	0	0	0	
N161	1.39227e-05	0.000177403	0.00222897	0.0180944	0.0847273	0.219143	0.308825	0.238002	0.101307	0.0240297	0.00319853	0.000241484	1.05725e-05	2.7845e-07	4.61299e-09	5.02712e-11	3.75357e-13	1.98971e-15	7.71962e-18	2.25011e-20	5.03906e-23	8.84061e-26	1.24221e-28	1.97834e-31	
POCHGA_Lochmaea_capreae	0	0	0	0	0	1	0	0	0	0	0	0	0	0	0	0	0	0	0	0	0	0	0	0	
N162	4.94894e-12	3.95845e-10	3.04567e-08	1.59735e-06	5.2569e-05	0.00103395	0.0116693	0.0722872	0.231924	0.35669	0.242796	0.0731573	0.00977263	0.000597318	1.76291e-05	2.70567e-07	2.37307e-09	1.28982e-11	4.62915e-14	1.15259e-16	2.07017e-19	2.76801e-22	2.83476e-25	3.0266e-28	
N163	4.41769e-20	2.10676e-17	9.324e-15	2.83401e-12	5.62135e-10	6.94477e-08	5.08444e-06	0.000209052	0.0045479	0.0488059	0.235274	0.435868	0.229366	0.0429349	0.00292698	6.08302e-05	5.46045e-07	2.57656e-09	7.20171e-12	1.29212e-14	1.57702e-17	1.36822e-20	8.75022e-24	5.41834e-27	
POCHGA_Galerucella_birmanica	0	0	0	0	0	0	0	0	0	0	0	0	0	0	1	0	0	0	0	0	0	0	0	0	
POCHGA_Galerucella_nympheae	0	0	0	0	0	0	0	0	0	0	0	1	0	0	0	0	0	0	0	0	0	0	0	0	
POCHGA_Galerucella_placida	0	0	0	0	0	0	0	0	0	1	0	0	0	0	0	0	0	0	0	0	0	0	0	0	
POCHGA_Paridea_sp	0	0	1	0	0	0	0	0	0	0	0	0	0	0	0	0	0	0	0	0	0	0	0	0	
N164	0.248423	0.269511	0.235189	0.15198	0.0687251	0.0211253	0.00437251	0.000611184	5.82987e-05	3.85095e-06	1.79141e-07	5.97272e-09	1.45244e-10	2.62013e-12	3.56309e-14	3.70826e-16	2.99545e-18	1.90272e-20	9.61959e-23	3.91435e-25	1.29534e-27	3.52256e-30	8.09705e-33	2.44478e-35	
N165	0.253198	0.272382	0.234626	0.149178	0.0661487	0.0198674	0.00400397	0.000543209	5.01479e-05	3.19805e-06	1.43323e-07	4.59539e-09	1.07309e-10	1.85664e-12	2.41929e-14	2.41084e-16	1.86366e-18	1.13248e-20	5.47605e-23	2.13104e-25	6.74445e-28	1.75386e-30	3.84038e-33	1.09307e-35	
N166	0.280771	0.351535	0.259496	0.0906098	0.0159344	0.0015578	9.18572e-05	3.47845e-06	8.88215e-08	1.59011e-09	2.06047e-11	1.9849e-13	1.45419e-15	8.26303e-18	3.70457e-20	1.33036e-22	3.87843e-25	9.28944e-28	1.84772e-30	3.08182e-33	4.34834e-36	5.23326e-39	5.45409e-42	6.86256e-45	
POCHGA_Ophraella_notulata_M	0	1	0	0	0	0	0	0	0	0	0	0	0	0	0	0	0	0	0	0	0	0	0	0	
POCHGA_Ophraella_communa	0	0	1	0	0	0	0	0	0	0	0	0	0	0	0	0	0	0	0	0	0	0	0	0	
POCHGA_Monoxia_sp	0	0	0	1	0	0	0	0	0	0	0	0	0	0	0	0	0	0	0	0	0	0	0	0	
POCHGA_Apophylia_sp	0	0	0	0	1	0	0	0	0	0	0	0	0	0	0	0	0	0	0	0	0	0	0	0	
N167	0.103307	0.142675	0.182685	0.195313	0.167336	0.11311	0.0599646	0.0249044	0.00811776	0.00208462	0.000423907	6.8667e-05	8.91773e-06	9.34744e-07	7.96181e-08	5.54831e-09	3.1847e-10	1.51586e-11	6.02498e-13	2.01601e-14	5.75386e-16	1.44746e-17	3.58679e-19	1.38372e-20	
POCHGA_Agelastica_coerulea	0	0	0	0	1	0	0	0	0	0	0	0	0	0	0	0	0	0	0	0	0	0	0	0	
POCHGA_Oides_sp	0	0	0	0	0	0	0	0	0	0	0	0	1	0	0	0	0	0	0	0	0	0	0	0	
N168	0.172475	0.198013	0.202066	0.176166	0.1268	0.0735982	0.0339694	0.0123815	0.00355672	0.000806325	0.000144792	2.07015e-05	2.37118e-06	2.19064e-07	1.64397e-08	1.00938e-09	5.10701e-11	2.14431e-12	7.52382e-14	2.222e-15	5.57422e-17	1.21149e-18	2.46305e-20	8.05353e-22	
N169	0.0985385	0.139858	0.18681	0.206022	0.176069	0.113295	0.0541685	0.0191359	0.00498854	0.000961283	0.000137449	1.46627e-05	1.17481e-06	7.12359e-08	3.29584e-09	1.17354e-10	3.24413e-12	7.02417e-14	1.20165e-15	1.63838e-17	1.7967e-19	1.60686e-21	1.24253e-23	1.59112e-25	
N170	0.152044	0.187061	0.207552	0.191247	0.138824	0.0772576	0.0325841	0.0103868	0.00250865	0.000461654	6.5226e-05	7.13834e-06	6.10938e-07	4.12962e-08	2.22661e-09	9.67031e-11	3.41515e-12	9.89693e-14	2.37395e-15	4.75212e-17	8.00152e-19	1.14409e-20	1.45038e-22	2.92938e-24	
POCHGA_Monolepta_sp	0	1	0	0	0	0	0	0	0	0	0	0	0	0	0	0	0	0	0	0	0	0	0	0	
POCHGA_Diorhabda_sp	0	0	0	0	1	0	0	0	0	0	0	0	0	0	0	0	0	0	0	0	0	0	0	0	
N171	0.0859561	0.124675	0.173882	0.202838	0.184741	0.127523	0.0658918	0.0253711	0.00727841	0.0015598	0.000250882	3.04744e-05	2.81622e-06	1.99626e-07	1.09489e-08	4.68864e-10	1.582e-11	4.2442e-13	9.13493e-15	1.59154e-16	2.26756e-18	2.69672e-20	2.9317e-22	4.86532e-24	
POCHGA_Luperus_sp	0	0	0	0	0	0	0	1	0	0	0	0	0	0	0	0	0	0	0	0	0	0	0	0	
POCHGA_Aulacophora_sp	0	0	0	0	0	0	0	0	1	0	0	0	0	0	0	0	0	0	0	0	0	0	0	0	
POCHGA_Exora_sp	0	0	0	0	0	0	1	0	0	0	0	0	0	0	0	0	0	0	0	0	0	0	0	0	
N172	0.0882164	0.133768	0.188964	0.213963	0.183022	0.115498	0.0532838	0.017941	0.00442164	0.00080238	0.000108077	1.09084e-05	8.33647e-07	4.8767e-08	2.20796e-09	7.82253e-11	2.19224e-12	4.91203e-14	8.89766e-16	1.31989e-17	1.63384e-19	1.74708e-21	1.73142e-23	2.20334e-25	
POCHGA_Sermylassa_halensis	0	0	0	0	0	0	0	0	0	1	0	0	0	0	0	0	0	0	0	0	0	0	0	0	
N173	0.0605777	0.100908	0.161714	0.20943	0.204897	0.147209	0.0767151	0.028881	0.00786246	0.00155459	0.000224759	2.39617e-05	1.90183e-06	1.13536e-07	5.15229e-09	1.79643e-10	4.86345e-12	1.03293e-13	1.73826e-15	2.34027e-17	2.54527e-19	2.26528e-21	1.72967e-23	1.88161e-25	
N174	0.0372983	0.0597447	0.0978356	0.142929	0.175489	0.176143	0.142501	0.0922488	0.0476345	0.0196096	0.00644386	0.00169448	0.000357784	6.09071e-05	8.39778e-06	9.42459e-07	8.65465e-08	6.5399e-09	4.0923e-10	2.13787e-11	9.45257e-13	3.64678e-14	1.34176e-15	7.81169e-17	
POCHGA_Gynandrobrotica_nigrofasciata	0	0	0	0	0	0	0	0	0	0	0	0	0	1	0	0	0	0	0	0	0	0	0	0	
N175	0.0517753	0.0771386	0.116158	0.156714	0.178084	0.165594	0.124282	0.0747993	0.0360079	0.0138626	0.00427474	0.00105877	0.000211421	3.41881e-05	4.49929e-06	4.84479e-07	4.29237e-08	3.1471e-09	1.92072e-10	9.81785e-12	4.23457e-13	1.56737e-14	5.44736e-16	3.40409e-17	
POCHGA_Gynandrobrotica_lepida	0	0	1	0	0	0	0	0	0	0	0	0	0	0	0	0	0	0	0	0	0	0	0	0	
POCHGA_Cerotoma_sp	0	0	0	0	0	0	1	0	0	0	0	0	0	0	0	0	0	0	0	0	0	0	0	0	
N176	0.0149086	0.0330153	0.0774246	0.147967	0.211663	0.219985	0.163968	0.0871479	0.0329947	0.00892208	0.00173282	0.000243636	2.50392e-05	1.90149e-06	1.07939e-07	4.6349e-09	1.52353e-10	3.87888e-12	7.73658e-14	1.22216e-15	1.54524e-17	1.58119e-19	1.35483e-21	1.65972e-23	
N177	0.00312483	0.00803186	0.0236447	0.0605216	0.122348	0.188059	0.216046	0.184017	0.115846	0.0539141	0.0185989	0.00477828	0.000920037	0.00013378	1.48166e-05	1.2615e-06	8.33624e-08	4.3176e-09	1.76989e-10	5.79889e-12	1.53517e-13	3.34454e-15	6.43221e-17	1.92071e-18	
N178	0.00104442	0.00320457	0.0112251	0.0341448	0.0824559	0.151856	0.20896	0.212539	0.158949	0.0872497	0.0351849	0.0104562	0.00230113	0.000377459	4.65068e-05	4.34177e-06	3.10034e-07	1.7101e-08	7.35979e-10	2.49662e-11	6.74775e-13	1.47701e-14	2.79635e-16	8.244e-18	
POCHGA_Diabrotica_limitata	0	0	0	0	0	0	1	0	0	0	0	0	0	0	0	0	0	0	0	0	0	0	0	0	
N179	0.000151265	0.000581911	0.00264913	0.0105737	0.0337447	0.0827245	0.152617	0.20947	0.212496	0.158802	0.087353	0.0354123	0.0106129	0.0023627	0.000393227	4.93057e-05	4.69905e-06	3.43698e-07	1.94905e-08	8.65982e-10	3.04876e-11	8.65706e-13	2.14214e-14	8.53236e-16	
POCHGA_Diabrotica_undecimpunctata	0	0	0	0	0	0	0	1	0	0	0	0	0	0	0	0	0	0	0	0	0	0	0	0	
N180	6.20399e-08	5.45335e-07	5.95595e-06	5.58359e-05	0.000420192	0.00246562	0.0110599	0.0373209	0.0933961	0.171063	0.226558	0.214711	0.144463	0.0687239	0.023131	0.00553988	0.000953876	0.000119705	1.11218e-05	7.77805e-07	4.16559e-08	1.74914e-09	6.28459e-11	3.72764e-12	
POCHGA_Diabrotica_speciosa	0	0	0	0	0	0	0	0	0	0	0	0	0	0	1	0	0	0	0	0	0	0	0	0	
POCHGA_Diabrotica_nummularis	0	0	0	0	0	0	0	0	0	0	0	0	1	0	0	0	0	0	0	0	0	0	0	0	
N181	1.29718e-06	1.1767e-05	0.000120511	0.000989945	0.00614319	0.0277243	0.0877346	0.187733	0.262604	0.234221	0.132075	0.0474931	0.0111628	0.00177198	0.000196496	1.57061e-05	9.30395e-07	4.18452e-08	1.45917e-09	4.01786e-11	8.8838e-13	1.61003e-14	2.55334e-16	6.26284e-18	
POCHGA_Diabrotica_adelpha	0	0	0	0	0	0	0	0	1	0	0	0	0	0	0	0	0	0	0	0	0	0	0	0	
POCHGA_Diabrotica_tibialis	0	0	0	0	0	0	0	0	0	0	1	0	0	0	0	0	0	0	0	0	0	0	0	0	
N182	0.00391028	0.0112022	0.0345628	0.0874064	0.165825	0.22703	0.219977	0.149362	0.0707989	0.0234526	0.00545761	0.000900044	0.000106403	9.1377e-06	5.7824e-07	2.73589e-08	9.81906e-10	2.71067e-11	5.83293e-13	9.90692e-15	1.34383e-16	1.47316e-18	1.34875e-20	1.77977e-22	
N183	0.00875289	0.0214405	0.055254	0.116002	0.184894	0.218803	0.190551	0.121689	0.056967	0.019592	0.00497149	0.000936477	0.00013194	1.40238e-05	1.13508e-06	7.06533e-08	3.41622e-09	1.29613e-10	3.89735e-12	9.37856e-14	1.82351e-15	2.89732e-17	3.93292e-19	8.23714e-21	
N184	0.00351852	0.00981817	0.0292065	0.0724623	0.139313	0.201272	0.215521	0.170124	0.0989228	0.0424651	0.0135139	0.00320604	0.000570796	7.68307e-05	7.88118e-06	6.2127e-07	3.79617e-08	1.81383e-09	6.83714e-11	2.05141e-12	4.94662e-14	9.73828e-16	1.67751e-17	4.4867e-19	
POCHGA_Acalymma_fairmairei	0	0	0	0	1	0	0	0	0	0	0	0	0	0	0	0	0	0	0	0	0	0	0	0	
N185	2.78195e-08	3.76192e-07	5.4042e-06	6.19326e-05	0.000540552	0.00349367	0.0163121	0.0539223	0.124774	0.20222	0.231462	0.189137	0.111439	0.0476986	0.0148962	0.00339756	0.000564664	6.80392e-05	5.90694e-06	3.68001e-07	1.65301e-08	5.49008e-10	1.47221e-11	5.60536e-13	
POCHGA_Acalymma_trivittatum	0	0	0	0	0	0	0	0	0	0	0	0	0	0	0	0	0	0	0	1	0	0	0	0	
POCHGA_Acalymma_vittatum	0	0	0	0	0	0	0	1	0	0	0	0	0	0	0	0	0	0	0	0	0	0	0	0	
POCHGA_Acalymma_blandulum	0	1	0	0	0	0	0	0	0	0	0	0	0	0	0	0	0	0	0	0	0	0	0	0	
N186	8.78789e-06	7.15621e-05	0.000729208	0.0056404	0.029443	0.0992108	0.210577	0.2773	0.224555	0.111411	0.0338979	0.00635742	0.000741438	5.44151e-05	2.54945e-06	7.74933e-08	1.55486e-09	2.09658e-11	1.93452e-13	1.24347e-15	5.66649e-18	1.86501e-20	4.64952e-23	1.71731e-25	
N187	2.99258e-05	0.000179052	0.00135146	0.00807933	0.0343283	0.100007	0.195947	0.255099	0.219321	0.124514	0.0469471	0.0118819	0.00204794	0.000244476	2.05842e-05	1.24527e-06	5.51273e-08	1.81751e-09	4.5376e-11	8.71383e-13	1.30657e-14	1.55683e-16	1.55333e-18	2.19783e-20	
POCHGA_Diabrotica_porracea	0	0	0	0	0	0	0	0	0	1	0	0	0	0	0	0	0	0	0	0	0	0	0	0	
N188	5.57082e-05	0.000294447	0.00193679	0.0102768	0.0395591	0.106602	0.197411	0.248407	0.211219	0.121381	0.0474121	0.01272	0.00237733	0.000314677	3.00276e-05	2.10323e-06	1.10062e-07	4.37637e-09	1.34344e-10	3.23134e-12	6.17519e-14	9.52288e-16	1.24802e-17	2.47992e-19	
POCHGA_Diabrotica_scutellata	0	0	0	0	0	0	0	0	0	1	0	0	0	0	0	0	0	0	0	0	0	0	0	0	
POCHGA_Diabrotica_longicornis	0	0	0	0	0	0	1	0	0	0	0	0	0	0	0	0	0	0	0	0	0	0	0	0	
N189	8.31957e-06	6.70303e-05	0.000689332	0.00539758	0.0285055	0.0971007	0.208245	0.277046	0.226703	0.113721	0.0350144	0.00665304	0.000787171	5.86966e-05	2.79833e-06	8.66808e-08	1.77484e-09	2.44529e-11	2.30781e-13	1.51861e-15	7.08932e-18	2.39281e-20	6.17534e-23	2.58064e-25	
N190	1.15058e-06	9.26135e-06	9.47559e-05	0.000786794	0.00483805	0.0213911	0.0669105	0.146467	0.222902	0.235226	0.172299	0.0879512	0.0314919	0.00797797	0.00144484	0.000189278	1.81687e-05	1.2954e-06	6.95687e-08	2.85408e-09	9.07468e-11	2.28101e-12	4.88554e-14	1.6295e-15	
N191	5.69121e-11	1.1383e-09	2.83317e-08	5.79984e-07	9.1452e-06	0.000108216	0.000942462	0.00593013	0.0264557	0.0820996	0.173981	0.247755	0.234492	0.146888	0.0609595	0.0168343	0.00311705	0.000391844	3.40727e-05	2.0969e-06	9.36236e-08	3.12135e-09	8.39919e-11	3.46098e-12	
POCHGA_Diabrotica_balteata	0	0	0	0	0	0	0	0	0	0	0	1	0	0	0	0	0	0	0	0	0	0	0	0	
POCHGA_Isotes_multipunctata	0	0	0	0	0	0	0	0	0	0	0	0	0	0	0	0	1	0	0	0	0	0	0	0	
POCHGA_Diabrotica_sexmaculata	0	0	0	0	0	0	0	0	0	1	0	0	0	0	0	0	0	0	0	0	0	0	0	0	
N192	3.4468e-05	0.000190247	0.00129069	0.00717634	0.0294347	0.0856414	0.173073	0.239886	0.226752	0.146342	0.064956	0.0200681	0.0043811	0.000687257	7.88175e-05	6.72246e-06	4.33513e-07	2.14704e-08	8.28762e-10	2.52813e-11	6.1822e-13	1.24005e-14	2.23233e-16	6.26977e-18	
POCHGA_Paratriarius_sp	0	0	0	0	0	0	0	0	1	0	0	0	0	0	0	0	0	0	0	0	0	0	0	0	
POCHGA_Diabrotica_cristata	0	0	0	0	0	0	0	0	0	0	1	0	0	0	0	0	0	0	0	0	0	0	0	0	
N193	0.320318	0.301664	0.213483	0.11079	0.0409971	0.0105984	0.00189421	0.000233642	1.99815e-05	1.1956e-06	5.06465e-08	1.53936e-09	3.40496e-11	5.56043e-13	6.79963e-15	6.31266e-17	4.50822e-19	2.50776e-21	1.09943e-23	3.84114e-26	1.08059e-28	2.47204e-31	4.6728e-34	1.05621e-36	
N194	0.306522	0.293912	0.215665	0.118669	0.0478808	0.0139494	0.00291441	0.000436826	4.72354e-05	3.71852e-06	2.15509e-07	9.30868e-09	3.03499e-10	7.56473e-12	1.45943e-13	2.20555e-15	2.64078e-17	2.53221e-19	1.96434e-21	1.24455e-23	6.49791e-26	2.82252e-28	1.05192e-30	5.36625e-33	
N195	0.156337	0.202345	0.226307	0.196801	0.128043	0.0615226	0.0217407	0.00564983	0.00108237	0.000153527	1.62193e-05	1.28534e-06	7.70289e-08	3.52156e-09	1.23951e-10	3.39069e-12	7.27703e-14	1.23687e-15	1.68029e-17	1.84083e-19	1.64041e-21	1.19946e-23	7.36602e-26	6.25687e-28	
N196	0.0761875	0.117218	0.171656	0.205576	0.189896	0.132539	0.0694382	0.0272867	0.00805987	0.00179643	0.000303658	3.91577e-05	3.87751e-06	2.96921e-07	1.77125e-08	8.29403e-10	3.07212e-11	9.07093e-13	2.1515e-14	4.13076e-16	6.47158e-18	8.37894e-20	9.51057e-22	1.64373e-23	
N197	0.0654936	0.0934891	0.133535	0.170435	0.181538	0.155948	0.106448	0.0574544	0.0245273	0.0083068	0.00224214	0.000484979	8.45739e-05	1.19663e-05	1.38266e-06	1.31326e-07	1.03204e-08	6.75392e-10	3.70465e-11	1.71522e-12	6.77189e-14	2.3406e-15	7.87836e-17	4.45486e-18	
POCHGA_Chaetocnema_chlorophana	0	0	0	0	0	0	0	0	0	1	0	0	0	0	0	0	0	0	0	0	0	0	0	0	
N198	0.00203931	0.00961765	0.0444887	0.139234	0.266511	0.290931	0.174109	0.0591624	0.0121507	0.00160365	0.00014329	9.04607e-06	4.1778e-07	1.45238e-08	3.89196e-10	8.20131e-12	1.38236e-13	1.89131e-15	2.12754e-17	1.99042e-19	1.56631e-21	1.05456e-23	6.43567e-26	5.57637e-28	
POCHGA_Hypolampsis_sp	0	0	0	0	0	1	0	0	0	0	0	0	0	0	0	0	0	0	0	0	0	0	0	0	
POCHGA_Chaetocnema_concinna	0	0	0	0	0	1	0	0	0	0	0	0	0	0	0	0	0	0	0	0	0	0	0	0	
N199	0.000703794	0.00276148	0.0105873	0.0327892	0.0789169	0.144925	0.201033	0.209485	0.16354	0.0955712	0.0418304	0.0137346	0.00339152	0.000631975	8.92443e-05	9.59995e-06	7.91381e-07	5.03432e-08	2.491e-09	9.67713e-11	2.98928e-12	7.52372e-14	1.68897e-15	6.51804e-17	
N200	6.76423e-05	0.00028914	0.00145892	0.00623745	0.0211585	0.0558022	0.113255	0.175813	0.207993	0.187141	0.127947	0.0664741	0.0262672	0.00790813	0.00181886	0.000320782	4.35924e-05	4.59206e-06	3.77754e-07	2.45074e-08	1.27544e-09	5.55632e-11	2.31018e-12	1.42085e-13	
POCHGA_Syphrea_sp	0	0	0	0	0	0	0	0	0	0	0	0	0	0	0	1	0	0	0	0	0	0	0	0	
POCHGA_Lysathia_ludoviciana	0	0	0	0	0	0	0	0	0	0	0	0	0	0	1	0	0	0	0	0	0	0	0	0	
N201	0.00648503	0.0197574	0.0650124	0.158751	0.253886	0.255142	0.159695	0.062701	0.0157024	0.00256507	0.000280272	2.10115e-05	1.10743e-06	4.19754e-08	1.16812e-09	2.43203e-11	3.85356e-13	4.71963e-15	4.53154e-17	3.45535e-19	2.11795e-21	1.05828e-23	4.5038e-26	2.5935e-28	
N202	0.0049581	0.0165332	0.0595476	0.155723	0.259767	0.264536	0.16252	0.060444	0.0137987	0.00197744	0.000182883	1.12411e-05	4.72569e-07	1.3957e-08	2.96775e-10	4.64504e-12	5.45939e-14	4.9056e-16	3.42503e-18	1.88545e-20	8.29281e-23	2.95045e-25	8.67477e-28	3.2129e-30	
POCHGA_Macrohaltica_sp	0	0	0	1	0	0	0	0	0	0	0	0	0	0	0	0	0	0	0	0	0	0	0	0	
POCHGA_Aedmon_sp	0	0	0	0	0	0	0	1	0	0	0	0	0	0	0	0	0	0	0	0	0	0	0	0	
POCHAL_Altica_lythri	0	0	0	1	0	0	0	0	0	0	0	0	0	0	0	0	0	0	0	0	0	0	0	0	
N203	0.2316	0.246706	0.219455	0.157843	0.0890973	0.0386672	0.0127536	0.00318166	0.000600306	8.59329e-05	9.38269e-06	7.8671e-07	5.10456e-08	2.58424e-09	1.0295e-10	3.25511e-12	8.23827e-14	1.68288e-15	2.79723e-17	3.81287e-19	4.29506e-21	4.03753e-23	3.29594e-25	3.96261e-27	
N204	0.309728	0.296403	0.215252	0.116102	0.0458831	0.0132786	0.00283877	0.000454422	5.53065e-05	5.1972e-06	3.82672e-07	2.2382e-08	1.05308e-09	4.03206e-11	1.26964e-12	3.31984e-14	7.27247e-16	1.34558e-17	2.11861e-19	2.85847e-21	3.32733e-23	3.37336e-25	3.11167e-27	4.46304e-29	
POCHGA_Psylliodes_affinis	0	0	1	0	0	0	0	0	0	0	0	0	0	0	0	0	0	0	0	0	0	0	0	0	
POCHGA_Psylliodes_dulcamarae	0	1	0	0	0	0	0	0	0	0	0	0	0	0	0	0	0	0	0	0	0	0	0	0	
N205	0.222882	0.239292	0.216917	0.161166	0.0952532	0.0438131	0.0154822	0.00417929	0.000861379	0.000135955	1.65187e-05	1.55541e-06	1.14364e-07	6.61927e-09	3.04097e-10	1.11818e-11	3.31802e-13	8.00961e-15	1.58522e-16	2.59166e-18	3.52658e-20	4.03812e-22	4.10657e-24	6.43055e-26	
N206	0.0723729	0.114987	0.175544	0.215278	0.197187	0.13159	0.0636247	0.0223675	0.00576724	0.00110349	0.00015879	1.74271e-05	1.47928e-06	9.8443e-08	5.2025e-09	2.20988e-10	7.63008e-12	2.16376e-13	5.08841e-15	1.00118e-16	1.66194e-18	2.35007e-20	2.95084e-22	5.91628e-24	
N207	0.000395317	0.00417776	0.0351393	0.157831	0.316161	0.304373	0.145251	0.0331546	0.00333827	0.000173597	5.28313e-06	1.02527e-07	1.34844e-09	1.25758e-11	8.61362e-14	4.4563e-16	1.78201e-18	5.61551e-21	1.41764e-23	2.90821e-26	4.90899e-29	6.89731e-32	8.24261e-35	1.18888e-37	
POCHGA_Psylliodes_cupreus	0	0	0	0	0	0	0	1	0	0	0	0	0	0	0	0	0	0	0	0	0	0	0	0	
POCHGA_Psylliodes_marcidus_M	0	0	0	1	0	0	0	0	0	0	0	0	0	0	0	0	0	0	0	0	0	0	0	0	
POCHGA_Epitrix_fasciata	0	0	0	0	1	0	0	0	0	0	0	0	0	0	0	0	0	0	0	0	0	0	0	0	
N208	0.107866	0.15665	0.203152	0.208215	0.163276	0.097184	0.0438333	0.0149993	0.00390839	0.000780209	0.000120289	1.44604e-05	1.36958e-06	1.03297e-07	6.2703e-09	3.09493e-10	1.25439e-11	4.21354e-13	1.1832e-14	2.80014e-16	5.62808e-18	9.69939e-20	1.5022e-21	3.854e-23	
POCHGA_Psylliodes_napi	0	0	0	0	0	0	0	1	0	0	0	0	0	0	0	0	0	0	0	0	0	0	0	0	
POCHGA_Psylliodes_chrysocephalus	0	1	0	0	0	0	0	0	0	0	0	0	0	0	0	0	0	0	0	0	0	0	0	0	
N209	0.249098	0.26334	0.225702	0.149888	0.0748916	0.0277379	0.00756984	0.00152092	0.000225497	2.47809e-05	2.03067e-06	1.24968e-07	5.82176e-09	2.07066e-10	5.67305e-12	1.20811e-13	2.01794e-15	2.66757e-17	2.81536e-19	2.39253e-21	1.6507e-23	9.3276e-26	4.43493e-28	2.86906e-30	
N210	0.220691	0.245545	0.227576	0.165155	0.090445	0.0367307	0.0109901	0.00242113	0.000393757	4.74978e-05	4.27573e-06	2.8929e-07	1.4827e-08	5.80499e-10	1.75123e-11	4.10686e-13	7.55349e-15	1.09916e-16	1.2764e-18	1.19278e-20	9.04366e-23	5.61657e-25	2.96315e-27	2.18224e-29	
N211	0.128852	0.170247	0.202911	0.197734	0.151345	0.0895174	0.0406256	0.014111	0.00375368	0.000767017	0.000120973	1.48174e-05	1.41951e-06	1.07184e-07	6.43086e-09	3.09127e-10	1.2004e-11	3.79652e-13	9.8578e-15	2.11803e-16	3.79802e-18	5.76823e-20	7.89349e-22	1.67544e-23	
N212	0.168831	0.200556	0.211343	0.184614	0.127683	0.0681678	0.0277624	0.00859495	0.00202608	0.000365453	5.07908e-05	5.48379e-06	4.64075e-07	3.10685e-08	1.6608e-09	7.15432e-11	2.50589e-12	7.19849e-14	1.70999e-15	3.38559e-17	5.62934e-19	7.93314e-21	9.88273e-23	1.95264e-24	
POCHGA_Phyllotreta_sp	0	0	0	1	0	0	0	0	0	0	0	0	0	0	0	0	0	0	0	0	0	0	0	0	
POCHGA_Heikertingerella_sp	0	0	1	0	0	0	0	0	0	0	0	0	0	0	0	0	0	0	0	0	0	0	0	0	
POCHGA_Systena_sp	0	0	0	0	0	0	0	0	0	1	0	0	0	0	0	0	0	0	0	0	0	0	0	0	
N213	0.07716	0.119947	0.172337	0.200848	0.18359	0.130428	0.0717904	0.030593	0.0101034	0.00259207	0.000518488	8.12355e-05	1.00237e-05	9.79981e-07	7.64139e-08	4.78518e-09	2.42384e-10	1.00034e-11	3.38842e-13	9.48863e-15	2.21328e-16	4.35022e-18	7.63811e-20	2.18991e-21	
N214	0.00408341	0.0135603	0.0393941	0.087947	0.150543	0.197821	0.199561	0.154464	0.0916644	0.0416718	0.0145022	0.00386145	0.000786578	0.000122651	1.4664e-05	1.3483e-06	9.57739e-08	5.28812e-09	2.2869e-10	7.81443e-12	2.13101e-13	4.70543e-15	8.92997e-17	2.67155e-18	
POCHGA_Dibolia_sp	0	1	0	0	0	0	0	0	0	0	0	0	0	0	0	0	0	0	0	0	0	0	0	0	
N215	8.44543e-10	1.55073e-08	2.85075e-07	4.08315e-06	4.49423e-05	0.000377592	0.00240064	0.0114244	0.0401628	0.102714	0.18784	0.241243	0.213935	0.129307	0.0528819	0.0145851	0.00270929	0.000339188	2.87765e-05	1.67768e-06	6.87422e-08	2.04266e-09	4.77148e-11	1.62037e-12	
POCHGA_Argopus_sp	0	0	0	0	0	0	0	0	0	0	0	0	1	0	0	0	0	0	0	0	0	0	0	0	
N216	7.59909e-34	5.49287e-31	4.04453e-28	2.492e-25	1.22687e-22	4.72792e-20	1.40485e-17	3.17138e-15	5.35206e-13	6.62957e-11	5.89934e-09	3.67408e-07	1.54964e-05	0.000423819	0.00707479	0.0658672	0.295118	0.481144	0.142503	0.00769774	0.000153107	1.49514e-06	8.48017e-09	4.71277e-11	
POCHGA_Neocrepidodera_sp	0	0	0	0	0	0	0	0	0	0	0	0	0	0	0	0	0	1	0	0	0	0	0	0	
POCHGA_Asiorestia_sp	0	0	0	0	0	0	0	0	0	0	0	0	0	0	0	0	0	0	1	0	0	0	0	0	
POCHGA_Hermaeophaga_sp	0	0	0	1	0	0	0	0	0	0	0	0	0	0	0	0	0	0	0	0	0	0	0	0	
N217	0.27332	0.270415	0.214127	0.135578	0.0682326	0.0271669	0.00854283	0.00212419	0.0004191	6.59461e-05	8.32727e-06	8.49674e-07	7.05664e-08	4.80573e-09	2.70364e-10	1.26566e-11	4.96499e-13	1.64322e-14	4.61818e-16	1.1091e-17	2.29172e-19	4.13063e-21	6.99345e-23	1.98075e-24	
N218	0.136849	0.279531	0.358478	0.179846	0.0402292	0.00472265	0.000327828	1.46403e-05	4.47171e-07	9.78017e-09	1.58707e-10	1.96557e-12	1.90105e-14	1.46348e-16	9.11272e-19	4.6532e-21	1.97185e-23	7.00736e-26	2.10771e-28	5.41096e-31	1.19544e-33	2.30178e-36	4.04971e-39	9.36232e-42	
POCHGA_Longitarsus_exsoletus	0	0	1	0	0	0	0	0	0	0	0	0	0	0	0	0	0	0	0	0	0	0	0	0	
POCHGA_Disonycha_sp	0	0	1	0	0	0	0	0	0	0	0	0	0	0	0	0	0	0	0	0	0	0	0	0	
POCHGA_Aphthona_lutescens	0	1	0	0	0	0	0	0	0	0	0	0	0	0	0	0	0	0	0	0	0	0	0	0	
N219	0.226775	0.249072	0.227159	0.162287	0.0873446	0.0347089	0.0101099	0.00216049	0.000340766	4.00325e-05	3.54106e-06	2.38618e-07	1.23967e-08	5.02414e-10	1.60663e-11	4.09818e-13	8.42493e-15	1.40968e-16	1.9386e-18	2.21486e-20	2.13484e-22	1.78959e-24	1.40313e-26	1.45292e-28	
N220	0.235199	0.25605	0.229743	0.159238	0.081161	0.0295248	0.00754996	0.00134967	0.00016882	1.48514e-05	9.26228e-07	4.1357e-08	1.33668e-09	3.16364e-11	5.54847e-13	7.29653e-15	7.2787e-17	5.57024e-19	3.30585e-21	1.53741e-23	5.65875e-26	1.6648e-28	3.98354e-31	1.15477e-33	
N221	0.248709	0.260459	0.223004	0.150374	0.0772957	0.0296654	0.00841891	0.00176451	0.000274381	3.19214e-05	2.80808e-06	1.8898e-07	9.84767e-09	4.021e-10	1.3014e-11	3.37518e-13	7.08692e-15	1.21635e-16	1.72184e-18	2.02728e-20	2.00213e-22	1.68141e-24	1.28243e-26	1.49443e-28	
N222	0.129422	0.16895	0.198588	0.192524	0.149339	0.0919423	0.0448729	0.0173811	0.00535614	0.00131768	0.000259933	4.13299e-05	5.32794e-06	5.60401e-07	4.84134e-08	3.45867e-09	2.05726e-10	1.02571e-11	4.31496e-13	1.54148e-14	4.70825e-16	1.24475e-17	3.05363e-19	1.31217e-20	
N223	0.277324	0.291153	0.233817	0.131787	0.0502812	0.0129978	0.00231831	0.000292222	2.66739e-05	1.80378e-06	9.2242e-08	3.63301e-09	1.1201e-10	2.74272e-12	5.40333e-14	8.66457e-16	1.14289e-17	1.25195e-19	1.1489e-21	8.90359e-24	5.8711e-26	3.32383e-28	1.67081e-30	1.19868e-32	
POCHGA_Sphaeroderma_sp	0	1	0	0	0	0	0	0	0	0	0	0	0	0	0	0	0	0	0	0	0	0	0	0	
POCHGA_Asphaera_unicolor	0	0	1	0	0	0	0	0	0	0	0	0	0	0	0	0	0	0	0	0	0	0	0	0	
POCHGA_Podagrica_malvae	0	0	0	0	0	0	0	0	1	0	0	0	0	0	0	0	0	0	0	0	0	0	0	0	
N224	0.297849	0.281876	0.208201	0.122471	0.0580363	0.0223148	0.00699743	0.00179726	0.00037969	6.62654e-05	9.59841e-06	1.15958e-06	1.17442e-07	1.00243e-08	7.24945e-10	4.46573e-11	2.35557e-12	1.06942e-13	4.19971e-15	1.43357e-16	4.27474e-18	1.12341e-19	2.76877e-21	1.23902e-22	
POCHGA_Alagoasa_libentina	0	1	0	0	0	0	0	0	0	0	0	0	0	0	0	0	0	0	0	0	0	0	0	0	
POCHGA_Alagoasa_bicolor	0	1	0	0	0	0	0	0	0	0	0	0	0	0	0	0	0	0	0	0	0	0	0	0	
N225	0.1859	0.218666	0.223829	0.183776	0.11419	0.0519162	0.0169883	0.00397849	0.000667543	8.06753e-05	7.07882e-06	4.55312e-07	2.16956e-08	7.74367e-10	2.09366e-11	4.33604e-13	6.95427e-15	8.72935e-17	8.66392e-19	6.866e-21	4.38653e-23	2.28537e-25	1.00833e-27	6.00354e-30	
N226	0.0482586	0.0803563	0.133675	0.186525	0.203498	0.169008	0.105736	0.04966	0.0175203	0.00465993	0.000939829	0.000144818	1.71984e-05	1.58916e-06	1.15382e-07	6.64836e-09	3.07016e-10	1.14715e-11	3.49998e-13	8.79625e-15	1.83636e-16	3.21574e-18	4.93478e-20	1.22285e-21	
N227	0.0236063	0.0476149	0.0996758	0.171193	0.220596	0.205887	0.137333	0.0653042	0.0222206	0.00545214	0.000974603	0.000128439	1.264e-05	9.41326e-07	5.376e-08	2.38548e-09	8.32842e-11	2.31542e-12	5.18439e-14	9.44888e-16	1.41583e-17	1.76251e-19	1.88926e-21	3.08005e-23	
POCHGA_Capraita_sp	0	0	0	0	1	0	0	0	0	0	0	0	0	0	0	0	0	0	0	0	0	0	0	0	
N228	0.000885157	0.00488562	0.0240473	0.0809794	0.177743	0.253515	0.236496	0.144966	0.0583321	0.015287	0.00257155	0.000272988	1.81946e-05	7.84321e-07	2.28047e-08	4.65613e-10	6.91182e-12	7.68051e-14	6.54683e-16	4.36998e-18	2.32484e-20	1.00121e-22	3.57933e-25	1.65436e-27	
POCHGA_Walterianella_sp	0	0	0	0	0	0	0	0	0	0	0	1	0	0	0	0	0	0	0	0	0	0	0	0	
POCHGA_Glyptina_sp	0	0	1	0	0	0	0	0	0	0	0	0	0	0	0	0	0	0	0	0	0	0	0	0	
N229	0.00120222	0.00487076	0.020781	0.0672992	0.153397	0.238107	0.246207	0.167247	0.074312	0.021722	0.00423676	0.0005623	5.19182e-05	3.41134e-06	1.63044e-07	5.78604e-09	1.55374e-10	3.21221e-12	5.19363e-14	6.66142e-16	6.86644e-18	5.76289e-20	4.08433e-22	4.11431e-24	
N230	0.000287053	0.00142554	0.00834724	0.0371526	0.112388	0.220887	0.274019	0.210536	0.0995679	0.0292356	0.00543913	0.00065856	5.34193e-05	2.9872e-06	1.18301e-07	3.40091e-09	7.25785e-11	1.17319e-12	1.46262e-14	1.42938e-16	1.11113e-18	6.96479e-21	3.61674e-23	2.51856e-25	
POCHGA_Omophoita_personata	0	0	0	0	0	0	0	1	0	0	0	0	0	0	0	0	0	0	0	0	0	0	0	0	
POCHGA_Omophoita_octoguttata	0	0	0	0	0	0	0	1	0	0	0	0	0	0	0	0	0	0	0	0	0	0	0	0	
POCHGA_Asphaera_abdominalis	0	0	0	0	0	0	0	1	0	0	0	0	0	0	0	0	0	0	0	0	0	0	0	0	
N231	0.15913	0.19353	0.211073	0.190477	0.134475	0.0719206	0.0286871	0.00849042	0.00186736	0.000306892	3.79899e-05	3.57562e-06	2.58477e-07	1.45007e-08	6.37905e-10	2.22295e-11	6.19701e-13	1.39514e-14	2.5598e-16	3.8633e-18	4.85052e-20	5.18059e-22	5.07718e-24	7.21802e-26	
N232	0.0798469	0.11635	0.164389	0.19683	0.186739	0.136203	0.0753675	0.0314829	0.00992574	0.00236871	0.000430078	5.98103e-05	6.42072e-06	5.3661e-07	3.5226e-08	1.83286e-09	7.62731e-11	2.56119e-12	6.9997e-14	1.56997e-15	2.91328e-17	4.5164e-19	6.10988e-21	1.30257e-22	
N233	0.0148849	0.0327866	0.0724998	0.132459	0.189479	0.207356	0.171478	0.106509	0.0495936	0.0173305	0.00456054	0.000908351	0.000137818	1.60466e-05	1.4455e-06	1.01618e-07	5.62534e-09	2.47474e-10	8.73167e-12	2.4934e-13	5.8146e-15	1.11954e-16	1.86692e-18	4.9867e-20	
POCHGA_Alagoasa_decemgutatta	0	0	0	0	1	0	0	0	0	0	0	0	0	0	0	0	0	0	0	0	0	0	0	0	
N234	0.00058337	0.00230468	0.00939116	0.0310598	0.0786939	0.149052	0.208656	0.214914	0.16277	0.090777	0.037363	0.0113766	0.00256847	0.000430962	5.38956e-05	5.04476e-06	3.55676e-07	1.90564e-08	7.84479e-10	2.5125e-11	6.34777e-13	1.29004e-14	2.25318e-16	6.00918e-18	
POCHGA_Alagoasa_cf_arcifera	0	0	0	0	0	0	0	0	0	0	0	0	0	0	0	1	0	0	0	0	0	0	0	0	
POCHGA_Alagoasa_cruxnigra	0	0	0	0	1	0	0	0	0	0	0	0	0	0	0	0	0	0	0	0	0	0	0	0	
N235	0.0217274	0.0455908	0.100598	0.179005	0.232115	0.210862	0.132122	0.056923	0.0169502	0.00352655	0.000520084	5.52621e-05	4.3031e-06	2.49714e-07	1.09759e-08	3.71043e-10	9.78583e-12	2.04043e-13	3.40501e-15	4.59939e-17	5.08221e-19	4.64811e-21	3.66941e-23	4.25901e-25	
POCHGA_Paranaita_bilimbata	0	0	0	0	0	0	1	0	0	0	0	0	0	0	0	0	0	0	0	0	0	0	0	0	
N236	0.0163288	0.0366601	0.0896175	0.175128	0.241781	0.225188	0.139226	0.057086	0.0156574	0.00291534	0.000375271	3.40608e-05	2.22377e-06	1.06482e-07	3.80897e-09	1.03552e-10	2.17391e-12	3.57624e-14	4.67264e-16	4.90918e-18	4.19464e-20	2.94729e-22	1.75073e-24	1.44883e-26	
POCHGA_Oedionychus_cinctus	0	0	0	0	0	1	0	0	0	0	0	0	0	0	0	0	0	0	0	0	0	0	0	0	
POCHGA_Hemipyxis_sp	0	0	0	0	0	1	0	0	0	0	0	0	0	0	0	0	0	0	0	0	0	0	0	0	
POCHGA_Alagoasa_extrema	0	0	0	0	0	0	1	0	0	0	0	0	0	0	0	0	0	0	0	0	0	0	0	0	
N237	1.22692e-05	6.84223e-05	0.00043527	0.00228698	0.00950216	0.0307824	0.0767658	0.145389	0.206263	0.216437	0.16634	0.0931651	0.0380722	0.0114341	0.00255379	0.00043044	5.56205e-05	5.59773e-06	4.45478e-07	2.84377e-08	1.47716e-09	6.38034e-11	2.51242e-12	1.75063e-13	
POCHGA_Ophrida_sp	0	0	0	0	0	0	0	0	0	0	0	1	0	0	0	0	0	0	0	0	0	0	0	0	
N238	5.42261e-26	9.84432e-23	1.59104e-19	1.98755e-16	1.79807e-13	1.1169e-10	4.48605e-08	1.07325e-05	0.00134636	0.0703932	0.889545	0.0383045	0.000398869	1.73287e-06	3.95311e-09	5.3795e-12	4.73642e-15	2.85447e-18	1.22729e-21	3.88605e-25	9.2959e-29	1.72092e-32	2.58939e-36	4.19065e-40	
POCHGA_Podontia_sp	0	0	0	0	0	0	0	0	0	0	1	0	0	0	0	0	0	0	0	0	0	0	0	0	
POCHGA_Blepharida_rhois	0	0	0	0	0	0	0	0	0	0	1	0	0	0	0	0	0	0	0	0	0	0	0	0	
N239	0.386067	0.313529	0.182891	0.0807131	0.0275711	0.00737345	0.0015555	0.000260572	3.48937e-05	3.76162e-06	3.28842e-07	2.3487e-08	1.38089e-09	6.73302e-11	2.74216e-12	9.39143e-14	2.72226e-15	6.72488e-17	1.42828e-18	2.64354e-20	4.36812e-22	6.77509e-24	1.12618e-25	3.44305e-27	
N240	0.177145	0.202477	0.204285	0.174887	0.123214	0.0701329	0.0319486	0.0116049	0.00336031	0.000777073	0.00014397	2.14577e-05	2.58492e-06	2.52987e-07	2.02258e-08	1.32835e-09	7.20786e-11	3.24998e-12	1.22466e-13	3.87856e-15	1.03851e-16	2.37434e-18	4.91557e-20	1.72596e-21	
N241	0.160658	0.188677	0.198559	0.178665	0.132996	0.0803246	0.0389508	0.0150892	0.00466255	0.00115005	0.000226976	3.59714e-05	4.59798e-06	4.76416e-07	4.02324e-08	2.78488e-09	1.58931e-10	7.52196e-12	2.96986e-13	9.84171e-15	2.75818e-16	6.64578e-18	1.48249e-19	5.44701e-21	
N242	0.0814811	0.117217	0.161608	0.189932	0.180626	0.135781	0.079739	0.0363646	0.0128469	0.00351622	0.000747134	0.000123689	1.6031e-05	1.63594e-06	1.32288e-07	8.53458e-09	4.424e-10	1.85582e-11	6.34534e-13	1.78094e-14	4.13268e-16	8.00738e-18	1.36178e-19	3.74155e-21	
N243	0.0289395	0.0535729	0.0990308	0.154581	0.193377	0.189526	0.143649	0.0835479	0.0371383	0.012604	0.00327031	0.000650907	9.98715e-05	1.18859e-05	1.105e-06	8.08668e-08	4.69629e-09	2.18231e-10	8.1836e-12	2.49944e-13	6.29473e-15	1.34063e-16	2.61329e-18	7.6459e-20	
N244	0.0106147	0.0228245	0.053231	0.10662	0.169299	0.206735	0.191328	0.133123	0.0693382	0.0269927	0.00785819	0.00171487	0.000281612	3.49787e-05	3.30632e-06	2.39477e-07	1.33904e-08	5.8256e-10	1.98793e-11	5.36461e-13	1.15459e-14	2.00435e-16	2.94924e-18	6.63346e-20	
N245	0.00058302	0.00186679	0.00690556	0.0222337	0.0575231	0.115908	0.179028	0.210052	0.18625	0.124493	0.0627021	0.0238257	0.00684873	0.00149518	0.00024917	3.18866e-05	3.15467e-06	2.43062e-07	1.46986e-08	7.03406e-10	2.68863e-11	8.33786e-13	2.2555e-14	1.0023e-15	
N246	1.10459e-05	4.83564e-05	0.00027031	0.00135959	0.00564841	0.0188171	0.0495096	0.101879	0.162824	0.201099	0.19128	0.139849	0.0785568	0.0339387	0.011305	0.00291476	0.000584703	9.18392e-05	1.13799e-05	1.12266e-06	8.94117e-08	5.94251e-09	3.72292e-10	3.90217e-11	
POCHCL_Smaragdina_sp	0	0	0	0	0	0	0	0	0	0	0	1	0	0	0	0	0	0	0	0	0	0	0	0	
POCHCL_Macrolenes_dentipes	0	0	0	0	0	0	0	0	0	0	0	0	0	0	0	1	0	0	0	0	0	0	0	0	
N247	0.000953132	0.00260979	0.00872548	0.0262809	0.0642942	0.123209	0.182155	0.206217	0.178128	0.117283	0.0589297	0.0226632	0.00670186	0.00153301	0.000273163	3.82148e-05	4.23248e-06	3.74335e-07	2.66696e-08	1.54409e-09	7.33448e-11	2.90731e-12	1.04674e-13	6.60016e-15	
POCHCL_Lachnaia_sp	0	0	0	0	0	1	0	0	0	0	0	0	0	0	0	0	0	0	0	0	0	0	0	0	
POCHCL_Coptocephala_sp	0	0	0	0	0	0	0	0	0	0	1	0	0	0	0	0	0	0	0	0	0	0	0	0	
N248	0.00927673	0.0179432	0.039695	0.0809317	0.137135	0.184932	0.194917	0.159349	0.10077	0.0492988	0.0186965	0.00551608	0.00127195	0.000230507	3.30336e-05	3.76852e-06	3.44624e-07	2.54447e-08	1.52826e-09	7.53163e-11	3.0844e-12	1.07942e-13	3.54045e-15	1.84582e-16	
POCHCR_Cryptocephalus_venustus	0	0	0	0	0	0	0	0	0	0	0	1	0	0	0	0	0	0	0	0	0	0	0	0	
N249	0.0111166	0.0208324	0.0436524	0.0842059	0.136722	0.17971	0.187874	0.154952	0.100503	0.0512559	0.0205924	0.00653975	0.00164937	0.000332185	5.37586e-05	7.03745e-06	7.50407e-07	6.5639e-08	4.74339e-09	2.85222e-10	1.43871e-11	6.19088e-13	2.48758e-14	1.80927e-15	
POCHCH_Exema_canadensis	0	0	0	0	0	0	0	0	0	1	0	0	0	0	0	0	0	0	0	0	0	0	0	0	
POCHCH_Chlamisus_sp	0	0	0	0	1	0	0	0	0	0	0	0	0	0	0	0	0	0	0	0	0	0	0	0	
POCHCR_Pachybrachis_sp	0	0	0	0	0	0	1	0	0	0	0	0	0	0	0	0	0	0	0	0	0	0	0	0	
N250	0.066259	0.0957013	0.13634	0.171442	0.179858	0.153177	0.104506	0.0567877	0.024542	0.00844618	0.00232175	0.000511891	9.09655e-05	1.30993e-05	1.53733e-06	1.47904e-07	1.17353e-08	7.72669e-10	4.24984e-11	1.96899e-12	7.78954e-14	2.71269e-15	9.10053e-17	4.82613e-18	
POCHCR_Lema_sp	0	0	0	0	0	0	0	0	0	0	0	0	1	0	0	0	0	0	0	0	0	0	0	0	
N251	0.100131	0.138995	0.182848	0.201473	0.174436	0.115353	0.057568	0.0215881	0.00608199	0.00129048	0.000207126	2.52938e-05	2.36623e-06	1.70862e-07	9.59987e-09	4.23173e-10	1.47587e-11	4.10666e-13	9.19222e-15	1.66862e-16	2.47635e-18	3.0366e-20	3.22519e-22	5.18867e-24	
N252	0.182528	0.263153	0.28771	0.183675	0.0664622	0.0143283	0.00195378	0.000177587	1.12343e-05	5.12367e-07	1.73417e-08	4.46245e-10	8.91023e-12	1.40487e-13	1.77584e-15	1.82375e-17	1.53968e-19	1.07982e-21	6.35091e-24	3.15941e-26	1.3404e-28	4.90395e-31	1.61244e-33	7.26529e-36	
POCHEU_Bromius_obscurus	0	0	1	0	0	0	0	0	0	0	0	0	0	0	0	0	0	0	0	0	0	0	0	0	
POCHEU_Colasposoma_auripenne	0	0	1	0	0	0	0	0	0	0	0	0	0	0	0	0	0	0	0	0	0	0	0	0	
N253	0.0886194	0.130306	0.180529	0.205604	0.181693	0.121588	0.0609537	0.0227937	0.00635573	0.0013244	0.000207105	2.44407e-05	2.19135e-06	1.50404e-07	7.9668e-09	3.28447e-10	1.06309e-11	2.72512e-13	5.5807e-15	9.21075e-17	1.23745e-18	1.37724e-20	1.35218e-22	1.89495e-24	
POCHCA_Hilarocassis_sp	0	0	0	0	0	0	0	0	0	0	1	0	0	0	0	0	0	0	0	0	0	0	0	0	
N254	0.151548	0.188631	0.21035	0.192629	0.137912	0.0753691	0.031124	0.00968889	0.002279	0.000407226	5.56843e-05	5.87723e-06	4.83306e-07	3.12689e-08	1.60738e-09	6.62938e-11	2.21461e-12	6.0474e-14	1.36172e-15	2.54959e-17	4.00111e-19	5.31216e-21	6.21232e-23	1.14062e-24	
POCHEU_Paria_sp	0	0	0	1	0	0	0	0	0	0	0	0	0	0	0	0	0	0	0	0	0	0	0	0	
POCHEU_Basilepta_sp	0	1	0	0	0	0	0	0	0	0	0	0	0	0	0	0	0	0	0	0	0	0	0	0	
N255	0.154739	0.177821	0.184051	0.167887	0.132667	0.08985	0.0518386	0.025399	0.0105552	0.00372072	0.00111359	0.000283481	6.15221e-05	1.14144e-05	1.81615e-06	2.4865e-07	2.93971e-08	3.01223e-09	2.68514e-10	2.09081e-11	1.43091e-12	8.78524e-14	5.44175e-15	6.60924e-16	
POCHEU_Nodonota_sp	0	0	0	0	0	0	1	0	0	0	0	0	0	0	0	0	0	0	0	0	0	0	0	0	
N256	0.157098	0.244804	0.290526	0.204557	0.0811088	0.0188782	0.00274568	0.00026438	1.76809e-05	8.53697e-07	3.07095e-08	8.44498e-10	1.81376e-11	3.09779e-13	4.27277e-15	4.82321e-17	4.50797e-19	3.52454e-21	2.32639e-23	1.30739e-25	6.31281e-28	2.662e-30	1.03901e-32	5.58486e-35	
POCHEU_Colaspis_sp	0	0	0	1	0	0	0	0	0	0	0	0	0	0	0	0	0	0	0	0	0	0	0	0	
N257	0.0341226	0.485559	0.458073	0.0219221	0.000320969	2.06124e-06	6.91224e-09	1.34833e-11	1.64963e-14	1.33933e-17	7.54127e-21	3.05117e-24	9.13331e-28	2.0727e-31	3.64071e-35	5.03837e-39	5.5787e-43	5.009e-47	3.69047e-51	2.25463e-55	1.15289e-59	4.97582e-64	1.83107e-68	6.85144e-73	
POCHEU_Chalcophana_sp	0	1	0	0	0	0	0	0	0	0	0	0	0	0	0	0	0	0	0	0	0	0	0	0	
POCHEU_Eumolpus_sp	0	0	1	0	0	0	0	0	0	0	0	0	0	0	0	0	0	0	0	0	0	0	0	0	
N258	0.050119	0.0794878	0.124122	0.167039	0.184835	0.165048	0.117805	0.0668566	0.0300897	0.0107337	0.00303833	0.000684196	0.000123024	1.77445e-05	2.06401e-06	1.94742e-07	1.4996e-08	9.4844e-10	4.95878e-11	2.15782e-12	7.88209e-14	2.46248e-15	7.15267e-17	3.50624e-18	
N259	0.0191314	0.0387883	0.0781269	0.132161	0.180173	0.194498	0.164403	0.107991	0.0548674	0.0215126	0.00650728	0.00152078	0.0002754	3.88055e-05	4.27662e-06	3.70826e-07	2.54648e-08	1.3945e-09	6.13357e-11	2.18273e-12	6.33352e-14	1.51676e-15	3.18556e-17	1.09027e-18	
N260	0.0385288	0.060776	0.100701	0.150795	0.187055	0.183997	0.140594	0.0827338	0.0374146	0.0130265	0.00350686	0.000734363	0.000120471	1.56027e-05	1.60843e-06	1.33069e-07	8.90862e-09	4.8654e-10	2.18487e-11	8.12972e-13	2.52733e-14	6.66572e-16	1.61269e-17	6.59323e-19	
POCHCA_Octotoma_scabripennis	0	0	0	0	0	0	1	0	0	0	0	0	0	0	0	0	0	0	0	0	0	0	0	0	
N261	0.0331552	0.0563585	0.10078	0.158255	0.199254	0.192697	0.140315	0.0763018	0.0309399	0.00938109	0.00213887	0.0003695	4.87979e-05	4.97441e-06	3.95359e-07	2.47481e-08	1.23232e-09	4.92889e-11	1.59835e-12	4.24004e-14	9.2814e-16	1.69483e-17	2.71085e-19	6.9727e-21	
POCHCA_Baliosus_sp	0	0	0	0	0	0	0	1	0	0	0	0	0	0	0	0	0	0	0	0	0	0	0	0	
N262	0.0205266	0.0663768	0.170221	0.2736	0.263812	0.14867	0.0474543	0.00840425	0.000875224	5.73682e-05	2.50561e-06	7.62845e-08	1.678e-09	2.7451e-11	3.42076e-13	3.31307e-15	2.53724e-17	1.5596e-19	7.79636e-22	3.20671e-24	1.09675e-26	3.15437e-29	7.87562e-32	2.5708e-34	
POCHCA_Microrhopala_vittata	0	1	0	0	0	0	0	0	0	0	0	0	0	0	0	0	0	0	0	0	0	0	0	0	
POCHCA_Chalepus_sp	0	0	0	0	0	0	1	0	0	0	0	0	0	0	0	0	0	0	0	0	0	0	0	0	
N263	0.0014267	0.00419404	0.0139671	0.039377	0.0876914	0.151232	0.200063	0.201751	0.15444	0.0895247	0.0392676	0.0130428	0.00328775	0.000631123	9.26797e-05	1.04684e-05	9.15158e-07	6.2344e-08	3.33405e-09	1.411e-10	4.77282e-12	1.31489e-13	3.18801e-15	1.23674e-16	
N264	0.000228607	0.000653055	0.00237301	0.00807115	0.0231794	0.0543361	0.102622	0.155198	0.187326	0.180157	0.137994	0.0842356	0.0410441	0.0160028	0.00500899	0.00126367	0.000258135	4.292e-05	5.84444e-06	6.57271e-07	6.20246e-08	5.12582e-09	4.25414e-10	5.85874e-11	
N265	1.33446e-18	1.91174e-16	2.64741e-14	3.01188e-12	2.71119e-10	1.86433e-08	9.43794e-07	3.36812e-05	0.000801315	0.0117565	0.0944789	0.340257	0.379456	0.152144	0.0198547	0.00117751	3.84898e-05	7.79008e-07	1.05431e-08	1.00809e-10	7.11248e-13	3.87311e-15	1.77058e-17	9.93038e-20	
POCHCA_Charidotella_sexpunctata	0	0	0	0	0	0	0	0	0	0	0	0	0	1	0	0	0	0	0	0	0	0	0	0	
N266	5.96097e-51	6.25549e-45	3.19179e-39	8.34665e-34	1.2066e-28	9.90548e-24	4.61207e-19	1.18442e-14	1.57381e-10	9.6682e-07	0.00218766	0.994145	0.00366402	2.52365e-06	5.66252e-10	5.21086e-14	2.24707e-18	4.94217e-23	5.79719e-28	3.67814e-33	1.24058e-38	2.07274e-44	1.47122e-50	3.22025e-57	
POCHCA_Stolas_sp	0	0	0	0	0	0	0	0	0	0	0	1	0	0	0	0	0	0	0	0	0	0	0	0	
POCHCA_Chelymorpha_sp	0	0	0	0	0	0	0	0	0	0	0	1	0	0	0	0	0	0	0	0	0	0	0	0	
POCHCA_Aspidomorpha_sp	0	0	0	0	0	0	0	0	0	0	0	0	0	1	0	0	0	0	0	0	0	0	0	0	
N267	0.000559888	0.00175935	0.00643215	0.0206731	0.0537651	0.109548	0.172169	0.206931	0.18926	0.131374	0.0691549	0.0276283	0.00839658	0.00194838	0.000346915	4.76845e-05	5.0951e-06	4.26443e-07	2.81847e-08	1.48345e-09	6.27576e-11	2.16825e-12	6.61757e-14	3.38776e-15	
N268	9.97951e-08	8.93229e-07	9.86423e-06	9.21634e-05	0.000678122	0.00381812	0.0161503	0.0505977	0.116038	0.192892	0.230569	0.197016	0.119923	0.0519592	0.0160577	0.00355688	0.000568858	6.63088e-05	5.69578e-06	3.65097e-07	1.77439e-08	6.74134e-10	2.2392e-11	1.2651e-12	
N269	5.36606e-08	4.56004e-07	5.44679e-06	5.59375e-05	0.000449339	0.00274351	0.0125174	0.0421019	0.103184	0.182449	0.230892	0.207924	0.132819	0.0601686	0.019384	0.00446619	0.00074199	8.97925e-05	8.00798e-06	5.33152e-07	2.69142e-08	1.06054e-09	3.65148e-11	2.09824e-12	
POCHCA_Deloyala_guttata	0	0	0	0	0	0	0	0	0	0	0	1	0	0	0	0	0	0	0	0	0	0	0	0	
POCHCA_Coptocycla_adamantina	0	0	0	0	0	0	0	0	0	0	0	0	0	1	0	0	0	0	0	0	0	0	0	0	
POCHCA_Laccoptera_sp	0	0	0	0	0	0	0	0	0	0	0	0	0	0	1	0	0	0	0	0	0	0	0	0	
N270	0.00268108	0.00798197	0.026582	0.0728819	0.148941	0.218637	0.227301	0.166646	0.0862881	0.0317638	0.00840958	0.00162596	0.000233537	2.53537e-05	2.1155e-06	1.37793e-07	7.10724e-09	2.94106e-10	9.88124e-12	2.72522e-13	6.23836e-15	1.20539e-16	2.10127e-18	5.86143e-20	
POCHCA_Cassida_rubiginosa	0	0	0	0	0	0	0	0	1	0	0	0	0	0	0	0	0	0	0	0	0	0	0	0	
POCHCA_Cassida_fuscorufa	0	0	0	1	0	0	0	0	0	0	0	0	0	0	0	0	0	0	0	0	0	0	0	0	
N271	0.00674358	0.01661	0.0449435	0.101798	0.175752	0.223024	0.204636	0.134791	0.063654	0.0216244	0.00532255	0.000958717	0.000127884	1.27971e-05	9.73544e-07	5.70544e-08	2.60896e-09	9.42294e-11	2.71937e-12	6.34098e-14	1.20935e-15	1.92736e-17	2.78147e-19	6.20404e-21	
POCHCA_Dicladispa_testacea	0	0	0	0	0	1	0	0	0	0	0	0	0	0	0	0	0	0	0	0	0	0	0	0	
N272	0.00499507	0.012617	0.0365706	0.0896283	0.166327	0.224311	0.215956	0.14725	0.0709783	0.0242587	0.00591952	0.00104161	0.000133768	1.27048e-05	9.04727e-07	4.89712e-08	2.04183e-09	6.64168e-11	1.70587e-12	3.49919e-14	5.79651e-16	7.86569e-18	9.25078e-20	1.75187e-21	
POCHCA_Notosacantha_sp	0	0	0	0	0	0	1	0	0	0	0	0	0	0	0	0	0	0	0	0	0	0	0	0	
POCHCA_Dactylispa_sp	0	0	0	0	0	0	0	0	1	0	0	0	0	0	0	0	0	0	0	0	0	0	0	0	
POCHCA_Agroiconota_propinqua	0	0	0	0	0	0	0	1	0	0	0	0	0	0	0	0	0	0	0	0	0	0	0	0	
