NODE	7	8	9	10	11	12	13	14	15	16	17	18	19	20	21	22	23	24	25	26	27	28	29	30	31	32	33	34	35	36	37	38	39	40	41	42	43	44	45	
N1	3.70048e-55	3.4875e-53	3.99742e-51	4.24913e-49	4.1602e-47	3.74221e-45	3.08486e-43	2.32421e-41	1.59601e-39	9.9598e-38	5.63106e-36	2.8752e-34	1.32141e-32	5.44738e-31	2.007e-29	6.58385e-28	1.91554e-26	4.92302e-25	1.11299e-23	2.20407e-22	3.80665e-21	5.70863e-20	7.40069e-19	8.25764e-18	1.13885e-13	7.58415e-12	3.64984e-10	1.26026e-08	3.10284e-07	5.41995e-06	6.69402e-05	0.00058381	0.00360104	0.0157968	0.0498481	0.115442	0.202641	0.282448	0.329566	
N2	7.70896e-54	1.92881e-51	7.22364e-49	2.44517e-46	7.34197e-44	1.94759e-41	4.54828e-39	9.31908e-37	1.66953e-34	2.60632e-32	3.5333e-30	4.14516e-28	4.19355e-26	3.64545e-24	2.71317e-22	1.72251e-20	9.29371e-19	4.24539e-17	1.63565e-15	5.29458e-14	1.43434e-12	3.23933e-11	6.07495e-10	9.42358e-09	1.20446e-07	1.26362e-06	1.0841e-05	7.57863e-05	0.000430229	0.00197706	0.00733327	0.0218996	0.0525424	0.101121	0.156021	0.193292	0.193566	0.159513	0.112217	
N3	1.85972e-39	5.97185e-38	3.90178e-36	2.9071e-34	2.12304e-32	1.45514e-30	9.18484e-29	5.27494e-27	2.73248e-25	1.2684e-23	5.24976e-22	1.92959e-20	6.27725e-19	1.80199e-17	4.55214e-16	1.00928e-14	1.95891e-13	3.31972e-12	4.8994e-11	6.28048e-10	6.974e-09	6.6899e-08	5.52824e-07	3.92409e-06	2.38564e-05	0.000123847	0.000547348	0.00205307	0.00651574	0.0174423	0.0392663	0.0741277	0.117065	0.154405	0.170124	0.157208	0.123316	0.0844545	0.0533236	
N4	2.23458e-22	1.98273e-21	4.00803e-20	8.87863e-19	1.85137e-17	3.50459e-16	5.95629e-15	9.04591e-14	1.2241e-12	1.47267e-11	1.5721e-10	1.48652e-09	1.24293e-08	9.17537e-08	5.97103e-07	3.42065e-06	1.72278e-05	7.61872e-05	0.000295518	0.0010044	0.00298869	0.00778017	0.0177085	0.0352268	0.0612261	0.0929635	0.12331	0.142903	0.144722	0.128116	0.0991701	0.0671411	0.0397668	0.0206085	0.00934889	0.00372102	0.00131362	0.000430886	0.000156681	
N5	1.32793e-21	1.30061e-20	2.27817e-19	4.28415e-18	7.91647e-17	1.37532e-15	2.18791e-14	3.14057e-13	4.03455e-12	4.61621e-11	4.68892e-10	4.21782e-09	3.35297e-08	2.35119e-07	1.45183e-06	7.88157e-06	3.756e-05	0.00015691	0.000573899	0.00183563	0.0051294	0.0125116	0.0266212	0.0493836	0.0798414	0.112481	0.138079	0.147714	0.137745	0.112006	0.0794543	0.0491972	0.0266077	0.0125835	0.00521696	0.00190955	0.000630502	0.000200545	7.39773e-05	
N6	4.05938e-24	7.58188e-23	2.9912e-21	1.13899e-19	3.84168e-18	1.1353e-16	2.92771e-15	6.56558e-14	1.27601e-12	2.14176e-11	3.09403e-10	3.8338e-09	4.06091e-08	3.66509e-07	2.80962e-06	1.82399e-05	0.000100004	0.000461905	0.00179344	0.00584298	0.0159504	0.0364472	0.069672	0.111403	0.149042	0.166957	0.15677	0.123573	0.0819168	0.0457642	0.0215988	0.00863518	0.00293368	0.000850139	0.000211188	4.53267e-05	8.54611e-06	1.49475e-06	3.13058e-07	
N7	1.95398e-24	5.20749e-23	2.75514e-21	1.35611e-19	5.80701e-18	2.14373e-16	6.78869e-15	1.83535e-13	4.21554e-12	8.18552e-11	1.33704e-09	1.82811e-08	2.08216e-07	1.96628e-06	1.53275e-05	9.82227e-05	0.000515554	0.00220948	0.00771166	0.0218784	0.0503919	0.0941772	0.142834	0.175939	0.176253	0.143879	0.0959386	0.0524036	0.0235229	0.00870776	0.00266838	0.000679606	0.000144471	2.57527e-05	3.87021e-06	4.94236e-07	5.45552e-08	5.52663e-09	7.03043e-10	
N8	1.38619e-24	9.56318e-23	1.07831e-20	1.03365e-18	8.0929e-17	5.12463e-15	2.60222e-13	1.0505e-11	3.3421e-10	8.30597e-09	1.5986e-07	2.36281e-06	2.66095e-05	0.000226712	0.0014524	0.00696233	0.0248877	0.0662156	0.131088	0.193351	0.213054	0.17608	0.109691	0.0518065	0.0186694	0.00516847	0.001107	0.000184765	2.42061e-05	2.50724e-06	2.06794e-07	1.36774e-08	7.30465e-10	3.17181e-11	1.12774e-12	3.31081e-14	8.13535e-16	1.73546e-17	4.24879e-19	
N9	3.03012e-22	1.27692e-20	9.40148e-19	6.3101e-17	3.53891e-15	1.62749e-13	6.07663e-12	1.82571e-10	4.37458e-09	8.28429e-08	1.22876e-06	1.4149e-05	0.000125421	0.000849189	0.00436138	0.0168939	0.0491388	0.107023	0.174329	0.212466	0.194131	0.133429	0.0693033	0.0273551	0.0082583	0.0019203	0.000346515	4.89022e-05	5.44048e-06	4.80972e-07	3.40589e-08	1.94706e-09	9.05541e-11	3.45198e-12	1.08648e-13	2.84374e-15	6.24117e-17	1.18126e-18	2.77765e-20	
POCUEN_Brachyderes_incanus	0	0	0	0	0	0	0	0	0	0	0	0	0	0	0	1	0	0	0	0	0	0	0	0	0	0	0	0	0	0	0	0	0	0	0	0	0	0	0	
N10	1.12548e-19	3.71152e-18	2.26098e-16	1.21497e-14	5.42219e-13	1.98356e-11	5.88298e-10	1.39814e-08	2.62925e-07	3.86014e-06	4.36221e-05	0.00037393	0.00239619	0.0113218	0.0389782	0.096929	0.17334	0.223016	0.207425	0.14062	0.0702175	0.0261292	0.00733481	0.00157232	0.000260489	3.3741e-05	3.45515e-06	2.82686e-07	1.8665e-08	1.00407e-09	4.44018e-11	1.62786e-12	4.98733e-14	1.2865e-15	2.81385e-17	5.25348e-19	8.43317e-21	1.19162e-22	2.10168e-24	
POCUEN_Strophosoma_capitatum	0	0	0	0	0	0	0	0	0	0	0	0	0	0	0	1	0	0	0	0	0	0	0	0	0	0	0	0	0	0	0	0	0	0	0	0	0	0	0	
POCUEN_Strophosoma_melanogrammum	0	0	0	0	0	0	0	0	0	0	0	0	0	0	0	1	0	0	0	0	0	0	0	0	0	0	0	0	0	0	0	0	0	0	0	0	0	0	0	
N11	4.68779e-20	1.16288e-18	5.4399e-17	2.43752e-15	9.3276e-14	2.97802e-12	7.85476e-11	1.69765e-09	2.9825e-08	4.22472e-07	4.78598e-06	4.30158e-05	0.000304392	0.00168371	0.00723314	0.0240002	0.061239	0.119791	0.179341	0.205445	0.180307	0.121553	0.0631869	0.0254539	0.00799275	0.0019693	0.000383432	5.9439e-05	7.39248e-06	7.43369e-07	6.09057e-08	4.09677e-09	2.2791e-10	1.05618e-11	4.10546e-13	1.34764e-14	3.76636e-16	9.25275e-18	2.91192e-19	
POCUEN_Sitona_hispidulus	0	0	0	0	0	0	0	0	0	0	0	0	0	0	0	1	0	0	0	0	0	0	0	0	0	0	0	0	0	0	0	0	0	0	0	0	0	0	0	
POCUEN_Sitona_lineatus	0	0	0	0	0	0	0	0	0	0	0	0	0	0	0	1	0	0	0	0	0	0	0	0	0	0	0	0	0	0	0	0	0	0	0	0	0	0	0	
N12	6.06059e-30	4.83328e-28	6.40569e-26	7.59496e-24	7.68484e-22	6.57206e-20	4.71751e-18	2.82241e-16	1.39712e-14	5.67821e-13	1.87963e-11	5.02584e-10	1.07627e-08	1.83e-07	2.44923e-06	2.55829e-05	0.000206843	0.00128458	0.00608545	0.0218601	0.059262	0.120839	0.184995	0.212601	0.183687	0.119689	0.0590879	0.0222317	0.00641946	0.00143364	0.000249683	3.42035e-05	3.71754e-06	3.23386e-07	2.27132e-08	1.3005e-09	6.15902e-11	2.52256e-12	1.25373e-13	
N13	3.17013e-29	2.59195e-27	3.51813e-25	4.2316e-23	4.34028e-21	3.76126e-19	2.73136e-17	1.64763e-15	8.17894e-14	3.3078e-12	1.07839e-10	2.80277e-09	5.74165e-08	9.16669e-07	1.12831e-05	0.000106034	0.000754549	0.00403951	0.0161898	0.0483992	0.107627	0.177651	0.217325	0.196889	0.132158	0.0658592	0.0244678	0.00682009	0.00143825	0.000231742	2.88392e-05	2.80299e-06	2.15165e-07	1.3188e-08	6.52234e-10	2.62945e-11	8.74309e-13	2.49014e-14	8.87728e-16	
POCUEN_Naupactus_xanthographus	0	0	0	0	0	0	0	0	0	0	0	0	0	0	0	1	0	0	0	0	0	0	0	0	0	0	0	0	0	0	0	0	0	0	0	0	0	0	0	
POCUCU_Gymnetron_antirhini	0	0	0	0	0	0	0	0	0	0	0	0	0	0	0	0	0	0	0	0	0	0	0	0	0	1	0	0	0	0	0	0	0	0	0	0	0	0	0	
N14	4.74411e-30	3.86908e-28	5.27095e-26	6.3995e-24	6.65274e-22	5.87042e-20	4.36476e-18	2.71346e-16	1.3989e-14	5.92877e-13	2.04667e-11	5.6994e-10	1.26746e-08	2.22784e-07	3.06311e-06	3.26101e-05	0.000266228	0.00165215	0.00773458	0.0271463	0.0710914	0.138466	0.200222	0.214878	0.171368	0.101857	0.0453292	0.0151994	0.00386992	0.00075485	0.000113893	1.34271e-05	1.24953e-06	9.27198e-08	5.54034e-09	2.69195e-10	1.0762e-11	3.68565e-13	1.59243e-14	
POCUCU_Gymnetron_tetrum	0	0	0	0	0	0	0	0	0	0	0	0	0	0	0	0	0	0	0	0	0	0	0	0	0	1	0	0	0	0	0	0	0	0	0	0	0	0	0	
POCUCE_Phytobius_sp	0	0	0	0	0	0	0	0	0	0	0	0	0	0	0	0	0	1	0	0	0	0	0	0	0	0	0	0	0	0	0	0	0	0	0	0	0	0	0	
N15	2.02447e-21	2.75288e-20	8.24232e-19	2.42811e-17	6.35185e-16	1.45537e-14	2.90733e-13	5.04521e-12	7.57876e-11	9.82086e-10	1.09414e-08	1.04463e-07	8.52098e-07	5.92129e-06	3.49636e-05	0.000175018	0.000741227	0.00265153	0.008001	0.0203457	0.0435723	0.0785648	0.119272	0.152507	0.164344	0.149393	0.11469	0.0744674	0.0409619	0.0191249	0.00759564	0.00257238	0.000744973	0.000185138	3.96778e-05	7.39659e-06	1.22207e-06	1.88674e-07	3.43748e-08	
POCUMO_Pachylobius_picivorus	0	0	0	0	0	0	0	0	0	0	0	0	0	0	0	0	0	0	0	0	0	0	0	0	0	0	0	0	0	1	0	0	0	0	0	0	0	0	0	
N16	3.11576e-17	3.95041e-16	1.02854e-14	2.64265e-13	5.93046e-12	1.13277e-10	1.82413e-09	2.46046e-08	2.76388e-07	2.57163e-06	1.97189e-05	0.000124034	0.000637427	0.00266753	0.00906729	0.0249927	0.0558204	0.101042	0.148394	0.177164	0.172397	0.13718	0.0895909	0.048216	0.0214736	0.00794846	0.00245597	0.00063624	0.000138788	2.56023e-05	4.01096e-06	5.35933e-07	6.13432e-08	6.04314e-09	5.15264e-10	3.83212e-11	2.51981e-12	1.52271e-13	1.13175e-14	
POCUDR_Sitophilus_oryzae	0	0	0	0	0	0	0	0	0	0	0	1	0	0	0	0	0	0	0	0	0	0	0	0	0	0	0	0	0	0	0	0	0	0	0	0	0	0	0	
N17	3.91181e-27	5.61497e-25	1.21956e-22	2.32765e-20	3.70063e-18	4.82117e-16	5.07543e-14	4.2505e-12	2.78048e-10	1.39028e-08	5.17653e-07	1.39008e-05	0.000258712	0.0031742	0.0241169	0.105424	0.24796	0.309309	0.20745	0.079934	0.0190319	0.00297878	0.000322	2.5001e-05	1.43876e-06	6.29601e-08	2.13993e-09	5.75093e-11	1.24077e-12	2.17762e-14	3.14488e-16	3.77556e-18	3.80241e-20	3.23889e-22	2.35114e-24	1.46563e-26	7.93132e-29	3.84031e-31	2.09148e-33	
POCUDR_Sitophilus_granarius	0	0	0	0	0	0	0	0	0	0	0	0	0	0	0	0	0	1	0	0	0	0	0	0	0	0	0	0	0	0	0	0	0	0	0	0	0	0	0	
POCUDR_Sitophilus_zeamais	0	0	0	0	0	0	0	0	0	0	0	0	0	0	0	1	0	0	0	0	0	0	0	0	0	0	0	0	0	0	0	0	0	0	0	0	0	0	0	
POCUEN_Otiorhynchus_armadillo	0	0	0	0	0	0	0	0	0	0	0	0	0	0	0	1	0	0	0	0	0	0	0	0	0	0	0	0	0	0	0	0	0	0	0	0	0	0	0	
N18	7.42321e-14	2.22557e-13	1.27099e-12	9.07513e-12	6.8126e-11	4.9427e-10	3.34069e-09	2.0715e-08	1.17069e-07	6.01066e-07	2.79835e-06	1.17977e-05	4.49907e-05	0.000155045	0.000482404	0.00135405	0.00342619	0.00781009	0.0160296	0.0296072	0.0491936	0.0735061	0.0987519	0.119267	0.12949	0.126392	0.110927	0.0875588	0.0621814	0.0397488	0.0228853	0.0118772	0.00556307	0.00235612	0.00090562	0.000318489	0.00010466	3.41209e-05	1.30233e-05	
POCUEN_Dyslobus_sp	0	0	0	0	0	0	0	0	0	0	0	0	0	0	0	1	0	0	0	0	0	0	0	0	0	0	0	0	0	0	0	0	0	0	0	0	0	0	0	
POCUEN_Chlorophanus_sp	0	0	0	0	0	0	0	0	0	0	0	0	0	0	0	0	1	0	0	0	0	0	0	0	0	0	0	0	0	0	0	0	0	0	0	0	0	0	0	
N19	7.28117e-34	1.71292e-32	5.91768e-31	2.16969e-29	7.91683e-28	2.81188e-26	9.54742e-25	3.04732e-23	9.01674e-22	2.44741e-20	6.0472e-19	1.35253e-17	2.72653e-16	4.93657e-15	8.0034e-14	1.15865e-12	1.49386e-11	1.71085e-10	1.73594e-09	1.55642e-08	1.22977e-07	8.5395e-07	5.1968e-06	2.76367e-05	0.000128058	0.000515467	0.00179701	0.00540909	0.0140151	0.0311645	0.0593016	0.0963121	0.13323	0.156814	0.157212	0.134947	0.100516	0.0668451	0.0417598	
POCUEN_Foucartia_squamulata	0	0	0	0	0	0	0	0	0	0	0	0	0	0	0	1	0	0	0	0	0	0	0	0	0	0	0	0	0	0	0	0	0	0	0	0	0	0	0	
N20	5.35274e-22	3.50395e-21	5.13603e-20	8.85802e-19	1.52083e-17	2.45356e-16	3.63536e-15	4.89645e-14	5.96309e-13	6.54445e-12	6.45728e-11	5.71697e-10	4.53419e-09	3.21661e-08	2.03823e-07	1.15211e-06	5.80202e-06	2.60019e-05	0.000103584	0.000366439	0.00115007	0.00319958	0.00788465	0.0171992	0.0331921	0.0566464	0.0854633	0.113963	0.134299	0.139862	0.128725	0.104712	0.075292	0.0478631	0.0269193	0.0134355	0.00602266	0.0025312	0.00113638	
N21	1.72953e-20	1.45856e-19	2.74307e-18	5.52398e-17	1.03263e-15	1.73766e-14	2.60984e-13	3.48588e-12	4.13036e-11	4.33214e-10	4.01381e-09	3.27856e-08	2.35634e-07	1.48733e-06	8.23037e-06	3.98605e-05	0.000168693	0.000622971	0.00200492	0.00561708	0.0136869	0.0289847	0.0533181	0.0851709	0.118135	0.142296	0.148895	0.135421	0.107138	0.0738045	0.0443247	0.0232428	0.0106615	0.00428801	0.00151692	0.000474469	0.000132957	3.50933e-05	1.07349e-05	
N22	1.3425e-23	2.7222e-22	1.02298e-20	4.02968e-19	1.46435e-17	4.68306e-16	1.29301e-14	3.05509e-13	6.14571e-12	1.04864e-10	1.5129e-09	1.84021e-08	1.88207e-07	1.6145e-06	1.15901e-05	6.94852e-05	0.000347278	0.00144469	0.00499626	0.0143506	0.0342107	0.0676664	0.11104	0.151215	0.170983	0.160664	0.125594	0.0817897	0.0444433	0.0201883	0.00768242	0.00245497	0.000660646	0.00015025	2.90295e-05	4.81029e-06	6.99432e-07	9.59292e-08	1.66648e-08	
N23	4.76984e-24	8.53338e-23	3.73086e-21	1.71292e-19	7.05731e-18	2.5111e-16	7.61746e-15	1.95815e-13	4.24895e-12	7.75844e-11	1.18889e-09	1.52511e-08	1.63399e-07	1.45904e-06	1.08375e-05	6.68491e-05	0.000341931	0.00144854	0.00507756	0.0147169	0.0352561	0.0697975	0.114206	0.154506	0.172937	0.160288	0.123161	0.078558	0.0416616	0.0184029	0.00678455	0.00209239	0.000541296	0.000117873	2.1719e-05	3.42001e-06	4.72189e-07	6.24439e-08	1.11619e-08	
N24	1.03004e-21	1.42582e-20	3.67953e-19	1.03447e-17	2.72746e-16	6.42386e-15	1.32855e-13	2.3944e-12	3.74305e-11	5.0564e-10	5.88246e-09	5.8744e-08	5.01986e-07	3.65963e-06	2.26965e-05	0.000119426	0.000531854	0.00200026	0.00634086	0.0169153	0.037925	0.0713977	0.112801	0.149529	0.166341	0.155371	0.121962	0.0805557	0.0448401	0.0210739	0.00838071	0.00282728	0.000811512	0.000198906	4.18433e-05	7.6188e-06	1.22312e-06	1.8355e-07	3.36688e-08	
POCUEN_Eudiagogus_sp	0	0	0	0	0	0	0	0	0	0	0	0	0	0	0	0	0	0	0	0	0	0	0	0	0	0	0	1	0	0	0	0	0	0	0	0	0	0	0	
POCUEN_Liophloeus_tessulatus	0	0	0	0	0	0	0	0	0	0	0	0	0	0	0	1	0	0	0	0	0	0	0	0	0	0	0	0	0	0	0	0	0	0	0	0	0	0	0	
N25	5.07893e-17	5.90318e-16	1.49531e-14	3.70082e-13	7.97082e-12	1.46621e-10	2.28639e-09	3.00382e-08	3.30459e-07	3.02579e-06	2.29214e-05	0.000142837	0.00072834	0.00302474	0.0101912	0.0277773	0.0611408	0.10862	0.155848	0.180913	0.17037	0.130616	0.0818589	0.0421295	0.0178921	0.00630193	0.00185025	0.000455132	9.42708e-05	1.65231e-05	2.4625e-06	3.1353e-07	3.42627e-08	3.22901e-09	2.63827e-10	1.8823e-11	1.18865e-12	6.93657e-14	5.0441e-15	
POCUEN_Barypeithes_sp	0	0	0	0	0	0	0	0	0	0	0	0	0	0	0	0	1	0	0	0	0	0	0	0	0	0	0	0	0	0	0	0	0	0	0	0	0	0	0	
N26	1.32008e-18	3.64116e-17	1.90536e-15	8.86216e-14	3.42625e-12	1.08595e-10	2.79052e-09	5.74515e-08	9.35664e-07	1.18907e-05	0.000116231	0.000861091	0.00476551	0.0194434	0.0578702	0.124842	0.194971	0.221351	0.184251	0.113748	0.052761	0.018636	0.00507925	0.00108175	0.000182171	2.45268e-05	2.66716e-06	2.36487e-07	1.72472e-08	1.04306e-09	5.27063e-11	2.24094e-12	8.06995e-14	2.47666e-15	6.51587e-17	1.47841e-18	2.91819e-20	5.1738e-22	1.14422e-23	
POCUEN_Polydrusus_mollis_M	0	0	0	0	0	0	0	0	0	0	0	0	0	0	1	0	0	0	0	0	0	0	0	0	0	0	0	0	0	0	0	0	0	0	0	0	0	0	0	
N27	1.7709e-44	8.34918e-41	4.61423e-37	2.14057e-33	8.00521e-30	2.371e-26	5.46073e-23	9.57051e-20	1.24323e-16	1.15833e-13	7.4196e-11	3.0864e-08	7.68723e-06	0.00101068	0.0560892	0.786441	0.149166	0.00714029	0.000143956	1.52713e-06	9.65989e-09	3.94846e-11	1.10324e-13	2.197e-16	3.22077e-19	3.5671e-22	3.04903e-25	2.04774e-28	1.09724e-31	4.75332e-35	1.68424e-38	4.93157e-42	1.20425e-45	2.47266e-49	4.30089e-53	6.38056e-57	8.13194e-61	9.06516e-65	1.03623e-68	
POCUEN_Hypera_postica	0	0	0	0	0	0	0	0	0	0	0	0	0	0	0	1	0	0	0	0	0	0	0	0	0	0	0	0	0	0	0	0	0	0	0	0	0	0	0	
POCUEN_Hypera_nigrirostris	0	0	0	0	0	0	0	0	0	0	0	0	0	0	0	1	0	0	0	0	0	0	0	0	0	0	0	0	0	0	0	0	0	0	0	0	0	0	0	
POCUEN_Bothrometopus_sp	0	0	0	0	0	0	0	0	0	0	0	0	0	0	0	1	0	0	0	0	0	0	0	0	0	0	0	0	0	0	0	0	0	0	0	0	0	0	0	
N28	5.17123e-13	1.62194e-12	1.08783e-11	8.92987e-11	7.29587e-10	5.5283e-09	3.79522e-08	2.341e-07	1.29273e-06	6.37711e-06	2.80574e-05	0.000109945	0.000383251	0.00118712	0.00326441	0.00796292	0.0172195	0.0329946	0.0560022	0.0841863	0.112088	0.132199	0.138164	0.128015	0.10522	0.0767765	0.0497774	0.0287042	0.0147384	0.00674656	0.002757	0.00100735	0.000329694	9.6883e-05	2.56535e-05	6.16301e-06	1.36759e-06	2.98168e-07	8.07561e-08	
POCUEN_Hypomeces_squamosus	0	0	0	0	0	0	0	0	0	0	0	0	0	0	0	1	0	0	0	0	0	0	0	0	0	0	0	0	0	0	0	0	0	0	0	0	0	0	0	
POCUEN_Sympiezomias_cribricollis	0	0	0	0	0	0	0	0	0	0	0	0	0	0	0	1	0	0	0	0	0	0	0	0	0	0	0	0	0	0	0	0	0	0	0	0	0	0	0	
N29	2.39723e-15	8.23099e-15	4.39914e-14	2.82575e-13	1.99848e-12	1.44515e-11	1.01614e-10	6.7495e-10	4.17035e-09	2.37744e-08	1.2449e-07	5.97151e-07	2.61923e-06	1.04909e-05	3.83275e-05	0.000127592	0.000386673	0.00106585	0.00267005	0.0060741	0.0125392	0.0234743	0.0398284	0.0612118	0.0851757	0.107266	0.122219	0.12596	0.117402	0.0989569	0.0754345	0.0520207	0.0324777	0.0183884	0.00947933	0.00449091	0.00199837	0.000877874	0.000422453	
POCUEN_Phyllobius_pyri	0	0	0	0	0	0	0	0	0	0	0	0	0	0	0	1	0	0	0	0	0	0	0	0	0	0	0	0	0	0	0	0	0	0	0	0	0	0	0	
POCUEN_Phyllobius_argentatus	0	0	0	0	0	0	0	0	0	0	0	0	0	0	0	1	0	0	0	0	0	0	0	0	0	0	0	0	0	0	0	0	0	0	0	0	0	0	0	
N30	1.87822e-43	1.33196e-41	1.71203e-39	2.09385e-37	2.30965e-35	2.28345e-33	2.01803e-31	1.59036e-29	1.11487e-27	6.93456e-26	3.8173e-24	1.85476e-22	7.93312e-21	2.9787e-19	9.79071e-18	2.80909e-16	7.01482e-15	1.52013e-13	2.85009e-12	4.60921e-11	6.40996e-10	7.64189e-09	7.786e-08	6.75844e-07	4.98258e-06	3.11035e-05	0.000163911	0.000727103	0.00270755	0.00844215	0.0219925	0.0477864	0.0865257	0.130592	0.164651	0.174333	0.15662	0.121592	0.0838291	
N31	2.01767e-33	4.49677e-32	2.08603e-30	9.76841e-29	4.21437e-27	1.65116e-25	5.85253e-24	1.87258e-22	5.39796e-21	1.39918e-19	3.25479e-18	6.78158e-17	1.2631e-15	2.09887e-14	3.10538e-13	4.08289e-12	4.76094e-11	4.91417e-10	4.48135e-09	3.60379e-08	2.55102e-07	1.58676e-06	8.6583e-06	4.13805e-05	0.000172971	0.00063154	0.00201184	0.00558671	0.0135146	0.0284697	0.052228	0.0834757	0.116352	0.141659	0.151022	0.141525	0.117337	0.0870701	0.0588918	
N32	1.06072e-28	1.43594e-27	4.41487e-26	1.39956e-24	4.10151e-23	1.09493e-21	2.65362e-20	5.82657e-19	1.15688e-17	2.07323e-16	3.34712e-15	4.85884e-14	6.33012e-13	7.38736e-12	7.7082e-11	7.17802e-10	5.95471e-09	4.39299e-08	2.87719e-07	1.67025e-06	8.58097e-06	3.89592e-05	0.00015611	0.00055142	0.00171516	0.00469356	0.0112914	0.023866	0.0443003	0.0721953	0.103284	0.129723	0.143084	0.138703	0.118363	0.0892553	0.060035	0.0368791	0.0218558	
N33	3.06468e-26	4.57209e-25	1.51444e-23	5.06875e-22	1.54871e-20	4.25949e-19	1.05022e-17	2.31452e-16	4.5463e-15	7.93623e-14	1.22759e-12	1.67758e-11	2.01931e-10	2.13457e-09	1.97565e-08	1.59636e-07	1.12289e-06	6.85712e-06	3.62594e-05	0.000165629	0.000652153	0.00220922	0.00642862	0.0160488	0.0343421	0.062958	0.098868	0.133029	0.153453	0.151891	0.129154	0.0944624	0.0595066	0.0323274	0.0151638	0.00615526	0.00218216	0.000706374	0.000251083	
POCUMO_Pissodes_schwarzi_M	0	0	0	0	0	0	0	0	0	0	0	0	0	0	0	0	0	0	0	0	0	1	0	0	0	0	0	0	0	0	0	0	0	0	0	0	0	0	0	
N34	8.36573e-39	9.14987e-37	1.67138e-34	2.84618e-32	4.3255e-30	5.8214e-28	6.90398e-26	7.17941e-24	6.51125e-22	5.12034e-20	3.46922e-18	2.01116e-16	9.89971e-15	4.103e-13	1.4185e-11	4.04862e-10	9.43014e-09	1.76961e-07	2.63741e-06	3.07301e-05	0.000275162	0.00185952	0.00931436	0.034017	0.0894242	0.167909	0.224603	0.21452	0.147383	0.0737558	0.0273253	0.00763048	0.00163557	0.000273911	3.646e-05	3.9236e-06	3.47738e-07	2.62715e-08	2.20909e-09	
POCUMO_Pissodes_strobi	0	0	0	0	0	0	0	0	0	0	0	0	0	0	0	0	0	0	0	0	0	0	0	0	0	0	0	1	0	0	0	0	0	0	0	0	0	0	0	
POCUMO_Pissodes_nemorensis	0	0	0	0	0	0	0	0	0	0	0	0	0	0	0	0	0	0	0	0	0	0	0	1	0	0	0	0	0	0	0	0	0	0	0	0	0	0	0	
N35	2.4925e-32	5.69013e-31	2.68064e-29	1.27899e-27	5.61315e-26	2.2305e-24	7.99011e-23	2.57343e-21	7.4343e-20	1.92176e-18	4.43449e-17	9.11212e-16	1.66328e-14	2.69041e-13	3.84697e-12	4.85083e-11	5.38112e-10	5.23927e-09	4.46705e-08	3.32785e-07	2.16162e-06	1.22177e-05	5.99744e-05	0.000255234	0.000940138	0.00299281	0.00822291	0.0194776	0.0397383	0.0697828	0.105436	0.137064	0.153367	0.147851	0.123	0.08855	0.055529	0.0310126	0.0167059	
POCUCL_Cleonus_sp	0	0	0	0	0	0	0	0	0	0	0	0	0	0	0	0	0	0	0	0	0	1	0	0	0	0	0	0	0	0	0	0	0	0	0	0	0	0	0	
N36	2.43075e-43	1.51861e-41	1.74964e-39	1.91121e-37	1.90247e-35	1.71807e-33	1.40398e-31	1.03555e-29	6.87563e-28	4.09822e-26	2.18663e-24	1.04126e-22	4.41166e-21	1.6577e-19	5.50576e-18	1.61074e-16	4.13585e-15	9.28544e-14	1.81573e-12	3.08008e-11	4.51361e-10	5.68948e-09	6.1417e-08	5.65209e-07	4.41407e-06	2.91182e-05	0.000161502	0.000749732	0.0029003	0.00931109	0.0247147	0.0540647	0.0972318	0.143567	0.174144	0.174302	0.145776	0.104813	0.0682298	
POCUMO_Lixus_sp	0	0	0	0	0	0	0	0	0	0	0	0	0	0	0	0	0	0	0	0	0	0	0	0	0	0	0	0	0	0	0	0	0	0	0	0	0	1	0	
POCUMO_Larinus_sp	0	0	0	0	0	0	0	0	0	0	0	0	0	0	0	0	0	0	0	0	0	0	0	0	0	0	0	0	0	0	0	0	1	0	0	0	0	0	0	
N37	6.78852e-30	1.13237e-28	4.03609e-27	1.49115e-25	5.0842e-24	1.5697e-22	4.3695e-21	1.09436e-19	2.46179e-18	4.96556e-17	8.96574e-16	1.44672e-14	2.08278e-13	2.67091e-12	3.04604e-11	3.08451e-10	2.76915e-09	2.20075e-08	1.54608e-07	9.58819e-07	5.24222e-06	2.5237e-05	0.000106858	0.000397541	0.00129823	0.00371855	0.00933576	0.0205327	0.0395447	0.0666747	0.0984026	0.127124	0.143781	0.142447	0.123789	0.0947048	0.0644062	0.0399063	0.0237982	
N38	1.05752e-22	6.94898e-22	1.00093e-20	1.65641e-19	2.67738e-18	4.03546e-17	5.59024e-16	7.08015e-15	8.17798e-14	8.60038e-13	8.22336e-12	7.13958e-11	5.62132e-10	4.00876e-09	2.58621e-08	1.50762e-07	7.93237e-07	3.76289e-06	1.60767e-05	6.18015e-05	0.000213562	0.000662821	0.00184616	0.00461138	0.0103229	0.0206988	0.0371589	0.0597049	0.0858425	0.110442	0.127176	0.131151	0.12126	0.100714	0.0753991	0.0511941	0.0319065	0.0187217	0.0108913	
N39	5.3283e-19	2.57332e-18	2.88398e-17	3.78668e-16	4.82092e-15	5.67839e-14	6.11232e-13	5.98819e-12	5.3281e-11	4.29861e-10	3.13993e-09	2.07363e-08	1.23644e-07	6.6478e-07	3.2189e-06	1.40202e-05	5.48715e-05	0.000192778	0.000607434	0.00171527	0.00433779	0.00981916	0.0198871	0.0360283	0.0583756	0.0845939	0.109657	0.12719	0.132065	0.122825	0.102391	0.0765696	0.0514128	0.0310301	0.0168639	0.00828802	0.00373184	0.00160458	0.000740855	
POCUMO_Magdalis_sp	0	0	0	0	0	0	0	0	0	0	0	0	0	0	0	0	0	0	0	0	0	0	0	1	0	0	0	0	0	0	0	0	0	0	0	0	0	0	0	
POCUCU_Dorytomus_sp	0	0	0	0	0	0	0	0	0	0	0	0	0	0	0	0	0	0	0	1	0	0	0	0	0	0	0	0	0	0	0	0	0	0	0	0	0	0	0	
N40	1.52982e-60	1.04286e-56	8.7472e-53	7.33023e-49	5.58797e-45	3.73223e-41	2.14517e-37	1.04682e-33	4.2762e-30	1.43749e-26	3.89073e-23	8.23368e-20	1.30663e-16	1.45756e-13	1.01911e-10	3.428e-08	1.05222e-06	1.54508e-05	0.000140604	0.000884009	0.00407086	0.0142199	0.0385121	0.0819683	0.138113	0.184658	0.195435	0.162513	0.10474	0.0511762	0.0182983	0.00451415	0.000688735	5.01145e-05	3.31189e-07	1.04544e-09	2.04579e-12	2.76636e-15	2.87289e-18	
POCUMO_Hylobius_piceus	0	0	0	0	0	0	0	0	0	0	0	0	0	0	0	0	0	0	0	0	0	0	0	0	0	0	0	0	0	0	0	0	0	1	0	0	0	0	0	
POCUMO_Hylobius_abietis	0	0	0	0	0	0	0	0	0	0	0	0	0	0	0	1	0	0	0	0	0	0	0	0	0	0	0	0	0	0	0	0	0	0	0	0	0	0	0	
N41	1.77032e-20	1.14656e-19	1.58322e-18	2.47049e-17	3.75319e-16	5.29489e-15	6.81781e-14	7.9563e-13	8.38583e-12	7.96487e-11	6.80509e-10	5.22176e-09	3.59315e-08	2.21407e-07	1.22004e-06	6.00448e-06	2.63617e-05	0.000103133	0.000359181	0.00111261	0.00306303	0.00748965	0.0162574	0.031315	0.0535121	0.0811137	0.109063	0.13009	0.137687	0.129343	0.107882	0.0799214	0.0526065	0.0307776	0.0160159	0.00743083	0.00310373	0.00121219	0.000507596	
POCUCU_Curculio_dentipes	0	0	0	0	0	0	0	0	0	0	0	0	0	0	0	0	0	0	0	1	0	0	0	0	0	0	0	0	0	0	0	0	0	0	0	0	0	0	0	
N42	7.31634e-20	6.54301e-19	1.31149e-17	2.79529e-16	5.4778e-15	9.56004e-14	1.47247e-12	1.99363e-11	2.36639e-10	2.4567e-09	2.22587e-08	1.75646e-07	1.20484e-06	7.17135e-06	3.69786e-05	0.00016495	0.000635729	0.00211475	0.00606686	0.0150016	0.0319615	0.0586662	0.0927834	0.12648	0.148691	0.150863	0.132229	0.10023	0.0657902	0.0374492	0.0185163	0.00796696	0.00298932	0.00098055	0.000282062	7.14986e-05	1.61505e-05	3.39089e-06	8.20444e-07	
POCUCU_Curculio_nucum_M	0	0	0	0	0	0	0	0	0	0	0	0	0	0	0	0	0	0	0	1	0	0	0	0	0	0	0	0	0	0	0	0	0	0	0	0	0	0	0	
N43	1.60867e-18	1.30743e-17	2.19715e-16	4.09645e-15	7.15195e-14	1.11677e-12	1.53917e-11	1.86281e-10	1.97362e-09	1.82589e-08	1.4716e-07	1.03102e-06	6.26645e-06	3.29792e-05	0.000150033	0.000589134	0.00199417	0.00581269	0.0145783	0.0314415	0.0582952	0.0929109	0.127316	0.15006	0.152225	0.133022	0.100239	0.0652179	0.0366888	0.0178744	0.00755488	0.00277571	0.00088843	0.000248373	6.08678e-05	1.31671e-05	2.56394e-06	4.8256e-07	1.15247e-07	
N44	4.04984e-38	4.81104e-35	7.37077e-32	1.03602e-28	1.23033e-25	1.19949e-22	9.41506e-20	5.82836e-17	2.7759e-14	9.8605e-12	2.50911e-09	4.33132e-07	4.69346e-05	0.00283311	0.0774421	0.6144	0.269066	0.0341829	0.00196457	6.28025e-05	1.25776e-06	1.70465e-08	1.65019e-10	1.18743e-12	6.54879e-15	2.83619e-17	9.83762e-20	2.77789e-22	6.47428e-25	1.26021e-27	2.0698e-30	2.8947e-33	3.47589e-36	3.61172e-39	3.2731e-42	2.60926e-45	1.84846e-48	1.17876e-51	7.1273e-55	
POCUEN_Scepticus_insularis	0	0	0	0	0	0	0	0	0	0	0	0	0	0	0	1	0	0	0	0	0	0	0	0	0	0	0	0	0	0	0	0	0	0	0	0	0	0	0	
POCUEN_Scepticus_griseus	0	0	0	0	0	0	0	0	0	0	0	0	0	0	0	1	0	0	0	0	0	0	0	0	0	0	0	0	0	0	0	0	0	0	0	0	0	0	0	
POCUCU_Curculio_distinguendus	0	0	0	0	0	0	0	0	0	0	0	0	0	0	0	0	0	0	0	1	0	0	0	0	0	0	0	0	0	0	0	0	0	0	0	0	0	0	0	
N45	5.5223e-30	9.11147e-29	3.1976e-27	1.18142e-25	4.05174e-24	1.26115e-22	3.54422e-21	8.97194e-20	2.04208e-18	4.17188e-17	7.63704e-16	1.2506e-14	1.82886e-13	2.38438e-12	2.76679e-11	2.85269e-10	2.60904e-09	2.11318e-08	1.51323e-07	9.56492e-07	5.32801e-06	2.6114e-05	0.000112445	0.00042473	0.00140531	0.00406746	0.0102851	0.0226938	0.043647	0.0731024	0.106534	0.135004	0.148708	0.142392	0.118651	0.0863677	0.0555309	0.0324904	0.0185509	
N46	4.30523e-20	2.08532e-19	1.95237e-18	2.19137e-17	2.54166e-16	2.85608e-15	3.01826e-14	2.95852e-13	2.67193e-12	2.21554e-11	1.68307e-10	1.16953e-09	7.42426e-09	4.30045e-08	2.27047e-07	1.09142e-06	4.77186e-06	1.89567e-05	6.83577e-05	0.000223533	0.000662249	0.00177599	0.00430757	0.00944162	0.0186879	0.0333796	0.0537706	0.0780781	0.102156	0.120405	0.127841	0.122318	0.105562	0.0823313	0.0582548	0.0376768	0.0226071	0.0129558	0.00747192	
POCUSC_Crypturgus_pusillus	0	0	0	0	0	0	0	0	0	0	0	0	0	0	0	0	0	0	0	1	0	0	0	0	0	0	0	0	0	0	0	0	0	0	0	0	0	0	0	
N47	4.78393e-15	1.32651e-14	7.81445e-14	5.80382e-13	4.46197e-12	3.29795e-11	2.27861e-10	1.4555e-09	8.55513e-09	4.61625e-08	2.28335e-07	1.03421e-06	4.28551e-06	1.62332e-05	5.61681e-05	0.000177404	0.00051116	0.00134285	0.00321484	0.00701084	0.0139221	0.0251677	0.0414092	0.0620036	0.0844866	0.10477	0.118257	0.121527	0.113745	0.0970103	0.0754382	0.0535287	0.0346921	0.0205645	0.0111754	0.0055956	0.00261535	0.00118376	0.000572295	
POCUDR_Cosmopolites_sordidus	0	0	0	0	0	0	0	0	0	0	0	0	0	0	0	0	0	0	0	0	0	0	0	1	0	0	0	0	0	0	0	0	0	0	0	0	0	0	0	
POCUEN_Tanymecus_sp	0	0	0	0	0	0	0	0	0	0	0	0	0	0	0	1	0	0	0	0	0	0	0	0	0	0	0	0	0	0	0	0	0	0	0	0	0	0	0	
N48	5.85241e-21	4.04146e-20	5.25261e-19	7.56183e-18	1.08825e-16	1.49607e-15	1.91421e-14	2.247e-13	2.40111e-12	2.32543e-11	2.03555e-10	1.60729e-09	1.14304e-08	7.31123e-08	4.20082e-07	2.1656e-06	1.00055e-05	4.13853e-05	0.000153095	0.000506013	0.00149299	0.00392896	0.00921487	0.0192481	0.035785	0.0591833	0.0870342	0.11377	0.132164	0.136427	0.125141	0.102019	0.0739422	0.047677	0.0273879	0.0140746	0.00655681	0.00288817	0.00135297	
N49	9.42766e-09	1.84974e-08	7.66127e-08	4.04019e-07	2.13751e-06	1.04313e-05	4.56606e-05	0.000177501	0.000610284	0.00185195	0.00495394	0.0116725	0.0242155	0.044229	0.0711391	0.100816	0.125983	0.138971	0.135493	0.116931	0.0894678	0.0607992	0.0367649	0.0198206	0.00954592	0.00411547	0.00159151	0.000553194	0.000173179	4.8923e-05	1.24952e-05	2.89022e-06	6.06357e-07	1.15513e-07	1.99939e-08	3.14435e-09	4.4986e-10	6.00468e-11	9.59647e-12	
POCUBR_Echinocnemus_sp	0	0	0	0	0	0	0	0	0	0	0	0	1	0	0	0	0	0	0	0	0	0	0	0	0	0	0	0	0	0	0	0	0	0	0	0	0	0	0	
POCUER_Tanysphyrus_lemnae	0	0	0	0	0	0	0	0	0	0	1	0	0	0	0	0	0	0	0	0	0	0	0	0	0	0	0	0	0	0	0	0	0	0	0	0	0	0	0	
N50	6.04761e-19	3.17385e-18	3.85792e-17	5.39829e-16	7.23181e-15	8.88544e-14	9.9077e-13	9.99221e-12	9.09857e-11	7.46966e-10	5.52186e-09	3.67109e-08	2.19239e-07	1.1748e-06	5.64241e-06	2.42653e-05	9.335e-05	0.000320977	0.000985641	0.0027011	0.00660185	0.0143835	0.0279217	0.0482783	0.0743342	0.101903	0.124376	0.135165	0.130812	0.11278	0.0866602	0.0593927	0.0363482	0.0199051	0.00979303	0.00436621	0.00180073	0.000723578	0.000321816	
N51	3.78116e-18	2.2553e-17	3.25009e-16	5.16007e-15	7.63176e-14	1.02029e-12	1.22421e-11	1.31384e-10	1.25764e-09	1.07078e-08	8.08694e-08	5.40288e-07	3.18462e-06	1.65175e-05	7.51958e-05	0.000299761	0.00104409	0.00317125	0.00838509	0.0192737	0.0384713	0.0666376	0.100132	0.130533	0.147692	0.145156	0.12407	0.0923623	0.0599935	0.0340721	0.0169591	0.00741763	0.0028594	0.000974794	0.000295109	7.98223e-05	1.95563e-05	4.56566e-06	1.26644e-06	
POCUDR_Sphenophorus_sp	0	0	0	0	0	0	0	0	0	0	0	0	0	0	0	0	0	0	0	0	0	0	0	1	0	0	0	0	0	0	0	0	0	0	0	0	0	0	0	
POCUDR_Metamasius_hemipterus	0	0	0	0	0	0	0	0	0	0	0	0	0	0	0	0	0	0	0	1	0	0	0	0	0	0	0	0	0	0	0	0	0	0	0	0	0	0	0	
N52	2.65311e-14	8.98372e-14	6.9625e-13	6.50466e-12	5.93732e-11	4.99435e-10	3.8074e-09	2.61557e-08	1.61477e-07	8.94247e-07	4.43531e-06	1.96744e-05	7.79519e-05	0.000275548	0.000868082	0.00243518	0.00607831	0.0134915	0.0266185	0.0466696	0.0727068	0.100656	0.123859	0.135523	0.131929	0.114342	0.0883051	0.0608284	0.0374166	0.0205791	0.0101353	0.00447758	0.00177794	0.000636107	0.000205733	6.04814e-05	1.63886e-05	4.30795e-06	1.34222e-06	
POCUDR_Rhynchophorus_ferrugineus	0	0	0	0	0	0	0	0	0	0	0	0	0	0	0	1	0	0	0	0	0	0	0	0	0	0	0	0	0	0	0	0	0	0	0	0	0	0	0	
POCUDR_Diocalandra_sp	0	0	0	0	0	0	0	0	0	0	0	0	0	0	0	0	0	0	0	1	0	0	0	0	0	0	0	0	0	0	0	0	0	0	0	0	0	0	0	
N53	4.64027e-64	1.15095e-61	4.53192e-59	1.75428e-56	6.73665e-54	2.71704e-51	1.17864e-48	5.27243e-46	2.26903e-43	8.90696e-41	3.09355e-38	9.35254e-36	2.4376e-33	5.43983e-31	1.03343e-28	1.66214e-26	2.25099e-24	2.5525e-22	2.40958e-20	1.88244e-18	1.2096e-16	6.35292e-15	2.70968e-13	9.32474e-12	2.57194e-10	5.64844e-09	9.81319e-08	1.3402e-06	1.43027e-05	0.000118639	0.000761423	0.00376865	0.014361	0.042147	0.0954909	0.16766	0.229039	0.244113	0.202524	
N54	9.21672e-63	5.21483e-60	4.20559e-57	3.05937e-54	1.96744e-51	1.11298e-48	5.51542e-46	2.38474e-43	8.96121e-41	2.91502e-38	8.17576e-36	1.96905e-33	4.05517e-31	7.11081e-29	1.05697e-26	1.32576e-24	1.39665e-22	1.22981e-20	9.00686e-19	5.45873e-17	2.72361e-15	1.11287e-13	3.70392e-12	9.98733e-11	2.16993e-09	3.77834e-08	5.24444e-07	5.77294e-06	5.01498e-05	0.000342268	0.00182807	0.00761685	0.0247027	0.062284	0.122085	0.186343	0.222599	0.210685	0.161458	
N55	8.93978e-44	6.50505e-42	8.12774e-40	1.01753e-37	1.17337e-35	1.22165e-33	1.14108e-31	9.5279e-30	7.09077e-28	4.68954e-26	2.74802e-24	1.42247e-22	6.48412e-21	2.5945e-19	9.08302e-18	2.77279e-16	7.35557e-15	1.68964e-13	3.34871e-12	5.70518e-11	8.32419e-10	1.0362e-08	1.09626e-07	9.81927e-07	7.41768e-06	4.70789e-05	0.000250105	0.00110807	0.00407963	0.0124403	0.0313215	0.06493	0.110574	0.154477	0.177093	0.167256	0.131735	0.0892255	0.0554544	
N56	9.24833e-21	4.83635e-20	5.88526e-19	8.45863e-18	1.1921e-16	1.57061e-15	1.9087e-14	2.12865e-13	2.17192e-12	2.02236e-11	1.71447e-10	1.32034e-09	9.21721e-09	5.82085e-08	3.31908e-07	1.70575e-06	7.8879e-06	3.27706e-05	0.000122144	0.000407906	0.0012191	0.00325727	0.00777296	0.016553	0.0314344	0.0531983	0.0801904	0.107617	0.128532	0.136572	0.129061	0.108433	0.080964	0.0537046	0.0316423	0.0165823	0.00778663	0.00338071	0.00152583	
N57	6.25754e-18	3.78628e-17	3.56436e-16	3.55964e-15	3.44248e-14	3.13967e-13	2.67732e-12	2.12571e-11	1.56644e-10	1.06815e-09	6.72041e-09	3.89008e-08	2.06596e-07	1.00402e-06	4.45401e-06	1.79947e-05	6.60702e-05	0.000220035	0.000663493	0.00180862	0.00445042	0.00987273	0.0197223	0.0354423	0.0572455	0.0830379	0.108101	0.126224	0.132122	0.123911	0.104071	0.0782347	0.0526099	0.031627	0.0169869	0.00814942	0.00349875	0.00136694	0.000545159	
POCUSC_Xyleborus_sp	0	0	0	0	0	0	0	0	0	0	0	0	0	0	0	0	0	0	0	0	0	0	0	0	0	0	0	0	0	0	0	0	0	1	0	0	0	0	0	
N58	1.7026e-05	3.13461e-05	7.5784e-05	0.000183471	0.000430172	0.000969658	0.00208925	0.00427683	0.00826698	0.0150016	0.0254221	0.0400504	0.0584367	0.0787264	0.097692	0.111451	0.116728	0.112116	0.0986798	0.0795482	0.0587119	0.0396678	0.0245324	0.0138882	0.00719791	0.0034158	0.00148454	0.000591014	0.000215576	7.20558e-05	2.20718e-05	6.19549e-06	1.59309e-06	3.74996e-07	8.07007e-08	1.58493e-08	2.84189e-09	4.78595e-10	9.59792e-11	
POCUSC_Xylosandrus_compactus	0	0	0	1	0	0	0	0	0	0	0	0	0	0	0	0	0	0	0	0	0	0	0	0	0	0	0	0	0	0	0	0	0	0	0	0	0	0	0	
POCUSC_Xylosandrus_germanus	0	1	0	0	0	0	0	0	0	0	0	0	0	0	0	0	0	0	0	0	0	0	0	0	0	0	0	0	0	0	0	0	0	0	0	0	0	0	0	
N59	6.14565e-16	1.87301e-15	1.23897e-14	1.03496e-13	8.86617e-13	7.23556e-12	5.48736e-11	3.83426e-10	2.46e-09	1.44658e-08	7.78671e-08	3.83267e-07	1.72327e-06	7.07137e-06	2.64585e-05	9.01938e-05	0.000279895	0.000790141	0.00202776	0.00472789	0.0100098	0.0192349	0.0335341	0.0530246	0.0760253	0.0988221	0.116447	0.124387	0.120458	0.105778	0.0842603	0.0609252	0.0400337	0.0239593	0.0131185	0.00663367	0.0031621	0.00148508	0.000750435	
POCUSC_Dryocoetes_affaber	0	0	0	0	0	0	0	0	0	0	0	0	0	0	0	0	0	0	0	0	0	1	0	0	0	0	0	0	0	0	0	0	0	0	0	0	0	0	0	
POCUSC_Dryocoetes_autographus	0	0	0	0	0	0	0	0	0	0	0	0	0	0	0	0	0	0	0	0	1	0	0	0	0	0	0	0	0	0	0	0	0	0	0	0	0	0	0	
N60	8.73103e-39	4.72664e-37	3.24916e-35	2.16647e-33	1.39533e-31	8.61319e-30	5.02897e-28	2.73585e-26	1.36755e-24	6.20882e-23	2.53702e-21	9.26338e-20	3.00485e-18	8.61673e-17	2.1748e-15	4.81143e-14	9.29382e-13	1.56134e-11	2.27249e-10	2.8545e-09	3.0824e-08	2.85026e-07	2.24815e-06	1.50672e-05	8.54777e-05	0.00040896	0.00164427	0.00553707	0.0155692	0.0364552	0.0709228	0.114461	0.153135	0.169959	0.156953	0.12149	0.0801462	0.0468248	0.0263906	
POCUSC_Pityogenes_hopkinsi_M	0	0	0	0	0	0	0	0	0	0	0	0	0	1	0	0	0	0	0	0	0	0	0	0	0	0	0	0	0	0	0	0	0	0	0	0	0	0	0	
N61	8.21251e-41	5.95408e-39	7.0854e-37	8.53783e-35	9.48953e-33	9.44917e-31	8.34297e-29	6.49843e-27	4.44901e-25	2.66853e-23	1.3979e-21	6.3755e-20	2.52364e-18	8.64229e-17	2.55221e-15	6.47832e-14	1.40869e-12	2.6152e-11	4.13087e-10	5.53246e-09	6.26073e-08	5.96554e-07	4.76971e-06	3.18916e-05	0.000177732	0.000822969	0.00315673	0.0100034	0.026127	0.0561341	0.0990817	0.143605	0.17101	0.167692	0.13605	0.0921592	0.0530866	0.0271291	0.0137269	
N62	1.13651e-17	5.3591e-17	4.41333e-16	4.42513e-15	4.68715e-14	4.8493e-13	4.71161e-12	4.21837e-11	3.44769e-10	2.55937e-09	1.72041e-08	1.04497e-07	5.72577e-07	2.82618e-06	1.25502e-05	5.00804e-05	0.000179376	0.000576061	0.00165705	0.00426514	0.00981407	0.0201694	0.0369912	0.0604955	0.0881575	0.114402	0.132137	0.135784	0.124105	0.100877	0.0729227	0.0468882	0.0268223	0.0136549	0.00618956	0.00250295	0.00091166	0.000312446	0.000118837	
N63	7.71163e-11	1.86306e-10	8.50954e-10	4.61039e-09	2.55659e-08	1.37116e-07	6.90199e-07	3.20304e-06	1.35587e-05	5.20212e-05	0.000180217	0.000562377	0.00157838	0.00398011	0.0090109	0.0183067	0.033364	0.0545358	0.0799441	0.1051	0.123932	0.131109	0.124474	0.106096	0.0812286	0.0558924	0.0345872	0.0192626	0.00966304	0.00437037	0.001784	0.000658098	0.000219716	6.65171e-05	1.83068e-05	4.59995e-06	1.06734e-06	2.39878e-07	6.50255e-08	
N64	6.91976e-10	1.6547e-09	8.81099e-09	5.79755e-08	3.71712e-07	2.16251e-06	1.11804e-05	5.10089e-05	0.0002047	0.000721073	0.00222609	0.00601533	0.0142137	0.0293485	0.0529325	0.0833823	0.114742	0.138	0.145165	0.133691	0.107927	0.07648	0.0476481	0.0261436	0.0126561	0.00541608	0.00205297	0.000690684	0.00020667	5.51181e-05	1.31299e-05	2.79983e-06	5.357e-07	9.22119e-08	1.43302e-08	2.02242e-09	2.62873e-10	3.32116e-11	5.4467e-12	
POCUSC_Ips_spinifer	0	0	0	0	0	0	0	0	0	0	0	0	0	1	0	0	0	0	0	0	0	0	0	0	0	0	0	0	0	0	0	0	0	0	0	0	0	0	0	
POCUSC_Ips_latidens	0	0	0	0	0	0	0	0	0	0	0	0	0	1	0	0	0	0	0	0	0	0	0	0	0	0	0	0	0	0	0	0	0	0	0	0	0	0	0	
POCUSC_Orthotomicus_laricis	0	0	0	0	0	0	0	0	0	1	0	0	0	0	0	0	0	0	0	0	0	0	0	0	0	0	0	0	0	0	0	0	0	0	0	0	0	0	0	
N65	2.23019e-08	3.71571e-08	1.0553e-07	3.72686e-07	1.43035e-06	5.51121e-06	2.03299e-05	6.99407e-05	0.000221337	0.00063975	0.00168259	0.00401866	0.00870631	0.0170986	0.0304305	0.0490689	0.0716874	0.0948971	0.113845	0.123805	0.122087	0.109217	0.0886758	0.0653808	0.0438012	0.026681	0.0147881	0.00746377	0.00343336	0.00144081	0.000552192	0.000193505	6.20907e-05	1.82732e-05	4.94277e-06	1.23311e-06	2.86626e-07	6.50049e-08	1.78484e-08	
POCUSC_Pityogenes_chalcographus	0	0	0	0	0	0	0	0	0	0	0	1	0	0	0	0	0	0	0	0	0	0	0	0	0	0	0	0	0	0	0	0	0	0	0	0	0	0	0	
POCUSC_Orthotomicus_erosus	0	0	0	0	0	0	0	0	0	1	0	0	0	0	0	0	0	0	0	0	0	0	0	0	0	0	0	0	0	0	0	0	0	0	0	0	0	0	0	
N66	1.09351e-42	9.96475e-41	1.49152e-38	2.21296e-36	2.99006e-34	3.59827e-32	3.82687e-30	3.58066e-28	2.93643e-26	2.10312e-24	1.31089e-22	7.08607e-21	3.3101e-19	1.33146e-17	4.59509e-16	1.35569e-14	3.40664e-13	7.26404e-12	1.30948e-10	1.98821e-09	2.53315e-08	2.69837e-07	2.39456e-06	1.7641e-05	0.000107537	0.000540732	0.00223654	0.00759056	0.0210957	0.0479411	0.0890191	0.135078	0.16773	0.17098	0.143974	0.101355	0.0611198	0.0332218	0.0179887	
N67	7.19333e-45	9.23368e-43	1.91543e-40	3.60331e-38	5.99724e-36	8.7973e-34	1.13378e-31	1.27965e-29	1.2607e-27	1.08046e-25	8.02748e-24	5.15194e-22	2.84579e-20	1.34792e-18	5.45398e-17	1.87798e-15	5.48173e-14	1.35117e-12	2.80148e-11	4.86715e-10	7.05874e-09	8.51409e-08	8.51058e-07	7.02615e-06	4.77571e-05	0.000266485	0.00121766	0.00454658	0.0138507	0.0343942	0.0696091	0.114923	0.155131	0.17196	0.157718	0.121288	0.0801069	0.0475199	0.0274127	
N68	8.70492e-35	2.41955e-33	1.3531e-31	7.69965e-30	4.0345e-28	1.91485e-26	8.19696e-25	3.15692e-23	1.09142e-21	3.37955e-20	9.3511e-19	2.30662e-17	5.06e-16	9.84718e-15	1.69576e-13	2.57744e-12	3.44868e-11	4.0514e-10	4.16754e-09	3.74378e-08	2.92904e-07	1.99051e-06	1.17188e-05	5.96174e-05	0.00026144	0.000986019	0.00319165	0.00885086	0.0209986	0.0425837	0.0737993	0.109378	0.13892	0.151803	0.143701	0.119186	0.0881759	0.0597485	0.0383418	
N69	4.63626e-27	5.03913e-26	1.18106e-24	3.01918e-23	7.36498e-22	1.65823e-20	3.41199e-19	6.39101e-18	1.08723e-16	1.67662e-15	2.33947e-14	2.94841e-13	3.35019e-12	3.42596e-11	3.1474e-10	2.59306e-09	1.91252e-08	1.26063e-07	7.41368e-07	3.8837e-06	1.80947e-05	7.48721e-05	0.000274764	0.000893161	0.00256892	0.00653143	0.0146681	0.0290807	0.0508835	0.0785776	0.107139	0.129101	0.137712	0.130403	0.110128	0.0836026	0.0578285	0.0372925	0.0232169	
N70	1.40499e-26	1.74577e-25	4.92516e-24	1.44123e-22	3.8992e-21	9.58529e-20	2.13175e-18	4.27838e-17	7.73137e-16	1.25515e-14	1.82646e-13	2.37693e-12	2.76006e-11	2.85311e-10	2.61956e-09	2.13143e-08	1.53352e-07	9.73526e-07	5.44195e-06	2.67338e-05	0.000115206	0.000434782	0.00143485	0.00413548	0.0103986	0.0227932	0.0435309	0.0724184	0.104952	0.13255	0.145986	0.140351	0.117938	0.0867784	0.0560684	0.0319968	0.0163706	0.00782706	0.00388715	
POCUSC_Ips_montanus	0	0	0	0	0	0	0	0	0	0	0	0	0	0	0	0	0	0	0	0	0	0	0	0	0	1	0	0	0	0	0	0	0	0	0	0	0	0	0	
N71	1.78135e-33	8.23727e-32	7.20805e-30	5.9764e-28	4.43977e-26	2.93288e-24	1.7158e-22	8.85405e-21	4.01327e-19	1.59077e-17	5.48825e-16	1.63992e-14	4.22188e-13	9.31288e-12	1.75001e-10	2.78444e-09	3.72759e-08	4.1713e-07	3.87579e-06	2.97004e-05	0.000186456	0.000952806	0.00393964	0.0131115	0.0349743	0.074551	0.126798	0.172095	0.186702	0.162414	0.113791	0.0645595	0.0298461	0.0113198	0.00354765	0.000925987	0.000203691	3.93773e-05	8.54982e-06	
POCUSC_Ips_paraconfusus	0	0	0	0	0	0	0	0	0	0	0	0	0	0	0	0	0	0	0	0	0	0	0	0	0	1	0	0	0	0	0	0	0	0	0	0	0	0	0	
N72	6.15475e-41	9.83572e-39	2.45171e-36	5.50342e-34	1.09023e-31	1.89635e-29	2.88185e-27	3.80592e-25	4.34302e-23	4.2558e-21	3.55736e-19	2.51819e-17	1.49781e-15	7.42207e-14	3.03565e-12	1.01444e-10	2.73928e-09	5.90493e-08	1.00284e-06	1.32273e-05	0.000133436	0.00101302	0.00569333	0.0233156	0.0686262	0.143771	0.213561	0.225588	0.170958	0.0941552	0.0382578	0.0116512	0.00270142	0.000484135	6.80694e-05	7.62848e-06	6.96324e-07	5.46024e-08	5.0734e-09	
POCUSC_Ips_confusus	0	0	0	0	0	0	0	0	0	0	0	0	0	0	0	0	0	0	0	0	0	0	0	0	0	1	0	0	0	0	0	0	0	0	0	0	0	0	0	
POCUSC_Ips_hoppingi	0	0	0	0	0	0	0	0	0	0	0	0	0	0	0	0	0	0	0	0	0	0	0	0	0	1	0	0	0	0	0	0	0	0	0	0	0	0	0	
POCUSC_Ips_lecontei	0	0	0	0	0	0	0	0	0	0	0	0	0	0	0	0	0	0	0	0	0	0	0	0	0	1	0	0	0	0	0	0	0	0	0	0	0	0	0	
N73	8.20846e-22	4.30469e-21	5.2901e-20	7.65248e-19	1.081e-17	1.42552e-16	1.73518e-15	1.94255e-14	1.99637e-13	1.88065e-12	1.62171e-11	1.27836e-10	9.19942e-10	6.03569e-09	3.60572e-08	1.95888e-07	9.66589e-07	4.32698e-06	1.75529e-05	6.44576e-05	0.000214057	0.000642279	0.00173981	0.0042516	0.00936733	0.0185989	0.0332675	0.0535965	0.0777733	0.101668	0.119776	0.127264	0.122091	0.105957	0.0834579	0.0600269	0.0398839	0.0250097	0.0153264	
POCUSC_Ips_cribricollis	0	0	0	0	0	0	0	0	0	0	0	0	0	0	0	0	0	0	0	0	0	0	0	0	0	1	0	0	0	0	0	0	0	0	0	0	0	0	0	
POCUSC_Ips_calligraphus	0	0	0	0	0	0	0	0	0	0	0	0	0	0	0	0	0	0	0	0	0	0	0	0	0	1	0	0	0	0	0	0	0	0	0	0	0	0	0	
N74	6.01773e-40	3.73209e-38	4.34483e-36	5.00577e-34	5.246e-32	4.9042e-30	4.05965e-28	2.96278e-26	1.89979e-24	1.06691e-22	5.23149e-21	2.23274e-19	8.26779e-18	2.64778e-16	7.30953e-15	1.73369e-13	3.52098e-12	6.10238e-11	8.99508e-10	1.12387e-08	1.18628e-07	1.05438e-06	7.86656e-06	4.91177e-05	0.000255939	0.00111011	0.00399892	0.0119412	0.0295162	0.0603409	0.102012	0.142741	0.165688	0.160247	0.130173	0.0901017	0.0545635	0.0303577	0.0168941	
N75	3.66548e-28	4.56044e-27	9.61174e-26	2.46828e-24	6.54479e-23	1.65829e-21	3.89332e-20	8.36714e-19	1.63695e-17	2.90602e-16	4.66977e-15	6.77727e-14	8.86376e-13	1.04235e-11	1.09962e-10	1.0382e-09	8.75131e-09	6.5696e-08	4.38095e-07	2.58838e-06	1.35135e-05	6.21758e-05	0.000251433	0.000891268	0.00276214	0.00746517	0.0175534	0.0358331	0.0633884	0.0970355	0.128437	0.146991	0.145634	0.125306	0.0942334	0.0627008	0.0377613	0.0214344	0.0122412	
N76	3.27725e-22	5.45945e-21	1.87804e-19	6.56196e-18	2.07441e-16	5.78767e-15	1.41203e-13	2.99263e-12	5.47477e-11	8.58881e-10	1.14762e-08	1.29701e-07	1.23125e-06	9.752e-06	6.40453e-05	0.000346874	0.00154252	0.00561344	0.0166792	0.0404068	0.079748	0.128184	0.167815	0.179042	0.155854	0.110918	0.0647329	0.0311085	0.0123729	0.0040966	0.00113614	0.000265592	5.265e-05	8.89952e-06	1.28869e-06	1.60437e-07	1.72328e-08	1.62844e-09	1.72025e-10	
POCUSC_Orthotomicus_caelatus	0	0	0	0	0	0	0	0	0	0	0	0	0	0	0	1	0	0	0	0	0	0	0	0	0	0	0	0	0	0	0	0	0	0	0	0	0	0	0	
POCUSC_Ips_perroti	0	0	0	0	0	0	0	0	0	0	0	0	0	0	0	0	0	0	0	0	0	0	0	0	0	1	0	0	0	0	0	0	0	0	0	0	0	0	0	
POCUSC_Ips_typographus	0	0	0	0	0	0	0	0	0	0	0	0	0	0	0	0	0	0	0	0	0	1	0	0	0	0	0	0	0	0	0	0	0	0	0	0	0	0	0	
N77	1.25749e-41	1.33897e-39	2.34843e-37	3.71584e-35	5.16324e-33	6.2745e-31	6.64759e-29	6.12122e-27	4.88369e-25	3.36533e-23	1.9966e-21	1.01657e-19	4.4275e-18	1.64413e-16	5.18862e-15	1.38706e-13	3.13085e-12	5.9481e-11	9.48182e-10	1.26442e-08	1.40643e-07	1.30127e-06	9.98898e-06	6.34654e-05	0.000333029	0.00144059	0.00512903	0.0150125	0.0360971	0.0712862	0.115682	0.154481	0.170231	0.155557	0.118886	0.0771494	0.0437153	0.0228153	0.0121098	
N78	6.62445e-35	2.2988e-33	1.4428e-31	9.55887e-30	5.94559e-28	3.35454e-26	1.69713e-24	7.65933e-23	3.07289e-21	1.09259e-19	3.43262e-18	9.50025e-17	2.30915e-15	4.91379e-14	9.12533e-13	1.47418e-11	2.06495e-10	2.49986e-09	2.6071e-08	2.33472e-07	1.78966e-06	1.17064e-05	6.51488e-05	0.000307603	0.00122895	0.00414476	0.0117755	0.0281337	0.0564523	0.0950666	0.134354	0.159492	0.15938	0.134619	0.0968004	0.0600152	0.0328526	0.0166583	0.00864012	
N79	8.56295e-29	1.92968e-27	8.70081e-26	3.95775e-24	1.64518e-22	6.12509e-21	2.02963e-19	5.96412e-18	1.54925e-16	3.54632e-15	7.13084e-14	1.25549e-12	1.92924e-11	2.57894e-10	2.98924e-09	2.99461e-08	2.58463e-07	1.91597e-06	1.21626e-05	6.59302e-05	0.000304395	0.00119415	0.00397243	0.011186	0.0266272	0.05353	0.0908385	0.130114	0.157381	0.160902	0.139249	0.102216	0.0638089	0.0339889	0.0155173	0.00611189	0.00210333	0.000656406	0.000218921	
POCUSC_Ips_pini	0	0	0	0	0	0	0	0	0	0	0	0	0	0	0	0	0	0	0	0	0	0	0	0	1	0	0	0	0	0	0	0	0	0	0	0	0	0	0	
N80	2.38602e-29	9.40927e-28	5.50331e-26	3.25302e-24	1.80786e-22	9.04842e-21	3.98352e-19	1.52328e-17	5.02241e-16	1.42055e-14	3.43278e-13	7.06138e-12	1.23221e-10	1.81787e-09	2.25989e-08	2.35963e-07	2.06273e-06	1.50496e-05	9.13661e-05	0.000460228	0.0019183	0.00659996	0.0187021	0.0435656	0.0833011	0.130599	0.167784	0.176616	0.152395	0.107895	0.0627772	0.0300839	0.011909	0.00390953	0.00107015	0.000246328	4.85008e-05	8.6321e-06	1.81132e-06	
POCUSC_Orthotomicus_suturalis	0	0	0	0	0	0	0	0	0	1	0	0	0	0	0	0	0	0	0	0	0	0	0	0	0	0	0	0	0	0	0	0	0	0	0	0	0	0	0	
N81	1.59246e-31	7.96311e-30	7.26376e-28	6.21044e-26	4.66361e-24	3.04005e-22	1.71099e-20	8.27789e-19	3.42842e-17	1.21062e-15	3.63005e-14	9.20567e-13	1.96652e-11	3.52458e-10	5.27929e-09	6.58296e-08	6.80781e-07	5.81779e-06	4.09422e-05	0.000236507	0.00111811	0.00431466	0.0135593	0.0346375	0.0718242	0.120787	0.164678	0.182056	0.163325	0.119056	0.0706501	0.0342136	0.0135622	0.00441744	0.00118847	0.000266461	5.08819e-05	8.92841e-06	1.94658e-06	
POCUSC_Ips_avulsus	0	0	0	0	0	0	0	0	0	0	0	0	0	0	0	0	0	0	0	0	0	0	0	0	0	1	0	0	0	0	0	0	0	0	0	0	0	0	0	
N82	4.88503e-30	1.68299e-28	1.13634e-26	7.28426e-25	4.15936e-23	2.09789e-21	9.30735e-20	3.61748e-18	1.22665e-16	3.61323e-15	9.20438e-14	2.01844e-12	3.7923e-11	6.07505e-10	8.25688e-09	9.47407e-08	9.13157e-07	7.35694e-06	4.93056e-05	0.000273608	0.00125171	0.00470213	0.0144536	0.0362473	0.0739962	0.122776	0.165452	0.1811	0.161155	0.116781	0.0690791	0.0334568	0.0133158	0.0043736	0.00119175	0.000271673	5.29351e-05	9.54778e-06	2.16794e-06	
POCUSC_Ips_plastographus	0	0	0	0	0	0	0	0	0	0	0	0	0	0	0	0	0	0	0	0	0	0	0	0	0	1	0	0	0	0	0	0	0	0	0	0	0	0	0	
POCUSC_Ips_integer	0	0	0	0	0	0	0	0	0	0	0	0	0	0	0	0	0	0	0	0	0	0	0	0	0	1	0	0	0	0	0	0	0	0	0	0	0	0	0	
POCUSC_Ips_bonanseai	0	0	0	0	0	0	0	0	0	0	0	0	0	0	0	0	0	0	0	0	0	0	0	0	0	1	0	0	0	0	0	0	0	0	0	0	0	0	0	
N83	7.85052e-33	1.94929e-31	9.21034e-30	4.64456e-28	2.20889e-26	9.58082e-25	3.75031e-23	1.31886e-21	4.15419e-20	1.16891e-18	2.9306e-17	6.52935e-16	1.28931e-14	2.25025e-13	3.46164e-12	4.68042e-11	5.54621e-10	5.7433e-09	5.1823e-08	4.06278e-07	2.7594e-06	1.6191e-05	8.1848e-05	0.000355526	0.00132368	0.00421455	0.011452	0.026511	0.0522153	0.0874223	0.124394	0.150523	0.155182	0.136831	0.103942	0.0689491	0.0409577	0.0228041	0.012822	
N84	7.16365e-26	7.81861e-25	1.94935e-23	5.16314e-22	1.27459e-20	2.86968e-19	5.86251e-18	1.08394e-16	1.80985e-15	2.72307e-14	3.68391e-13	4.47137e-12	4.85847e-11	4.71554e-10	4.0793e-09	3.13851e-08	2.14301e-07	1.29594e-06	6.92692e-06	3.26633e-05	0.000135631	0.000495126	0.00158659	0.00445674	0.0109616	0.0235842	0.0443566	0.0728944	0.104658	0.131303	0.144036	0.138307	0.116459	0.0862464	0.0564582	0.0329804	0.0175351	0.0088592	0.00464527	
N85	7.8488e-76	3.94286e-72	2.60074e-68	1.67801e-64	9.84296e-61	5.15367e-57	2.39093e-53	9.77276e-50	3.499e-46	1.0904e-42	2.93675e-39	6.78145e-36	1.33054e-32	2.19526e-29	3.00959e-26	3.38074e-23	3.06046e-20	2.18842e-17	1.20596e-14	4.96453e-12	1.46614e-09	2.94021e-07	3.70096e-05	0.002588	0.0810936	0.705532	0.195224	0.0149987	0.000516336	9.87414e-06	1.1851e-07	9.65653e-10	5.64223e-12	2.46058e-14	8.25511e-17	2.18031e-19	4.61168e-22	7.90126e-25	1.15931e-27	
POCUSC_Ips_perturbatus	0	0	0	0	0	0	0	0	0	0	0	0	0	0	0	0	0	0	0	0	0	0	0	0	0	1	0	0	0	0	0	0	0	0	0	0	0	0	0	
POCUSC_Ips_hunteri	0	0	0	0	0	0	0	0	0	0	0	0	0	0	0	0	0	0	0	0	0	0	0	0	0	1	0	0	0	0	0	0	0	0	0	0	0	0	0	
N86	4.83955e-46	1.19363e-43	4.53125e-41	1.64525e-38	5.36684e-36	1.55172e-33	3.95193e-31	8.81678e-29	1.71311e-26	2.88054e-24	4.16229e-22	5.12856e-20	5.34216e-18	4.65912e-16	3.3654e-14	1.98869e-12	9.47975e-11	3.58692e-09	1.05744e-07	2.37682e-06	3.97192e-05	0.000479218	0.00403597	0.0228509	0.0836479	0.191375	0.268997	0.234557	0.130724	0.0483664	0.0123413	0.00224865	0.000301615	3.05718e-05	2.39417e-06	1.47558e-07	7.26437e-09	2.90601e-10	1.16117e-11	
N87	1.34437e-58	2.2575e-55	4.48207e-52	7.81691e-49	1.18877e-45	1.5672e-42	1.7797e-39	1.72881e-36	1.42569e-33	9.8979e-31	5.73172e-28	2.74026e-25	1.06926e-22	3.36183e-20	8.39363e-18	1.6369e-15	2.44655e-13	2.74168e-11	2.2454e-09	1.304e-07	5.18024e-06	0.000134806	0.00218046	0.0205691	0.104987	0.268093	0.326415	0.198508	0.0651205	0.0124065	0.00146162	0.000112151	5.85007e-06	2.14969e-07	5.73372e-09	1.13864e-10	1.72254e-12	2.05735e-14	2.69707e-16	
POCUSC_Ips_borealis	0	0	0	0	0	0	0	0	0	0	0	0	0	0	0	0	0	0	0	0	0	0	0	0	0	1	0	0	0	0	0	0	0	0	0	0	0	0	0	
POCUSC_Ips_tridens	0	0	0	0	0	0	0	0	0	0	0	0	0	0	0	0	0	0	0	0	0	0	0	0	0	1	0	0	0	0	0	0	0	0	0	0	0	0	0	
POCUSC_Ips_pilifrons	0	0	0	0	0	0	0	0	0	0	0	0	0	0	0	0	0	0	0	0	0	0	0	0	0	1	0	0	0	0	0	0	0	0	0	0	0	0	0	
POCUSC_Ips_woodi	0	0	0	0	0	0	0	0	0	0	0	0	0	0	0	0	0	0	0	0	0	0	0	0	0	1	0	0	0	0	0	0	0	0	0	0	0	0	0	
N88	2.54918e-20	1.54834e-19	1.58643e-18	1.75797e-17	1.94601e-16	2.10417e-15	2.18995e-14	2.16445e-13	2.00777e-12	1.73165e-11	1.37882e-10	1.00826e-09	6.74451e-09	4.11456e-08	2.28366e-07	1.15073e-06	5.25483e-06	2.171e-05	8.10207e-05	0.00027272	0.000826797	0.00225445	0.0055216	0.0121317	0.0238837	0.0420849	0.0663101	0.0933491	0.117341	0.131658	0.131851	0.117906	0.0942446	0.0674693	0.0434191	0.0252958	0.0135433	0.00690028	0.0036262	
N89	1.17265e-18	5.46538e-18	6.08288e-17	7.86539e-16	9.80256e-15	1.12844e-13	1.18691e-12	1.13632e-11	9.88122e-11	7.79127e-10	5.56172e-09	3.58885e-08	2.09027e-07	1.09732e-06	5.18505e-06	2.20237e-05	8.39872e-05	0.000287225	0.000879962	0.00241284	0.00591639	0.0129642	0.0253717	0.0443287	0.0691249	0.0961941	0.119467	0.132444	0.131123	0.115998	0.0917736	0.0650077	0.0412904	0.0235671	0.0121301	0.00566966	0.00244785	0.00102238	0.000465823	
POCUSC_Ips_sexdentatus	0	0	0	0	0	0	0	0	0	0	0	0	0	0	0	0	0	0	0	1	0	0	0	0	0	0	0	0	0	0	0	0	0	0	0	0	0	0	0	
N90	1.20062e-29	3.44628e-28	1.94286e-26	1.09396e-24	5.62602e-23	2.5966e-21	1.06891e-19	3.90778e-18	1.26342e-16	3.59643e-15	8.97135e-14	1.95126e-12	3.68043e-11	5.98547e-10	8.34117e-09	9.89503e-08	9.9224e-07	8.34833e-06	5.84768e-05	0.000338276	0.00160294	0.00617199	0.0191647	0.0476684	0.094471	0.148664	0.185541	0.183875	0.145203	0.0918651	0.0468843	0.0194548	0.0066201	0.00186407	0.000438495	8.70826e-05	1.4816e-05	2.25823e-06	4.0351e-07	
POCUSC_Ips_emarginatus	0	0	0	0	0	0	0	0	0	0	0	0	0	0	0	0	0	0	0	0	0	0	0	0	0	1	0	0	0	0	0	0	0	0	0	0	0	0	0	
POCUSC_Ips_knausi	0	0	0	0	0	0	0	0	0	0	0	0	0	0	0	0	0	0	0	0	0	0	0	0	0	1	0	0	0	0	0	0	0	0	0	0	0	0	0	
POCUSC_Ips_acuminatus	0	0	0	0	0	0	0	0	0	1	0	0	0	0	0	0	0	0	0	0	0	0	0	0	0	0	0	0	0	0	0	0	0	0	0	0	0	0	0	
N91	7.37131e-43	4.20715e-41	3.25422e-39	2.55702e-37	1.99598e-35	1.51099e-33	1.08258e-31	7.2e-30	4.38516e-28	2.42344e-26	1.20755e-24	5.39945e-23	2.15813e-21	7.68431e-20	2.42954e-18	6.79925e-17	1.67891e-15	3.646e-14	6.94031e-13	1.15406e-11	1.67042e-10	2.09698e-09	2.27457e-08	2.12354e-07	1.69964e-06	1.1615e-05	6.74922e-05	0.000332074	0.00137767	0.0047994	0.0139842	0.033955	0.0684919	0.114526	0.158662	0.182542	0.175682	0.143587	0.10198	
POCUSC_Cryphalus_abietis	0	0	0	0	0	0	0	0	0	0	0	0	0	0	0	0	0	0	0	1	0	0	0	0	0	0	0	0	0	0	0	0	0	0	0	0	0	0	0	
N92	2.99826e-37	1.04811e-35	6.52015e-34	4.25922e-32	2.63304e-30	1.48931e-28	7.61847e-27	3.50737e-25	1.4489e-23	5.35766e-22	1.76923e-20	5.20545e-19	1.36137e-17	3.15724e-16	6.47733e-15	1.17268e-13	1.86885e-12	2.61513e-11	3.20504e-10	3.43152e-09	3.20137e-08	2.59577e-07	1.82457e-06	1.10893e-05	5.81295e-05	0.00026215	0.00101462	0.00336226	0.00951824	0.0229709	0.0471733	0.0823107	0.121902	0.15319	0.163495	0.14867	0.116152	0.0796343	0.0502731	
N93	3.90952e-23	3.97143e-22	8.97426e-21	2.17702e-19	4.9065e-18	9.99095e-17	1.82551e-15	2.98364e-14	4.35123e-13	5.64884e-12	6.51286e-11	6.65346e-10	6.00895e-09	4.78696e-08	3.35658e-07	2.06734e-06	1.11624e-05	5.27407e-05	0.000217696	0.000783829	0.00245865	0.00671117	0.0159276	0.0328454	0.0588293	0.091502	0.123596	0.145016	0.14786	0.131082	0.101101	0.0678845	0.0397031	0.0202351	0.00899102	0.00348865	0.00119285	0.000375878	0.000131428	
N94	6.43251e-25	1.06689e-23	3.70747e-22	1.29218e-20	4.06699e-19	1.1347e-17	2.79137e-16	6.03571e-15	1.14403e-13	1.89589e-12	2.7399e-11	3.44433e-10	3.75714e-09	3.54776e-08	2.89338e-07	2.03363e-06	1.22936e-05	6.37995e-05	0.000283768	0.00108014	0.00351419	0.00976239	0.0231387	0.0467679	0.0805874	0.118383	0.14829	0.158464	0.144557	0.112671	0.0751108	0.0428791	0.0209943	0.00883455	0.00320698	0.00101247	0.00028411	7.56898e-05	2.37122e-05	
N95	5.91145e-23	7.58046e-22	2.03075e-20	5.72217e-19	1.48349e-17	3.43542e-16	7.04617e-15	1.27481e-13	2.0282e-12	2.82954e-11	3.45183e-10	3.67225e-09	3.39793e-08	2.72762e-07	1.89486e-06	1.13655e-05	5.87325e-05	0.000260967	0.000995244	0.00325257	0.00909687	0.0217492	0.0444132	0.0774177	0.115157	0.146163	0.158336	0.146463	0.115773	0.078281	0.0453354	0.022524	0.00962006	0.0035423	0.00112987	0.000315198	7.87699e-05	1.89316e-05	5.50772e-06	
POCUCU_Anthonomus_sp	0	0	0	0	0	0	0	0	0	0	0	0	0	0	0	0	0	0	0	0	0	0	0	0	0	0	1	0	0	0	0	0	0	0	0	0	0	0	0	
POCUER_Procas_sp	0	0	0	0	0	0	0	0	0	0	0	0	0	0	0	0	1	0	0	0	0	0	0	0	0	0	0	0	0	0	0	0	0	0	0	0	0	0	0	
POCUMO_Lepyrus_sp	0	0	0	0	0	0	0	0	0	0	0	0	0	0	0	0	0	0	0	0	0	0	0	1	0	0	0	0	0	0	0	0	0	0	0	0	0	0	0	
N96	5.06078e-26	1.83369e-24	1.2532e-22	8.2138e-21	4.70828e-19	2.32231e-17	9.78581e-16	3.50048e-14	1.05601e-12	2.66837e-11	5.60735e-10	9.72748e-09	1.38259e-07	1.5978e-06	1.49007e-05	0.000111316	0.000661592	0.00310882	0.0114885	0.033249	0.0751455	0.132447	0.182087	0.195602	0.16471	0.109213	0.0573409	0.0239917	0.00805544	0.00218639	0.000483319	8.76822e-05	1.31548e-05	1.64483e-06	1.72769e-07	1.53711e-08	1.16927e-09	7.78142e-11	5.79198e-12	
POCUCO_Telephae_sp	0	0	0	0	0	0	0	0	0	0	0	0	0	0	0	0	0	1	0	0	0	0	0	0	0	0	0	0	0	0	0	0	0	0	0	0	0	0	0	
N97	3.51482e-28	2.10864e-26	2.21216e-24	2.07937e-22	1.67528e-20	1.14724e-18	6.63377e-17	3.21677e-15	1.29866e-13	4.33195e-12	1.18448e-10	2.63292e-09	4.71738e-08	6.75362e-07	7.65848e-06	6.81983e-05	0.000472974	0.00253521	0.0104326	0.0327799	0.078336	0.142077	0.195515	0.204476	0.16308	0.0996882	0.0470051	0.0172234	0.00494403	0.00112131	0.000202681	2.94512e-05	3.46982e-06	3.34238e-07	2.65407e-08	1.7519e-09	9.72556e-11	4.76225e-12	3.05358e-13	
POCUSC_Trypodendron_lineatum	0	0	0	0	0	0	0	0	0	0	0	0	0	0	0	0	0	0	0	1	0	0	0	0	0	0	0	0	0	0	0	0	0	0	0	0	0	0	0	
POCUMO_Ruteria_hypocrita	0	0	0	0	0	0	0	0	0	0	0	0	0	0	0	0	0	0	0	0	0	0	0	1	0	0	0	0	0	0	0	0	0	0	0	0	0	0	0	
N98	3.49092e-32	8.08602e-31	3.60029e-29	1.68164e-27	7.35651e-26	2.92468e-24	1.0469e-22	3.36089e-21	9.65217e-20	2.47444e-18	5.65071e-17	1.14711e-15	2.0658e-14	3.29339e-13	4.63843e-12	5.75931e-11	6.29138e-10	6.03402e-09	5.07076e-08	3.72632e-07	2.38988e-06	1.33517e-05	6.48571e-05	0.000273444	0.00099893	0.00315691	0.00861797	0.0202942	0.0411752	0.0719009	0.107967	0.139319	0.154433	0.14707	0.120484	0.0852804	0.0528347	0.0296823	0.0164313	
N99	8.33298e-17	3.50228e-16	3.23549e-15	3.50721e-14	3.75541e-13	3.7606e-12	3.45154e-11	2.87979e-10	2.17569e-09	1.48494e-08	9.13998e-08	5.06605e-07	2.52527e-06	1.13066e-05	4.54218e-05	0.000163554	0.000527392	0.00152175	0.00392648	0.00905497	0.0186562	0.0343319	0.0564236	0.0828169	0.108577	0.127187	0.13317	0.124698	0.104489	0.0784061	0.0527267	0.0318024	0.0172182	0.00837498	0.003664	0.00144552	0.000518614	0.000175038	6.44379e-05	
N100	3.29593e-17	2.36601e-16	4.19311e-15	8.00556e-14	1.38849e-12	2.11418e-11	2.79648e-10	3.19639e-09	3.14607e-08	2.65941e-07	1.92653e-06	1.19388e-05	6.31936e-05	0.00028534	0.00109794	0.00359723	0.0100298	0.0237903	0.048001	0.0823953	0.120368	0.149737	0.158743	0.143561	0.110882	0.0732402	0.041433	0.0201078	0.00838631	0.0030116	0.000933109	0.000250001	5.80597e-05	1.17188e-05	2.06178e-06	3.17254e-07	4.29362e-08	5.26292e-09	7.58278e-10	
N101	1.08947e-14	6.43278e-14	6.81915e-13	8.12695e-12	9.44809e-11	1.00804e-09	9.59415e-09	8.03402e-08	5.87615e-07	3.73766e-06	2.0614e-05	9.83535e-05	0.000405196	0.00143911	0.00440037	0.0115705	0.0261389	0.0506985	0.084387	0.120513	0.147663	0.155275	0.140196	0.108762	0.0725667	0.041688	0.0206481	0.00883094	0.00326687	0.00104727	0.000291518	7.06121e-05	1.49176e-05	2.75552e-06	4.46356e-07	6.37189e-08	8.13609e-09	9.94745e-10	1.62529e-10	
POCUSC_Polygraphus_poligraphus_M	0	0	0	0	0	0	0	0	0	1	0	0	0	0	0	0	0	0	0	0	0	0	0	0	0	0	0	0	0	0	0	0	0	0	0	0	0	0	0	
POCUSC_Phloeotribus_sp	0	0	0	0	0	0	0	0	0	0	0	0	0	0	0	0	0	0	0	1	0	0	0	0	0	0	0	0	0	0	0	0	0	0	0	0	0	0	0	
N102	2.49331e-14	1.37335e-13	1.42366e-12	1.65029e-11	1.85099e-10	1.8963e-09	1.72911e-08	1.38604e-07	9.7037e-07	5.91005e-06	3.12268e-05	0.000142822	0.000564413	0.00192417	0.0056513	0.014283	0.0310356	0.0579392	0.0928886	0.127861	0.151116	0.153392	0.133794	0.100354	0.0647933	0.0360525	0.0173126	0.00718618	0.00258294	0.000805461	0.000218368	5.15831e-05	1.06417e-05	1.92219e-06	3.04901e-07	4.26839e-08	5.35293e-09	6.43474e-10	1.03343e-10	
POCUBA_Limnobaris_sp	0	0	0	0	0	0	0	0	0	0	0	0	0	0	0	0	0	0	0	0	1	0	0	0	0	0	0	0	0	0	0	0	0	0	0	0	0	0	0	
POCUSC_Polygraphus_grandiclava	0	0	0	0	0	0	0	0	0	1	0	0	0	0	0	0	0	0	0	0	0	0	0	0	0	0	0	0	0	0	0	0	0	0	0	0	0	0	0	
POCUCU_Rhynchaenus_sp	0	0	0	0	0	0	0	0	0	0	0	0	0	0	0	0	0	0	0	1	0	0	0	0	0	0	0	0	0	0	0	0	0	0	0	0	0	0	0	
N103	9.19771e-27	1.2193e-25	2.81662e-24	7.0157e-23	1.73933e-21	4.10694e-20	8.99372e-19	1.79999e-17	3.26578e-16	5.34543e-15	7.86682e-14	1.03819e-12	1.22573e-11	1.29177e-10	1.21259e-09	1.01175e-08	7.48787e-08	4.90566e-07	2.83947e-06	1.44928e-05	6.51108e-05	0.000257036	0.000890178	0.00270057	0.00716714	0.01662	0.0336409	0.059387	0.0913751	0.122492	0.143052	0.145585	0.129229	0.10023	0.0681492	0.0408751	0.0219158	0.0108681	0.00548307	
N104	1.13271e-25	1.796e-24	4.9678e-23	1.46221e-21	4.18995e-20	1.11645e-18	2.70059e-17	5.85801e-16	1.13177e-14	1.93876e-13	2.93434e-12	3.91146e-11	4.5782e-10	4.69139e-09	4.19664e-08	3.26791e-07	2.2091e-06	1.29301e-05	6.53669e-05	0.000284769	0.00106687	0.00343116	0.00945858	0.0223232	0.0450683	0.0777982	0.114819	0.144921	0.156538	0.14486	0.115016	0.0785004	0.0461648	0.023461	0.0103422	0.00397577	0.00134552	0.000412319	0.000132954	
POCUSC_Hylastes_sp	0	0	0	0	0	0	0	0	0	0	0	0	0	0	0	0	0	0	0	1	0	0	0	0	0	0	0	0	0	0	0	0	0	0	0	0	0	0	0	
N105	6.43101e-29	2.25741e-27	1.54988e-25	1.03409e-23	6.12143e-22	3.14989e-20	1.39687e-18	5.30883e-17	1.7213e-15	4.74257e-14	1.10639e-12	2.17822e-11	3.60792e-10	5.01336e-09	5.82869e-08	5.65622e-07	4.57128e-06	3.07074e-05	0.000171154	0.000790334	0.00301977	0.00953761	0.0248823	0.0535948	0.0952915	0.139871	0.169553	0.169858	0.140766	0.0966288	0.0550347	0.0260611	0.0102877	0.00339711	0.000942963	0.000221756	4.4868e-05	8.15417e-06	1.64647e-06	
N106	2.22866e-28	6.56679e-27	3.78791e-25	2.09773e-23	1.0308e-21	4.4414e-20	1.67068e-18	5.46734e-17	1.55128e-15	3.80318e-14	8.02889e-13	1.45455e-11	2.25364e-10	2.97627e-09	3.3394e-08	3.17322e-07	2.54597e-06	1.71985e-05	9.75583e-05	0.000463588	0.0018415	0.0061037	0.0168558	0.0387392	0.0740402	0.117635	0.155372	0.170666	0.15603	0.11887	0.0755817	0.0401873	0.0179119	0.00671336	0.0021256	0.000573452	0.000134674	2.94919e-05	7.74354e-06	
N107	1.87228e-20	1.3449e-19	2.30103e-18	4.27761e-17	7.40269e-16	1.16122e-14	1.64099e-13	2.08298e-12	2.36916e-11	2.40883e-10	2.18422e-09	1.76216e-08	1.26195e-07	8.00384e-07	4.48582e-06	2.21686e-05	9.64045e-05	0.000368194	0.00123282	0.00361294	0.00925416	0.0206917	0.0403463	0.0685543	0.101455	0.130745	0.146723	0.143427	0.1222	0.0908188	0.0589405	0.0334482	0.0166265	0.00725683	0.00279272	0.000956607	0.000299164	9.18668e-05	3.35457e-05	
POCUSC_Dendroctonus_simplex	0	0	0	0	0	0	0	0	0	0	0	0	0	0	0	0	0	0	0	0	0	0	0	1	0	0	0	0	0	0	0	0	0	0	0	0	0	0	0	
POCUSC_Dendroctonus_pseudotsugae	0	0	0	0	0	0	0	0	0	0	0	0	0	0	0	0	0	0	0	0	0	0	0	1	0	0	0	0	0	0	0	0	0	0	0	0	0	0	0	
N108	1.74462e-27	4.75613e-26	2.61417e-24	1.35061e-22	6.15055e-21	2.45035e-19	8.51031e-18	2.56838e-16	6.71379e-15	1.51518e-13	2.94269e-12	4.90237e-11	6.9834e-10	8.47946e-09	8.74957e-08	7.64973e-07	5.65107e-06	3.51801e-05	0.000184114	0.000808238	0.00297036	0.00912368	0.0233902	0.0499982	0.0890504	0.132112	0.163264	0.168136	0.144408	0.103555	0.062092	0.0311874	0.013151	0.00466866	0.00140118	0.000358485	7.99968e-05	1.68225e-05	4.3649e-06	
N109	4.58275e-23	5.93729e-22	1.57043e-20	4.49861e-19	1.19638e-17	2.84817e-16	6.00962e-15	1.11891e-13	1.83225e-12	2.63074e-11	3.3019e-10	3.61185e-09	3.43304e-08	2.82705e-07	2.01116e-06	1.23255e-05	6.49015e-05	0.000292886	0.0011301	0.00372033	0.0104294	0.0248562	0.0502933	0.0863035	0.125508	0.15462	0.161361	0.142696	0.107003	0.0681079	0.0368487	0.0169755	0.00667319	0.00224469	0.000648783	0.000162495	3.61209e-05	7.72985e-06	2.08423e-06	
POCUSC_Dendroctonus_valens	0	0	0	0	0	0	0	0	0	0	0	0	0	0	0	0	0	0	0	0	0	1	0	0	0	0	0	0	0	0	0	0	0	0	0	0	0	0	0	
POCUSC_Dendroctonus_terebrans	0	0	0	0	0	0	0	0	0	0	0	0	0	0	0	0	0	0	0	1	0	0	0	0	0	0	0	0	0	0	0	0	0	0	0	0	0	0	0	
N110	8.06879e-25	1.24948e-23	4.26748e-22	1.45196e-20	4.46388e-19	1.22438e-17	2.98385e-16	6.4395e-15	1.22662e-13	2.05533e-12	3.01911e-11	3.87419e-10	4.32769e-09	4.19338e-08	3.51213e-07	2.53374e-06	1.56913e-05	8.31448e-05	0.000375788	0.00144453	0.00471038	0.0129998	0.030307	0.0595977	0.0987535	0.137808	0.161947	0.16034	0.133868	0.094379	0.0562877	0.0284604	0.0122314	0.00448207	0.00140648	0.000381124	9.12808e-05	2.09078e-05	5.92683e-06	
POCUSC_Dendroctonus_punctatus	0	0	0	0	0	0	0	0	0	0	0	0	0	0	0	0	0	0	0	0	0	0	0	0	0	1	0	0	0	0	0	0	0	0	0	0	0	0	0	
N111	9.15817e-59	1.52949e-55	3.43007e-52	7.22246e-49	1.34983e-45	2.21062e-42	3.15046e-39	3.88107e-36	4.10275e-33	3.69147e-30	2.80107e-27	1.77376e-24	9.26121e-22	3.93138e-19	1.33453e-16	3.55129e-14	7.23055e-12	1.09266e-09	1.17848e-07	8.60931e-06	0.000395855	0.0102614	0.125025	0.505313	0.295983	0.0574893	0.00524459	0.000269447	8.70068e-06	1.8998e-07	2.95505e-09	3.40473e-11	2.99586e-13	2.06388e-15	1.1372e-17	5.11137e-20	1.91237e-22	6.09683e-25	1.83704e-27	
POCUSC_Dendroctonus_rufipennis	0	0	0	0	0	0	0	0	0	0	0	0	0	0	0	0	0	0	0	0	0	0	0	1	0	0	0	0	0	0	0	0	0	0	0	0	0	0	0	
POCUSC_Dendroctonus_murrayanae	0	0	0	0	0	0	0	0	0	0	0	0	0	0	0	0	0	0	0	0	0	0	0	1	0	0	0	0	0	0	0	0	0	0	0	0	0	0	0	
N112	3.18028e-19	2.5659e-18	3.6233e-17	6.40865e-16	1.2e-14	2.15575e-13	3.53172e-12	5.14027e-11	6.55082e-10	7.24524e-09	6.91295e-08	5.66552e-07	3.97491e-06	2.38096e-05	0.000121489	0.000527052	0.0019408	0.00605756	0.0160052	0.0357606	0.0675032	0.107569	0.144618	0.163958	0.156709	0.126259	0.0857587	0.0491229	0.0237426	0.00969136	0.00334476	0.000977599	0.000242494	5.12043e-05	9.24845e-06	1.44168e-06	1.97782e-07	2.51265e-08	3.688e-09	
N113	3.83259e-19	6.92798e-18	2.40852e-16	8.39157e-15	2.61258e-13	7.03149e-12	1.6125e-10	3.11844e-09	5.03524e-08	6.71642e-07	7.31604e-06	6.42673e-05	0.000449187	0.00246282	0.0104413	0.0337607	0.0822758	0.149885	0.203486	0.206447	0.157772	0.0918772	0.0413236	0.014559	0.00407424	0.000917663	0.000168413	2.547e-05	3.20713e-06	3.39407e-07	3.04486e-08	2.33394e-09	1.53994e-10	8.80905e-12	4.40154e-13	1.93766e-14	7.60294e-16	2.72328e-17	1.13282e-18	
POCUSC_Dendroctonus_jeffreyi	0	0	0	0	0	0	0	0	0	0	0	0	0	0	0	0	0	1	0	0	0	0	0	0	0	0	0	0	0	0	0	0	0	0	0	0	0	0	0	
POCUSC_Dendroctonus_ponderosae	0	0	0	0	0	0	0	0	0	0	0	0	0	0	0	0	0	1	0	0	0	0	0	0	0	0	0	0	0	0	0	0	0	0	0	0	0	0	0	
N114	3.6862e-14	2.073e-13	1.59748e-12	1.40996e-11	1.3333e-10	1.25861e-09	1.12242e-08	9.11838e-08	6.59848e-07	4.19541e-06	2.32366e-05	0.000111477	0.000461448	0.00164344	0.00502513	0.0131694	0.0295408	0.0566532	0.0928047	0.129756	0.154748	0.157347	0.136356	0.100691	0.063355	0.0339703	0.0155266	0.00605246	0.00201362	0.000572324	0.000139146	2.89845e-05	5.18358e-06	7.98145e-07	1.06259e-07	1.23267e-08	1.26938e-09	1.23314e-10	1.51776e-11	
POCUSC_Dendroctonus_frontalis	0	0	0	0	0	0	0	0	0	1	0	0	0	0	0	0	0	0	0	0	0	0	0	0	0	0	0	0	0	0	0	0	0	0	0	0	0	0	0	
N115	7.16969e-09	2.14787e-08	9.12299e-08	4.29614e-07	2.11253e-06	1.02449e-05	4.6717e-05	0.000193711	0.000714868	0.00231699	0.00654186	0.0160085	0.0338439	0.0616896	0.0968271	0.13077	0.151909	0.151764	0.130412	0.0964147	0.0613539	0.033625	0.0158823	0.00647084	0.00227628	0.000692131	0.000182132	4.15353e-05	8.22131e-06	1.41475e-06	2.1204e-07	2.77335e-08	3.17226e-09	3.18082e-10	2.80396e-11	2.183e-12	1.51929e-13	9.97569e-15	8.68587e-16	
POCUSC_Dendroctonus_adjunctus	0	0	0	0	0	0	0	1	0	0	0	0	0	0	0	0	0	0	0	0	0	0	0	0	0	0	0	0	0	0	0	0	0	0	0	0	0	0	0	
N116	1.27091e-05	2.48009e-05	7.10569e-05	0.000222885	0.000704999	0.00212549	0.00585757	0.014357	0.0307872	0.057228	0.0917521	0.126568	0.150078	0.15296	0.134072	0.101157	0.0657757	0.0369107	0.0179028	0.00751779	0.00273791	0.000866379	0.000238662	5.73458e-05	1.20434e-05	2.21527e-06	3.57655e-07	5.07932e-08	6.35938e-09	7.03501e-10	6.89197e-11	5.99304e-12	4.63637e-13	3.19853e-14	1.97253e-15	1.09075e-16	5.44935e-18	2.5725e-19	1.67013e-20	
POCUSC_Dendroctonus_approximatus	0	0	0	0	0	1	0	0	0	0	0	0	0	0	0	0	0	0	0	0	0	0	0	0	0	0	0	0	0	0	0	0	0	0	0	0	0	0	0	
POCUSC_Dendroctonus_brevicomis	0	0	0	0	0	1	0	0	0	0	0	0	0	0	0	0	0	0	0	0	0	0	0	0	0	0	0	0	0	0	0	0	0	0	0	0	0	0	0	
POCUSC_Hylurgops_sp	0	0	0	0	0	0	0	0	0	0	0	0	0	0	0	0	0	0	0	0	1	0	0	0	0	0	0	0	0	0	0	0	0	0	0	0	0	0	0	
N117	1.09295e-39	5.2859e-38	5.0887e-36	4.68973e-34	3.89353e-32	2.88586e-30	1.90265e-28	1.11299e-26	5.76398e-25	2.63725e-23	1.0639e-21	3.77667e-20	1.17738e-18	3.21717e-17	7.69032e-16	1.60512e-14	2.91981e-13	4.62061e-12	6.35012e-11	7.56597e-10	7.80266e-09	6.95414e-08	5.34852e-07	3.545e-06	2.02228e-05	9.91744e-05	0.000417668	0.00150911	0.00467414	0.0124009	0.0281652	0.0547369	0.0910067	0.129488	0.157884	0.165525	0.150251	0.119478	0.0843405	
N118	8.64915e-31	1.3427e-29	4.35889e-28	1.53767e-26	5.15691e-25	1.5907e-23	4.46802e-22	1.13793e-20	2.62074e-19	5.44635e-18	1.01936e-16	1.71516e-15	2.58992e-14	3.50383e-13	4.23995e-12	4.58183e-11	4.41455e-10	3.78638e-09	2.88659e-08	1.95305e-07	1.17104e-06	6.21345e-06	2.91338e-05	0.000120555	0.000439691	0.00141178	0.00398625	0.0098881	0.0215299	0.0411194	0.0688505	0.10104	0.129952	0.146506	0.144862	0.12581	0.0963939	0.0660609	0.0419924	
N119	1.773e-18	7.93017e-18	6.04459e-17	5.32415e-16	4.86972e-15	4.41246e-14	3.85362e-13	3.18544e-12	2.46213e-11	1.76539e-10	1.16817e-09	7.10895e-09	3.96904e-08	2.02941e-07	9.48954e-07	4.05315e-06	1.57964e-05	5.61214e-05	0.000181601	0.000534772	0.00143197	0.00348411	0.00769717	0.0154299	0.0280483	0.0462062	0.0689434	0.0931191	0.113788	0.125724	0.125528	0.113186	0.0921022	0.0675927	0.0447238	0.0267058	0.0144761	0.00729761	0.00372259	
POCUSC_Scolytus_sp	0	0	0	0	0	0	0	0	0	1	0	0	0	0	0	0	0	0	0	0	0	0	0	0	0	0	0	0	0	0	0	0	0	0	0	0	0	0	0	
POCUBA_Metialma_sp	0	0	0	0	0	0	0	0	0	0	0	0	0	0	0	0	0	0	0	0	0	0	0	0	0	1	0	0	0	0	0	0	0	0	0	0	0	0	0	
N120	8.59295e-26	6.94859e-25	1.27224e-23	2.5958e-22	5.09805e-21	9.30775e-20	1.56426e-18	2.41114e-17	3.40182e-16	4.3862e-15	5.16081e-14	5.53323e-13	5.39826e-12	4.78557e-11	3.84956e-10	2.80604e-09	1.85095e-08	1.10343e-07	5.93733e-07	2.88005e-06	1.25795e-05	4.94199e-05	0.000174448	0.000552776	0.00157103	0.00400179	0.00913075	0.0186532	0.0341109	0.0558374	0.0818403	0.107471	0.126576	0.133918	0.12758	0.10983	0.0859223	0.0616523	0.0411134	
N121	9.81731e-32	1.64535e-30	6.17143e-29	2.36068e-27	8.37811e-26	2.72629e-24	8.10904e-23	2.19985e-21	5.43152e-20	1.21788e-18	2.4744e-17	4.54469e-16	7.52785e-15	1.12176e-13	1.50002e-12	1.7953e-11	1.91811e-10	1.82447e-09	1.54081e-08	1.15217e-07	7.60778e-07	4.42375e-06	2.25924e-05	0.000101078	0.000395199	0.00134727	0.00399651	0.0102975	0.0230139	0.0445672	0.0747454	0.108576	0.136718	0.149513	0.14249	0.119078	0.0882671	0.0593156	0.0375504	
POCUMO_Adexius_scrobipennis	0	0	0	0	0	0	0	0	0	0	0	0	0	0	0	0	0	0	0	0	0	0	0	0	0	0	0	0	0	1	0	0	0	0	0	0	0	0	0	
POCUCU_Cionus_sp	0	0	0	0	0	0	0	0	0	0	0	0	0	0	0	0	0	0	0	0	0	0	0	0	0	0	0	0	0	0	0	0	0	1	0	0	0	0	0	
POCUBR_Notaris_sp	0	0	0	0	0	0	0	0	0	0	0	0	0	0	0	0	0	0	0	0	0	0	0	1	0	0	0	0	0	0	0	0	0	0	0	0	0	0	0	
N122	6.24117e-38	2.39491e-36	1.58872e-34	1.12171e-32	7.53803e-31	4.62828e-29	2.55688e-27	1.26289e-25	5.558e-24	2.17428e-22	7.5447e-21	2.3175e-19	6.28913e-18	1.50488e-16	3.16889e-15	5.86099e-14	9.50313e-13	1.34829e-11	1.67081e-10	1.80519e-09	1.69757e-08	1.38713e-07	9.8335e-07	6.03875e-06	3.20791e-05	0.000147219	0.000582973	0.00198974	0.00584762	0.0147851	0.0321383	0.0600272	0.0963199	0.132828	0.157653	0.161602	0.144047	0.112956	0.0790358	
N123	6.57984e-31	9.98052e-30	2.98645e-28	1.01688e-26	3.34412e-25	1.01543e-23	2.81238e-22	7.07538e-21	1.61328e-19	3.32796e-18	6.2005e-17	1.04166e-15	1.57526e-14	2.14076e-13	2.61001e-12	2.84993e-11	2.78232e-10	2.42453e-09	1.88261e-08	1.30041e-07	7.97755e-07	4.33928e-06	2.08944e-05	8.89255e-05	0.000334002	0.0011055	0.00321995	0.00824208	0.0185175	0.0364747	0.0629275	0.0950163	0.125515	0.145089	0.146972	0.130946	0.103446	0.0736209	0.0484581	
N124	1.62053e-19	8.30991e-19	9.94987e-18	1.3758e-16	1.83478e-15	2.26046e-14	2.54343e-13	2.60333e-12	2.41887e-11	2.03691e-10	1.55231e-09	1.06914e-08	6.646e-08	3.72402e-07	1.87874e-06	8.52382e-06	3.47424e-05	0.000127094	0.000416923	0.00122551	0.00322566	0.00759839	0.0160114	0.0301715	0.0508297	0.0765476	0.103042	0.123986	0.133363	0.128243	0.110254	0.0847442	0.0582272	0.0357574	0.019629	0.00965293	0.0042963	0.00179965	0.00080447	
POCUCE_Zacladus_geranii	0	0	0	0	0	0	0	0	0	0	0	0	0	0	0	0	0	0	0	0	0	1	0	0	0	0	0	0	0	0	0	0	0	0	0	0	0	0	0	
N125	2.71035e-18	1.82756e-17	2.94442e-16	5.10153e-15	8.13352e-14	1.16237e-12	1.47955e-11	1.67175e-10	1.6718e-09	1.47547e-08	1.14602e-07	7.81215e-07	4.66143e-06	2.42854e-05	0.000110213	0.000434776	0.00148809	0.00441216	0.0113186	0.0251	0.0480922	0.0796054	0.113864	0.140821	0.150731	0.139808	0.112544	0.0787674	0.0480248	0.0255638	0.0119083	0.00486663	0.00174956	0.000554856	0.000155703	3.88072e-05	8.66607e-06	1.8081e-06	4.4377e-07	
POCUCE_Nedyus_quadrimaculatus	0	0	0	0	0	0	0	0	0	0	0	0	0	0	0	0	0	0	0	0	0	1	0	0	0	0	0	0	0	0	0	0	0	0	0	0	0	0	0	
POCUCE_Rhinoncus_sp	0	0	0	0	0	0	0	0	0	0	0	0	0	0	0	0	0	1	0	0	0	0	0	0	0	0	0	0	0	0	0	0	0	0	0	0	0	0	0	
N126	8.36661e-20	4.21849e-19	5.3019e-18	7.6099e-17	1.03911e-15	1.30598e-14	1.50045e-13	1.57175e-12	1.4983e-11	1.29742e-10	1.01873e-09	7.24049e-09	4.65008e-08	2.69401e-07	1.40563e-06	6.59466e-06	2.7779e-05	0.000104915	0.000354818	0.00107329	0.00290097	0.00700024	0.0150708	0.028933	0.0495159	0.0755305	0.102691	0.124462	0.134509	0.129669	0.111544	0.0856533	0.0587282	0.0359636	0.0196821	0.00965445	0.00429553	0.00180918	0.000818649	
POCUMO_Acalles_camelus	0	0	0	0	0	0	0	0	0	0	0	0	0	0	0	0	0	0	0	0	0	0	0	1	0	0	0	0	0	0	0	0	0	0	0	0	0	0	0	
POCUMO_Acalles_echinatus	0	0	0	0	0	0	0	0	0	0	0	0	0	0	0	0	0	0	0	0	0	0	0	1	0	0	0	0	0	0	0	0	0	0	0	0	0	0	0	
POCUTY_Tychius_sp	0	0	0	0	0	0	0	0	0	0	0	0	0	0	0	0	0	0	0	0	0	0	0	0	0	0	0	0	0	0	1	0	0	0	0	0	0	0	0	
