NODE	7	8	9	10	11	12	13	14	15	16	17	18	19	20	21	22	23	24	25	26	27	28	29	
N1	0.305076	0.26452	0.197776	0.125449	0.0660723	0.0282675	0.00963362	0.0025747	0.000533512	8.508e-05	1.04011e-05	9.73766e-07	6.9906e-08	3.86011e-09	1.64687e-10	5.45951e-12	1.41605e-13	1.33347e-17	1.7065e-18	1.97666e-19	2.12405e-20	2.23109e-21	2.80446e-22	
N2	0.110888	0.120109	0.128646	0.132803	0.128964	0.115596	0.0943783	0.0695753	0.046056	0.027283	0.0144349	0.00681405	0.00286874	0.00107721	0.000360923	0.000107985	2.88861e-05	6.92422e-06	1.49505e-06	2.9498e-07	5.56478e-08	1.16242e-08	4.05952e-09	
N3	0.0518981	0.0639584	0.083117	0.105327	0.12427	0.133259	0.128172	0.109692	0.083093	0.0555167	0.0326385	0.0168599	0.00764675	0.00304464	0.0010646	0.000327197	8.85256e-05	2.11424e-05	4.48279e-06	8.55988e-07	1.53552e-07	2.97229e-08	9.51762e-09	
POCUBR_Notaris_sp	0	0	0	0	0	0	1	0	0	0	0	0	0	0	0	0	0	0	0	0	0	0	0	
N4	0.0165404	0.0242433	0.0401597	0.0652257	0.0970379	0.128155	0.147839	0.147591	0.126772	0.0933335	0.0587574	0.031585	0.014488	0.00567074	0.00189495	0.000541165	0.000132285	2.77442e-05	5.01392e-06	7.89098e-07	1.1206e-07	1.64985e-08	4.14848e-09	
N5	0.00107863	0.00207908	0.00504978	0.0122135	0.0268293	0.0517715	0.0865115	0.124204	0.152414	0.159273	0.141375	0.106414	0.0678638	0.0366633	0.0167883	0.00652349	0.00215529	0.000607417	0.000146932	3.09673e-05	5.94171e-06	1.19565e-06	3.87078e-07	
N6	1.51163e-31	2.25631e-28	2.98972e-25	3.28903e-22	2.92958e-19	2.05589e-16	1.10275e-13	4.36259e-11	1.2169e-08	2.25134e-06	0.000252294	0.0147054	0.322542	0.475874	0.181901	0.0046774	4.52671e-05	2.27973e-07	6.96696e-10	1.42162e-12	2.09352e-15	2.44521e-18	2.80622e-21	
POCUDR_Sphenophorus_sp	0	0	0	0	0	0	0	0	0	0	0	0	0	0	1	0	0	0	0	0	0	0	0	
POCUDR_Metamasius_hemipterus	0	0	0	0	0	0	0	0	0	0	0	0	1	0	0	0	0	0	0	0	0	0	0	
POCUDR_Diocalandra_sp	0	0	0	0	0	0	0	0	0	0	1	0	0	0	0	0	0	0	0	0	0	0	0	
N7	0.0218722	0.0294925	0.0451716	0.0702991	0.102456	0.133248	0.150702	0.146295	0.121121	0.0852802	0.0510177	0.0259385	0.0112191	0.00413462	0.00130088	0.000350243	8.09054e-05	1.60839e-05	2.76348e-06	4.14173e-07	5.59564e-08	7.84899e-09	1.92383e-09	
POCUDR_Cosmopolites_sordidus	0	0	0	0	0	0	1	0	0	0	0	0	0	0	0	0	0	0	0	0	0	0	0	
POCUDR_Rhynchophorus_ferrugineus	0	0	0	0	0	0	0	1	0	0	0	0	0	0	0	0	0	0	0	0	0	0	0	
N8	0.0460981	0.0568093	0.0744866	0.0963754	0.117143	0.130099	0.129993	0.115817	0.0915187	0.0639321	0.0394061	0.0214091	0.0102486	0.00432328	0.00160801	0.000527824	0.000153118	3.93476e-05	9.00276e-06	1.86047e-06	3.63839e-07	7.84683e-08	2.82747e-08	
N9	0.0119341	0.0184252	0.0324381	0.0556761	0.0871053	0.1206	0.145539	0.151746	0.135956	0.104323	0.0684254	0.0383303	0.0183375	0.00749714	0.00262269	0.000786434	0.000202602	4.49829e-05	8.6518e-06	1.45882e-06	2.24032e-07	3.61012e-08	9.85767e-09	
POCUBR_Echinocnemus_sp	0	0	0	0	0	1	0	0	0	0	0	0	0	0	0	0	0	0	0	0	0	0	0	
POCUER_Tanysphyrus_lemnae	0	0	0	0	0	0	0	0	0	0	0	0	1	0	0	0	0	0	0	0	0	0	0	
POCUER_Procas_sp	0	0	0	0	0	0	1	0	0	0	0	0	0	0	0	0	0	0	0	0	0	0	0	
N10	0.291322	0.263057	0.201322	0.129962	0.0696525	0.0303996	0.0106141	0.00292288	0.000628434	0.000104829	1.35259e-05	1.34953e-06	1.04312e-07	6.26824e-09	2.94227e-10	1.08488e-11	3.16099e-13	7.30889e-15	1.34373e-16	1.96932e-18	2.33082e-20	2.3836e-22	3.49305e-24	
N11	0.213765	0.208509	0.184516	0.147568	0.106022	0.0679902	0.0386883	0.0194389	0.00859182	0.00333168	0.00113153	0.000336294	8.74466e-05	1.99027e-05	3.96833e-06	6.94032e-07	1.06648e-07	1.44313e-08	1.72629e-09	1.84285e-10	1.81171e-11	1.85022e-12	3.20027e-13	
N12	0.162873	0.169473	0.167721	0.153965	0.128014	0.0946175	0.0613386	0.0345582	0.016818	0.00704276	0.00253231	0.000781098	0.000206695	4.69608e-05	9.17314e-06	1.54337e-06	2.24156e-07	2.81789e-08	3.07768e-09	2.94393e-10	2.53369e-11	2.20217e-12	3.25396e-13	
N13	0.125924	0.139779	0.153508	0.158034	0.14578	0.11681	0.0797204	0.0457863	0.0219685	0.00876756	0.00290357	0.000797114	0.000181402	3.42486e-05	5.37209e-06	7.01437e-07	7.6422e-08	6.96705e-09	5.33241e-10	3.443e-11	1.90158e-12	9.79199e-14	8.65177e-15	
N14	0.105928	0.119245	0.134855	0.145625	0.143964	0.126486	0.0968449	0.0638054	0.0358847	0.0171445	0.00693984	0.00237735	0.000689223	0.000169246	3.52553e-05	6.24283e-06	9.42235e-07	1.21662e-07	1.35201e-08	1.30986e-09	1.14699e-10	1.02641e-11	1.5371e-12	
POCUEN_Phyllobius_pyri	0	0	0	0	1	0	0	0	0	0	0	0	0	0	0	0	0	0	0	0	0	0	0	
N15	0.0790645	0.0921377	0.110579	0.128824	0.139155	0.135221	0.115986	0.0867945	0.0562587	0.0314523	0.0151316	0.0062587	0.00222572	0.00068107	0.000179578	4.08794e-05	8.05585e-06	1.37986e-06	2.06964e-07	2.7636e-08	3.42574e-09	4.41548e-10	8.71443e-11	
POCUEN_Phyllobius_argentatus	0	0	0	0	0	0	0	0	0	0	1	0	0	0	0	0	0	0	0	0	0	0	0	
POCUEN_Liophloeus_tessulatus	0	0	0	0	0	0	1	0	0	0	0	0	0	0	0	0	0	0	0	0	0	0	0	
N16	0.0935602	0.111972	0.136182	0.154483	0.155316	0.134687	0.0992403	0.0615867	0.0320216	0.0139078	0.00503878	0.00152244	0.000383882	8.08929e-05	1.42739e-05	2.11435e-06	2.63681e-07	2.7781e-08	2.48401e-09	1.90028e-10	1.27262e-11	8.22499e-13	8.80541e-14	
N17	0.049958	0.0659562	0.0937946	0.127206	0.153318	0.158581	0.138391	0.101031	0.0614312	0.0310447	0.0130302	0.00454387	0.00131794	0.000318508	6.42811e-05	1.08633e-05	1.54205e-06	1.8453e-07	1.87035e-08	1.61962e-09	1.22862e-10	9.05778e-12	1.09696e-12	
N18	0.0114317	0.0220706	0.049261	0.0986769	0.16059	0.20318	0.195384	0.141091	0.076073	0.030584	0.00918566	0.00206995	0.000352144	4.55653e-05	4.52203e-06	3.47277e-07	2.08272e-08	9.84461e-10	3.70208e-11	1.11954e-12	2.7785e-14	6.1672e-16	2.24853e-17	
N19	0.00934348	0.0180571	0.0418266	0.0882217	0.151207	0.200905	0.202292	0.152533	0.0856396	0.0357518	0.0111178	0.00258647	0.000452942	6.01596e-05	6.11184e-06	4.79257e-07	2.92774e-08	1.40649e-09	5.36395e-11	1.64106e-12	4.10512e-14	9.13371e-16	3.25732e-17	
N20	3.96618e-08	8.4919e-07	1.8753e-05	0.000309549	0.00357018	0.0268722	0.1215	0.296691	0.342247	0.16587	0.0379058	0.00465758	0.000340738	1.60065e-05	5.10991e-07	1.15807e-08	1.92865e-10	2.42716e-12	2.36221e-14	1.81344e-16	1.12011e-18	5.81857e-21	3.83499e-23	
POCUEN_Hypera_postica	0	0	0	0	0	0	0	0	1	0	0	0	0	0	0	0	0	0	0	0	0	0	0	
POCUEN_Hypera_nigrirostris	0	0	0	0	0	0	0	0	1	0	0	0	0	0	0	0	0	0	0	0	0	0	0	
POCUEN_Eudiagogus_sp	0	0	0	0	0	0	0	0	1	0	0	0	0	0	0	0	0	0	0	0	0	0	0	
N21	0.0466044	0.0844733	0.1637	0.241602	0.236064	0.147813	0.0600338	0.0162509	0.00302158	0.000397075	3.78411e-05	2.67538e-06	1.43169e-07	5.90291e-09	1.905e-10	4.88069e-12	1.00546e-13	1.68487e-15	2.32096e-17	2.65453e-19	2.5508e-21	2.14242e-23	2.49194e-25	
POCUEN_Barypeithes_sp	0	0	0	1	0	0	0	0	0	0	0	0	0	0	0	0	0	0	0	0	0	0	0	
POCUEN_Polydrusus_mollis_M	0	0	0	1	0	0	0	0	0	0	0	0	0	0	0	0	0	0	0	0	0	0	0	
N22	0.0012281	0.00277573	0.00754295	0.0192073	0.0425422	0.079771	0.125025	0.16258	0.174571	0.15429	0.112029	0.0667697	0.0326686	0.0131346	0.00434751	0.00118781	0.000268803	5.06047e-05	7.97324e-06	1.063e-06	1.23686e-07	1.4207e-08	2.72565e-09	
POCUEN_Hypomeces_squamosus	0	0	0	0	0	0	1	0	0	0	0	0	0	0	0	0	0	0	0	0	0	0	0	
POCUEN_Sympiezomias_cribricollis	0	0	0	0	0	0	0	0	0	0	0	0	0	0	1	0	0	0	0	0	0	0	0	
POCUEN_Bothrometopus_sp	0	0	1	0	0	0	0	0	0	0	0	0	0	0	0	0	0	0	0	0	0	0	0	
N23	0.119904	0.136245	0.152902	0.158607	0.146125	0.117171	0.0809453	0.0479181	0.0242381	0.010462	0.00385245	0.00121093	0.000325309	7.48222e-05	1.47662e-05	2.50679e-06	3.67172e-07	4.65739e-08	5.14568e-09	5.01337e-10	4.45899e-11	4.05183e-12	5.85754e-13	
POCUEN_Foucartia_squamulata	0	0	0	0	0	0	0	0	0	0	1	0	0	0	0	0	0	0	0	0	0	0	0	
N24	0.182048	0.190294	0.186938	0.164887	0.125554	0.0803377	0.0425084	0.0184444	0.00654062	0.00189514	0.000449471	8.75218e-05	1.40462e-05	1.86605e-06	2.06176e-07	1.90373e-08	1.47631e-09	9.66356e-11	5.36778e-12	2.54737e-13	1.04938e-14	4.06967e-16	2.62482e-17	
POCUEN_Sitona_lineatus	0	1	0	0	0	0	0	0	0	0	0	0	0	0	0	0	0	0	0	0	0	0	0	
N25	0.161323	0.18257	0.197512	0.184517	0.139166	0.0816942	0.0366831	0.0125235	0.00325277	0.000645784	9.87017e-05	1.17128e-05	1.08917e-06	8.01184e-08	4.70612e-09	2.2278e-10	8.57464e-12	2.70618e-13	7.05982e-15	1.53443e-16	2.80749e-18	4.5341e-20	1.10115e-21	
POCUCL_Cleonus_sp	0	0	0	0	0	1	0	0	0	0	0	0	0	0	0	0	0	0	0	0	0	0	0	
N26	0.176907	0.204579	0.219093	0.190049	0.124084	0.0590133	0.0202307	0.0050081	0.000902901	0.000119991	1.19162e-05	8.96876e-07	5.18798e-08	2.33758e-09	8.30934e-11	2.35824e-12	5.40353e-14	1.01007e-15	1.55525e-17	1.99036e-19	2.13636e-21	1.97651e-23	2.57747e-25	
POCUMO_Larinus_sp	0	0	0	0	1	0	0	0	0	0	0	0	0	0	0	0	0	0	0	0	0	0	0	
POCUMO_Lixus_sp	0	1	0	0	0	0	0	0	0	0	0	0	0	0	0	0	0	0	0	0	0	0	0	
N27	0.0802892	0.095056	0.116455	0.137387	0.147801	0.140141	0.114844	0.0804541	0.0478939	0.0241517	0.0103027	0.00371704	0.00113482	0.000293523	6.44253e-05	1.20242e-05	1.91302e-06	2.60253e-07	3.04143e-08	3.0823e-09	2.79069e-10	2.55818e-11	4.11059e-12	
N28	0.0739741	0.0875885	0.107474	0.127713	0.139926	0.137231	0.118502	0.0892911	0.0584258	0.0331159	0.016242	0.00689184	0.00253121	0.000805431	0.000222346	5.3347e-05	1.1151e-05	2.03817e-06	3.28015e-07	4.72292e-08	6.34357e-09	8.94001e-10	1.96908e-10	
N29	0.00143426	0.00341928	0.0087634	0.0201278	0.0404624	0.0707299	0.107	0.139506	0.156212	0.149798	0.122742	0.0857898	0.051087	0.0259013	0.0111795	0.00411063	0.00128996	0.00034681	8.04895e-05	1.63781e-05	3.02898e-06	5.66227e-07	1.58819e-07	
POCUEN_Brachyderes_incanus	0	0	1	0	0	0	0	0	0	0	0	0	0	0	0	0	0	0	0	0	0	0	0	
N30	1.7082e-19	9.3711e-18	5.34701e-16	2.59236e-14	1.05816e-12	3.60833e-11	1.0186e-09	2.35521e-08	4.40555e-07	6.57065e-06	7.68081e-05	0.000689473	0.00463724	0.0226831	0.077845	0.179691	0.266722	0.245734	0.13959	0.0492047	0.0110178	0.00175643	0.000345705	
POCUEN_Strophosoma_melanogrammum	0	0	0	0	0	0	0	0	0	0	0	0	0	0	0	0	1	0	0	0	0	0	0	
POCUEN_Strophosoma_capitatum	0	0	0	0	0	0	0	0	0	0	0	0	0	0	0	0	0	0	0	0	1	0	0	
POCUEN_Chlorophanus_sp	0	0	1	0	0	0	0	0	0	0	0	0	0	0	0	0	0	0	0	0	0	0	0	
N31	0.0559086	0.0697586	0.0930581	0.121396	0.145057	0.15225	0.136786	0.103557	0.0654542	0.0343596	0.0149415	0.00537801	0.00160294	0.000396138	8.13344e-05	1.39099e-05	1.98801e-06	2.38487e-07	2.41793e-08	2.09942e-09	1.61088e-10	1.20649e-11	1.4499e-12	
POCUEN_Otiorhynchus_armadillo	0	0	0	0	0	0	0	1	0	0	0	0	0	0	0	0	0	0	0	0	0	0	0	
N32	0.0482967	0.0613426	0.0844873	0.114596	0.142458	0.15512	0.144007	0.112185	0.0726599	0.0389224	0.0171993	0.0062639	0.00188083	0.000466188	9.55676e-05	1.62431e-05	2.29573e-06	2.7078e-07	2.67811e-08	2.24059e-09	1.62826e-10	1.15559e-11	1.42198e-12	
N33	0.0324115	0.0428256	0.0625738	0.0908307	0.121951	0.145303	0.150109	0.132722	0.0997145	0.0634184	0.0340883	0.0154823	0.00594623	0.00193411	0.000533894	0.000125392	2.51324e-05	4.31463e-06	6.37829e-07	8.20579e-08	9.47719e-09	1.10935e-09	2.19408e-10	
POCUDR_Sitophilus_oryzae	0	0	0	0	0	0	0	0	0	0	1	0	0	0	0	0	0	0	0	0	0	0	0	
N34	0.016155	0.0303347	0.0658888	0.125711	0.188507	0.212834	0.17796	0.109794	0.05019	0.0171552	0.00443716	0.00088007	0.000135683	1.64769e-05	1.59596e-06	1.24756e-07	7.95639e-09	4.18219e-10	1.82999e-11	6.74417e-13	2.13939e-14	6.29271e-16	2.81465e-17	
POCUMO_Pachylobius_picivorus	0	0	0	0	0	0	1	0	0	0	0	0	0	0	0	0	0	0	0	0	0	0	0	
N35	0.000807651	0.00687224	0.0532334	0.21895	0.372577	0.262472	0.0742045	0.0100893	0.000759258	3.48166e-05	1.04127e-06	2.1357e-08	3.12281e-10	3.35734e-12	2.72202e-14	1.70004e-16	8.32852e-19	3.25115e-21	1.02529e-23	2.6446e-26	5.65127e-29	1.03268e-31	2.26912e-34	
POCUDR_Sitophilus_granarius	0	0	0	1	0	0	0	0	0	0	0	0	0	0	0	0	0	0	0	0	0	0	0	
POCUDR_Sitophilus_zeamais	0	0	0	0	0	1	0	0	0	0	0	0	0	0	0	0	0	0	0	0	0	0	0	
N36	0.00441628	0.00844833	0.0202853	0.0470972	0.0935216	0.150538	0.191592	0.190386	0.146737	0.0874391	0.0402504	0.0143264	0.00395204	0.00084789	0.000142101	1.86988e-05	1.94285e-06	1.60384e-07	1.05954e-08	5.66636e-10	2.5364e-11	1.10432e-12	9.57347e-14	
N37	0.00101012	0.00256605	0.00837388	0.0253	0.062823	0.122375	0.183179	0.208638	0.180034	0.117584	0.0582135	0.0219211	0.0063098	0.00139696	0.000239603	3.20916e-05	3.38492e-06	2.83637e-07	1.90514e-08	1.03589e-09	4.63618e-11	1.84208e-12	1.16316e-13	
N38	0.000374156	0.00204708	0.0132974	0.0615139	0.175086	0.287076	0.265903	0.140532	0.0442104	0.00872021	0.00113194	0.000100782	6.37095e-06	2.94302e-07	1.01787e-08	2.69083e-10	5.53543e-12	9.00086e-14	1.17308e-15	1.2414e-17	1.08364e-19	8.17571e-22	8.21735e-24	
POCUCU_Gymnetron_antirhini	0	0	0	0	1	0	0	0	0	0	0	0	0	0	0	0	0	0	0	0	0	0	0	
POCUEN_Naupactus_xanthographus	0	0	0	0	0	0	1	0	0	0	0	0	0	0	0	0	0	0	0	0	0	0	0	
N39	5.88691e-16	6.99886e-14	8.06604e-12	7.42901e-10	5.20178e-08	2.63473e-06	9.129e-05	0.00201422	0.0254904	0.155418	0.332651	0.314469	0.140216	0.027659	0.00192122	6.45578e-05	1.24958e-06	1.54494e-08	1.30606e-10	7.9277e-13	3.59739e-15	1.29653e-17	5.43015e-20	
POCUCU_Gymnetron_tetrum	0	0	0	0	0	0	0	0	0	0	0	0	0	1	0	0	0	0	0	0	0	0	0	
POCUCE_Phytobius_sp	0	0	0	0	0	0	0	0	0	1	0	0	0	0	0	0	0	0	0	0	0	0	0	
N40	0.00443132	0.00843153	0.0201759	0.0468186	0.0930477	0.149984	0.191223	0.190432	0.14717	0.0879911	0.0406703	0.0145471	0.00403633	0.000871887	0.000147277	1.95553e-05	2.05276e-06	1.71425e-07	1.14725e-08	6.22545e-10	2.83304e-11	1.25228e-12	1.06287e-13	
POCUEN_Dyslobus_sp	0	0	0	0	0	0	0	1	0	0	0	0	0	0	0	0	0	0	0	0	0	0	0	
POCUEN_Sitona_hispidulus	0	0	0	0	0	0	0	0	1	0	0	0	0	0	0	0	0	0	0	0	0	0	0	
N41	0.275113	0.254771	0.20269	0.136845	0.0770162	0.0354626	0.0131427	0.0038711	0.000898366	0.000163426	2.32553e-05	2.58935e-06	2.26085e-07	1.55357e-08	8.44079e-10	3.64561e-11	1.25904e-12	3.49843e-14	7.87041e-16	1.44299e-17	2.17736e-19	2.83703e-21	5.28005e-23	
N42	0.193525	0.20043	0.192192	0.163031	0.118479	0.0724262	0.0368822	0.0155687	0.00543524	0.00156843	0.000374335	7.40095e-05	1.21492e-05	1.66077e-06	1.89689e-07	1.81708e-08	1.46572e-09	9.99836e-11	5.79489e-12	2.87224e-13	1.23753e-14	5.02045e-16	3.32863e-17	
N43	0.195254	0.195785	0.181509	0.153186	0.115703	0.0770336	0.0446599	0.0223379	0.00957494	0.00350092	0.00108864	0.000287426	6.43955e-05	1.22461e-05	1.9787e-06	2.72066e-07	3.18971e-08	3.19631e-09	2.74561e-10	2.03131e-11	1.31513e-12	8.19337e-14	8.88201e-15	
N44	0.14554	0.155751	0.161327	0.155877	0.136	0.104602	0.0697573	0.0398878	0.0194103	0.00799855	0.00278229	0.000815471	0.000201224	4.18042e-05	7.31675e-06	1.08024e-06	1.34783e-07	1.42508e-08	1.28267e-09	9.92777e-11	6.81247e-12	4.68154e-13	5.71543e-14	
N45	0.0392513	0.0527398	0.0764602	0.106292	0.13362	0.147902	0.142313	0.11825	0.0845437	0.0519117	0.0273516	0.0123646	0.00479787	0.00159953	0.000458824	0.000113479	2.42727e-05	4.51127e-06	7.34263e-07	1.06153e-07	1.40455e-08	1.86695e-09	3.85959e-10	
POCUMO_Ruteria_hypocrita	0	0	0	0	0	0	0	0	0	0	0	0	0	0	1	0	0	0	0	0	0	0	0	
N46	0.0549374	0.0702402	0.096005	0.12601	0.148564	0.152145	0.133288	0.0992246	0.0626027	0.0334505	0.0151427	0.00581347	0.00189567	0.00052605	0.000124514	2.52038e-05	4.37559e-06	6.53691e-07	8.4399e-08	9.49421e-09	9.56019e-10	9.76539e-11	1.76117e-11	
POCUCU_Cionus_sp	0	0	0	0	0	0	0	0	1	0	0	0	0	0	0	0	0	0	0	0	0	0	0	
POCUMO_Adexius_scrobipennis	0	1	0	0	0	0	0	0	0	0	0	0	0	0	0	0	0	0	0	0	0	0	0	
N47	0.14594	0.154757	0.158624	0.152605	0.133873	0.104604	0.0715558	0.0423422	0.0214999	0.00931902	0.00343714	0.00107693	0.000286482	6.47223e-05	1.24305e-05	2.03283e-06	2.83729e-07	3.39171e-08	3.49418e-09	3.145e-10	2.56431e-11	2.11639e-12	2.75045e-13	
POCUTY_Tychius_sp	0	0	0	0	0	1	0	0	0	0	0	0	0	0	0	0	0	0	0	0	0	0	0	
N48	0.124754	0.133979	0.141008	0.141632	0.132373	0.112822	0.0864077	0.0588597	0.0354149	0.0187374	0.00869371	0.00353228	0.0012562	0.000391139	0.000106719	2.55499e-05	5.37814e-06	9.98443e-07	1.64464e-07	2.43871e-08	3.39025e-09	5.00609e-10	1.19926e-10	
POCUBA_Metialma_sp	0	0	0	0	1	0	0	0	0	0	0	0	0	0	0	0	0	0	0	0	0	0	0	
POCUSC_Scolytus_sp	0	0	0	0	0	0	0	0	1	0	0	0	0	0	0	0	0	0	0	0	0	0	0	
N49	0.203074	0.202345	0.185173	0.153169	0.112571	0.0724324	0.0403356	0.0192757	0.00785721	0.00272051	0.000797954	0.000197956	4.15091e-05	7.35775e-06	1.10331e-06	1.40141e-07	1.51057e-08	1.38511e-09	1.08411e-10	7.28792e-12	4.28963e-13	2.44414e-14	2.45614e-15	
N50	0.186519	0.190402	0.181101	0.156432	0.120014	0.080496	0.0467102	0.0232895	0.00993205	0.00361186	0.0011179	0.000294162	6.57868e-05	1.2508e-05	2.02362e-06	2.79041e-07	3.28805e-08	3.32543e-09	2.91023e-10	2.24093e-11	1.57677e-12	1.12523e-13	1.29396e-14	
N51	0.194015	0.195157	0.181596	0.153554	0.11597	0.0771811	0.0448337	0.0225841	0.00982251	0.00367824	0.00118394	0.000327302	7.77091e-05	1.58543e-05	2.78264e-06	4.20843e-07	5.497e-08	6.22186e-09	6.13853e-10	5.35139e-11	4.28521e-12	3.5617e-13	4.812e-14	
POCUCE_Rhinoncus_sp	0	0	0	1	0	0	0	0	0	0	0	0	0	0	0	0	0	0	0	0	0	0	0	
POCUCE_Nedyus_quadrimaculatus	0	0	1	0	0	0	0	0	0	0	0	0	0	0	0	0	0	0	0	0	0	0	0	
POCUCE_Zacladus_geranii	0	0	0	0	0	0	0	0	0	0	1	0	0	0	0	0	0	0	0	0	0	0	0	
N52	0.195075	0.19395	0.1778	0.149172	0.113478	0.0775742	0.0472977	0.0255715	0.0122078	0.00513158	0.00189608	0.000615319	0.000175366	4.39142e-05	9.67148e-06	1.87581e-06	3.20936e-07	4.8541e-08	6.51191e-09	7.81148e-10	8.6317e-11	1.00036e-11	2.05091e-12	
POCUMO_Acalles_camelus	0	0	1	0	0	0	0	0	0	0	0	0	0	0	0	0	0	0	0	0	0	0	0	
POCUMO_Acalles_echinatus	0	0	0	0	0	1	0	0	0	0	0	0	0	0	0	0	0	0	0	0	0	0	0	
N53	0.0845897	0.109997	0.146135	0.173675	0.173178	0.140942	0.092541	0.0488067	0.0206616	0.00702976	0.0019271	0.00042708	7.68206e-05	1.12655e-05	1.35349e-06	1.33948e-07	1.09856e-08	7.5212e-10	4.34134e-11	2.14647e-12	9.36447e-14	3.87098e-15	2.29944e-16	
N54	0.0991447	0.123179	0.155622	0.177002	0.16899	0.131123	0.0815983	0.0405457	0.0160814	0.00510017	0.00129725	0.000265641	4.39853e-05	5.91805e-06	6.50436e-07	5.8732e-08	4.38489e-09	2.72758e-10	1.42845e-11	6.4053e-13	2.53707e-14	9.52818e-16	5.1341e-17	
N55	0.0994985	0.126663	0.162882	0.184742	0.172264	0.128045	0.0749073	0.0343235	0.0123057	0.00345532	0.000761576	0.000132178	1.81357e-05	1.97613e-06	1.71878e-07	1.19997e-08	6.76525e-10	3.10019e-11	1.16328e-12	3.60992e-14	9.45624e-16	2.24655e-17	7.81573e-19	
N56	0.149646	0.173318	0.19178	0.183135	0.143294	0.0897763	0.0445795	0.0174678	0.00539376	0.00131318	0.000252555	3.84824e-05	4.66325e-06	4.51421e-07	3.50852e-08	2.20137e-09	1.12155e-10	4.66897e-12	1.5996e-13	4.55648e-15	1.10276e-16	2.43071e-18	7.68159e-20	
N57	0.194032	0.205721	0.201175	0.169548	0.118124	0.0665914	0.0300579	0.010809	0.003091	0.000703057	0.000127416	1.84542e-05	2.14446e-06	2.00884e-07	1.52518e-08	9.44165e-10	4.79798e-11	2.01765e-12	7.09684e-14	2.12243e-15	5.54937e-17	1.33758e-18	4.16837e-20	
POCUSC_Ips_acuminatus	0	0	0	0	0	1	0	0	0	0	0	0	0	0	0	0	0	0	0	0	0	0	0	
N58	0.244959	0.239247	0.206122	0.150755	0.0908004	0.0441566	0.0171318	0.00526569	0.00127728	0.000244119	3.67652e-05	4.36947e-06	4.10848e-07	3.0668e-08	1.82488e-09	8.69669e-11	3.33621e-12	1.03581e-13	2.61759e-15	5.41713e-17	9.25672e-19	1.35642e-20	2.92107e-22	
N59	0.252666	0.239712	0.199544	0.143851	0.0885046	0.0458996	0.0198846	0.00715444	0.00213128	0.000525153	0.000107097	1.81099e-05	2.54613e-06	2.98629e-07	2.93312e-08	2.42246e-09	1.68959e-10	9.99645e-12	5.04171e-13	2.18324e-14	8.28159e-16	3.01393e-17	1.73819e-18	
N60	0.192932	0.19382	0.180398	0.153176	0.116613	0.0783693	0.0459242	0.0232582	0.0101198	0.00376941	0.00119977	0.00032618	7.57877e-05	1.50695e-05	2.56912e-06	3.76423e-07	4.75302e-08	5.18919e-09	4.92109e-10	4.08947e-11	3.05255e-12	2.26141e-13	2.80984e-14	
N61	0.179881	0.184195	0.177072	0.156143	0.123254	0.0853094	0.0509818	0.0260325	0.0112845	0.00413793	0.00128177	0.000335438	7.42525e-05	1.39302e-05	2.22048e-06	3.01605e-07	3.50206e-08	3.48825e-09	2.99249e-10	2.22497e-11	1.46105e-12	9.34247e-14	1.03321e-14	
POCUSC_Ips_montanus	0	0	0	0	0	1	0	0	0	0	0	0	0	0	0	0	0	0	0	0	0	0	0	
N62	0.132403	0.159374	0.184736	0.18451	0.151513	0.100536	0.05355	0.0228472	0.00781131	0.00214504	0.000474916	8.51948e-05	1.24542e-05	1.49295e-06	1.47718e-07	1.21439e-08	8.34985e-10	4.83275e-11	2.36951e-12	9.9087e-14	3.5783e-15	1.19438e-16	6.6052e-18	
POCUSC_Ips_paraconfusus	0	1	0	0	0	0	0	0	0	0	0	0	0	0	0	0	0	0	0	0	0	0	0	
N63	5.45689e-05	0.000654378	0.00704823	0.0469663	0.172042	0.309733	0.285943	0.138551	0.0344789	0.00423018	0.000286402	1.1862e-05	3.2414e-07	6.17583e-09	8.55282e-11	8.89234e-13	7.12265e-15	4.48932e-17	2.26631e-19	9.30387e-22	3.15293e-24	9.12715e-27	3.28015e-29	
POCUSC_Ips_confusus	0	0	0	0	0	0	0	0	1	0	0	0	0	0	0	0	0	0	0	0	0	0	0	
POCUSC_Ips_hoppingi	0	0	0	0	1	0	0	0	0	0	0	0	0	0	0	0	0	0	0	0	0	0	0	
POCUSC_Ips_lecontei	0	0	0	0	0	0	1	0	0	0	0	0	0	0	0	0	0	0	0	0	0	0	0	
N64	0.2411	0.228305	0.191282	0.142094	0.0936085	0.0546433	0.0282305	0.0128927	0.00519999	0.00185123	0.000581642	0.000161331	3.9531e-05	8.56555e-06	1.64337e-06	2.79607e-07	4.2263e-08	5.68671e-09	6.83105e-10	7.37355e-11	7.33959e-12	7.64732e-13	1.4449e-13	
POCUSC_Ips_cribricollis	0	0	0	1	0	0	0	0	0	0	0	0	0	0	0	0	0	0	0	0	0	0	0	
POCUSC_Ips_calligraphus	0	1	0	0	0	0	0	0	0	0	0	0	0	0	0	0	0	0	0	0	0	0	0	
N65	0.265826	0.2488	0.201726	0.139856	0.0816396	0.0395726	0.0157601	0.00512034	0.00135155	0.000289361	5.02594e-05	7.09388e-06	8.15875e-07	7.67295e-08	5.92483e-09	3.77321e-10	1.99126e-11	8.75106e-13	3.21887e-14	9.9654e-16	2.62398e-17	6.22541e-19	2.31386e-20	
N66	0.229491	0.225167	0.198194	0.152548	0.100307	0.0553864	0.02539	0.00959448	0.00297663	0.000756799	0.000157658	2.69405e-05	3.78395e-06	4.38086e-07	4.19486e-08	3.33485e-09	2.21015e-10	1.22641e-11	5.72356e-13	2.2577e-14	7.59788e-16	2.31648e-17	1.15384e-18	
N67	0.138169	0.154136	0.16841	0.168369	0.146358	0.107267	0.0652034	0.0326134	0.0133815	0.00450262	0.00124418	0.000283031	5.31776e-05	8.28328e-06	1.07413e-06	1.16475e-07	1.06121e-08	8.1675e-10	5.34668e-11	3.0111e-12	1.49613e-13	7.09305e-15	5.14998e-16	
POCUSC_Ips_bonanseai	0	0	0	0	0	0	0	0	0	1	0	0	0	0	0	0	0	0	0	0	0	0	0	
N68	0.111502	0.135753	0.165223	0.179798	0.16414	0.121579	0.0717761	0.0334599	0.0122661	0.00353391	0.000801647	0.000143703	2.04567e-05	2.32597e-06	2.12586e-07	1.57229e-08	9.47501e-10	4.68457e-11	1.9134e-12	6.50496e-14	1.86507e-15	4.80851e-17	1.93134e-18	
N69	0.0714348	0.0967827	0.138309	0.177382	0.186859	0.155183	0.0997036	0.049126	0.018498	0.00532176	0.00117225	0.000198479	2.59665e-05	2.64137e-06	2.10367e-07	1.32154e-08	6.59875e-10	2.63934e-11	8.52212e-13	2.23888e-14	4.83533e-16	8.98868e-18	2.48624e-19	
N70	0.0483736	0.0726408	0.115459	0.162627	0.188453	0.173734	0.125247	0.0699861	0.0302024	0.0100653	0.00259702	0.00052114	8.18235e-05	1.01233e-05	9.94685e-07	7.82603e-08	4.9722e-09	2.57257e-10	1.09304e-11	3.84742e-13	1.13774e-14	3.01148e-16	1.24539e-17	
POCUSC_Ips_avulsus	0	0	1	0	0	0	0	0	0	0	0	0	0	0	0	0	0	0	0	0	0	0	0	
POCUSC_Orthotomicus_suturalis	0	0	0	0	0	0	0	0	0	1	0	0	0	0	0	0	0	0	0	0	0	0	0	
N71	0.00671066	0.0166302	0.0462933	0.106175	0.182959	0.228621	0.203697	0.128463	0.0573177	0.0181935	0.00415319	0.000691964	8.5565e-05	7.9894e-06	5.72837e-07	3.20418e-08	1.41881e-09	5.04049e-11	1.45438e-12	3.44709e-14	6.79667e-16	1.1671e-17	3.01396e-19	
POCUSC_Ips_plastographus	0	0	0	0	0	0	0	0	1	0	0	0	0	0	0	0	0	0	0	0	0	0	0	
POCUSC_Ips_integer	0	0	0	0	1	0	0	0	0	0	0	0	0	0	0	0	0	0	0	0	0	0	0	
POCUSC_Ips_pini	0	0	1	0	0	0	0	0	0	0	0	0	0	0	0	0	0	0	0	0	0	0	0	
N72	0.247335	0.234447	0.19591	0.143519	0.0913984	0.0501515	0.0235266	0.00937862	0.00316393	0.000901131	0.000216489	4.38846e-05	7.51583e-06	1.08972e-06	1.34107e-07	1.40507e-08	1.25748e-09	9.64743e-11	6.37037e-12	3.64088e-13	1.82919e-14	8.78814e-16	7.18298e-17	
N73	0.215855	0.215157	0.194688	0.155435	0.106964	0.0624943	0.0307335	0.0126667	0.00436779	0.00126018	0.000304594	6.1809e-05	1.05592e-05	1.52364e-06	1.86371e-07	1.94001e-08	1.72551e-09	1.31679e-10	8.65921e-12	4.93279e-13	2.46708e-14	1.17663e-15	9.74829e-17	
N74	1.24401e-08	1.5754e-06	0.00013872	0.0066389	0.138724	0.76847	0.0835823	0.00241351	3.05202e-05	2.10648e-07	8.98402e-10	2.56414e-12	5.17704e-15	7.70293e-18	8.71562e-21	7.6879e-24	5.39454e-27	3.06209e-30	1.4263e-33	5.52478e-37	1.81168e-40	5.28943e-44	1.74799e-47	
POCUSC_Ips_perturbatus	0	0	0	0	0	1	0	0	0	0	0	0	0	0	0	0	0	0	0	0	0	0	0	
POCUSC_Ips_hunteri	0	0	0	0	0	1	0	0	0	0	0	0	0	0	0	0	0	0	0	0	0	0	0	
N75	0.0608649	0.513639	0.395342	0.0293806	0.000763316	9.80002e-06	7.3551e-08	3.56499e-10	1.19199e-12	2.88127e-15	5.2144e-18	7.26022e-21	7.94829e-24	6.96508e-27	4.95892e-30	2.90512e-33	1.41582e-36	5.79543e-40	2.01001e-43	5.96192e-47	1.53686e-50	3.6247e-54	9.76128e-58	
N76	0.00587031	0.979476	0.0146303	2.31485e-05	9.65304e-09	1.57275e-12	1.23603e-16	5.32853e-21	1.37205e-25	2.23931e-30	2.41786e-35	1.78211e-40	9.1745e-46	3.35337e-51	8.79763e-57	1.66666e-62	2.28294e-68	2.2528e-74	1.58665e-80	7.84566e-87	2.6535e-93	5.89436e-100	8.36357e-107	
POCUSC_Ips_borealis	0	1	0	0	0	0	0	0	0	0	0	0	0	0	0	0	0	0	0	0	0	0	0	
POCUSC_Ips_tridens	0	1	0	0	0	0	0	0	0	0	0	0	0	0	0	0	0	0	0	0	0	0	0	
POCUSC_Ips_pilifrons	0	0	1	0	0	0	0	0	0	0	0	0	0	0	0	0	0	0	0	0	0	0	0	
POCUSC_Ips_woodi	0	0	1	0	0	0	0	0	0	0	0	0	0	0	0	0	0	0	0	0	0	0	0	
N77	0.252942	0.237193	0.194793	0.140214	0.0883357	0.0485896	0.0232738	0.00968548	0.00349626	0.00109383	0.000296569	6.97266e-05	1.42328e-05	2.52655e-06	3.90849e-07	5.28154e-08	6.25083e-09	6.49976e-10	5.96408e-11	4.87227e-12	3.63991e-13	2.76574e-14	3.54936e-15	
N78	0.306775	0.271231	0.198808	0.121415	0.0619708	0.0264955	0.00950957	0.00287208	0.000731983	0.000157937	2.89543e-05	4.52779e-06	6.06427e-07	6.98573e-08	6.95058e-09	5.99835e-10	4.50863e-11	2.96379e-12	1.71125e-13	8.72992e-15	3.99768e-16	1.78526e-17	1.37194e-18	
POCUSC_Orthotomicus_caelatus	0	1	0	0	0	0	0	0	0	0	0	0	0	0	0	0	0	0	0	0	0	0	0	
POCUSC_Ips_perroti	0	1	0	0	0	0	0	0	0	0	0	0	0	0	0	0	0	0	0	0	0	0	0	
POCUSC_Ips_typographus	0	0	0	0	1	0	0	0	0	0	0	0	0	0	0	0	0	0	0	0	0	0	0	
N79	0.199981	0.197552	0.179086	0.148212	0.111189	0.0750755	0.0453416	0.0243748	0.0116222	0.0049034	0.00182792	0.000601722	0.000174912	4.4921e-05	1.02021e-05	2.05156e-06	3.65867e-07	5.79835e-08	8.19442e-09	1.04171e-09	1.22947e-10	1.53854e-11	3.40177e-12	
POCUSC_Ips_sexdentatus	0	0	0	0	0	1	0	0	0	0	0	0	0	0	0	0	0	0	0	0	0	0	0	
N80	0.255029	0.240395	0.198325	0.142055	0.0874261	0.045792	0.0202701	0.00755197	0.00236465	0.000622645	0.000138167	2.592e-05	4.12666e-06	5.5993e-07	6.50383e-08	6.49631e-09	5.60521e-10	4.19681e-11	2.74015e-12	1.57106e-13	8.05648e-15	4.03394e-16	3.44722e-17	
POCUSC_Ips_emarginatus	0	0	1	0	0	0	0	0	0	0	0	0	0	0	0	0	0	0	0	0	0	0	0	
POCUSC_Ips_knausi	0	0	1	0	0	0	0	0	0	0	0	0	0	0	0	0	0	0	0	0	0	0	0	
N81	0.0794658	0.103886	0.139395	0.168378	0.172043	0.14479	0.0992495	0.0551945	0.0248998	0.00913248	0.00273329	0.000670728	0.000135692	2.27681e-05	3.18899e-06	3.75368e-07	3.73911e-08	3.17477e-09	2.31533e-10	1.46407e-11	8.17039e-13	4.25049e-14	2.65699e-15	
N82	0.00125013	0.00211363	0.00439111	0.00929436	0.018456	0.0333715	0.0543872	0.0796114	0.104546	0.123136	0.130117	0.123434	0.105236	0.080763	0.0559158	0.03503	0.0199385	0.0103666	0.00495817	0.0022014	0.000919772	0.000376331	0.000185906	
POCUSC_Orthotomicus_erosus	0	0	0	0	0	0	0	0	0	0	0	0	0	0	0	0	1	0	0	0	0	0	0	
POCUSC_Pityogenes_chalcographus	0	0	0	0	0	0	0	0	0	0	0	0	0	0	0	0	0	0	0	0	1	0	0	
N83	0.128951	0.138279	0.145	0.144562	0.13338	0.111517	0.0832781	0.0550426	0.0320279	0.0163606	0.0073284	0.00287828	0.000991885	0.000300262	7.99681e-05	1.87718e-05	3.89236e-06	7.14973e-07	1.16926e-07	1.72366e-08	2.38089e-09	3.52589e-10	8.84715e-11	
N84	0.0649597	0.0779265	0.0971781	0.117476	0.131762	0.133889	0.121654	0.0980827	0.0698359	0.043782	0.0241257	0.0116751	0.00496094	0.00185162	0.000607559	0.000175473	4.46852e-05	1.00591e-05	2.01149e-06	3.6186e-07	6.10285e-08	1.11603e-08	3.46707e-09	
POCUSC_Ips_latidens	0	0	0	0	1	0	0	0	0	0	0	0	0	0	0	0	0	0	0	0	0	0	0	
POCUSC_Ips_spinifer	0	0	0	0	0	0	0	0	0	0	1	0	0	0	0	0	0	0	0	0	0	0	0	
POCUSC_Orthotomicus_laricis	0	1	0	0	0	0	0	0	0	0	0	0	0	0	0	0	0	0	0	0	0	0	0	
POCUSC_Pityogenes_hopkinsi_M	0	1	0	0	0	0	0	0	0	0	0	0	0	0	0	0	0	0	0	0	0	0	0	
N85	0.00805519	0.0123254	0.0223446	0.0409412	0.0694549	0.104532	0.136712	0.153794	0.148091	0.121825	0.0856107	0.051458	0.0265179	0.011756	0.00450341	0.00149904	0.000436567	0.000112178	2.57054e-05	5.33412e-06	1.03172e-06	2.01243e-07	5.47864e-08	
N86	0.00861739	0.0123537	0.0208284	0.0363272	0.0602531	0.0907633	0.121257	0.141942	0.144707	0.128126	0.0984454	0.0656679	0.0380824	0.0192436	0.0084994	0.00329436	0.00112627	0.000341811	9.28604e-05	2.287e-05	5.24759e-06	1.22854e-06	4.17769e-07	
N87	0.0184265	0.0247737	0.0374693	0.0572747	0.0826653	0.108791	0.128413	0.134922	0.125747	0.103801	0.0758541	0.0490759	0.028125	0.0142902	0.00644578	0.00258597	0.000925423	0.000296844	8.6131e-05	2.30572e-05	5.98043e-06	1.71872e-06	7.64614e-07	
POCUSC_Xylosandrus_germanus	0	1	0	0	0	0	0	0	0	0	0	0	0	0	0	0	0	0	0	0	0	0	0	
POCUSC_Xylosandrus_compactus	0	0	0	0	0	0	0	0	0	0	0	0	1	0	0	0	0	0	0	0	0	0	0	
POCUSC_Xyleborus_sp	0	0	0	0	0	0	0	0	0	0	0	0	0	0	0	0	1	0	0	0	0	0	0	
N88	0.00547886	0.00799033	0.0139469	0.0255447	0.0449122	0.0721518	0.103291	0.130164	0.143564	0.138281	0.116292	0.0854908	0.0550624	0.0311733	0.0155802	0.00691165	0.00273952	0.000977809	0.000317121	9.43832e-05	2.60613e-05	6.81591e-06	2.041e-06	
POCUSC_Dryocoetes_affaber	0	0	0	0	0	0	0	0	0	0	0	0	0	0	0	0	0	1	0	0	0	0	0	
POCUSC_Dryocoetes_autographus	0	0	0	0	0	0	0	0	0	0	0	0	0	0	0	0	1	0	0	0	0	0	0	
N89	0.22119	0.217552	0.193626	0.152925	0.104933	0.0614166	0.0302362	0.0123996	0.00420949	0.00117891	0.00027199	5.17011e-05	8.10752e-06	1.05113e-06	1.12987e-07	1.01026e-08	7.54186e-10	4.72008e-11	2.4889e-12	1.11448e-13	4.32233e-15	1.57074e-16	8.92475e-18	
N90	0.207447	0.20674	0.188698	0.154592	0.111328	0.0692455	0.0367164	0.0164466	0.0061876	0.00194872	0.000513003	0.000112875	2.0778e-05	3.20551e-06	4.15426e-07	4.53532e-08	4.18416e-09	3.27356e-10	2.18115e-11	1.2464e-12	6.23545e-14	2.99663e-15	2.33877e-16	
N91	0.235682	0.224095	0.189373	0.142629	0.0958425	0.0574569	0.0307071	0.0146146	0.00618719	0.00232757	0.0007774	0.00023039	6.05653e-05	1.41227e-05	2.92185e-06	5.36621e-07	8.7557e-08	1.27067e-08	1.6437e-09	1.90723e-10	2.03984e-11	2.29444e-12	4.68088e-13	
N92	0.230995	0.220388	0.187554	0.142857	0.0975782	0.059826	0.0329351	0.0162798	0.00722404	0.00287706	0.00102822	0.00032974	9.48968e-05	2.45161e-05	5.68825e-06	1.18613e-06	2.22517e-07	3.76213e-08	5.75534e-09	8.05846e-10	1.07268e-10	1.5512e-11	3.84103e-12	
POCUCU_Rhynchaenus_sp	0	0	0	1	0	0	0	0	0	0	0	0	0	0	0	0	0	0	0	0	0	0	0	
POCUSC_Crypturgus_pusillus	0	1	0	0	0	0	0	0	0	0	0	0	0	0	0	0	0	0	0	0	0	0	0	
N93	0.194894	0.197594	0.185545	0.157181	0.117232	0.0755782	0.0415892	0.0193762	0.00760582	0.0025091	0.000695107	0.000161801	3.16938e-05	5.23615e-06	7.31674e-07	8.67531e-08	8.75871e-09	7.55868e-10	5.60161e-11	3.59369e-12	2.04544e-13	1.1463e-14	1.05281e-15	
POCUEN_Tanymecus_sp	0	0	0	1	0	0	0	0	0	0	0	0	0	0	0	0	0	0	0	0	0	0	0	
N94	0.178337	0.186379	0.183248	0.162661	0.126078	0.0834241	0.0464521	0.0215735	0.00831316	0.00265073	0.000698791	0.000152383	2.75303e-05	4.13037e-06	5.16111e-07	5.38929e-08	4.72013e-09	3.48116e-10	2.17145e-11	1.15271e-12	5.2942e-14	2.29627e-15	1.70931e-16	
N95	0.11024	0.13	0.153858	0.167155	0.157543	0.124971	0.0821597	0.0444303	0.019701	0.00715862	0.00213396	0.000523072	0.000105765	1.77094e-05	2.46615e-06	2.86954e-07	2.80347e-08	2.31124e-09	1.61636e-10	9.65207e-12	5.0005e-13	2.45061e-14	2.03537e-15	
POCUSC_Polygraphus_poligraphus_M	0	0	0	0	0	0	0	1	0	0	0	0	0	0	0	0	0	0	0	0	0	0	0	
POCUCU_Anthonomus_sp	0	0	0	0	1	0	0	0	0	0	0	0	0	0	0	0	0	0	0	0	0	0	0	
POCUSC_Polygraphus_grandiclava	0	0	0	1	0	0	0	0	0	0	0	0	0	0	0	0	0	0	0	0	0	0	0	
N96	0.137609	0.148317	0.155872	0.153865	0.137884	0.109323	0.0753435	0.0446168	0.0225388	0.00967157	0.00351753	0.00108348	0.000282738	6.25752e-05	1.17666e-05	1.88434e-06	2.57783e-07	3.02463e-08	3.06217e-09	2.70611e-10	2.15176e-11	1.71552e-12	2.27339e-13	
N97	0.0765007	0.0895232	0.107168	0.123468	0.131916	0.128287	0.112508	0.0885346	0.0623203	0.0391591	0.0219332	0.0109403	0.00485729	0.00191926	0.000675068	0.000211495	5.90894e-05	1.47577e-05	3.31358e-06	6.79456e-07	1.33376e-07	2.89521e-08	1.03185e-08	
POCUCO_Telephae_sp	0	0	0	1	0	0	0	0	0	0	0	0	0	0	0	0	0	0	0	0	0	0	0	
N98	0.00169623	0.00366859	0.00914577	0.0212932	0.0438018	0.077841	0.118063	0.151745	0.164571	0.150218	0.115236	0.0742443	0.0401744	0.0182685	0.00698935	0.00225403	0.000614381	0.000142101	2.80761e-05	4.80866e-06	7.4613e-07	1.22775e-07	3.51207e-08	
POCUSC_Trypodendron_lineatum	0	0	0	0	0	0	1	0	0	0	0	0	0	0	0	0	0	0	0	0	0	0	0	
N99	0.000430518	0.00101863	0.0029496	0.00821646	0.0204367	0.0439353	0.0802434	0.1233	0.158489	0.16985	0.151472	0.112306	0.0692161	0.0354797	0.0151447	0.00539476	0.00160909	0.000404035	8.61735e-05	1.58647e-05	2.60888e-06	4.24145e-07	1.03221e-07	
N100	3.01028e-17	1.08589e-15	4.38654e-14	1.54854e-12	4.68074e-11	1.19258e-09	2.52118e-08	4.35202e-07	6.03186e-06	6.59182e-05	0.000556705	0.00355232	0.0167011	0.0563243	0.132876	0.215627	0.240168	0.18476	0.0990393	0.0374049	0.0101891	0.00217846	0.000550305	
POCUSC_Phloeotribus_sp	0	0	0	0	0	0	0	0	0	0	0	0	0	0	1	0	0	0	0	0	0	0	0	
POCUMO_Lepyrus_sp	0	0	0	0	0	0	0	0	0	0	0	0	0	0	0	0	0	0	0	0	0	1	0	
POCUSC_Cryphalus_abietis	0	0	0	0	0	0	0	1	0	0	0	0	0	0	0	0	0	0	0	0	0	0	0	
N101	0.110018	0.122326	0.135942	0.144478	0.141256	0.123495	0.0947274	0.0629808	0.0360233	0.017648	0.00738866	0.00264169	0.000806943	0.0002109	4.72741e-05	9.11984e-06	1.52146e-06	2.20973e-07	2.82007e-08	3.20394e-09	3.30794e-10	3.29813e-11	4.75186e-12	
POCUSC_Hylurgops_sp	0	0	0	0	0	0	0	0	0	0	0	1	0	0	0	0	0	0	0	0	0	0	0	
N102	0.0827337	0.098158	0.119389	0.138377	0.145918	0.136392	0.111302	0.0785376	0.0476173	0.0247041	0.01094	0.00413061	0.00132962	0.000365194	8.5724e-05	1.72385e-05	2.9795e-06	4.44719e-07	5.77594e-08	6.61963e-09	6.90382e-10	7.21146e-11	1.2027e-11	
POCUSC_Hylastes_sp	0	0	0	0	0	1	0	0	0	0	0	0	0	0	0	0	0	0	0	0	0	0	0	
N103	0.0264775	0.0399709	0.0668298	0.105225	0.145098	0.169222	0.163669	0.129694	0.0835565	0.0435599	0.0183271	0.00621652	0.00170033	0.000375479	6.70849e-05	9.72565e-06	1.14835e-06	1.10944e-07	8.82397e-09	5.83543e-10	3.28995e-11	1.74874e-12	1.50672e-13	
N104	0.0356017	0.0500738	0.0778066	0.115679	0.151942	0.169093	0.155807	0.117292	0.0715768	0.0352514	0.0139812	0.0044632	0.00114757	0.000238046	3.99355e-05	5.43537e-06	6.02398e-07	5.46029e-08	4.07019e-09	2.51727e-10	1.32085e-11	6.4338e-13	5.02215e-14	
N105	0.0369949	0.0496802	0.0731352	0.104778	0.136136	0.154442	0.149864	0.122986	0.0848526	0.0490889	0.023802	0.00968286	0.00331177	0.000955031	0.000232997	4.82723e-05	8.52753e-06	1.29006e-06	1.67979e-07	1.89862e-08	1.91305e-09	1.94486e-10	3.4756e-11	
POCUSC_Dendroctonus_jeffreyi	0	0	0	0	1	0	0	0	0	0	0	0	0	0	0	0	0	0	0	0	0	0	0	
POCUSC_Dendroctonus_ponderosae	0	0	0	0	0	0	0	0	1	0	0	0	0	0	0	0	0	0	0	0	0	0	0	
N106	0.0471322	0.0629402	0.0915803	0.127569	0.157121	0.164262	0.142828	0.102211	0.0598673	0.0286221	0.0111593	0.00354956	0.000922432	0.000196287	3.43012e-05	4.93948e-06	5.88432e-07	5.82414e-08	4.81396e-09	3.3486e-10	2.00044e-11	1.1259e-12	1.04377e-13	
POCUSC_Dendroctonus_frontalis	0	1	0	0	0	0	0	0	0	0	0	0	0	0	0	0	0	0	0	0	0	0	0	
N107	0.0360265	0.0490144	0.0736861	0.107802	0.14198	0.161273	0.154303	0.122735	0.0805798	0.0435112	0.0192991	0.00703313	0.00210876	0.000521338	0.000106571	1.80721e-05	2.55172e-06	3.01243e-07	2.98873e-08	2.51357e-09	1.83642e-10	1.29499e-11	1.51428e-12	
POCUSC_Dendroctonus_adjunctus	0	0	0	0	0	1	0	0	0	0	0	0	0	0	0	0	0	0	0	0	0	0	0	
N108	0.0167518	0.0245035	0.0415308	0.0700697	0.107548	0.143477	0.162602	0.15468	0.122715	0.0809211	0.0442933	0.0201253	0.00759894	0.00238894	0.000626935	0.000137773	2.54443e-05	3.96559e-06	5.2444e-07	5.94624e-08	5.96128e-09	5.96216e-10	9.89789e-11	
POCUSC_Dendroctonus_approximatus	0	0	0	0	0	0	0	0	0	1	0	0	0	0	0	0	0	0	0	0	0	0	0	
POCUSC_Dendroctonus_brevicomis	0	0	0	0	0	0	0	0	1	0	0	0	0	0	0	0	0	0	0	0	0	0	0	
N109	0.00887668	0.0143423	0.0274189	0.051548	0.0871808	0.127488	0.158163	0.164787	0.143366	0.103825	0.0625002	0.0312699	0.0130146	0.00451416	0.00130836	0.000318022	6.51488e-05	1.13252e-05	1.68751e-06	2.19e-07	2.54983e-08	2.8818e-09	4.58718e-10	
N110	8.05032e-09	5.16443e-08	4.32911e-07	3.29861e-06	2.18361e-05	0.00012406	0.000599286	0.00243903	0.00828789	0.0233053	0.0537661	0.100937	0.15304	0.186177	0.180772	0.139604	0.0856342	0.0417905	0.0163303	0.00520086	0.00142036	0.000388035	0.000159011	
POCUSC_Dendroctonus_simplex	0	0	0	0	0	0	0	0	0	0	0	0	0	0	0	0	0	1	0	0	0	0	0	
POCUSC_Dendroctonus_pseudotsugae	0	0	0	0	0	0	0	0	0	0	0	0	0	0	1	0	0	0	0	0	0	0	0	
N111	0.00306132	0.00576983	0.0134097	0.0305324	0.0616475	0.105634	0.150409	0.17606	0.168469	0.13142	0.0834985	0.0432252	0.0182579	0.00630679	0.00178691	0.00041676	8.0339e-05	1.28582e-05	1.71757e-06	1.93031e-07	1.86944e-08	1.7545e-09	2.8331e-10	
N112	3.19712e-05	0.000117188	0.000571837	0.00256056	0.009585	0.0289826	0.0693808	0.129604	0.186863	0.2063	0.173528	0.110995	0.0540532	0.0201238	0.00576508	0.00128149	0.000223125	3.07371e-05	3.38499e-06	3.01459e-07	2.21787e-08	1.4893e-09	1.67552e-10	
POCUSC_Dendroctonus_punctatus	0	0	0	0	0	0	0	0	0	1	0	0	0	0	0	0	0	0	0	0	0	0	0	
N113	1.69222e-21	6.15338e-19	2.18419e-16	6.32133e-14	1.39997e-11	2.25982e-09	2.53479e-07	1.86553e-05	0.000832903	0.0200333	0.211701	0.638506	0.122077	0.00666843	0.000160358	2.08314e-06	1.64679e-08	8.5649e-11	3.09725e-13	8.1226e-16	1.6052e-18	2.54963e-21	4.44321e-24	
POCUSC_Dendroctonus_rufipennis	0	0	0	0	0	0	0	0	0	0	0	1	0	0	0	0	0	0	0	0	0	0	0	
POCUSC_Dendroctonus_murrayanae	0	0	0	0	0	0	0	0	0	0	0	1	0	0	0	0	0	0	0	0	0	0	0	
N114	0.00265486	0.00635573	0.0184339	0.0481574	0.10186	0.166945	0.207961	0.19529	0.137914	0.0733367	0.0294894	0.00902865	0.00212357	0.000387677	5.55391e-05	6.31359e-06	5.7574e-07	4.25597e-08	2.57655e-09	1.29204e-10	5.47673e-12	2.12724e-13	1.30936e-14	
POCUSC_Dendroctonus_valens	0	0	0	0	0	0	0	0	0	1	0	0	0	0	0	0	0	0	0	0	0	0	0	
POCUSC_Dendroctonus_terebrans	0	0	0	1	0	0	0	0	0	0	0	0	0	0	0	0	0	0	0	0	0	0	0	
N115	0.100327	0.11536	0.133174	0.144987	0.143246	0.125903	0.0974476	0.0660523	0.0390848	0.0201535	0.00904785	0.00353622	0.00120382	0.000357362	9.26793e-05	2.10556e-05	4.2072e-06	7.43815e-07	1.17455e-07	1.68277e-08	2.25536e-09	3.10261e-10	6.737e-11	
N116	0.139087	0.147723	0.152158	0.147996	0.132463	0.106911	0.0767292	0.0485326	0.0269109	0.0130421	0.00551633	0.00203526	0.000655115	0.000184078	4.51936e-05	9.70675e-06	1.82662e-06	3.01753e-07	4.39007e-08	5.6706e-09	6.70774e-10	8.34353e-11	1.86096e-11	
N117	0.225247	0.216471	0.18663	0.144509	0.10042	0.0625158	0.0347928	0.0172753	0.00763933	0.00300494	0.00105062	0.000326418	9.014e-05	2.21377e-05	4.83977e-06	9.43031e-07	1.64018e-07	2.55137e-08	3.5611e-09	4.4974e-10	5.30226e-11	6.67267e-12	1.4999e-12	
POCUMO_Magdalis_sp	0	1	0	0	0	0	0	0	0	0	0	0	0	0	0	0	0	0	0	0	0	0	0	
POCUCU_Dorytomus_sp	0	0	1	0	0	0	0	0	0	0	0	0	0	0	0	0	0	0	0	0	0	0	0	
N118	0.113145	0.124533	0.135785	0.141058	0.13544	0.117862	0.0918501	0.0636348	0.0390182	0.0211152	0.0100687	0.00422712	0.00156213	0.000508281	0.00014571	3.68398e-05	8.227e-06	1.62678e-06	2.86281e-07	4.54448e-08	6.77981e-09	1.08602e-09	2.88225e-10	
POCUCU_Curculio_dentipes	0	0	0	1	0	0	0	0	0	0	0	0	0	0	0	0	0	0	0	0	0	0	0	
N119	0.0017367	0.00416025	0.0117052	0.0298106	0.0639288	0.112563	0.16086	0.185366	0.171558	0.12725	0.0756096	0.0360319	0.0138095	0.00427382	0.00107361	0.000220221	3.71264e-05	5.18024e-06	6.02936e-07	5.92031e-08	5.04126e-09	4.16111e-10	5.73064e-11	
POCUCU_Curculio_distinguendus	0	0	0	0	0	0	0	1	0	0	0	0	0	0	0	0	0	0	0	0	0	0	0	
N120	7.46836e-06	4.2711e-05	0.000307799	0.00187216	0.00889417	0.0319279	0.0846444	0.16288	0.224658	0.220402	0.153377	0.0758554	0.0268203	0.00684143	0.00127364	0.00017534	1.81035e-05	1.42202e-06	8.61967e-08	4.09095e-09	1.55184e-10	5.07889e-12	2.51647e-13	
N121	5.29883e-07	5.15905e-06	6.8635e-05	0.000719902	0.00537211	0.0273796	0.0922378	0.199527	0.271285	0.229795	0.12186	0.0411689	0.00908578	0.0013468	0.000137824	9.99154e-06	5.25412e-07	2.04766e-08	6.0304e-10	1.36599e-11	2.42197e-13	3.50894e-15	7.05872e-17	
POCUEN_Scepticus_griseus	0	0	0	0	0	0	0	1	0	0	0	0	0	0	0	0	0	0	0	0	0	0	0	
POCUEN_Scepticus_insularis	0	0	0	0	0	0	0	0	0	1	0	0	0	0	0	0	0	0	0	0	0	0	0	
POCUCU_Curculio_nucum_M	0	0	0	0	0	0	0	0	0	0	0	0	1	0	0	0	0	0	0	0	0	0	0	
N122	0.0244851	0.0319491	0.045869	0.065943	0.0896384	0.111875	0.126375	0.128312	0.116702	0.0949298	0.0690171	0.0448455	0.0260538	0.0135462	0.00631344	0.00264496	0.0010007	0.000344656	0.00010954	3.28662e-05	9.66639e-06	3.00038e-06	1.25916e-06	
N123	2.23242e-10	2.77388e-09	3.89268e-08	4.77577e-07	4.88049e-06	4.08337e-05	0.000276559	0.00150055	0.00645555	0.0217989	0.0572176	0.115695	0.178803	0.209885	0.186338	0.124919	0.0633333	0.0244158	0.00723535	0.0016828	0.000321975	5.82961e-05	1.6107e-05	
POCUMO_Pissodes_schwarzi_M	0	0	0	0	0	0	0	0	0	0	1	0	0	0	0	0	0	0	0	0	0	0	0	
N124	1.7557e-12	2.87518e-11	6.63329e-10	1.34035e-08	2.20983e-07	2.91024e-06	3.02247e-05	0.000244768	0.00152862	0.00728191	0.0261802	0.0703341	0.139965	0.204882	0.219604	0.172108	0.0988436	0.0418664	0.0132295	0.0031778	0.000600486	9.8467e-05	2.20918e-05	
N125	1.02734e-15	3.78962e-14	1.91359e-12	8.04112e-11	2.68713e-09	7.02412e-08	1.41353e-06	2.15195e-05	0.000243091	0.00199439	0.0116084	0.0467444	0.126906	0.226763	0.261872	0.194094	0.0930343	0.0293931	0.00627885	0.00093411	0.000100918	8.93259e-06	1.17738e-06	
POCUMO_Pissodes_nemorensis	0	0	0	0	0	0	0	0	0	0	0	0	0	0	1	0	0	0	0	0	0	0	0	
POCUMO_Pissodes_strobi	0	0	0	0	0	0	0	0	0	0	0	0	0	0	1	0	0	0	0	0	0	0	0	
POCUBA_Limnobaris_sp	0	0	0	0	0	0	0	0	0	0	0	0	0	0	0	0	0	0	0	0	1	0	0	
N126	3.1183e-13	1.5245e-11	7.49207e-10	2.95566e-08	9.09426e-07	2.11299e-05	0.000355563	0.00409931	0.030009	0.125723	0.26892	0.306357	0.190093	0.0627721	0.0105676	0.00101623	6.19483e-05	2.58696e-06	7.85785e-08	1.82817e-09	3.43109e-11	5.52176e-13	1.01046e-14	
POCUMO_Hylobius_piceus	0	0	0	0	0	0	0	0	0	0	0	0	0	1	0	0	0	0	0	0	0	0	0	
POCUMO_Hylobius_abietis	0	0	0	0	0	0	0	0	0	1	0	0	0	0	0	0	0	0	0	0	0	0	0	
