NODE	7	8	9	10	11	12	13	14	15	16	17	18	19	20	21	
N1	3.48372e-08	1.80348e-05	0.00364483	0.141771	0.641557	0.208586	0.0044136	9.24803e-06	3.33412e-09	3.10599e-13	5.54615e-19	1.99997e-21	4.9459e-24	8.82168e-27	1.3191e-29	
N2	1.4248e-07	2.83712e-05	0.00301557	0.0976989	0.541261	0.327075	0.0302915	0.0006252	3.96578e-06	9.82912e-09	1.12511e-11	6.70625e-15	2.27576e-18	4.71854e-22	7.99324e-26	
N3	2.89674e-05	0.000714925	0.0134748	0.120557	0.397939	0.352639	0.102001	0.0119748	0.000653405	1.8233e-05	2.81314e-07	2.56858e-09	1.4801e-11	5.95222e-14	2.86861e-16	
POSCHY_Hybosorus_sp	0	0	0	0	0	0	0	0	1	0	0	0	0	0	0	
N4	0.00044584	0.00485572	0.0421691	0.187133	0.365575	0.290155	0.0949268	0.0137314	0.000970162	3.68989e-05	8.20573e-07	1.14127e-08	1.04919e-10	6.81644e-13	5.81642e-15	
POSCAP_Ataenius_sp	0	0	0	1	0	0	0	0	0	0	0	0	0	0	0	
POSCAP_Psammodius_sp	0	0	0	0	0	0	1	0	0	0	0	0	0	0	0	
N5	1.65218e-09	7.63111e-07	0.0001832	0.0145176	0.249291	0.555221	0.170322	0.0103245	0.000139795	4.92981e-07	5.96384e-10	3.13447e-13	8.41693e-17	1.29114e-20	1.45625e-24	
N6	1.26474e-09	4.52262e-07	9.25484e-05	0.00735128	0.152055	0.493567	0.299594	0.0455398	0.00178092	1.8509e-05	6.14222e-08	8.15594e-11	5.21207e-14	1.84855e-17	5.52946e-21	
N7	4.11898e-12	3.68222e-09	1.88899e-06	0.000378451	0.0210157	0.211838	0.468893	0.260523	0.0360647	0.00127284	1.27476e-05	4.06216e-08	4.87538e-11	2.65409e-14	1.03595e-17	
N8	1.59127e-14	6.55579e-12	2.12627e-09	3.96103e-07	3.74472e-05	0.00154405	0.0248597	0.155667	0.37599	0.333556	0.100035	0.00813957	0.000168754	1.29257e-06	8.2122e-09	
POSCSE_Serica_sp	0	0	0	0	0	0	0	0	1	0	0	0	0	0	0	
N9	1.46711e-21	4.52385e-18	9.72702e-15	1.17612e-11	7.17679e-09	1.92943e-06	0.000200181	0.00750495	0.0967249	0.392286	0.417598	0.0827562	0.00290322	2.45761e-05	1.29502e-07	
N10	6.95304e-27	5.56349e-23	3.18465e-19	1.12847e-15	2.29893e-12	2.44004e-09	1.18346e-06	0.00022243	0.0134105	0.205975	0.55891	0.207201	0.0140718	0.000206064	1.30873e-06	
N11	3.21217e-28	3.34589e-24	2.49778e-20	1.17109e-16	3.23409e-13	4.83341e-10	3.48398e-07	0.000103007	0.0098568	0.212943	0.59922	0.171107	0.00672216	4.80766e-05	1.7205e-07	
N12	2.06647e-23	4.15196e-20	6.80183e-17	7.60184e-14	5.49772e-11	2.40207e-08	5.77124e-06	0.000665584	0.0298125	0.358095	0.533131	0.0762069	0.00206537	1.77851e-05	1.06557e-07	
POSCME_Amphimallon_solstitiale	0	0	0	0	0	0	0	0	0	1	0	0	0	0	0	
POSCME_Melolontha_sp	0	0	0	0	0	0	0	0	0	0	1	0	0	0	0	
N13	1.02754e-25	3.25e-22	8.38391e-19	1.48493e-15	1.71714e-12	1.21428e-09	4.7995e-07	9.31282e-05	0.00725804	0.161773	0.575551	0.237068	0.01795	0.000303548	3.12471e-06	
POSCME_Schizonycha_sp	0	0	0	0	0	0	0	0	0	0	0	0	1	0	0	
POSCME_Haplidia_sp	0	0	0	0	0	0	0	0	0	0	1	0	0	0	0	
N14	1.59231e-28	6.21898e-25	1.98324e-21	4.45358e-18	6.74402e-15	6.51456e-12	3.72695e-09	1.13856e-06	0.00015961	0.00816424	0.114008	0.417565	0.390578	0.0659526	0.00357144	
POSCME_Phyllophaga_delata_M	0	0	0	0	0	0	0	0	0	0	0	0	0	1	0	
N15	8.79422e-32	4.77355e-28	2.13646e-24	6.92094e-21	1.56391e-17	2.35331e-14	2.22029e-11	1.21152e-08	3.4167e-06	0.000423453	0.0183427	0.222432	0.592168	0.157619	0.00901087	
POSCME_Phyllophaga_drakii	0	0	0	0	0	0	0	0	0	0	0	0	0	1	0	
POSCME_Phyllophaga_fusca	0	0	0	0	0	0	0	0	0	0	0	0	1	0	0	
N16	3.75562e-20	3.05258e-17	2.09522e-14	9.70386e-12	2.86012e-09	4.98377e-07	4.66139e-05	0.00206701	0.0375262	0.238762	0.456202	0.232623	0.0313525	0.00137316	4.7142e-05	
POSCME_Apogonia_sp	0	0	0	0	0	0	0	0	0	0	0	0	1	0	0	
POSCME_Hoplia_sp	0	0	0	0	0	0	0	0	0	0	0	1	0	0	0	
N17	9.5711e-12	4.91155e-09	1.63342e-06	0.000245921	0.0129666	0.159855	0.451788	0.31696	0.0555765	0.00256901	3.71223e-05	2.03707e-07	5.0114e-10	6.33061e-13	6.6111e-16	
N18	5.31077e-15	4.57435e-12	2.73473e-09	8.63802e-07	0.000124986	0.00680748	0.111	0.444648	0.364678	0.0689367	0.00373825	6.52458e-05	4.06762e-07	1.10364e-09	2.36211e-12	
N19	2.00386e-16	3.3827e-13	3.67562e-10	2.0269e-07	4.9198e-05	0.0043083	0.103295	0.485856	0.359638	0.0456211	0.00122423	8.85209e-06	2.21676e-08	2.36118e-11	1.65547e-14	
N20	3.22159e-15	2.1878e-12	1.11292e-09	3.26048e-07	4.92009e-05	0.0032643	0.0749347	0.416319	0.414226	0.0863258	0.00479817	8.15907e-05	5.41614e-07	1.7302e-09	4.73556e-12	
N21	1.78632e-14	9.86718e-12	4.08647e-09	9.69642e-07	0.000117704	0.00622431	0.112551	0.484048	0.349196	0.0462616	0.0015817	1.89221e-05	9.8622e-08	2.62423e-10	5.91954e-13	
N22	1.00281e-20	7.08045e-17	3.42571e-13	9.45142e-10	1.32759e-06	0.00078789	0.134671	0.480822	0.336263	0.0473124	0.000142711	1.26271e-07	4.7817e-11	9.32573e-15	1.29873e-18	
POSCDY_Phyllognathus_dionysius	0	0	0	0	0	0	0	0	0	1	0	0	0	0	0	
POSCDY_Oryctes_nasicornis	0	0	0	0	0	0	1	0	0	0	0	0	0	0	0	
N23	1.86376e-29	2.92625e-24	2.02418e-19	6.27378e-15	8.74731e-11	5.34013e-07	0.00118833	0.592857	0.405566	0.000388418	8.62468e-08	7.17834e-12	2.67112e-16	4.55624e-21	4.22592e-26	
POSCDY_Pentodon_sp	0	0	0	0	0	0	0	0	1	0	0	0	0	0	0	
POSCDY_Dynastes_sp	0	0	0	0	0	0	0	1	0	0	0	0	0	0	0	
POSCDY_Cyclocephala_sp	0	0	0	0	0	0	0	0	0	0	1	0	0	0	0	
N24	3.2058e-16	5.398e-13	5.99245e-10	3.41243e-07	8.52106e-05	0.00732533	0.146653	0.523347	0.294307	0.0278691	0.000410503	1.63476e-06	2.46402e-09	1.73306e-12	8.69607e-16	
N25	2.17513e-14	1.84633e-11	1.09881e-08	3.42291e-06	0.000476327	0.0231211	0.257098	0.536104	0.173625	0.00947187	0.000100178	3.4828e-07	5.30732e-10	4.2226e-13	2.6763e-16	
N26	1.16028e-12	8.17482e-10	3.93148e-07	9.57804e-05	0.00966317	0.274481	0.614882	0.0976905	0.00315895	2.85013e-05	9.73796e-08	1.56312e-10	1.36142e-13	7.12369e-17	3.14838e-20	
POSCRU_Anomala_dorsalis	0	0	0	0	0	1	0	0	0	0	0	0	0	0	0	
POSCRU_Anomala_varicolor	0	0	0	0	0	0	1	0	0	0	0	0	0	0	0	
POSCRU_Anomala_bengalensis	0	0	0	0	0	0	0	1	0	0	0	0	0	0	0	
N27	9.03278e-23	4.42216e-19	1.53619e-15	3.13422e-12	3.42474e-09	1.75631e-06	0.000347415	0.0202291	0.280843	0.653812	0.0444956	0.000270349	4.58019e-07	3.17738e-10	1.44464e-13	
N28	6.95679e-25	5.25726e-21	2.83181e-17	9.31894e-14	1.71769e-10	1.56652e-07	5.87996e-05	0.00690156	0.184316	0.718245	0.0897931	0.000684425	1.2688e-06	8.91509e-10	3.90783e-13	
POSCRU_Anomala_polita	0	0	0	0	0	0	0	0	0	0	1	0	0	0	0	
POSCRU_Mimela_sp	0	0	0	0	0	0	0	0	0	1	0	0	0	0	0	
N29	1.68798e-35	2.40845e-30	1.94052e-25	8.42602e-21	1.93489e-16	2.22907e-12	1.16449e-08	2.33037e-05	0.0130354	0.983324	0.00361571	2.00778e-06	3.46827e-10	2.49262e-14	1.01807e-18	
POSCRU_Phyllopertha_sp	0	0	0	0	0	0	0	0	0	1	0	0	0	0	0	
POSCRU_Popillia_japonica	0	0	0	0	0	0	0	0	0	1	0	0	0	0	0	
N30	2.46556e-16	1.15108e-13	4.43319e-11	1.08651e-08	1.56268e-06	0.000118252	0.00404638	0.0525127	0.24087	0.407376	0.245553	0.0467786	0.00268342	5.89829e-05	1.13823e-06	
N31	7.84853e-24	1.41413e-20	2.09798e-17	2.1123e-14	1.36678e-11	5.31579e-09	1.14119e-06	0.000121654	0.00570036	0.101935	0.536186	0.313692	0.041685	0.00067243	6.32172e-06	
POSCRU_Adoretus_lasiopygus	0	0	0	0	0	0	0	0	0	0	0	0	1	0	0	
POSCRU_Adoretus_versutus	0	0	0	0	0	0	0	0	0	0	1	0	0	0	0	
POSCCE_Trichius_zonatus	0	0	0	0	0	0	0	0	0	0	0	1	0	0	0	
N32	8.37574e-10	9.81821e-08	9.07233e-06	0.000459838	0.0113041	0.115459	0.401248	0.379599	0.0857579	0.00599616	0.00016446	2.10837e-06	1.43543e-08	5.76257e-11	2.36496e-13	
N33	2.74953e-11	5.50131e-09	8.53724e-07	7.39021e-05	0.00316636	0.0571739	0.345369	0.494149	0.0952834	0.0046978	8.51202e-05	7.05365e-07	3.08762e-09	7.94454e-12	1.9627e-14	
POSCCE_Protaetia_cuprea	0	0	0	0	0	0	0	1	0	0	0	0	0	0	0	
POSCCE_Cetonia_aurata	0	0	0	0	0	0	0	1	0	0	0	0	0	0	0	
N34	3.0645e-15	2.9483e-12	2.10252e-09	8.5276e-07	0.00017354	0.0146926	0.361332	0.491421	0.13039	0.00197993	9.15935e-06	1.84426e-08	1.93655e-11	1.19489e-14	6.4044e-18	
POSCCE_Oxythyrea_sp	0	0	0	0	0	0	1	0	0	0	0	0	0	0	0	
N35	2.88358e-36	3.73885e-35	4.17099e-34	3.62535e-33	2.30023e-32	9.5685e-32	1.12598e-13	9.13046e-07	0.999999	2.61259e-08	1.26095e-16	2.76827e-34	3.09645e-35	2.92129e-36	2.54847e-37	
POSCCE_Cremastocheilus_sp	0	0	0	0	0	0	0	0	1	0	0	0	0	0	0	
POSCCE_Tropinota_sp	0	0	0	0	0	0	0	0	1	0	0	0	0	0	0	
POSCCH_Chiron_sp	0	0	0	0	1	0	0	0	0	0	0	0	0	0	0	
N36	1.27456e-09	6.01148e-07	0.00015597	0.0142286	0.295195	0.591372	0.0963392	0.00268816	2.02605e-05	5.46545e-08	6.3743e-11	3.6656e-14	1.14189e-17	2.07019e-21	2.95203e-25	
N37	4.3871e-11	8.20971e-08	6.27277e-05	0.011855	0.32146	0.602056	0.0639359	0.000628463	1.00734e-06	4.14986e-10	5.97749e-14	3.68493e-18	1.1124e-22	1.80041e-27	1.79593e-32	
N38	2.09081e-10	2.59743e-07	0.000135783	0.0181383	0.369152	0.568444	0.0438517	0.000277801	3.34728e-07	1.25152e-10	1.92155e-14	1.43889e-18	5.87319e-23	1.4081e-27	2.31212e-32	
N39	5.59151e-07	6.79796e-05	0.00447482	0.0941155	0.475067	0.390616	0.0350375	0.000617114	3.24848e-06	6.74831e-09	6.65006e-12	3.52907e-15	1.10488e-18	2.18672e-22	3.54961e-26	
N40	3.75471e-08	5.27432e-06	0.000472386	0.0171635	0.195597	0.513667	0.249512	0.0230624	0.000517189	3.98929e-06	1.34036e-08	2.29558e-11	2.23625e-14	1.34775e-17	7.24696e-21	
N41	1.93387e-08	2.84741e-06	0.000279408	0.0115676	0.156744	0.502924	0.292119	0.0353484	0.00100475	9.71682e-06	4.09182e-08	8.81256e-11	1.0844e-13	8.30319e-17	5.91964e-20	
POSCAP_Aphodius_moestus	0	0	0	0	0	0	0	1	0	0	0	0	0	0	0	
POSCAP_Aphodius_erraticus	0	0	0	0	0	1	0	0	0	0	0	0	0	0	0	
POSCAP_Aphodius_haemorrhoidalis	0	0	0	0	0	0	1	0	0	0	0	0	0	0	0	
N42	1.51497e-05	0.000753415	0.0204634	0.193698	0.505559	0.259983	0.0191738	0.00035165	2.3567e-06	7.24411e-09	1.18179e-11	1.13139e-14	6.83618e-18	2.76282e-21	1.03587e-24	
POSCAP_Aphodius_borealis	0	0	1	0	0	0	0	0	0	0	0	0	0	0	0	
N43	2.41579e-05	0.000845611	0.0197303	0.180874	0.488173	0.276159	0.032952	0.00122292	1.86304e-05	1.39757e-07	5.84414e-10	1.48856e-12	2.46705e-15	2.81179e-18	3.29652e-21	
POSCAP_Aphodius_luridus	0	0	0	0	1	0	0	0	0	0	0	0	0	0	0	
POSCAP_Aphodius_depressus	0	0	0	0	0	1	0	0	0	0	0	0	0	0	0	
N44	5.77616e-10	4.51871e-07	0.000173997	0.0185576	0.347308	0.570331	0.0627647	0.000861601	2.31679e-06	1.73538e-09	4.69536e-13	5.52206e-17	3.22135e-21	1.02699e-25	2.17055e-30	
N45	9.20918e-08	1.30938e-05	0.00117074	0.0402894	0.37823	0.514353	0.0643758	0.0015555	1.18858e-05	3.76364e-08	5.84132e-11	4.96225e-14	2.4905e-17	7.87686e-21	2.25531e-24	
POSCAP_Aphodius_rufus	0	0	0	0	0	1	0	0	0	0	0	0	0	0	0	
N46	6.56959e-06	0.000262624	0.00747975	0.0945071	0.406718	0.410959	0.0757784	0.00419408	9.39736e-05	1.0276e-06	6.21979e-09	2.2796e-11	5.41013e-14	8.84649e-17	1.59899e-19	
POSCAP_Aphodius_constans	0	0	0	0	1	0	0	0	0	0	0	0	0	0	0	
POSCAP_Aphodius_ater	0	0	0	0	0	1	0	0	0	0	0	0	0	0	0	
N47	4.12841e-09	1.24545e-06	0.000228561	0.0160798	0.28056	0.563906	0.13229	0.00683207	0.000102727	5.70715e-07	1.4029e-09	1.7364e-12	1.18849e-15	4.89912e-19	1.85538e-22	
POSCAP_Aphodius_vittatus	0	0	0	0	0	0	0	1	0	0	0	0	0	0	0	
N48	2.25146e-08	2.69776e-06	0.000228007	0.00895307	0.128289	0.453338	0.342828	0.0629389	0.00335521	6.63034e-05	5.90631e-07	2.73301e-09	7.28483e-12	1.22024e-14	2.03888e-17	
N49	6.28316e-10	1.49431e-07	2.39994e-05	0.00178238	0.049323	0.368314	0.468814	0.106345	0.00532844	6.87039e-05	3.41285e-07	8.15425e-10	1.075e-12	8.60569e-16	6.05787e-19	
POSCAP_Aphodius_consputus	0	0	0	0	0	1	0	0	0	0	0	0	0	0	0	
N50	8.2664e-13	5.59003e-10	2.5012e-07	5.40965e-05	0.00463536	0.115998	0.556466	0.29235	0.0301748	0.000319944	1.06885e-06	1.57249e-09	1.21519e-12	5.52122e-16	2.03845e-19	
N51	4.21064e-24	6.19457e-20	5.92166e-16	3.045e-12	7.36826e-09	6.82553e-06	0.00177338	0.100518	0.894751	0.00294896	1.88837e-06	4.34979e-10	4.69862e-14	2.76147e-18	1.11315e-22	
POSCAP_Aphodius_sticticus	0	0	0	0	0	0	0	0	1	0	0	0	0	0	0	
POSCAP_Aphodius_prodromus	0	0	0	0	0	0	0	0	1	0	0	0	0	0	0	
POSCAP_Aphodius_sphacelatus	0	0	0	0	0	0	1	0	0	0	0	0	0	0	0	
POSCAP_Aphodius_distinctus	0	0	0	0	0	0	0	1	0	0	0	0	0	0	0	
N52	2.02976e-09	8.34311e-07	0.000186149	0.0148746	0.287546	0.587336	0.106733	0.00329818	2.50749e-05	6.28884e-08	6.47667e-11	3.19383e-14	8.39741e-18	1.27319e-21	1.48052e-25	
N53	5.78008e-10	2.18049e-07	4.9039e-05	0.00444424	0.117969	0.495033	0.332759	0.0478508	0.00187044	2.41078e-05	1.18934e-07	2.55154e-10	2.69654e-13	1.5722e-16	7.58241e-20	
N54	2.46928e-09	3.19057e-07	3.19119e-05	0.00166686	0.0368137	0.237579	0.417631	0.246938	0.0542569	0.00488661	0.000192281	3.46336e-06	3.1869e-08	1.73468e-10	1.05741e-12	
POSCAP_Aphodius_fimetarius	0	0	0	0	0	0	0	0	0	0	1	0	0	0	0	
POSCAP_Aphodius_pedellus	0	0	0	0	0	0	0	1	0	0	0	0	0	0	0	
N55	1.12531e-09	2.81193e-07	4.44552e-05	0.00303715	0.0713453	0.414376	0.430287	0.0775679	0.00329906	4.27288e-05	2.14858e-07	5.01958e-10	6.19755e-13	4.45245e-16	2.64531e-19	
N56	2.57232e-09	4.09368e-07	4.65217e-05	0.00255825	0.055485	0.350789	0.449275	0.130834	0.0107424	0.000267103	2.63818e-06	1.25814e-08	3.30603e-11	5.29816e-14	8.29321e-17	
POSCAP_Aphodius_foetens	0	0	0	0	0	1	0	0	0	0	0	0	0	0	0	
POSCAP_Aphodius_coniugatus	0	0	0	0	0	0	0	0	1	0	0	0	0	0	0	
N57	2.21073e-09	3.41322e-07	3.8119e-05	0.0021083	0.0479848	0.341552	0.50726	0.0965158	0.004467	7.38182e-05	5.49352e-07	2.14224e-09	4.86373e-12	6.96955e-15	9.60001e-18	
POSCAP_Aphodius_fossor	0	0	0	0	0	0	1	0	0	0	0	0	0	0	0	
POSCAP_Aphodius_foetidus	0	0	0	0	0	0	1	0	0	0	0	0	0	0	0	
N58	0.000127632	0.00267373	0.0367682	0.197796	0.402521	0.289417	0.065699	0.00484894	0.000146518	2.17319e-06	1.79652e-08	9.06351e-11	2.98482e-13	6.8026e-16	1.72375e-18	
POSCAP_Aphodius_elevatus	0	0	1	0	0	0	0	0	0	0	0	0	0	0	0	
POSCAP_Aphodius_paykulli	0	0	0	0	0	0	1	0	0	0	0	0	0	0	0	
N59	1.03511e-06	4.23164e-05	0.00139976	0.0240147	0.175832	0.421018	0.294856	0.0746662	0.00779464	0.000366156	8.64636e-06	1.13719e-07	9.06534e-10	4.80503e-12	3.10911e-14	
POSCAP_Aphodius_contaminatus	0	0	0	0	0	1	0	0	0	0	0	0	0	0	0	
POSCAP_Aphodius_obliteratus	0	0	0	0	0	0	0	0	1	0	0	0	0	0	0	
N60	5.41766e-06	0.000442145	0.0185508	0.23049	0.571358	0.171103	0.00795881	9.12884e-05	3.54379e-07	5.78023e-10	4.6128e-13	2.01146e-16	5.20416e-20	8.51345e-24	1.12053e-27	
N61	3.00778e-06	0.000263719	0.0127873	0.189076	0.561663	0.219813	0.0160645	0.000327991	2.44629e-06	8.00771e-09	1.31116e-11	1.18247e-14	6.33814e-18	2.21757e-21	7.47564e-25	
N62	9.39897e-07	0.000114095	0.00737801	0.144181	0.549477	0.272352	0.0258302	0.000661332	5.69832e-06	1.97589e-08	3.2056e-11	2.73899e-14	1.34955e-17	4.11899e-21	1.0461e-24	
N63	1.5801e-06	7.9138e-05	0.00282279	0.0452543	0.254253	0.4185	0.229937	0.0456599	0.0033896	0.000100851	1.37858e-06	9.85612e-09	4.07974e-11	1.07093e-13	2.99611e-16	
POSCSC_Eurysternus_caribaeus	0	0	0	0	0	1	0	0	0	0	0	0	0	0	0	
N64	2.39957e-09	2.84324e-07	2.48881e-05	0.00108792	0.0204594	0.14725	0.387695	0.345229	0.0911076	0.00696511	0.000178562	1.9039e-06	9.9709e-09	2.92933e-11	8.23056e-14	
POSCSC_Deltochilum_amazonicum	0	0	0	0	0	0	0	0	1	0	0	0	0	0	0	
N65	1.22934e-10	1.97832e-08	2.44099e-06	0.000160496	0.00494904	0.0626955	0.291839	0.438471	0.179424	0.0216542	0.000793007	1.13967e-05	7.79276e-08	2.93591e-10	1.08107e-12	
POSCSC_Oruscatus_davus	0	0	0	0	0	0	0	1	0	0	0	0	0	0	0	
POSCSC_Ontherus_sp	0	0	0	0	0	0	0	0	0	1	0	0	0	0	0	
N66	1.42446e-07	4.10902e-05	0.00528711	0.155738	0.618616	0.212939	0.00733704	4.16391e-05	6.25907e-08	3.38644e-11	8.06697e-15	9.68944e-19	6.41952e-23	2.49322e-27	8.82513e-32	
N67	1.36208e-07	3.87576e-05	0.00501567	0.150573	0.615018	0.221133	0.00817156	5.05996e-05	8.42193e-08	5.10336e-11	1.36813e-14	1.83696e-18	1.33535e-22	5.55822e-27	1.98557e-31	
N68	1.40304e-05	0.000592048	0.0162931	0.171513	0.497537	0.277529	0.0350809	0.00141695	2.35842e-05	1.92389e-07	8.68378e-10	2.36859e-12	4.17231e-15	5.02004e-18	6.17507e-21	
N69	3.11662e-07	5.8631e-05	0.0056587	0.155229	0.589029	0.232672	0.0170513	0.000299384	1.41256e-06	2.56989e-09	2.23671e-12	1.06799e-15	3.07185e-19	5.69722e-23	8.89265e-27	
POSCSC_Copris_sinicus	0	0	0	0	1	0	0	0	0	0	0	0	0	0	0	
N70	5.78019e-08	1.95267e-05	0.00328604	0.146669	0.558185	0.264421	0.0267495	0.000667354	2.53529e-06	3.29587e-09	1.96745e-12	6.33242e-16	1.21806e-19	1.50547e-23	1.51795e-27	
N71	1.80273e-10	1.04988e-06	0.00237957	0.985395	0.0122027	2.15777e-05	9.33217e-09	1.30513e-12	7.1766e-17	1.78736e-21	2.19006e-26	1.37211e-31	4.39176e-37	6.7686e-43	4.75986e-49	
POSCSC_Microcopris_sp	0	0	0	1	0	0	0	0	0	0	0	0	0	0	0	
POSCSC_Copris_lugubris	0	0	0	1	0	0	0	0	0	0	0	0	0	0	0	
POSCSC_Paracopris_sp	0	0	0	0	0	0	0	1	0	0	0	0	0	0	0	
POSCSC_Heliocopris_sp	0	0	0	0	0	1	0	0	0	0	0	0	0	0	0	
N72	6.10968e-08	1.50491e-05	0.00186732	0.0699876	0.481571	0.39939	0.0462059	0.000956998	5.33613e-06	1.10347e-08	1.04352e-11	5.19672e-15	1.50564e-18	2.73267e-22	3.97416e-26	
N73	2.37114e-08	4.73139e-06	0.000557345	0.0242944	0.270967	0.516738	0.175762	0.0114915	0.000184044	1.01202e-06	2.4146e-09	2.92509e-12	2.00845e-15	8.5275e-19	3.20972e-22	
N74	1.16131e-08	2.34249e-06	0.000290862	0.0141547	0.195419	0.514853	0.250113	0.0246022	0.000560199	4.15596e-06	1.29469e-08	2.00475e-11	1.73325e-14	9.13708e-18	4.22821e-21	
N75	4.13409e-10	1.0214e-07	1.69915e-05	0.00130385	0.0367032	0.278061	0.495092	0.177004	0.0116123	0.000204764	1.36328e-06	4.25438e-09	7.17062e-12	7.22863e-15	6.51139e-18	
N76	6.89101e-14	5.69712e-11	3.21745e-08	9.31776e-06	0.00117256	0.0502888	0.510993	0.38327	0.0536132	0.000650876	2.42619e-06	3.93459e-09	3.32801e-12	1.64735e-15	6.64525e-19	
POSCSC_Sulcophanaeus_sp	0	0	0	0	0	0	0	0	1	0	0	0	0	0	0	
POSCSC_Gymnopleurus_sp	0	0	0	0	0	0	1	0	0	0	0	0	0	0	0	
POSCSC_Paragymnopleurus_sp	0	0	0	0	0	0	0	1	0	0	0	0	0	0	0	
POSCSC_Scarabaeus_sp	0	0	0	0	0	1	0	0	0	0	0	0	0	0	0	
POSCSC_Canthidium_sp	0	0	0	0	0	0	1	0	0	0	0	0	0	0	0	
N77	1.60286e-07	2.41682e-05	0.00203783	0.0589712	0.406707	0.449882	0.0796725	0.00267949	2.61967e-05	9.97526e-08	1.7905e-10	1.726e-13	9.81098e-17	3.52939e-20	1.07242e-23	
N78	3.70167e-08	4.42398e-06	0.000359513	0.0128781	0.157867	0.484166	0.314262	0.0296868	0.000768393	7.76982e-06	3.78192e-08	1.01424e-10	1.64612e-13	1.73797e-16	1.76841e-19	
POSCSC_Gromphas_sp	0	0	0	0	0	0	1	0	0	0	0	0	0	0	0	
POSCSC_Canthon_indigaceus	0	0	0	0	0	0	1	0	0	0	0	0	0	0	0	
N79	6.88854e-07	7.31395e-05	0.00451099	0.0957091	0.458132	0.387139	0.0528518	0.00156783	1.52863e-05	6.37962e-08	1.35054e-10	1.62795e-13	1.21396e-16	5.96751e-20	2.64955e-23	
N80	1.96653e-11	1.34177e-08	5.58932e-06	0.000989368	0.0567318	0.685769	0.253374	0.00312068	1.00957e-05	1.314e-08	8.50089e-12	3.11077e-15	7.02868e-19	1.04575e-22	1.3084e-26	
POSCSC_Oxysternon_sp	0	0	0	0	0	1	0	0	0	0	0	0	0	0	0	
POSCSC_Coprophanaeus_sp	0	0	0	0	0	0	1	0	0	0	0	0	0	0	0	
N81	2.6487e-07	7.45729e-05	0.0104599	0.386232	0.572069	0.0308218	0.000341713	1.22686e-06	1.8708e-09	1.44145e-12	6.31111e-16	1.70673e-19	3.03232e-23	3.71455e-27	3.95511e-31	
POSCSC_Eucranium_arachnoides	0	0	0	0	1	0	0	0	0	0	0	0	0	0	0	
POSCSC_Glyphoderus_sterquilinus	0	0	0	1	0	0	0	0	0	0	0	0	0	0	0	
N82	1.90298e-06	0.000272881	0.0179916	0.280017	0.591251	0.107889	0.00256181	1.46404e-05	2.91278e-08	2.53397e-11	1.11962e-14	2.78557e-18	4.20128e-22	4.0586e-26	3.12896e-30	
N83	6.14777e-05	0.00201319	0.0414681	0.301008	0.512386	0.134058	0.00879458	0.000208243	2.23793e-06	1.26891e-08	4.21495e-11	8.85275e-14	1.24573e-16	1.23376e-19	1.26674e-22	
POSCSC_Tiniocellus_spinipes	0	0	0	0	1	0	0	0	0	0	0	0	0	0	0	
POSCSC_Oniticellus_fulvus	0	0	0	0	1	0	0	0	0	0	0	0	0	0	0	
N84	1.52604e-06	0.000247171	0.0178839	0.284574	0.588762	0.106064	0.00245393	1.33418e-05	2.47723e-08	1.98457e-11	8.00193e-15	1.80493e-18	2.45519e-22	2.13904e-26	1.57715e-30	
N85	1.85177e-06	0.000320777	0.0222779	0.307652	0.570904	0.0968356	0.00199944	9.01182e-06	1.3304e-08	8.28039e-12	2.56269e-15	4.42001e-19	4.61287e-23	3.09849e-27	1.61925e-31	
N86	3.54845e-07	7.61644e-05	0.0077145	0.181437	0.570631	0.226316	0.013666	0.000158242	4.49695e-07	4.51495e-10	2.01139e-13	4.60419e-17	5.98354e-21	4.74363e-25	2.89986e-29	
N87	5.02606e-11	2.89081e-08	9.75249e-06	0.00128907	0.0480277	0.407454	0.463266	0.0789364	0.0010138	3.39271e-06	4.52578e-09	2.9896e-12	1.11537e-15	2.56858e-19	4.80507e-23	
POSCSC_Onthophagus_nuchicornis_M	0	0	0	0	0	0	0	1	0	0	0	0	0	0	0	
N88	1.24454e-13	2.2061e-10	2.25713e-07	9.77158e-05	0.0135885	0.395878	0.503028	0.0868134	0.000593805	9.80199e-07	6.1749e-10	1.86982e-13	3.12879e-17	3.17536e-21	2.4303e-25	
POSCSC_Onthophagus_fracticornis	0	0	0	0	0	1	0	0	0	0	0	0	0	0	0	
POSCSC_Onthophagus_similis	0	0	0	0	0	0	0	1	0	0	0	0	0	0	0	
N89	9.8199e-07	0.000139815	0.0101075	0.19474	0.564071	0.218035	0.0127457	0.000160372	6.26705e-07	1.01839e-09	8.25786e-13	3.72908e-16	1.0023e-19	1.6787e-23	2.35616e-27	
POSCSC_Caccobius_schreberi	0	0	0	0	0	1	0	0	0	0	0	0	0	0	0	
POSCSC_Onthophagus_taurus	0	0	0	1	0	0	0	0	0	0	0	0	0	0	0	
N90	0.000113367	0.00530294	0.112457	0.445423	0.380057	0.0550472	0.00158542	1.46145e-05	5.745e-08	1.14945e-10	1.3166e-13	9.38194e-17	4.42362e-20	1.44981e-23	4.41701e-27	
N91	0.00139887	0.0514162	0.595181	0.319787	0.0314778	0.000734077	5.32563e-06	1.60087e-08	2.40541e-11	2.04649e-14	1.07597e-17	3.72826e-21	8.94308e-25	1.54457e-28	2.41249e-32	
POSCSC_Onthophagus_marginicollis	0	0	1	0	0	0	0	0	0	0	0	0	0	0	0	
POSCSC_Onthophagus_hecate	0	0	1	0	0	0	0	0	0	0	0	0	0	0	0	
POSCSC_Onthophagus_pennsylvannicus	0	0	0	0	0	1	0	0	0	0	0	0	0	0	0	
POSCSC_Digitonthophagus_gazella	0	0	0	0	0	1	0	0	0	0	0	0	0	0	0	
POSCSC_Sisyphus_sp	0	0	0	0	0	0	0	1	0	0	0	0	0	0	0	
N92	0.00123166	0.016615	0.133557	0.403297	0.362154	0.0782113	0.0048219	0.000110605	1.14408e-06	6.1156e-09	1.8662e-11	3.50465e-14	4.29385e-17	3.60445e-20	2.95995e-23	
N93	0.000246273	0.00548843	0.0745704	0.348422	0.428839	0.130501	0.0115721	0.000356384	4.46037e-06	2.64008e-08	8.34166e-11	1.54292e-13	1.79286e-16	1.38988e-19	1.05564e-22	
POSCSC_Cheironitis_sp	0	0	0	0	1	0	0	0	0	0	0	0	0	0	0	
N94	9.96614e-05	0.0030112	0.0551113	0.319212	0.447989	0.157323	0.0166451	0.000600372	7.90734e-06	4.52174e-08	1.3014e-10	2.104e-13	2.07369e-16	1.33592e-19	8.23365e-23	
N95	5.34858e-05	0.0036367	0.107552	0.519567	0.346582	0.0222514	0.000354967	2.01721e-06	5.06825e-09	6.52386e-12	4.78263e-15	2.16038e-18	6.38639e-22	1.29659e-25	2.32722e-29	
N96	7.6179e-08	2.66747e-05	0.00420013	0.159528	0.815983	0.0201713	9.07789e-05	1.37228e-07	9.23487e-11	3.2616e-14	6.73673e-18	8.78409e-22	7.65261e-26	4.65404e-30	2.35851e-34	
N97	1.71202e-34	4.62768e-14	6.31357e-09	0.000239433	0.999703	5.72066e-05	4.48055e-10	1.12776e-15	1.07056e-34	1.03705e-35	8.32926e-37	5.70101e-38	3.39337e-39	1.78397e-40	8.74545e-42	
POSCSC_Bolbites_onitoides	0	0	0	0	1	0	0	0	0	0	0	0	0	0	0	
POSCSC_Phanaeus_igneus	0	0	0	0	1	0	0	0	0	0	0	0	0	0	0	
POSCSC_Phanaeus_vindex	0	0	0	0	1	0	0	0	0	0	0	0	0	0	0	
N98	8.41613e-05	0.00853872	0.293183	0.628379	0.0687885	0.00102268	4.21469e-06	6.88073e-09	5.46174e-12	2.4036e-15	6.42056e-19	1.11189e-22	1.31201e-26	1.09672e-30	7.79984e-35	
POSCSC_Onitis_sp	0	0	1	0	0	0	0	0	0	0	0	0	0	0	0	
POSCSC_Malagoniella_sp	0	0	0	1	0	0	0	0	0	0	0	0	0	0	0	
POSCSC_Phanaeus_chalcomelas	0	0	0	0	0	0	0	1	0	0	0	0	0	0	0	
N99	0.0164901	0.0873162	0.280401	0.382359	0.19546	0.0353267	0.00255911	8.68395e-05	1.56717e-06	1.65629e-08	1.1031e-10	4.90023e-13	1.51898e-15	3.437e-18	9.16156e-21	
POSCSC_Bubas_bison	0	0	0	0	1	0	0	0	0	0	0	0	0	0	0	
POSCSC_Bubas_bubalus	0	1	0	0	0	0	0	0	0	0	0	0	0	0	0	
