NODE	7	8	9	10	11	12	13	14	15	16	17	18	19	20	21	22	23	24	25	26	27	28	29	30	31	32	33	34	35	36	37	38	
N1	0.333083	0.280736	0.197476	0.113139	0.0514028	0.0181158	0.00487851	0.000995541	0.000153511	1.79095e-05	1.58752e-06	1.07578e-07	5.61442e-09	2.27496e-10	7.21726e-12	1.80783e-13	1.42228e-17	1.79935e-18	2.04726e-19	2.10261e-20	1.95616e-21	1.65408e-22	1.27524e-23	8.9911e-25	5.81362e-26	3.4567e-27	1.89481e-28	9.59963e-30	4.50869e-31	1.97794e-32	8.4292e-34	4.72437e-35	
N2	0.207206	0.206867	0.186581	0.150978	0.108718	0.0691961	0.038744	0.0190298	0.00818757	0.00308449	0.00101774	0.000294334	7.46901e-05	1.66528e-05	3.2672e-06	5.65018e-07	8.62844e-08	1.16577e-08	1.39628e-09	1.48558e-10	1.40701e-11	1.18878e-12	8.97933e-14	6.07658e-15	3.6922e-16	2.01861e-17	9.95147e-19	4.43334e-20	1.78965e-21	6.60448e-23	2.39358e-24	1.57706e-25	
N3	0.064846	0.0870246	0.120704	0.153116	0.167624	0.154187	0.11754	0.0737044	0.037869	0.0159202	0.00547848	0.00154596	0.000358753	6.87132e-05	1.09086e-05	1.44213e-06	1.59544e-07	1.48455e-08	1.16781e-09	7.80602e-11	4.45603e-12	2.18304e-13	9.22246e-15	3.37524e-16	1.0749e-17	2.99147e-19	7.30536e-21	1.57172e-22	2.99256e-24	5.09437e-26	8.24617e-28	2.13916e-29	
POCUBR_Notaris_sp	0	0	0	0	1	0	0	0	0	0	0	0	0	0	0	0	0	0	0	0	0	0	0	0	0	0	0	0	0	0	0	0	
N4	0.0365171	0.0538001	0.0870963	0.131414	0.169339	0.178871	0.151867	0.10262	0.0549167	0.0232276	0.00776421	0.00205385	0.000431012	7.19951e-05	9.61061e-06	1.02992e-06	8.90442e-08	6.24329e-09	3.56916e-10	1.67279e-11	6.46301e-13	2.06977e-14	5.52403e-16	1.23521e-17	2.3261e-19	3.70773e-21	5.02689e-23	5.8244e-25	5.79365e-27	4.97246e-29	3.76332e-31	4.06439e-33	
N5	0.0205378	0.0315863	0.0556446	0.0944074	0.13995	0.172913	0.174119	0.141384	0.0921299	0.0481032	0.0201349	0.00677018	0.00183435	0.000402098	7.16433e-05	1.04293e-05	1.24727e-06	1.23249e-07	1.01218e-08	6.94918e-10	4.01179e-11	1.95865e-12	8.13234e-14	2.88714e-15	8.81017e-17	2.32248e-18	5.31457e-20	1.0606e-21	1.8547e-23	2.86513e-25	4.10546e-27	9.29014e-29	
N6	1.70463e-13	2.1624e-11	2.40472e-09	1.97511e-07	1.13782e-05	0.000429211	0.00960657	0.109079	0.468651	0.360148	0.0494477	0.00255993	6.68145e-05	1.02485e-06	1.01555e-08	6.93296e-11	3.4161e-13	1.2586e-15	3.565e-18	7.93976e-21	1.41644e-23	2.05601e-26	2.46091e-29	2.4572e-32	2.06761e-35	1.47935e-38	9.07236e-42	4.80341e-45	2.2106e-48	8.92143e-52	3.26055e-55	1.41721e-58	
POCUDR_Sphenophorus_sp	0	0	0	0	0	0	0	0	0	1	0	0	0	0	0	0	0	0	0	0	0	0	0	0	0	0	0	0	0	0	0	0	
POCUDR_Metamasius_hemipterus	0	0	0	0	0	0	0	0	1	0	0	0	0	0	0	0	0	0	0	0	0	0	0	0	0	0	0	0	0	0	0	0	
POCUDR_Diocalandra_sp	0	0	0	0	0	0	0	1	0	0	0	0	0	0	0	0	0	0	0	0	0	0	0	0	0	0	0	0	0	0	0	0	
N7	0.0263393	0.0392165	0.065868	0.106199	0.149595	0.17554	0.167662	0.128927	0.0794515	0.0391978	0.0155005	0.00492657	0.00126339	0.000262641	4.44959e-05	6.17854e-06	7.0738e-07	6.71844e-08	5.32591e-09	3.54542e-10	1.99379e-11	9.527e-13	3.88989e-14	1.36451e-15	4.13365e-17	1.08685e-18	2.49199e-20	5.00543e-22	8.84717e-24	1.38519e-25	2.00134e-27	4.60397e-29	
POCUDR_Rhynchophorus_ferrugineus	0	0	0	0	0	0	0	0	1	0	0	0	0	0	0	0	0	0	0	0	0	0	0	0	0	0	0	0	0	0	0	0	
POCUDR_Cosmopolites_sordidus	0	0	0	0	0	1	0	0	0	0	0	0	0	0	0	0	0	0	0	0	0	0	0	0	0	0	0	0	0	0	0	0	
N8	0.2556	0.241719	0.197491	0.139902	0.0859809	0.0457966	0.0211037	0.0083983	0.00288191	0.000851931	0.000216875	4.75565e-05	8.99003e-06	1.46702e-06	2.07006e-07	2.53105e-08	2.6878e-09	2.48522e-10	2.00612e-11	1.41766e-12	8.79475e-14	4.80336e-15	2.31614e-16	9.88794e-18	3.74777e-19	1.2646e-20	3.80901e-22	1.02689e-23	2.48616e-25	5.45499e-27	1.15433e-28	4.08832e-30	
N9	0.253946	0.241192	0.19832	0.141218	0.0868419	0.0459412	0.0208294	0.00806971	0.0026662	0.000750547	0.000180021	3.68201e-05	6.4314e-06	9.61295e-07	1.23249e-07	1.35914e-08	1.29291e-09	1.06425e-10	7.60434e-12	4.73187e-13	2.57256e-14	1.22594e-15	5.13729e-17	1.89903e-18	6.21165e-20	1.80333e-21	4.66029e-23	1.07517e-24	2.22118e-26	4.13347e-28	7.25471e-30	2.10929e-31	
POCUBR_Echinocnemus_sp	0	0	0	1	0	0	0	0	0	0	0	0	0	0	0	0	0	0	0	0	0	0	0	0	0	0	0	0	0	0	0	0	
POCUER_Tanysphyrus_lemnae	0	0	1	0	0	0	0	0	0	0	0	0	0	0	0	0	0	0	0	0	0	0	0	0	0	0	0	0	0	0	0	0	
POCUER_Procas_sp	0	0	1	0	0	0	0	0	0	0	0	0	0	0	0	0	0	0	0	0	0	0	0	0	0	0	0	0	0	0	0	0	
N10	0.260222	0.257783	0.218266	0.148178	0.0766181	0.0291507	0.00798763	0.0015569	0.000214593	2.08953e-05	1.44127e-06	7.08184e-08	2.49815e-09	6.38555e-11	1.19501e-12	1.65538e-14	1.71658e-16	1.34764e-18	8.09974e-21	3.76748e-23	1.37036e-25	3.93674e-28	9.01695e-31	1.66165e-33	2.48591e-36	3.04929e-39	3.10985e-42	2.71097e-45	2.15984e-48	1.81185e-51	1.91077e-54	3.41545e-57	
N11	0.252946	0.251259	0.215687	0.151149	0.082365	0.0337519	0.0101924	0.00224432	0.000359005	4.17648e-05	3.54968e-06	2.21942e-07	1.02952e-08	3.57657e-10	9.39823e-12	1.88695e-13	2.92401e-15	3.53178e-17	3.3571e-19	2.53456e-21	1.53338e-23	7.49686e-26	2.98594e-28	9.76278e-31	2.63942e-33	5.94115e-36	1.1207e-38	1.78256e-41	2.40479e-44	2.76764e-47	2.75576e-50	3.285e-53	
N12	0.156152	0.170482	0.177368	0.167523	0.137757	0.0957011	0.0550726	0.0259433	0.00994082	0.00309016	0.000779186	0.000159607	2.66272e-05	3.62963e-06	4.05738e-07	3.73385e-08	2.8401e-09	1.7928e-10	9.4299e-12	4.14954e-13	1.53365e-14	4.77941e-16	1.26066e-17	2.82499e-19	5.3978e-21	8.82583e-23	1.23932e-24	1.50016e-26	1.57325e-28	1.44657e-30	1.23954e-32	1.71595e-34	
N13	0.127811	0.139235	0.147225	0.147281	0.135759	0.112749	0.0829539	0.0534381	0.0299132	0.014485	0.00605375	0.002182	0.000678519	0.000182235	4.23428e-05	8.52878e-06	1.49262e-06	2.27528e-07	3.02881e-08	3.53032e-09	3.61271e-10	3.25466e-11	2.58826e-12	1.82181e-13	1.13801e-14	6.3252e-16	3.13642e-17	1.39156e-18	5.55133e-20	2.02446e-21	7.3645e-23	4.5865e-24	
N14	0.0546284	0.0704302	0.0950106	0.122088	0.142055	0.145985	0.130779	0.101362	0.0676594	0.0387881	0.0190694	0.00803527	0.00290248	0.00089945	0.000239424	5.48346e-05	1.08266e-05	1.84688e-06	2.72868e-07	3.50068e-08	3.91032e-09	3.81365e-10	3.25664e-11	2.44201e-12	1.61258e-13	9.40477e-15	4.85845e-16	2.23042e-17	9.14675e-19	3.40607e-20	1.25373e-21	7.87156e-23	
N15	0.0786892	0.0959182	0.120375	0.143748	0.154197	0.143523	0.113733	0.0759668	0.0425606	0.0199611	0.00783582	0.00257729	0.000711594	0.000165334	3.242e-05	5.38243e-06	7.5919e-07	9.13036e-08	9.397e-09	8.30757e-10	6.33239e-11	4.17722e-12	2.39351e-13	1.1956e-14	5.225e-16	2.00468e-17	6.7754e-19	2.02394e-20	5.36225e-22	1.26856e-23	2.82005e-25	1.05867e-26	
POCUMO_Ruteria_hypocrita	0	0	0	0	0	0	1	0	0	0	0	0	0	0	0	0	0	0	0	0	0	0	0	0	0	0	0	0	0	0	0	0	
N16	0.123467	0.182351	0.239795	0.227329	0.144926	0.0610575	0.0172228	0.00334213	0.000459948	4.62037e-05	3.47594e-06	2.00257e-07	9.00754e-09	3.2165e-10	9.25216e-12	2.17133e-13	4.20461e-15	6.78576e-17	9.20972e-19	1.05971e-20	1.0414e-22	8.79934e-25	6.4321e-27	4.09059e-29	2.27522e-31	1.11219e-33	4.79971e-36	1.83647e-38	6.25671e-41	1.91078e-43	5.39932e-46	2.05676e-48	
POCUCU_Cionus_sp	0	1	0	0	0	0	0	0	0	0	0	0	0	0	0	0	0	0	0	0	0	0	0	0	0	0	0	0	0	0	0	0	
POCUMO_Adexius_scrobipennis	0	0	0	0	1	0	0	0	0	0	0	0	0	0	0	0	0	0	0	0	0	0	0	0	0	0	0	0	0	0	0	0	
POCUTY_Tychius_sp	0	0	0	0	0	0	0	0	0	0	0	0	1	0	0	0	0	0	0	0	0	0	0	0	0	0	0	0	0	0	0	0	
N17	0.0334699	0.0460021	0.0678095	0.0958164	0.123199	0.1409	0.141741	0.124637	0.0954448	0.0635138	0.0366867	0.0183881	0.00799983	0.00302341	0.000993864	0.00028462	7.11447e-05	1.55557e-05	2.98216e-06	5.02516e-07	7.46247e-08	9.79257e-09	1.13862e-09	1.17632e-10	1.08275e-11	8.90382e-13	6.55917e-14	4.34105e-15	2.59222e-16	1.41779e-17	7.81485e-19	7.96681e-20	
POCUBA_Metialma_sp	0	0	0	0	0	0	0	0	0	0	0	1	0	0	0	0	0	0	0	0	0	0	0	0	0	0	0	0	0	0	0	0	
POCUSC_Scolytus_sp	0	0	0	0	1	0	0	0	0	0	0	0	0	0	0	0	0	0	0	0	0	0	0	0	0	0	0	0	0	0	0	0	
N18	0.141653	0.156532	0.166936	0.163853	0.142101	0.105755	0.0662757	0.0345841	0.0149378	0.00532805	0.00156944	0.000382412	7.72849e-05	1.29983e-05	1.82613e-06	2.15157e-07	2.13468e-08	1.7908e-09	1.27549e-10	7.74409e-12	4.02389e-13	1.7963e-14	6.91505e-16	2.304e-17	6.66776e-19	1.68188e-20	3.71079e-22	7.19145e-24	1.23351e-25	1.91747e-27	2.9743e-29	6.92246e-31	
N19	0.0392986	0.0514361	0.0715558	0.0964779	0.12007	0.13477	0.134835	0.119448	0.0933215	0.0641377	0.0387183	0.0205135	0.00953611	0.00389029	0.00139346	0.000438582	0.000121423	2.96058e-05	6.3662e-06	1.20913e-06	2.03174e-07	3.02561e-08	4.00029e-09	4.70451e-10	4.93076e-11	4.61481e-12	3.86523e-13	2.90551e-14	1.97214e-15	1.23569e-16	7.9469e-18	9.10743e-19	
N20	0.0066756	0.0114133	0.0215184	0.0382801	0.0618211	0.089689	0.116296	0.134256	0.137548	0.124731	0.0999114	0.0705858	0.0439381	0.024084	0.011622	0.00493771	0.00184763	0.00060925	0.000177175	4.54825e-05	1.03182e-05	2.07124e-06	3.68418e-07	5.81602e-08	8.16398e-09	1.0214e-09	1.14292e-10	1.15074e-11	1.05546e-12	9.08251e-14	8.06142e-15	1.18362e-15	
POCUCE_Rhinoncus_sp	0	0	0	1	0	0	0	0	0	0	0	0	0	0	0	0	0	0	0	0	0	0	0	0	0	0	0	0	0	0	0	0	
POCUCE_Nedyus_quadrimaculatus	0	0	0	0	0	0	0	0	0	0	0	0	0	0	0	0	0	0	0	0	0	1	0	0	0	0	0	0	0	0	0	0	
POCUCE_Zacladus_geranii	0	0	0	0	0	0	0	1	0	0	0	0	0	0	0	0	0	0	0	0	0	0	0	0	0	0	0	0	0	0	0	0	
N21	0.0321925	0.042799	0.0610936	0.0850734	0.109902	0.128625	0.134777	0.12562	0.103754	0.075766	0.0488543	0.0277985	0.0139567	0.00618462	0.0024204	0.000837342	0.000256366	6.95588e-05	1.67513e-05	3.58664e-06	6.84001e-07	1.16409e-07	1.77152e-08	2.41557e-09	2.95748e-10	3.25816e-11	3.23696e-12	2.90783e-13	2.37442e-14	1.79986e-15	1.42215e-16	2.10608e-17	
POCUMO_Acalles_camelus	0	0	0	0	0	0	0	0	0	0	0	0	1	0	0	0	0	0	0	0	0	0	0	0	0	0	0	0	0	0	0	0	
POCUMO_Acalles_echinatus	0	0	0	0	0	1	0	0	0	0	0	0	0	0	0	0	0	0	0	0	0	0	0	0	0	0	0	0	0	0	0	0	
N22	0.260586	0.249952	0.206413	0.143614	0.0822266	0.0380021	0.0139939	0.00407715	0.000937749	0.000170484	2.45899e-05	2.82889e-06	2.61219e-07	1.94943e-08	1.18419e-09	5.89745e-11	2.42503e-12	8.29051e-14	2.37221e-15	5.71761e-17	1.16794e-18	2.03379e-20	3.03577e-22	3.90479e-24	4.34965e-26	4.21595e-28	3.57164e-30	2.656e-32	1.74115e-34	1.01271e-36	5.39979e-39	4.09143e-41	
N23	0.203923	0.213149	0.202279	0.16563	0.112628	0.062094	0.0273714	0.00957628	0.00265163	0.000581302	0.000101169	1.40403e-05	1.56256e-06	1.40351e-07	1.02449e-08	6.1207e-10	3.01444e-11	1.23252e-12	4.2127e-14	1.2117e-15	2.95169e-17	6.12683e-19	1.08996e-20	1.67102e-22	2.21932e-24	2.5662e-26	2.59602e-28	2.3097e-30	1.82119e-32	1.29576e-34	8.82927e-37	8.28124e-39	
N24	0.169998	0.189285	0.197615	0.178797	0.13278	0.0783409	0.0360393	0.0127939	0.00348784	0.000729376	0.00011718	1.45131e-05	1.39231e-06	1.04051e-07	6.09556e-09	2.81776e-10	1.03481e-11	3.03978e-13	7.19083e-15	1.37897e-16	2.15765e-18	2.77194e-20	2.94172e-22	2.59404e-24	1.91142e-26	1.18329e-28	6.18644e-31	2.74518e-33	1.0389e-35	3.36972e-38	9.49473e-41	3.3962e-43	
N25	0.112539	0.14368	0.17972	0.193326	0.167437	0.113045	0.0585071	0.0230194	0.0068652	0.00155362	0.000267852	3.53961e-05	3.61261e-06	2.87208e-07	1.79479e-08	8.898e-10	3.5322e-11	1.13292e-12	2.96182e-14	6.36448e-16	1.13314e-17	1.68428e-19	2.10504e-21	2.22719e-23	2.00758e-25	1.551e-27	1.0329e-29	5.96309e-32	3.00504e-34	1.34101e-36	5.58549e-39	3.09596e-41	
POCUSC_Ips_acuminatus	0	1	0	0	0	0	0	0	0	0	0	0	0	0	0	0	0	0	0	0	0	0	0	0	0	0	0	0	0	0	0	0	
N26	0.0769918	0.106086	0.151569	0.190362	0.191561	0.14753	0.0850233	0.0362811	0.0114204	0.00265357	0.000456805	5.86032e-05	5.64384e-06	4.11417e-07	2.29024e-08	9.8249e-10	3.27795e-11	8.58299e-13	1.77944e-14	2.94621e-16	3.92793e-18	4.25029e-20	3.76107e-22	2.74138e-24	1.65718e-26	8.36264e-29	3.54469e-31	1.2695e-33	3.86353e-36	1.00599e-38	2.29702e-41	6.61779e-44	
N27	0.0591674	0.0861986	0.133902	0.184513	0.202821	0.168185	0.102245	0.0449421	0.0142037	0.00322567	0.000527753	6.25013e-05	5.39139e-06	3.41219e-07	1.59724e-08	5.57703e-10	1.46539e-11	2.92347e-13	4.46816e-15	5.27838e-17	4.86197e-19	3.52191e-21	2.02308e-23	9.29002e-26	3.43693e-28	1.03212e-30	2.53412e-33	5.12224e-36	8.58047e-39	1.19895e-41	1.41156e-44	1.88526e-47	
N28	0.0470429	0.0683296	0.108802	0.159386	0.192873	0.182286	0.130956	0.0706872	0.0285818	0.00867402	0.00198552	0.000345122	4.59063e-05	4.71152e-06	3.76279e-07	2.35824e-08	1.16948e-09	4.62621e-11	1.47119e-12	3.78944e-14	7.96266e-16	1.37436e-17	1.96132e-19	2.32876e-21	2.31433e-23	1.93609e-25	1.37088e-27	8.25894e-30	4.25629e-32	1.89231e-34	7.59198e-37	4.30239e-39	
N29	0.0105228	0.0198844	0.0405926	0.0745644	0.117652	0.156455	0.173214	0.15826	0.118608	0.0726325	0.0362687	0.0147601	0.00489919	0.00132873	0.00029527	5.39498e-05	8.1384e-06	1.01827e-06	1.06194e-07	9.27912e-09	6.82934e-10	4.25636e-11	2.25838e-12	1.02548e-13	4.0055e-15	1.35249e-16	3.96688e-18	1.01534e-19	2.27874e-21	4.5199e-23	8.31625e-25	2.48801e-26	
N30	1.86594e-05	8.80556e-05	0.000466223	0.00215388	0.00820676	0.0251838	0.0613883	0.117669	0.175874	0.20353	0.181306	0.123778	0.0645805	0.0257237	0.00782902	0.00182562	0.00032765	4.55354e-05	4.93641e-06	4.2088e-07	2.84704e-08	1.54178e-09	6.74459e-11	2.40454e-12	7.04645e-14	1.71131e-15	3.4713e-17	5.92478e-19	8.56921e-21	1.05907e-22	1.15858e-24	1.87635e-26	
POCUSC_Ips_montanus	0	0	0	0	0	0	0	0	1	0	0	0	0	0	0	0	0	0	0	0	0	0	0	0	0	0	0	0	0	0	0	0	
N31	8.64283e-08	6.54901e-07	6.50011e-06	5.66006e-05	0.000400014	0.00222798	0.00961332	0.0317332	0.079309	0.148725	0.207645	0.214468	0.163109	0.0910992	0.0373532	0.0112674	0.00251159	0.00041646	5.18001e-05	4.87996e-06	3.5187e-07	1.9632e-08	8.56901e-10	2.95789e-11	8.15971e-13	1.81706e-14	3.29772e-16	4.92182e-18	6.09354e-20	6.32187e-22	5.70022e-24	7.2637e-26	
POCUSC_Ips_paraconfusus	0	0	0	0	0	0	0	0	0	0	0	0	0	0	1	0	0	0	0	0	0	0	0	0	0	0	0	0	0	0	0	0	
N32	8.78958e-11	1.27826e-09	2.6272e-08	4.61778e-07	6.42537e-06	6.91118e-05	0.000565328	0.00346347	0.0156541	0.0514358	0.121197	0.202426	0.237615	0.195082	0.11189	0.0449315	0.0127024	0.00255073	0.000368289	3.88033e-05	3.03203e-06	1.78642e-07	8.06595e-09	2.8343e-10	7.86321e-12	1.74539e-13	3.1378e-15	4.6202e-17	5.62945e-19	5.73458e-21	5.02922e-23	6.22705e-25	
POCUSC_Ips_confusus	0	0	0	0	0	0	0	0	0	0	0	1	0	0	0	0	0	0	0	0	0	0	0	0	0	0	0	0	0	0	0	0	
POCUSC_Ips_hoppingi	0	0	0	0	0	0	0	0	0	0	0	0	0	0	0	0	1	0	0	0	0	0	0	0	0	0	0	0	0	0	0	0	
POCUSC_Ips_lecontei	0	0	0	1	0	0	0	0	0	0	0	0	0	0	0	0	0	0	0	0	0	0	0	0	0	0	0	0	0	0	0	0	
N33	0.0315805	0.04386	0.0673806	0.101097	0.1368	0.159725	0.157215	0.128963	0.0877449	0.0494784	0.0231596	0.0090255	0.00293977	0.00080378	0.000185324	3.62011e-05	6.01905e-06	8.55743e-07	1.045e-07	1.10088e-08	1.00472e-09	7.97644e-11	5.53025e-12	3.36128e-13	1.79759e-14	8.48913e-16	3.55325e-17	1.3241e-18	4.42954e-20	1.36475e-21	4.28094e-23	2.13363e-24	
POCUSC_Ips_cribricollis	0	0	0	0	0	0	0	1	0	0	0	0	0	0	0	0	0	0	0	0	0	0	0	0	0	0	0	0	0	0	0	0	
POCUSC_Ips_calligraphus	0	0	0	0	0	0	0	0	0	0	0	0	0	1	0	0	0	0	0	0	0	0	0	0	0	0	0	0	0	0	0	0	
N34	0.0911525	0.121751	0.165228	0.195168	0.183931	0.132431	0.0713244	0.0284594	0.00838894	0.00182953	0.000296567	3.59762e-05	3.29342e-06	2.2966e-07	1.23212e-08	5.13785e-10	1.68233e-11	4.36922e-13	9.08845e-15	1.5284e-16	2.09667e-18	2.36622e-20	2.21462e-22	1.73203e-24	1.14006e-26	6.35819e-29	3.0236e-31	1.23336e-33	4.3403e-36	1.32679e-38	3.61483e-41	1.28182e-43	
N35	0.0926208	0.122495	0.164473	0.193092	0.182066	0.132146	0.0722853	0.029492	0.00893616	0.00201021	0.000336545	4.2123e-05	3.96538e-06	2.82766e-07	1.53939e-08	6.4513e-10	2.09909e-11	5.3485e-13	1.07637e-14	1.72531e-16	2.22073e-18	2.31359e-20	1.96585e-22	1.37234e-24	7.92621e-27	3.81292e-29	1.53747e-31	5.22806e-34	1.50789e-36	3.70962e-39	7.87487e-42	2.04571e-44	
N36	0.046593	0.0674588	0.10545	0.151129	0.1819	0.176257	0.134743	0.080514	0.0374784	0.0135941	0.00385236	0.000856562	0.000150236	2.09135e-05	2.32576e-06	2.08042e-07	1.50727e-08	8.90621e-10	4.32133e-11	1.73328e-12	5.78452e-14	1.61638e-15	3.80478e-17	7.58848e-19	1.28958e-20	1.87733e-22	2.35339e-24	2.55403e-26	2.41608e-28	2.02244e-30	1.58364e-32	1.72878e-34	
POCUSC_Ips_bonanseai	0	0	0	0	0	0	0	0	0	0	0	0	0	1	0	0	0	0	0	0	0	0	0	0	0	0	0	0	0	0	0	0	
N37	0.0491379	0.0710027	0.11025	0.155958	0.184262	0.174531	0.129936	0.0753044	0.0338398	0.0117876	0.00319024	0.000673689	0.000111628	1.46088e-05	1.52094e-06	1.26924e-07	8.55564e-09	4.69435e-10	2.11254e-11	7.85494e-13	2.43047e-14	6.3012e-16	1.37781e-17	2.55682e-19	4.05079e-21	5.51012e-23	6.46978e-25	6.59075e-27	5.85388e-29	4.56187e-31	3.21176e-33	3.26165e-35	
POCUSC_Ips_pini	0	0	0	1	0	0	0	0	0	0	0	0	0	0	0	0	0	0	0	0	0	0	0	0	0	0	0	0	0	0	0	0	
N38	0.0143044	0.0290535	0.0643146	0.122539	0.184971	0.212559	0.181878	0.114506	0.0527668	0.0177878	0.00439833	0.000801816	0.000108512	1.09916e-05	8.40993e-07	4.90804e-08	2.20696e-09	7.7248e-11	2.12616e-12	4.64764e-14	8.14668e-16	1.15572e-17	1.33868e-19	1.27669e-21	1.01047e-23	6.68705e-26	3.72628e-28	1.76006e-30	7.09098e-33	2.45238e-35	7.42022e-38	2.9249e-40	
POCUSC_Ips_avulsus	0	0	0	1	0	0	0	0	0	0	0	0	0	0	0	0	0	0	0	0	0	0	0	0	0	0	0	0	0	0	0	0	
N39	0.00924732	0.0197064	0.0477674	0.100902	0.168553	0.213321	0.20013	0.137644	0.0690884	0.0253035	0.00678159	0.00133679	0.000195114	2.12553e-05	1.74369e-06	1.08757e-07	5.20937e-09	1.936e-10	5.63989e-12	1.301e-13	2.39993e-15	3.57403e-17	4.33605e-19	4.32268e-21	3.57011e-23	2.46165e-25	1.42737e-27	7.00788e-30	2.9323e-32	1.05359e-34	3.34095e-37	1.40039e-39	
N40	0.00535089	0.0166361	0.0576373	0.148485	0.249691	0.262289	0.17017	0.0686882	0.0176783	0.00299831	0.000346671	2.8197e-05	1.65899e-06	7.23519e-08	2.38946e-09	6.08899e-11	1.21728e-12	1.93749e-14	2.48783e-16	2.6079e-18	2.25584e-20	1.62594e-22	9.85236e-25	5.0599e-27	2.21898e-29	8.3667e-32	2.72962e-34	7.75082e-37	1.92601e-39	4.21047e-42	8.19972e-45	2.01757e-47	
POCUSC_Ips_plastographus	0	0	0	0	0	0	1	0	0	0	0	0	0	0	0	0	0	0	0	0	0	0	0	0	0	0	0	0	0	0	0	0	
POCUSC_Ips_integer	0	0	0	1	0	0	0	0	0	0	0	0	0	0	0	0	0	0	0	0	0	0	0	0	0	0	0	0	0	0	0	0	
POCUSC_Orthotomicus_suturalis	0	0	0	0	0	0	0	0	0	0	0	0	1	0	0	0	0	0	0	0	0	0	0	0	0	0	0	0	0	0	0	0	
N41	0.126551	0.152323	0.178629	0.18421	0.157328	0.107755	0.0581527	0.0245	0.00802685	0.00204502	0.000406285	6.32461e-05	7.76239e-06	7.56478e-07	5.89845e-08	3.7087e-09	1.89522e-10	7.93253e-12	2.73996e-13	7.86693e-15	1.89065e-16	3.82858e-18	6.57377e-20	9.62797e-22	1.20963e-23	1.31067e-25	1.231e-27	1.00707e-29	7.21322e-32	4.56406e-34	2.66367e-36	2.21828e-38	
N42	0.183962	0.193018	0.187763	0.163433	0.123315	0.0787949	0.0419807	0.0184732	0.00668011	0.00198149	0.000482422	9.66264e-05	1.59786e-05	2.19111e-06	2.5039e-07	2.39714e-08	1.93308e-09	1.3203e-10	7.67934e-12	3.82402e-13	1.63876e-14	6.07417e-16	1.95674e-17	5.50376e-19	1.35766e-20	2.94956e-22	5.66646e-24	9.66327e-26	1.46846e-27	2.00048e-29	2.54179e-31	5.13117e-33	
N43	1.00438e-05	0.00114184	0.0633218	0.885886	0.0489534	0.000682524	4.13025e-06	1.36331e-08	2.78512e-11	3.81538e-14	3.70437e-17	2.65441e-20	1.44789e-23	6.16059e-27	2.08553e-30	5.70984e-34	1.28183e-37	2.38749e-41	3.72723e-45	4.9207e-49	5.53701e-53	5.34768e-57	4.46081e-61	3.23196e-65	2.04427e-69	1.13409e-73	5.54153e-78	2.39442e-82	9.18576e-87	3.15126e-91	1.00007e-95	3.67916e-100	
POCUSC_Ips_perturbatus	0	0	0	1	0	0	0	0	0	0	0	0	0	0	0	0	0	0	0	0	0	0	0	0	0	0	0	0	0	0	0	0	
POCUSC_Ips_hunteri	0	0	0	1	0	0	0	0	0	0	0	0	0	0	0	0	0	0	0	0	0	0	0	0	0	0	0	0	0	0	0	0	
N44	0.0773502	0.186456	0.322607	0.274986	0.112972	0.0229187	0.00253444	0.00016812	7.21078e-06	2.11693e-07	4.44405e-09	6.90379e-11	8.1579e-13	7.49957e-15	5.46545e-17	3.20826e-19	1.53788e-21	6.09213e-24	2.01543e-26	5.6204e-29	1.33227e-31	2.70462e-34	4.73451e-37	7.19115e-40	9.53127e-43	1.10818e-45	1.13576e-48	1.03071e-51	8.31933e-55	6.01126e-58	4.00259e-61	3.31326e-64	
POCUSC_Ips_pilifrons	0	0	0	0	1	0	0	0	0	0	0	0	0	0	0	0	0	0	0	0	0	0	0	0	0	0	0	0	0	0	0	0	
N45	0.0941109	0.317214	0.431434	0.140728	0.0157467	0.000748465	1.74572e-05	2.22607e-07	1.68698e-09	8.111e-12	2.60599e-14	5.83427e-17	9.41907e-20	1.12828e-22	1.02718e-25	7.25423e-29	4.04498e-32	1.80841e-35	6.57038e-39	1.96327e-42	4.8762e-46	1.01632e-49	1.79288e-53	2.69787e-57	3.48744e-61	3.89774e-65	3.78885e-69	3.22075e-73	2.40624e-77	1.58735e-81	9.28821e-86	5.44416e-90	
POCUSC_Ips_borealis	0	0	1	0	0	0	0	0	0	0	0	0	0	0	0	0	0	0	0	0	0	0	0	0	0	0	0	0	0	0	0	0	
POCUSC_Ips_tridens	0	1	0	0	0	0	0	0	0	0	0	0	0	0	0	0	0	0	0	0	0	0	0	0	0	0	0	0	0	0	0	0	
POCUSC_Ips_woodi	0	0	0	0	1	0	0	0	0	0	0	0	0	0	0	0	0	0	0	0	0	0	0	0	0	0	0	0	0	0	0	0	
N46	0.245526	0.23847	0.202543	0.147889	0.0910057	0.0463876	0.0193446	0.0065524	0.00179755	0.000399582	7.21794e-05	1.06419e-05	1.28755e-06	1.28601e-07	1.06701e-08	7.40075e-10	4.31801e-11	2.13229e-12	8.96471e-14	3.22718e-15	1.00017e-16	2.68252e-18	6.25729e-20	1.2754e-21	2.28172e-23	3.59819e-25	5.02181e-27	6.22671e-29	6.88537e-31	6.82782e-33	6.28147e-35	8.8401e-37	
N47	0.232393	0.24033	0.218145	0.161125	0.0919878	0.0395738	0.0127301	0.00306957	0.000559228	7.77965e-05	8.36091e-06	7.02472e-07	4.66806e-08	2.48094e-09	1.06573e-10	3.73708e-12	1.07968e-13	2.59231e-15	5.21453e-17	8.85406e-19	1.27795e-20	1.57822e-22	1.67788e-24	1.54444e-26	1.23743e-28	8.67327e-31	5.34322e-33	2.90602e-35	1.40112e-37	6.01363e-40	2.32962e-42	1.23226e-44	
POCUSC_Orthotomicus_caelatus	0	0	1	0	0	0	0	0	0	0	0	0	0	0	0	0	0	0	0	0	0	0	0	0	0	0	0	0	0	0	0	0	
POCUSC_Ips_perroti	0	0	0	1	0	0	0	0	0	0	0	0	0	0	0	0	0	0	0	0	0	0	0	0	0	0	0	0	0	0	0	0	
POCUSC_Ips_typographus	0	0	1	0	0	0	0	0	0	0	0	0	0	0	0	0	0	0	0	0	0	0	0	0	0	0	0	0	0	0	0	0	
N48	0.0411037	0.0556599	0.0816461	0.115443	0.146384	0.160022	0.147703	0.113905	0.0730475	0.0389077	0.0172267	0.0063538	0.00195804	0.000505913	0.000110015	2.02153e-05	3.15167e-06	4.18623e-07	4.75682e-08	4.64294e-09	3.90841e-10	2.84872e-11	1.80475e-12	9.97548e-14	4.82828e-15	2.05373e-16	7.70408e-18	2.55846e-19	7.5648e-21	2.02524e-22	5.3272e-24	2.28704e-25	
POCUSC_Ips_sexdentatus	0	0	0	0	0	0	0	0	1	0	0	0	0	0	0	0	0	0	0	0	0	0	0	0	0	0	0	0	0	0	0	0	
N49	0.00476193	0.00824093	0.0170841	0.0347853	0.0637214	0.101458	0.138329	0.160247	0.156987	0.129669	0.0901456	0.0527076	0.0259235	0.0107353	0.00374922	0.0011067	0.000276851	5.88745e-05	1.06793e-05	1.65828e-06	2.21264e-07	2.54669e-08	2.53833e-09	2.19949e-10	1.66333e-11	1.10198e-12	6.41999e-14	3.30131e-15	1.50517e-16	6.15687e-18	2.44272e-19	1.72468e-20	
POCUSC_Ips_emarginatus	0	0	0	0	0	0	0	0	0	1	0	0	0	0	0	0	0	0	0	0	0	0	0	0	0	0	0	0	0	0	0	0	
POCUSC_Ips_knausi	0	0	0	0	0	0	0	0	0	0	0	1	0	0	0	0	0	0	0	0	0	0	0	0	0	0	0	0	0	0	0	0	
N50	0.162111	0.175944	0.181156	0.168473	0.135519	0.0914302	0.0507593	0.02295	0.00841378	0.00250005	0.000603351	0.000118702	1.91268e-05	2.53738e-06	2.78656e-07	2.54746e-08	1.9494e-09	1.25546e-10	6.84056e-12	3.16938e-13	1.25479e-14	4.2649e-16	1.25009e-17	3.17343e-19	7.00578e-21	1.35031e-22	2.28087e-24	3.38913e-26	4.45023e-28	5.2258e-30	5.8743e-32	1.01952e-33	
N51	0.122373	0.13516	0.145359	0.147182	0.136562	0.114004	0.0846387	0.0554733	0.0319501	0.0161263	0.00712257	0.00275149	0.000929901	0.000275171	7.13869e-05	1.62627e-05	3.25943e-06	5.75943e-07	8.99239e-08	1.24351e-08	1.52667e-09	1.66814e-10	1.62623e-11	1.41798e-12	1.10856e-13	7.78953e-15	4.93188e-16	2.82174e-17	1.46654e-18	7.05307e-20	3.45566e-21	3.01192e-22	
POCUSC_Orthotomicus_erosus	0	0	0	1	0	0	0	0	0	0	0	0	0	0	0	0	0	0	0	0	0	0	0	0	0	0	0	0	0	0	0	0	
POCUSC_Pityogenes_chalcographus	0	0	0	0	0	0	0	0	0	1	0	0	0	0	0	0	0	0	0	0	0	0	0	0	0	0	0	0	0	0	0	0	
N52	0.0358338	0.0552481	0.0881387	0.125531	0.153688	0.160355	0.142218	0.107073	0.0683694	0.037004	0.0169732	0.00659956	0.00217682	0.00060983	0.000145342	2.95302e-05	5.12738e-06	7.62908e-07	9.75667e-08	1.0759e-08	1.02646e-09	8.50151e-11	6.13415e-12	3.86934e-13	2.14119e-14	1.04306e-15	4.48814e-17	1.71151e-18	5.80537e-20	1.76562e-21	5.11749e-23	2.59133e-24	
N53	0.00103003	0.00248312	0.00734527	0.0198806	0.0454583	0.0860716	0.134028	0.170962	0.178096	0.151157	0.104354	0.0585582	0.0267166	0.00992351	0.00300784	0.000746392	0.000152249	2.56475e-05	3.58636e-06	4.18531e-07	4.09905e-08	3.38811e-09	2.37669e-10	1.42267e-11	7.30585e-13	3.23524e-14	1.24155e-15	4.14882e-17	1.21312e-18	3.13024e-20	7.53225e-22	3.04589e-23	
POCUSC_Ips_latidens	0	0	0	0	0	0	0	0	0	0	0	1	0	0	0	0	0	0	0	0	0	0	0	0	0	0	0	0	0	0	0	0	
POCUSC_Ips_spinifer	0	0	0	0	0	0	0	0	0	0	0	1	0	0	0	0	0	0	0	0	0	0	0	0	0	0	0	0	0	0	0	0	
POCUSC_Orthotomicus_laricis	0	1	0	0	0	0	0	0	0	0	0	0	0	0	0	0	0	0	0	0	0	0	0	0	0	0	0	0	0	0	0	0	
POCUSC_Pityogenes_hopkinsi_M	0	0	1	0	0	0	0	0	0	0	0	0	0	0	0	0	0	0	0	0	0	0	0	0	0	0	0	0	0	0	0	0	
N54	0.254657	0.24118	0.197534	0.140321	0.0864518	0.0461231	0.0212636	0.00845322	0.0028928	0.000851121	0.000215152	4.67214e-05	8.71884e-06	1.39932e-06	1.93376e-07	2.30444e-08	2.37231e-09	2.11392e-10	1.63401e-11	1.09817e-12	6.43252e-14	3.29203e-15	1.47576e-16	5.80969e-18	2.01367e-19	6.16077e-21	1.66803e-22	4.00685e-24	8.56302e-26	1.63725e-27	2.93071e-29	8.70514e-31	
N55	0.191273	0.195838	0.184041	0.155917	0.117051	0.0768606	0.0437644	0.0214951	0.0090809	0.00329605	0.0010279	0.000275665	6.36699e-05	1.26897e-05	2.18733e-06	3.26904e-07	4.24753e-08	4.81154e-09	4.76565e-10	4.13932e-11	3.16222e-12	2.13106e-13	1.27062e-14	6.72222e-16	3.16465e-17	1.32945e-18	4.99736e-20	1.68548e-21	5.1171e-23	1.41013e-24	3.74867e-26	1.73037e-27	
N56	0.160526	0.188822	0.207637	0.189974	0.135904	0.0740963	0.0306022	0.00961353	0.00231856	0.000434338	6.39918e-05	7.50734e-06	7.09679e-07	5.46616e-08	3.46598e-09	1.82651e-10	8.06997e-12	3.01348e-13	9.58131e-15	2.61159e-16	6.14103e-18	1.25305e-19	2.23063e-21	3.48183e-23	4.78781e-25	5.82527e-27	6.29685e-29	6.07069e-31	5.24016e-33	4.07493e-35	2.95299e-37	3.17614e-39	
POCUSC_Xylosandrus_germanus	0	0	1	0	0	0	0	0	0	0	0	0	0	0	0	0	0	0	0	0	0	0	0	0	0	0	0	0	0	0	0	0	
POCUSC_Xylosandrus_compactus	0	0	0	0	1	0	0	0	0	0	0	0	0	0	0	0	0	0	0	0	0	0	0	0	0	0	0	0	0	0	0	0	
POCUSC_Xyleborus_sp	0	0	0	0	0	0	1	0	0	0	0	0	0	0	0	0	0	0	0	0	0	0	0	0	0	0	0	0	0	0	0	0	
N57	0.252115	0.239096	0.196503	0.140552	0.0876246	0.0476104	0.0225261	0.00927031	0.0033151	0.00102943	0.000277512	6.49572e-05	1.32098e-05	2.33624e-06	3.59811e-07	4.83362e-08	5.67443e-09	5.83337e-10	5.26287e-11	4.17679e-12	2.92296e-13	1.80815e-14	9.91196e-16	4.82708e-17	2.09362e-18	8.10737e-20	2.81008e-21	8.74171e-23	2.45127e-24	6.28846e-26	1.60179e-27	6.79409e-29	
POCUSC_Dryocoetes_affaber	0	1	0	0	0	0	0	0	0	0	0	0	0	0	0	0	0	0	0	0	0	0	0	0	0	0	0	0	0	0	0	0	
POCUSC_Dryocoetes_autographus	0	0	0	1	0	0	0	0	0	0	0	0	0	0	0	0	0	0	0	0	0	0	0	0	0	0	0	0	0	0	0	0	
N58	0.221821	0.23442	0.218824	0.166287	0.0976536	0.0430257	0.0139871	0.00332548	0.000576252	7.28168e-05	6.73338e-06	4.58235e-07	2.3118e-08	8.71832e-10	2.47998e-11	5.37117e-13	8.94208e-15	1.1553e-16	1.16926e-18	9.35575e-21	5.97109e-23	3.06592e-25	1.27694e-27	4.34818e-30	1.21963e-32	2.83817e-35	5.5169e-38	9.01572e-41	1.24629e-43	1.46595e-46	1.48241e-49	1.73126e-52	
N59	0.237367	0.237158	0.208659	0.155106	0.0938447	0.0449786	0.0167837	0.00482871	0.00106671	0.000180919	2.36224e-05	2.38558e-06	1.87448e-07	1.15378e-08	5.60363e-10	2.16349e-11	6.69024e-13	1.6694e-14	3.38588e-16	5.62147e-18	7.69246e-20	8.73325e-22	8.27794e-24	6.59065e-26	4.43304e-28	2.533e-30	1.23599e-32	5.17625e-35	1.86951e-37	5.85334e-40	1.61821e-42	5.82387e-45	
N60	0.211781	0.215224	0.197825	0.159551	0.109473	0.0623044	0.0288872	0.0107872	0.00322427	0.000769568	0.000146731	2.24007e-05	2.74816e-06	2.72159e-07	2.18686e-08	1.43353e-09	7.70967e-11	3.42138e-12	1.26007e-13	3.87334e-15	9.99289e-17	2.17558e-18	4.01817e-20	6.32813e-22	8.53997e-24	9.92282e-26	9.9723e-28	8.70646e-30	6.63164e-32	4.42903e-34	2.65766e-36	2.27179e-38	
N61	0.123493	0.13915	0.153905	0.158902	0.146718	0.117523	0.0800719	0.0458376	0.0218836	0.00867614	0.00285054	0.000775631	0.000174868	3.2707e-05	5.08448e-06	6.58451e-07	7.12212e-08	6.45284e-09	4.91215e-10	3.15174e-11	1.71003e-12	7.87165e-14	3.08453e-15	1.03234e-16	2.96088e-18	7.30178e-20	1.55352e-21	2.86186e-23	4.58549e-25	6.44917e-27	8.35179e-29	1.71775e-30	
N62	0.103227	0.117669	0.133605	0.144431	0.143073	0.126374	0.0977634	0.0655013	0.0377571	0.0186583	0.00789271	0.00285785	0.000886593	0.000236051	5.40537e-05	1.06728e-05	1.82209e-06	2.69757e-07	3.47378e-08	3.90303e-09	3.83814e-10	3.31361e-11	2.51929e-12	1.69187e-13	1.00664e-14	5.32265e-16	2.50954e-17	1.06017e-18	4.05545e-20	1.45045e-21	5.40402e-23	3.12267e-24	
POCUSC_Crypturgus_pusillus	0	0	0	0	0	0	0	0	0	0	0	1	0	0	0	0	0	0	0	0	0	0	0	0	0	0	0	0	0	0	0	0	
POCUCU_Rhynchaenus_sp	0	0	0	0	0	0	1	0	0	0	0	0	0	0	0	0	0	0	0	0	0	0	0	0	0	0	0	0	0	0	0	0	
N63	0.115547	0.130663	0.14582	0.153177	0.145494	0.121456	0.0874737	0.0537292	0.0279522	0.0122694	0.00453592	0.00141191	0.000370312	8.19606e-05	1.53399e-05	2.43393e-06	3.28311e-07	3.77642e-08	3.71604e-09	3.13851e-10	2.28281e-11	1.4348e-12	7.81927e-14	3.70729e-15	1.53435e-16	5.56226e-18	1.77266e-19	4.98982e-21	1.25115e-22	2.8565e-24	6.40276e-26	2.17947e-27	
N64	0.140644	0.154329	0.162969	0.159011	0.138714	0.105807	0.0695822	0.0391089	0.0186874	0.00756863	0.0025946	0.0007527	0.000184916	3.85247e-05	6.81986e-06	1.02831e-06	1.32428e-07	1.46096e-08	1.38511e-09	1.13227e-10	8.00766e-12	4.91626e-13	2.62921e-14	1.22901e-15	5.03835e-17	1.81744e-18	5.78731e-20	1.63204e-21	4.09003e-23	9.17547e-25	1.94269e-26	6.88771e-28	
POCUSC_Polygraphus_poligraphus_M	0	0	1	0	0	0	0	0	0	0	0	0	0	0	0	0	0	0	0	0	0	0	0	0	0	0	0	0	0	0	0	0	
N65	0.0990025	0.120579	0.146074	0.161453	0.155911	0.129023	0.0906361	0.0537558	0.026829	0.0112468	0.00395716	0.00116895	0.000290235	6.06801e-05	1.07086e-05	1.5998e-06	2.02979e-07	2.19489e-08	2.03029e-09	1.61264e-10	1.10418e-11	6.5426e-13	3.36784e-14	1.51183e-15	5.94063e-17	2.05084e-18	6.24237e-20	1.68115e-21	4.02092e-23	8.605e-25	1.73516e-26	5.81962e-28	
POCUEN_Tanymecus_sp	0	0	1	0	0	0	0	0	0	0	0	0	0	0	0	0	0	0	0	0	0	0	0	0	0	0	0	0	0	0	0	0	
POCUSC_Polygraphus_grandiclava	0	0	0	0	0	0	0	0	0	1	0	0	0	0	0	0	0	0	0	0	0	0	0	0	0	0	0	0	0	0	0	0	
POCUCU_Anthonomus_sp	0	0	0	0	0	0	0	0	0	0	0	1	0	0	0	0	0	0	0	0	0	0	0	0	0	0	0	0	0	0	0	0	
N66	0.177336	0.191949	0.192938	0.170036	0.126622	0.0780945	0.0394682	0.0162513	0.00543598	0.00147566	0.000325259	5.83098e-05	8.52476e-06	1.01987e-06	1.00249e-07	8.1326e-09	5.47102e-10	3.06727e-11	1.44038e-12	5.69441e-14	1.90485e-15	5.41837e-17	1.31699e-18	2.74827e-20	4.9463e-22	7.71206e-24	1.04611e-25	1.23962e-27	1.28855e-29	1.18215e-31	9.90395e-34	1.2296e-35	
N67	0.294462	0.268315	0.203034	0.127337	0.0658368	0.0278993	0.00964593	0.00271357	0.000620651	0.000115524	1.75406e-05	2.18001e-06	2.22719e-07	1.87941e-08	1.31669e-09	7.69935e-11	3.77817e-12	1.56425e-13	5.49328e-15	1.6448e-16	4.22023e-18	9.3243e-20	1.78233e-21	2.96075e-23	4.29274e-25	5.45477e-27	6.09877e-29	6.02263e-31	5.27372e-33	4.12203e-35	2.98257e-37	3.17343e-39	
N68	0.320618	0.282678	0.200934	0.115286	0.0532422	0.0197177	0.00583828	0.00138027	0.000260688	3.94206e-05	4.79016e-06	4.69946e-07	3.74275e-08	2.43427e-09	1.30105e-10	5.75076e-12	2.11558e-13	6.51818e-15	1.6923e-16	3.72437e-18	6.98777e-20	1.12386e-21	1.55758e-23	1.86951e-25	1.9526e-27	1.7827e-29	1.42889e-31	1.00961e-33	6.3132e-36	3.50838e-38	1.76372e-40	1.24753e-42	
N69	0.283202	0.280524	0.22635	0.134448	0.0557765	0.0159879	0.00320245	0.000457356	4.76179e-05	3.69327e-06	2.17679e-07	9.9262e-09	3.55868e-10	1.0176e-11	2.35098e-13	4.43953e-15	6.92453e-17	9.00615e-19	9.85247e-21	9.13794e-23	7.23784e-25	4.92874e-27	2.90347e-29	1.48815e-31	6.67164e-34	2.62927e-36	9.15086e-39	2.82484e-41	7.76599e-44	1.90902e-46	4.24377e-49	1.2242e-51	
POCUSC_Phloeotribus_sp	0	0	1	0	0	0	0	0	0	0	0	0	0	0	0	0	0	0	0	0	0	0	0	0	0	0	0	0	0	0	0	0	
POCUMO_Lepyrus_sp	0	0	1	0	0	0	0	0	0	0	0	0	0	0	0	0	0	0	0	0	0	0	0	0	0	0	0	0	0	0	0	0	
POCUSC_Cryphalus_abietis	0	1	0	0	0	0	0	0	0	0	0	0	0	0	0	0	0	0	0	0	0	0	0	0	0	0	0	0	0	0	0	0	
N70	0.222829	0.230149	0.211732	0.163009	0.100239	0.0479843	0.0177019	0.00503056	0.0011068	0.00019003	2.56988e-05	2.76454e-06	2.38916e-07	1.67483e-08	9.612e-10	4.5561e-11	1.79849e-12	5.9586e-14	1.66907e-15	3.97992e-17	8.13074e-19	1.43169e-20	2.18514e-22	2.90611e-24	3.38456e-26	3.46793e-28	3.13992e-30	2.52254e-32	1.80519e-34	1.15544e-36	6.73406e-39	5.65525e-41	
POCUCO_Telephae_sp	0	0	0	1	0	0	0	0	0	0	0	0	0	0	0	0	0	0	0	0	0	0	0	0	0	0	0	0	0	0	0	0	
POCUSC_Trypodendron_lineatum	0	0	0	1	0	0	0	0	0	0	0	0	0	0	0	0	0	0	0	0	0	0	0	0	0	0	0	0	0	0	0	0	
N71	0.139436	0.162975	0.18214	0.178477	0.146719	0.0991903	0.0546175	0.0243677	0.00878486	0.0025567	0.000601005	0.000114314	1.7643e-05	2.21761e-06	2.27985e-07	1.92624e-08	1.34433e-09	7.79089e-11	3.76947e-12	1.53079e-13	5.24567e-15	1.52474e-16	3.77839e-18	8.02174e-20	1.46604e-21	2.31702e-23	3.18104e-25	3.81127e-27	4.00941e-29	3.75602e-31	3.31168e-33	4.16201e-35	
POCUSC_Hylurgops_sp	0	0	0	0	1	0	0	0	0	0	0	0	0	0	0	0	0	0	0	0	0	0	0	0	0	0	0	0	0	0	0	0	
N72	0.066019	0.0951217	0.138464	0.175193	0.182526	0.153246	0.10253	0.0543096	0.0226971	0.00747629	0.00194292	0.000399421	6.52163e-05	8.50002e-06	8.89484e-07	7.52047e-08	5.17138e-09	2.91168e-10	1.3514e-11	5.20485e-13	1.67432e-14	4.52692e-16	1.03498e-17	2.01253e-19	3.34694e-21	4.78575e-23	5.91366e-25	6.34692e-27	5.95227e-29	4.93924e-31	3.81777e-33	4.18319e-35	
POCUSC_Hylastes_sp	0	0	0	0	0	1	0	0	0	0	0	0	0	0	0	0	0	0	0	0	0	0	0	0	0	0	0	0	0	0	0	0	
N73	0.0266956	0.0463623	0.0867646	0.141957	0.187899	0.194775	0.155612	0.0950108	0.0441444	0.0155861	0.00418491	0.00085668	0.000134237	1.61843e-05	1.5106e-06	1.099e-07	6.27782e-09	2.83717e-10	1.02232e-11	2.95988e-13	6.93871e-15	1.32695e-16	2.08529e-18	2.71187e-20	2.93831e-22	2.66973e-24	2.04675e-26	1.33183e-28	7.39725e-31	3.52727e-33	1.46971e-35	8.12175e-38	
N74	0.00797321	0.0158732	0.037243	0.0793669	0.138643	0.190356	0.201358	0.162396	0.0993378	0.0459997	0.0161329	0.00429544	0.000871567	0.000135445	1.6217e-05	1.50591e-06	1.09231e-07	6.23512e-09	2.82239e-10	1.02095e-11	2.97396e-13	7.02881e-15	1.35783e-16	2.15938e-18	2.84665e-20	3.1314e-22	2.89274e-24	2.25788e-26	1.49818e-28	8.52204e-31	4.29992e-33	2.93325e-35	
N75	8.31977e-05	0.000293155	0.00132902	0.00541038	0.0181452	0.0486188	0.102147	0.16593	0.206197	0.194587	0.138931	0.0750484	0.030783	0.00965111	0.00233332	0.000439477	6.51914e-05	7.70079e-06	7.32287e-07	5.66445e-08	3.59963e-09	1.89679e-10	8.36011e-12	3.10707e-13	9.81083e-15	2.65042e-16	6.166e-18	1.24281e-19	2.18282e-21	3.36493e-23	4.72829e-25	1.04613e-26	
POCUSC_Dendroctonus_jeffreyi	0	0	0	0	0	0	0	0	0	1	0	0	0	0	0	0	0	0	0	0	0	0	0	0	0	0	0	0	0	0	0	0	
POCUSC_Dendroctonus_ponderosae	0	0	0	0	0	0	0	0	0	0	1	0	0	0	0	0	0	0	0	0	0	0	0	0	0	0	0	0	0	0	0	0	
N76	0.00496669	0.010594	0.0265496	0.0605976	0.114665	0.172512	0.201906	0.181648	0.124846	0.0653919	0.0261085	0.00796389	0.00186299	0.000335912	4.69648e-05	5.12577e-06	4.39861e-07	2.99029e-08	1.62292e-09	7.08645e-11	2.50869e-12	7.25492e-14	1.72654e-15	3.40542e-17	5.60515e-19	7.7496e-21	9.05678e-23	9.00088e-25	7.65308e-27	5.61547e-29	3.69461e-31	3.42285e-33	
POCUSC_Dendroctonus_frontalis	0	0	0	0	0	1	0	0	0	0	0	0	0	0	0	0	0	0	0	0	0	0	0	0	0	0	0	0	0	0	0	0	
N77	0.000755627	0.00195956	0.00639597	0.0194045	0.0492739	0.10034	0.160482	0.199322	0.191041	0.140859	0.0798356	0.0348216	0.0117196	0.00305592	0.000620532	9.87167e-05	1.23857e-05	1.23439e-06	9.84487e-08	6.33113e-09	3.30791e-10	1.41475e-11	4.98929e-13	1.46123e-14	3.57849e-16	7.37626e-18	1.28784e-19	1.916e-21	2.44362e-23	2.69387e-25	2.66843e-27	3.89295e-29	
POCUSC_Dendroctonus_adjunctus	0	0	0	0	0	0	0	0	0	1	0	0	0	0	0	0	0	0	0	0	0	0	0	0	0	0	0	0	0	0	0	0	
N78	8.02854e-05	0.000253971	0.00110118	0.00450055	0.0153841	0.0421703	0.0909362	0.152573	0.19777	0.197182	0.150879	0.0885854	0.0399764	0.013914	0.00375379	0.0007899	0.000130586	1.70954e-05	1.78703e-06	1.50434e-07	1.02852e-08	5.75907e-10	2.66251e-11	1.02427e-12	3.30337e-14	8.99488e-16	2.08183e-17	4.12156e-19	7.02297e-21	1.03828e-22	1.38711e-24	2.85845e-26	
POCUSC_Dendroctonus_approximatus	0	0	0	0	0	0	0	0	0	0	0	0	1	0	0	0	0	0	0	0	0	0	0	0	0	0	0	0	0	0	0	0	
POCUSC_Dendroctonus_brevicomis	0	0	0	0	0	0	0	0	0	1	0	0	0	0	0	0	0	0	0	0	0	0	0	0	0	0	0	0	0	0	0	0	
N79	0.020139	0.0346853	0.0679318	0.121066	0.17681	0.201668	0.175624	0.115608	0.0573506	0.0214668	0.00608709	0.00131524	0.000218086	2.7971e-05	2.79829e-06	2.2026e-07	1.37604e-08	6.88242e-10	2.7795e-11	9.13913e-13	2.4662e-14	5.50398e-16	1.02338e-17	1.59645e-19	2.10338e-21	2.35541e-23	2.25528e-25	1.85685e-27	1.32173e-29	8.18251e-32	4.51389e-34	3.49159e-36	
N80	0.000437466	0.00139253	0.00535438	0.0180678	0.0491755	0.1045	0.170269	0.210261	0.195365	0.13607	0.0709758	0.0277689	0.00818024	0.00182526	0.000310947	4.0831e-05	4.17686e-06	3.36601e-07	2.16111e-08	1.11771e-09	4.70619e-11	1.62949e-12	4.6834e-14	1.12722e-15	2.29055e-17	3.95955e-19	5.86381e-21	7.48818e-23	8.2963e-25	8.02627e-27	6.9593e-29	8.90853e-31	
POCUSC_Dendroctonus_simplex	0	0	0	0	0	0	1	0	0	0	0	0	0	0	0	0	0	0	0	0	0	0	0	0	0	0	0	0	0	0	0	0	
POCUSC_Dendroctonus_pseudotsugae	0	0	0	0	0	0	0	0	0	0	0	0	1	0	0	0	0	0	0	0	0	0	0	0	0	0	0	0	0	0	0	0	
N81	0.0308468	0.0518428	0.0977667	0.162424	0.210871	0.202724	0.140867	0.0700644	0.0249039	0.00634778	0.00116819	0.000156623	1.54582e-05	1.13579e-06	6.28493e-08	2.64989e-09	8.61136e-11	2.18118e-12	4.35283e-14	6.9149e-16	8.83069e-18	9.15021e-20	7.76081e-22	5.43269e-24	3.16326e-26	1.5433e-28	6.3526e-31	2.2205e-33	6.6312e-36	1.70182e-38	3.7974e-41	1.0509e-43	
N82	0.0541254	0.0827522	0.134482	0.189299	0.207989	0.169882	0.100972	0.0433757	0.0134881	0.00305604	0.000509409	6.31921e-05	5.90704e-06	4.21478e-07	2.32514e-08	1.00422e-09	3.43662e-11	9.42575e-13	2.09439e-14	3.80835e-16	5.72073e-18	7.16177e-20	7.53355e-22	6.70966e-24	5.09571e-26	3.32187e-28	1.87028e-30	9.14691e-33	3.90677e-35	1.4651e-37	4.90224e-40	2.19026e-42	
POCUSC_Dendroctonus_punctatus	0	0	0	0	1	0	0	0	0	0	0	0	0	0	0	0	0	0	0	0	0	0	0	0	0	0	0	0	0	0	0	0	
N83	0.00805839	0.0773676	0.408172	0.419458	0.080865	0.00586352	0.000210895	4.35931e-06	5.67593e-08	4.95754e-10	3.04201e-12	1.35876e-14	4.54479e-17	1.16513e-19	2.33449e-22	3.71715e-25	4.7721e-28	5.00267e-31	4.33087e-34	3.1275e-37	1.90108e-40	9.80718e-44	4.32583e-47	1.64262e-50	5.40332e-54	1.54862e-57	3.88774e-61	8.59128e-65	1.67889e-68	2.91506e-72	4.55977e-76	8.12499e-80	
POCUSC_Dendroctonus_rufipennis	0	0	1	0	0	0	0	0	0	0	0	0	0	0	0	0	0	0	0	0	0	0	0	0	0	0	0	0	0	0	0	0	
POCUSC_Dendroctonus_murrayanae	0	0	0	1	0	0	0	0	0	0	0	0	0	0	0	0	0	0	0	0	0	0	0	0	0	0	0	0	0	0	0	0	
N84	0.0125428	0.0259867	0.0627759	0.129901	0.203311	0.229049	0.18195	0.101287	0.0396352	0.0110062	0.00219814	0.000320695	3.47428e-05	2.84095e-06	1.78126e-07	8.69218e-09	3.34745e-10	1.0306e-11	2.56708e-13	5.23032e-15	8.80542e-17	1.23637e-18	1.46032e-20	1.46247e-22	1.25093e-24	9.20084e-27	5.85579e-29	3.24365e-31	1.57225e-33	6.70386e-36	2.55046e-38	1.30534e-40	
POCUSC_Dendroctonus_valens	0	0	0	0	0	0	1	0	0	0	0	0	0	0	0	0	0	0	0	0	0	0	0	0	0	0	0	0	0	0	0	0	
POCUSC_Dendroctonus_terebrans	0	0	0	0	0	1	0	0	0	0	0	0	0	0	0	0	0	0	0	0	0	0	0	0	0	0	0	0	0	0	0	0	
N85	0.222645	0.21942	0.192996	0.150351	0.102629	0.0607236	0.0308623	0.0133836	0.00493069	0.00153975	0.000407323	9.13398e-05	1.73906e-05	2.81771e-06	3.89584e-07	4.61066e-08	4.686e-09	4.1038e-10	3.10745e-11	2.04149e-12	1.1676e-13	5.83318e-15	2.55392e-16	9.83098e-18	3.3376e-19	1.0024e-20	2.67117e-22	6.33429e-24	1.34134e-25	2.5595e-27	4.67491e-29	1.3987e-30	
N86	0.189202	0.195605	0.186034	0.158654	0.118745	0.0768765	0.0426746	0.0202101	0.00814418	0.00278956	0.000812126	0.000201112	4.24198e-05	7.63512e-06	1.17528e-06	1.55111e-07	1.75999e-08	1.72196e-09	1.45714e-10	1.06983e-11	6.83659e-13	3.81479e-14	1.86464e-15	8.00918e-17	3.03255e-18	1.01528e-19	3.0146e-21	7.96209e-23	1.87654e-24	3.97223e-26	7.92959e-28	2.64788e-29	
N87	0.241511	0.233822	0.198491	0.146555	0.0931363	0.050462	0.0231451	0.00894719	0.00290907	0.00079541	0.000183126	3.55828e-05	5.85308e-06	8.17953e-07	9.7489e-08	9.95018e-09	8.73295e-10	6.61852e-11	4.34941e-12	2.48854e-13	1.24461e-14	5.46236e-16	2.11164e-17	7.2165e-19	2.18787e-20	5.90427e-22	1.42288e-23	3.0717e-25	5.95879e-27	1.04407e-28	1.72012e-30	4.69685e-32	
POCUMO_Magdalis_sp	0	0	0	1	0	0	0	0	0	0	0	0	0	0	0	0	0	0	0	0	0	0	0	0	0	0	0	0	0	0	0	0	
POCUCU_Dorytomus_sp	0	1	0	0	0	0	0	0	0	0	0	0	0	0	0	0	0	0	0	0	0	0	0	0	0	0	0	0	0	0	0	0	
N88	0.102204	0.123204	0.14874	0.1649	0.158934	0.129406	0.0877958	0.0493386	0.0229235	0.00880886	0.00280451	0.000741699	0.000163467	3.01339e-05	4.6647e-06	6.08905e-07	6.73145e-08	6.33003e-09	5.08577e-10	3.50643e-11	2.08361e-12	1.07165e-13	4.79055e-15	1.86881e-16	6.38698e-18	1.91965e-19	5.0925e-21	1.19666e-22	2.50007e-24	4.67551e-26	8.19767e-28	2.35561e-29	
POCUCU_Curculio_dentipes	0	0	0	0	0	0	0	0	1	0	0	0	0	0	0	0	0	0	0	0	0	0	0	0	0	0	0	0	0	0	0	0	
N89	0.031436	0.0672991	0.143307	0.227815	0.245978	0.174005	0.0800982	0.0243013	0.0049764	0.000707206	7.17033e-05	5.32168e-06	2.95865e-07	1.25764e-08	4.16167e-10	1.08931e-11	2.28737e-13	3.90189e-15	5.46817e-17	6.3595e-19	6.1941e-21	5.09452e-23	3.56515e-25	2.13749e-27	1.10495e-29	4.95386e-32	1.93671e-34	6.63592e-37	2.00236e-39	5.35223e-42	1.29857e-44	4.17604e-47	
N90	0.00524556	0.0200996	0.0788204	0.204122	0.30615	0.248801	0.107471	0.0254802	0.00349901	0.000294218	1.5927e-05	5.79502e-07	1.47007e-08	2.68221e-10	3.61465e-12	3.68128e-14	2.89011e-16	1.77974e-18	8.72915e-21	3.4566e-23	1.11853e-25	2.9901e-28	6.66831e-31	1.25169e-33	1.99359e-36	2.71419e-39	3.18018e-42	3.22683e-45	2.85176e-48	2.20688e-51	1.50558e-54	1.16415e-57	
POCUCU_Curculio_nucum_M	0	0	0	0	0	1	0	0	0	0	0	0	0	0	0	0	0	0	0	0	0	0	0	0	0	0	0	0	0	0	0	0	
N91	1.03708e-08	2.26023e-06	0.000339745	0.0239299	0.515678	0.444638	0.0152548	0.000156456	7.02984e-07	1.66104e-09	2.30554e-12	2.02796e-15	1.1954e-18	4.93083e-22	1.47335e-25	3.28087e-29	5.57525e-33	7.37666e-37	7.73151e-41	6.51586e-45	4.47362e-49	2.53122e-53	1.19239e-57	4.7193e-62	1.58217e-66	4.52621e-71	1.11226e-75	2.36202e-80	4.3586e-85	7.02379e-90	9.93924e-95	1.39529e-99	
POCUEN_Scepticus_griseus	0	0	0	0	1	0	0	0	0	0	0	0	0	0	0	0	0	0	0	0	0	0	0	0	0	0	0	0	0	0	0	0	
POCUEN_Scepticus_insularis	0	0	0	0	0	1	0	0	0	0	0	0	0	0	0	0	0	0	0	0	0	0	0	0	0	0	0	0	0	0	0	0	
POCUCU_Curculio_distinguendus	0	0	0	1	0	0	0	0	0	0	0	0	0	0	0	0	0	0	0	0	0	0	0	0	0	0	0	0	0	0	0	0	
N92	0.152185	0.161475	0.162297	0.151342	0.128576	0.0982431	0.0669544	0.0404913	0.0216627	0.0102347	0.0042667	0.00156922	0.000509318	0.00014599	3.69945e-05	8.29837e-06	1.65021e-06	2.91409e-07	4.57781e-08	6.40951e-09	8.01413e-10	8.96653e-11	8.9953e-12	8.10823e-13	6.58049e-14	4.81875e-15	3.19126e-16	1.91738e-17	1.05217e-18	5.39348e-20	2.85118e-21	2.62465e-22	
N93	0.0830605	0.134939	0.200532	0.226212	0.185037	0.108158	0.0450773	0.0134962	0.00294557	0.000477325	5.8559e-05	5.54249e-06	4.11861e-07	2.44131e-08	1.17087e-09	4.60184e-11	1.49908e-12	4.08895e-14	9.42443e-16	1.85069e-17	3.1195e-19	4.54413e-21	5.75593e-23	6.37584e-25	6.20838e-27	5.33986e-29	4.07527e-31	2.77217e-33	1.69065e-35	9.37051e-38	4.97967e-40	3.70756e-42	
POCUMO_Pissodes_schwarzi_M	0	1	0	0	0	0	0	0	0	0	0	0	0	0	0	0	0	0	0	0	0	0	0	0	0	0	0	0	0	0	0	0	
N94	0.0097948	0.0338277	0.10886	0.230331	0.292063	0.212957	0.0880308	0.0209069	0.00295449	0.000259602	1.48181e-05	5.71735e-07	1.54383e-08	3.00622e-10	4.33184e-12	4.72331e-14	3.9735e-16	2.6232e-18	1.3795e-20	5.85612e-23	2.03068e-25	5.81346e-28	1.38724e-30	2.78334e-33	4.73277e-36	6.86973e-39	8.56879e-42	9.24077e-45	8.66476e-48	7.10149e-51	5.12755e-54	4.26827e-57	
N95	0.00110854	0.0063242	0.0372027	0.139425	0.290815	0.312103	0.164181	0.0426055	0.00577553	0.000439189	2.00238e-05	5.79482e-07	1.11643e-08	1.49001e-10	1.42431e-12	1.0031e-14	5.33199e-17	2.18414e-19	7.02064e-22	1.79917e-24	3.72776e-27	6.32283e-30	8.8776e-33	1.04218e-35	1.03223e-38	8.69671e-42	6.27944e-45	3.91236e-48	2.11656e-51	1.00001e-54	4.15339e-58	1.88652e-61	
POCUMO_Pissodes_strobi	0	0	0	0	0	1	0	0	0	0	0	0	0	0	0	0	0	0	0	0	0	0	0	0	0	0	0	0	0	0	0	0	
POCUBA_Limnobaris_sp	0	0	0	0	0	0	1	0	0	0	0	0	0	0	0	0	0	0	0	0	0	0	0	0	0	0	0	0	0	0	0	0	
POCUMO_Pissodes_nemorensis	0	0	0	0	1	0	0	0	0	0	0	0	0	0	0	0	0	0	0	0	0	0	0	0	0	0	0	0	0	0	0	0	
N96	3.70732e-22	3.58389e-19	2.82853e-16	1.68549e-13	7.3248e-11	2.21448e-08	4.35474e-06	0.000502665	0.0285554	0.545642	0.412801	0.0123683	0.000124757	6.20224e-07	1.8138e-09	3.46025e-12	4.6099e-15	4.50112e-18	3.33928e-21	1.93561e-24	8.96359e-28	3.377e-31	1.05078e-34	2.73488e-38	6.01914e-42	1.13079e-45	1.82852e-49	2.56522e-53	3.15198e-57	3.45679e-61	3.58177e-65	4.23688e-69	
POCUMO_Hylobius_piceus	0	0	0	0	0	0	0	0	0	1	0	0	0	0	0	0	0	0	0	0	0	0	0	0	0	0	0	0	0	0	0	0	
POCUMO_Hylobius_abietis	0	0	0	0	0	0	0	0	0	0	1	0	0	0	0	0	0	0	0	0	0	0	0	0	0	0	0	0	0	0	0	0	
N97	0.117682	0.148497	0.180649	0.188257	0.160109	0.109059	0.0590133	0.0252805	0.00856781	0.00230009	0.000490414	8.3353e-05	1.13428e-05	1.24187e-06	1.09961e-07	7.91644e-09	4.65938e-10	2.25433e-11	9.01512e-13	2.99602e-14	8.31866e-16	1.93985e-17	3.81863e-19	6.37725e-21	9.07918e-23	1.10709e-24	1.16149e-26	1.05309e-28	8.28995e-31	5.70951e-33	3.57622e-35	3.18311e-37	
N98	0.148534	0.164214	0.174226	0.168025	0.14097	0.0999836	0.0589599	0.028653	0.0114281	0.00373622	0.00100183	0.000220721	4.00617e-05	6.00983e-06	7.47891e-07	7.75142e-08	6.71899e-09	4.89183e-10	3.00451e-11	1.56354e-12	6.92412e-14	2.62064e-15	8.5127e-17	2.38309e-18	5.77264e-20	1.21471e-21	2.22884e-23	3.57935e-25	5.04962e-27	6.2938e-29	7.18842e-31	1.26519e-32	
N99	0.0964606	0.117023	0.14211	0.158935	0.156241	0.131849	0.094295	0.0567161	0.0285562	0.0120035	0.00420742	0.00122973	0.000299974	6.1171e-05	1.0451e-05	1.49996e-06	1.81394e-07	1.85445e-08	1.60831e-09	1.18755e-10	7.49321e-12	4.05543e-13	1.88967e-14	7.60907e-16	2.65749e-17	8.07938e-19	2.14583e-20	4.99617e-22	1.02343e-23	1.85559e-25	3.10727e-27	8.40626e-29	
N100	0.151149	0.163146	0.16794	0.15929	0.135021	0.100011	0.0637704	0.0346726	0.0159845	0.00622971	0.00205035	0.000570043	0.000134052	2.6719e-05	4.52557e-06	6.53336e-07	8.06561e-08	8.54448e-09	7.7955e-10	6.14756e-11	4.20592e-12	2.50559e-13	1.30443e-14	5.95587e-16	2.39327e-17	8.49248e-19	2.66999e-20	7.46134e-22	1.85978e-23	4.16449e-25	8.83218e-27	3.1544e-28	
POCUEN_Liophloeus_tessulatus	0	0	1	0	0	0	0	0	0	0	0	0	0	0	0	0	0	0	0	0	0	0	0	0	0	0	0	0	0	0	0	0	
N101	0.100312	0.122535	0.149617	0.166572	0.16044	0.130156	0.0876982	0.0487194	0.0222381	0.00833261	0.00256534	0.000650375	0.00013622	2.36641e-05	3.4249e-06	4.14946e-07	4.22945e-08	3.64522e-09	2.67001e-10	1.67043e-11	8.97024e-13	4.15451e-14	1.66719e-15	5.82299e-17	1.77773e-18	4.76364e-20	1.12482e-21	2.34931e-23	4.3565e-25	7.21178e-27	1.10715e-28	2.75648e-30	
POCUEN_Phyllobius_argentatus	0	0	0	0	0	0	0	1	0	0	0	0	0	0	0	0	0	0	0	0	0	0	0	0	0	0	0	0	0	0	0	0	
POCUEN_Phyllobius_pyri	0	0	0	1	0	0	0	0	0	0	0	0	0	0	0	0	0	0	0	0	0	0	0	0	0	0	0	0	0	0	0	0	
N102	0.0338285	0.0481901	0.0748044	0.110269	0.143895	0.160998	0.152166	0.120591	0.0798275	0.0440595	0.020265	0.00777063	0.00248704	0.000665579	0.000149279	2.81343e-05	4.46894e-06	6.00205e-07	6.83893e-08	6.63421e-09	5.49864e-10	3.90802e-11	2.39039e-12	1.2629e-13	5.78418e-15	2.30525e-16	8.02801e-18	2.45658e-19	6.67157e-21	1.64604e-22	3.94374e-24	1.39747e-25	
N103	0.0359757	0.0509277	0.0791531	0.117388	0.153199	0.168898	0.154129	0.115221	0.0701956	0.034774	0.0140026	0.00458762	0.00122526	0.000267482	4.78865e-05	7.05669e-06	8.59474e-07	8.68935e-08	7.32521e-09	5.17286e-10	3.07424e-11	1.54476e-12	6.59326e-14	2.40123e-15	7.49537e-17	2.01404e-18	4.67842e-20	9.43344e-22	1.65786e-23	2.55346e-25	3.56974e-27	7.82746e-29	
N104	0.000378482	0.00140442	0.00616453	0.0228728	0.065271	0.137755	0.210485	0.22981	0.17793	0.0974017	0.0377423	0.0104018	0.00205484	0.000293894	3.07889e-05	2.39247e-06	1.39697e-07	6.20949e-09	2.12801e-10	5.69177e-12	1.20206e-13	2.02664e-15	2.75594e-17	3.05203e-19	2.77743e-21	2.09448e-23	1.31913e-25	6.98957e-28	3.13741e-30	1.20252e-32	4.05809e-35	1.84969e-37	
POCUEN_Eudiagogus_sp	0	0	0	0	0	1	0	0	0	0	0	0	0	0	0	0	0	0	0	0	0	0	0	0	0	0	0	0	0	0	0	0	
N105	0.000252668	0.000923463	0.00436937	0.0177353	0.0550101	0.125035	0.203837	0.235275	0.190842	0.108478	0.0432624	0.0121634	0.00242947	0.000348163	3.62129e-05	2.76809e-06	1.57529e-07	6.7619e-09	2.21749e-10	5.62483e-12	1.11671e-13	1.75471e-15	2.20535e-17	2.23892e-19	1.85311e-21	1.26129e-23	7.11681e-26	3.35417e-28	1.32983e-30	4.4688e-33	1.30329e-35	4.99775e-38	
N106	5.24265e-32	6.16869e-32	7.47255e-32	8.96818e-32	1.03728e-31	1.13772e-31	1.1734e-31	1.13326e-31	1.02302e-31	1.29424e-10	2.33428e-05	0.999967	9.73183e-06	2.25469e-11	1.35382e-32	7.71796e-33	4.14249e-33	2.09685e-33	1.00268e-33	4.53725e-34	1.94621e-34	7.9264e-35	3.07014e-35	1.13271e-35	3.98681e-36	1.34064e-36	4.31318e-37	1.32944e-37	3.93109e-38	1.11735e-38	3.0951e-39	1.01084e-39	
POCUEN_Hypera_nigrirostris	0	0	0	0	0	0	0	0	0	0	0	1	0	0	0	0	0	0	0	0	0	0	0	0	0	0	0	0	0	0	0	0	
POCUEN_Hypera_postica	0	0	0	0	0	0	0	0	0	0	0	1	0	0	0	0	0	0	0	0	0	0	0	0	0	0	0	0	0	0	0	0	
N107	3.54126e-06	3.20807e-05	0.000364774	0.00319783	0.0194074	0.0771763	0.191939	0.286264	0.248901	0.126151	0.0383207	0.00726592	0.000896945	7.49393e-05	4.38483e-06	1.85078e-07	5.78171e-09	1.36688e-10	2.49371e-12	3.57148e-14	4.07692e-16	3.75988e-18	2.83557e-20	1.76794e-22	9.20334e-25	4.03612e-27	1.50339e-29	4.79202e-32	1.31608e-34	3.13453e-37	6.55427e-40	1.70957e-42	
POCUEN_Barypeithes_sp	0	0	0	0	0	0	0	0	1	0	0	0	0	0	0	0	0	0	0	0	0	0	0	0	0	0	0	0	0	0	0	0	
POCUEN_Polydrusus_mollis_M	0	0	0	0	0	0	0	1	0	0	0	0	0	0	0	0	0	0	0	0	0	0	0	0	0	0	0	0	0	0	0	0	
N108	0.0685222	0.0873849	0.116555	0.146647	0.162561	0.152958	0.119862	0.0774969	0.0411692	0.0179493	0.00642761	0.00189448	0.000460992	9.29568e-05	1.55988e-05	2.18829e-06	2.5787e-07	2.56513e-08	2.16462e-09	1.55727e-10	9.59775e-12	5.09186e-13	2.33619e-14	9.31162e-16	3.23836e-17	9.86818e-19	2.64555e-20	6.26405e-22	1.31505e-23	2.46272e-25	4.29316e-27	1.23054e-28	
POCUEN_Hypomeces_squamosus	0	0	1	0	0	0	0	0	0	0	0	0	0	0	0	0	0	0	0	0	0	0	0	0	0	0	0	0	0	0	0	0	
POCUEN_Sympiezomias_cribricollis	0	0	0	0	0	0	1	0	0	0	0	0	0	0	0	0	0	0	0	0	0	0	0	0	0	0	0	0	0	0	0	0	
POCUEN_Bothrometopus_sp	0	0	0	0	0	0	0	0	0	0	0	0	0	0	0	0	1	0	0	0	0	0	0	0	0	0	0	0	0	0	0	0	
N109	0.179112	0.184564	0.17636	0.154091	0.121184	0.0846027	0.0518736	0.0277231	0.01285	0.00515022	0.00178215	0.00053219	0.0001372	3.05653e-05	5.8928e-06	9.84954e-07	1.43026e-07	1.80846e-08	1.99601e-09	1.9279e-10	1.63387e-11	1.21822e-12	8.01273e-14	4.66189e-15	2.40568e-16	1.10401e-17	4.5177e-19	1.65306e-20	5.42916e-22	1.61815e-23	4.68258e-25	2.32703e-26	
POCUEN_Foucartia_squamulata	0	0	1	0	0	0	0	0	0	0	0	0	0	0	0	0	0	0	0	0	0	0	0	0	0	0	0	0	0	0	0	0	
N110	0.143583	0.156958	0.164171	0.157951	0.135914	0.102886	0.0678935	0.0388568	0.0192314	0.00821819	0.0030302	0.000964066	0.000264809	6.28646e-05	1.29167e-05	2.30108e-06	3.56144e-07	4.79958e-08	5.64554e-09	5.81066e-10	5.24681e-11	4.16746e-12	2.91961e-13	1.80897e-14	9.9396e-16	4.85627e-17	2.11546e-18	8.24001e-20	2.88182e-21	9.16153e-23	2.84432e-24	1.51828e-25	
POCUEN_Sitona_lineatus	0	0	0	0	0	0	0	0	0	1	0	0	0	0	0	0	0	0	0	0	0	0	0	0	0	0	0	0	0	0	0	0	
N111	0.208196	0.230922	0.224805	0.173136	0.100861	0.0437945	0.0141491	0.0034175	0.000622361	8.63733e-05	9.24397e-06	7.72286e-07	5.09769e-08	2.68955e-09	1.14671e-10	3.99164e-12	1.14527e-13	2.73251e-15	5.46583e-17	9.23567e-19	1.3275e-20	1.63368e-22	1.73171e-24	1.58996e-26	1.27105e-28	8.89025e-31	5.46538e-33	2.96597e-35	1.42738e-37	6.14226e-40	2.46168e-42	1.38461e-44	
POCUCL_Cleonus_sp	0	0	0	0	0	1	0	0	0	0	0	0	0	0	0	0	0	0	0	0	0	0	0	0	0	0	0	0	0	0	0	0	
N112	0.289935	0.28045	0.220846	0.131135	0.0561962	0.0171007	0.00369511	0.000571766	6.41626e-05	5.29817e-06	3.26818e-07	1.5287e-08	5.50099e-10	1.54383e-11	3.42268e-13	6.06649e-15	8.69216e-17	1.01719e-18	9.81487e-21	7.87768e-23	5.30246e-25	3.01577e-27	1.45949e-29	6.04935e-32	2.16048e-34	6.68615e-37	1.80249e-39	4.25384e-42	8.82886e-45	1.61863e-47	2.64299e-50	5.32011e-53	
POCUMO_Larinus_sp	0	1	0	0	0	0	0	0	0	0	0	0	0	0	0	0	0	0	0	0	0	0	0	0	0	0	0	0	0	0	0	0	
POCUMO_Lixus_sp	0	1	0	0	0	0	0	0	0	0	0	0	0	0	0	0	0	0	0	0	0	0	0	0	0	0	0	0	0	0	0	0	
N113	0.00126257	0.00291048	0.00819392	0.0213239	0.0473012	0.0874631	0.133779	0.168623	0.174731	0.148614	0.103647	0.0592492	0.0277642	0.0106714	0.00336781	0.000873976	0.000186847	3.29812e-05	4.81883e-06	5.84434e-07	5.90167e-08	4.97827e-09	3.51994e-10	2.0936e-11	1.05135e-12	4.47419e-14	1.61976e-15	5.00826e-17	1.32911e-18	3.06151e-20	6.50707e-22	2.23551e-23	
N114	6.68311e-05	0.000200016	0.000694267	0.002257	0.00655393	0.0166236	0.0363359	0.0678576	0.107662	0.14457	0.163883	0.156565	0.125924	0.0852243	0.0485325	0.023263	0.00939228	0.0031974	0.00091903	0.000223399	4.60134e-05	8.04775e-06	1.1981e-06	1.52219e-07	1.65507e-08	1.54467e-09	1.24151e-10	8.6267e-12	5.21407e-13	2.79131e-14	1.45916e-15	1.36591e-16	
POCUEN_Chlorophanus_sp	0	0	0	0	1	0	0	0	0	0	0	0	0	0	0	0	0	0	0	0	0	0	0	0	0	0	0	0	0	0	0	0	
N115	1.36433e-06	4.69654e-06	2.22357e-05	0.000103031	0.000429271	0.00156577	0.00493523	0.0133326	0.0306957	0.0599784	0.0991582	0.138381	0.162741	0.161091	0.134114	0.0938767	0.0552511	0.0273532	0.0113998	0.00400411	0.00118705	0.000297553	6.31974e-05	1.13999e-05	1.75115e-06	2.29753e-07	2.58408e-08	2.50548e-09	2.11993e-10	1.62207e-11	1.26046e-12	1.5434e-13	
N116	2.26968e-23	1.41644e-21	1.02854e-19	6.82814e-18	3.99528e-16	2.01391e-14	8.60435e-13	3.07458e-11	9.07312e-10	2.18207e-08	4.21419e-07	6.4258e-06	7.58418e-05	0.00067696	0.00444809	0.0208807	0.0680137	0.150754	0.227469	0.235838	0.169469	0.084704	0.0293714	0.00701181	0.00114279	0.000127229	9.87504e-06	5.50774e-07	2.27945e-08	7.26143e-10	1.94203e-11	7.52389e-13	
POCUEN_Strophosoma_melanogrammum	0	0	0	0	0	0	0	0	0	0	0	0	0	0	0	0	0	0	0	0	0	0	0	0	1	0	0	0	0	0	0	0	
POCUEN_Strophosoma_capitatum	0	0	0	0	0	0	0	0	0	0	0	0	0	0	0	0	1	0	0	0	0	0	0	0	0	0	0	0	0	0	0	0	
POCUEN_Brachyderes_incanus	0	0	0	0	0	0	0	0	0	0	0	0	0	0	0	0	0	1	0	0	0	0	0	0	0	0	0	0	0	0	0	0	
N117	0.000843984	0.00198217	0.00568151	0.0152715	0.0355592	0.0698574	0.114489	0.155582	0.17465	0.161567	0.122997	0.0770076	0.0396534	0.0168037	0.00586668	0.00169018	0.000402615	7.94852e-05	1.30403e-05	1.78309e-06	2.03862e-07	1.95546e-08	1.57924e-09	1.07779e-10	6.2392e-12	3.07541e-13	1.29592e-14	4.68925e-16	1.46712e-17	4.04353e-19	1.06442e-20	4.38084e-22	
POCUEN_Otiorhynchus_armadillo	0	0	0	0	0	0	1	0	0	0	0	0	0	0	0	0	0	0	0	0	0	0	0	0	0	0	0	0	0	0	0	0	
N118	2.77911e-05	8.03775e-05	0.00031703	0.00122306	0.0041688	0.0121389	0.0297658	0.0609979	0.103982	0.147004	0.172017	0.166401	0.132995	0.0878244	0.0479439	0.0216593	0.00810971	0.00252152	0.000652581	0.000140958	2.54875e-05	3.87045e-06	4.95334e-07	5.36179e-08	4.92749e-09	3.8593e-10	2.58618e-11	1.48893e-12	7.40609e-14	3.23293e-15	1.3499e-16	9.55402e-18	
N119	5.24665e-08	2.54624e-07	1.79862e-06	1.22589e-05	7.32112e-05	0.000371957	0.0015864	0.00563348	0.016554	0.0400451	0.0793933	0.128521	0.169363	0.181296	0.157459	0.110935	0.0634527	0.0295176	0.0111973	0.00347552	0.000886234	0.00018649	3.25425e-05	4.73323e-06	5.76842e-07	5.92192e-08	5.1489e-09	3.81302e-10	2.42289e-11	1.34541e-12	7.15938e-14	6.57284e-15	
N120	3.54556e-17	2.46444e-15	2.03085e-13	1.39962e-11	7.55244e-10	3.08676e-08	9.29144e-07	1.9996e-05	0.000297701	0.00295913	0.0189551	0.0758714	0.185639	0.274785	0.246598	0.135923	0.0469221	0.0103712	0.00150132	0.000145671	9.70494e-06	4.54997e-07	1.53775e-08	3.83275e-10	7.19423e-12	1.03644e-13	1.16574e-15	1.03948e-17	7.45436e-20	4.37615e-22	2.22858e-24	1.53278e-26	
N121	2.44265e-20	6.69654e-18	1.91109e-15	3.94585e-13	5.65276e-11	5.43093e-09	3.37147e-07	1.29859e-05	0.000297729	0.00391645	0.0288108	0.11679	0.258323	0.309167	0.199114	0.0690818	0.0130374	0.00136425	8.13915e-05	2.86233e-06	6.14748e-08	8.35205e-10	7.42272e-12	4.45151e-14	1.85326e-16	5.49493e-19	1.18732e-21	1.90853e-24	2.32497e-27	2.18328e-30	1.61269e-33	1.2359e-36	
N122	1.04412e-14	1.20192e-12	1.51083e-10	1.36303e-08	8.36835e-07	3.32138e-05	0.000799133	0.0107493	0.0733824	0.232261	0.336414	0.237832	0.088114	0.0181022	0.00215184	0.000153173	6.73898e-06	1.8927e-07	3.50873e-09	4.43811e-11	3.95249e-13	2.55068e-15	1.2239e-17	4.46735e-20	1.26565e-22	2.83299e-25	5.08919e-28	7.43971e-31	8.96053e-34	8.99057e-37	7.60714e-40	7.09872e-43	
POCUCU_Gymnetron_antirhini	0	0	0	0	0	0	0	0	1	0	0	0	0	0	0	0	0	0	0	0	0	0	0	0	0	0	0	0	0	0	0	0	
POCUEN_Naupactus_xanthographus	0	0	0	0	0	0	0	0	0	1	0	0	0	0	0	0	0	0	0	0	0	0	0	0	0	0	0	0	0	0	0	0	
N123	1.60325e-20	3.63008e-18	8.88209e-16	1.62872e-13	2.15683e-11	1.99951e-09	1.25293e-07	5.10226e-06	0.000129451	0.00196196	0.0171108	0.0833343	0.221448	0.315679	0.239391	0.0969167	0.0212481	0.00258622	0.000181153	7.61598e-06	2.00598e-07	3.44692e-09	4.00877e-11	3.26055e-13	1.90907e-15	8.25373e-18	2.6946e-20	6.77526e-23	1.33515e-25	2.09476e-28	2.67446e-31	3.89236e-34	
POCUCU_Gymnetron_tetrum	0	0	0	0	0	0	0	0	0	0	0	0	0	1	0	0	0	0	0	0	0	0	0	0	0	0	0	0	0	0	0	0	
POCUCE_Phytobius_sp	0	0	0	0	0	0	0	0	0	0	0	0	0	0	0	0	1	0	0	0	0	0	0	0	0	0	0	0	0	0	0	0	
POCUEN_Sitona_hispidulus	0	0	0	0	0	0	0	0	0	0	0	0	0	0	0	0	0	0	1	0	0	0	0	0	0	0	0	0	0	0	0	0	
POCUEN_Dyslobus_sp	0	0	0	0	0	0	0	0	0	0	0	0	0	0	0	0	0	1	0	0	0	0	0	0	0	0	0	0	0	0	0	0	
N124	6.799e-09	4.9105e-08	4.88896e-07	4.48404e-06	3.49205e-05	0.000224444	0.00117284	0.00493193	0.0165527	0.0440264	0.0922262	0.151363	0.193829	0.193116	0.14949	0.0899206	0.0420996	0.0153896	0.00441198	0.000997455	0.000178969	2.56634e-05	2.96277e-06	2.7746e-07	2.12374e-08	1.33858e-09	6.99831e-11	3.05676e-12	1.12421e-13	3.53367e-15	1.02248e-16	4.7696e-18	
N125	6.72484e-10	6.12491e-09	8.4634e-08	1.05339e-06	1.07649e-05	8.82454e-05	0.00057328	0.00292263	0.0115895	0.0354605	0.0831285	0.148434	0.200981	0.205748	0.159039	0.092856	0.0410359	0.0137789	0.00353434	0.000697271	0.000106641	1.27535e-05	1.20354e-06	9.04529e-08	5.46395e-09	2.67675e-10	1.07274e-11	3.5463e-13	9.74986e-15	2.25313e-16	4.60017e-18	1.4732e-19	
POCUDR_Sitophilus_oryzae	0	0	0	0	0	0	0	0	0	0	1	0	0	0	0	0	0	0	0	0	0	0	0	0	0	0	0	0	0	0	0	0	
N126	4.49523e-44	1.52667e-40	5.32789e-37	1.61377e-33	4.02446e-30	8.06671e-27	1.2769e-23	1.56779e-20	1.46246e-17	1.01071e-14	5.0146e-12	1.71453e-09	3.82158e-07	5.12647e-05	0.00365138	0.110262	0.833827	0.051408	0.000795227	5.23493e-06	1.83989e-08	3.91979e-11	5.4914e-14	5.35466e-17	3.79021e-20	2.01166e-23	8.21531e-27	2.63657e-30	6.76933e-34	1.41493e-37	2.5006e-41	4.83644e-45	
POCUDR_Sitophilus_granarius	0	0	0	0	0	0	0	0	0	0	0	0	0	0	0	0	1	0	0	0	0	0	0	0	0	0	0	0	0	0	0	0	
POCUDR_Sitophilus_zeamais	0	0	0	0	0	0	0	0	0	0	0	0	0	0	0	0	1	0	0	0	0	0	0	0	0	0	0	0	0	0	0	0	
POCUMO_Pachylobius_picivorus	0	0	0	0	0	0	0	0	0	0	0	0	0	0	0	1	0	0	0	0	0	0	0	0	0	0	0	0	0	0	0	0	
