NODE	7	8	9	10	11	12	13	14	15	16	17	18	19	20	21	22	23	24	25	26	27	28	29	30	31	32	33	34	35	36	37	38	39	
N1	0.333446	0.275963	0.190844	0.111025	0.0546004	0.0227816	0.00808722	0.00244783	0.000632817	0.000139926	2.64948e-05	4.30041e-06	5.98911e-07	7.16328e-08	7.36463e-09	6.5145e-10	4.96273e-11	3.2592e-12	1.84722e-13	2.32275e-17	4.78059e-18	9.15708e-19	1.6335e-19	2.71566e-20	4.21064e-21	6.09393e-22	8.24049e-23	1.04269e-23	1.23818e-24	1.39011e-25	1.50646e-26	1.67266e-27	2.47765e-28	
N2	0.188114	0.185892	0.169404	0.142661	0.111116	0.0800485	0.0533172	0.0328136	0.018648	0.00978014	0.00473138	0.00211067	0.000868085	0.000329157	0.000115077	3.71034e-05	1.10364e-05	3.02982e-06	7.68069e-07	1.79901e-07	3.8958e-08	7.80538e-09	1.44795e-09	2.48906e-10	3.9686e-11	5.87555e-12	8.09012e-13	1.03883e-13	1.2511e-14	1.43272e-15	1.61852e-16	2.01771e-17	4.21419e-18	
ADCANE_Nebria_brevicollis	0	0	1	0	0	0	0	0	0	0	0	0	0	0	0	0	0	0	0	0	0	0	0	0	0	0	0	0	0	0	0	0	0	
N3	0.182065	0.181784	0.168592	0.144867	0.11485	0.0836205	0.0556743	0.0337739	0.0186141	0.00930022	0.00420574	0.00171955	0.000635197	0.000211916	6.38463e-05	1.7373e-05	4.27083e-06	9.48956e-07	1.90691e-07	3.46789e-08	5.71212e-09	8.52908e-10	1.15554e-10	1.42194e-11	1.59088e-12	1.62008e-13	1.50343e-14	1.27315e-15	9.86025e-17	7.02401e-18	4.70619e-19	3.30078e-20	4.15663e-21	
N4	0.173933	0.174313	0.163024	0.142151	0.115284	0.0866916	0.0602599	0.0386106	0.0227507	0.0123051	0.00610054	0.00276959	0.00115064	0.000437305	0.000152019	4.83407e-05	1.40651e-05	3.74594e-06	9.13676e-07	2.04225e-07	4.18617e-08	7.87519e-09	1.36084e-09	2.16196e-10	3.16074e-11	4.25657e-12	5.28583e-13	6.05999e-14	6.42672e-15	6.34125e-16	5.97328e-17	6.10447e-18	1.16646e-18	
N5	0.0745671	0.0974889	0.129586	0.15546	0.161184	0.142556	0.107129	0.068329	0.0369906	0.0170101	0.00665387	0.00221858	0.00063217	0.000154409	3.244e-05	5.88389e-06	9.24931e-07	1.26515e-07	1.51184e-08	1.58461e-09	1.46248e-10	1.19305e-11	8.63426e-13	5.5632e-14	3.20208e-15	1.65181e-16	7.66063e-18	3.2038e-19	1.21219e-20	4.16942e-22	1.32212e-23	4.15708e-25	2.2215e-26	
ADCATR_Perileptus_areolatus	0	0	0	0	0	0	0	0	0	1	0	0	0	0	0	0	0	0	0	0	0	0	0	0	0	0	0	0	0	0	0	0	0	
ADCATR_Bembidion_ruficorne	0	1	0	0	0	0	0	0	0	0	0	0	0	0	0	0	0	0	0	0	0	0	0	0	0	0	0	0	0	0	0	0	0	
N6	0.149385	0.175853	0.199465	0.191872	0.145393	0.0842502	0.0371437	0.0125457	0.00328626	0.000677061	0.000111294	1.47963e-05	1.61131e-06	1.45405e-07	1.09881e-08	7.01998e-10	3.82438e-11	1.79052e-12	7.2554e-14	2.56092e-15	7.92014e-17	2.15775e-18	5.20403e-20	1.11614e-21	2.13778e-23	3.67083e-25	5.67171e-27	7.91367e-29	1.00123e-30	1.15632e-32	1.24019e-34	1.30956e-36	2.00241e-38	
ADCATR_Trechus_quadristriatus	0	0	0	1	0	0	0	0	0	0	0	0	0	0	0	0	0	0	0	0	0	0	0	0	0	0	0	0	0	0	0	0	0	
ADCATR_Trechus_obtusus	0	0	0	1	0	0	0	0	0	0	0	0	0	0	0	0	0	0	0	0	0	0	0	0	0	0	0	0	0	0	0	0	0	
N7	0.152807	0.157718	0.15519	0.143856	0.123973	0.0981431	0.0706831	0.0459731	0.02686	0.0140441	0.00655466	0.00272622	0.00100948	0.000332629	9.75263e-05	2.545e-05	5.91384e-06	1.22453e-06	2.26125e-07	3.72762e-08	5.49142e-09	7.2379e-10	8.54568e-11	9.04994e-12	8.60774e-13	7.36344e-14	5.67357e-15	3.9439e-16	2.47874e-17	1.41479e-18	7.45527e-20	3.9803e-21	3.83719e-22	
N8	0.0794262	0.0937481	0.114518	0.135068	0.145826	0.139376	0.115683	0.0824909	0.0502341	0.026038	0.0114682	0.00428916	0.00136229	0.000367666	8.4407e-05	1.65063e-05	2.75419e-06	3.92859e-07	4.80046e-08	5.03616e-09	4.54678e-10	3.54117e-11	2.38512e-12	1.39284e-13	7.07052e-15	3.12862e-16	1.21033e-17	4.10837e-19	1.2299e-20	3.27733e-22	7.95929e-24	1.93822e-25	8.48946e-27	
N9	0.0774998	0.0912928	0.111308	0.131402	0.142708	0.138087	0.11689	0.0856914	0.0541071	0.0293414	0.0136473	0.00544274	0.00186196	0.000546903	0.000138109	3.00355e-05	5.63629e-06	9.14606e-07	1.28636e-07	1.57198e-08	1.67335e-09	1.55567e-10	1.26647e-11	9.053e-13	5.69808e-14	3.16732e-15	1.56014e-16	6.84065e-18	2.6892e-19	9.61285e-21	3.22782e-22	1.11134e-23	5.43428e-25	
ADCATR_Bembidion_coxendix	0	0	0	0	0	0	0	0	0	0	0	0	0	0	0	1	0	0	0	0	0	0	0	0	0	0	0	0	0	0	0	0	0	
N10	0.19359	0.196817	0.185371	0.157269	0.117369	0.0758323	0.0420249	0.0198832	0.00801841	0.00275732	0.000809928	0.000203762	4.40497e-05	8.21293e-06	1.3258e-06	1.86043e-07	2.27852e-08	2.44524e-09	2.30837e-10	1.9242e-11	1.42146e-12	9.33875e-14	5.47487e-15	2.87336e-16	1.35419e-17	5.74814e-19	2.20378e-20	7.65304e-22	2.41498e-23	6.96136e-25	1.86106e-26	4.94234e-28	2.16249e-29	
ADCATR_Bembidion_umbratum	0	1	0	0	0	0	0	0	0	0	0	0	0	0	0	0	0	0	0	0	0	0	0	0	0	0	0	0	0	0	0	0	0	
ADCATR_Bembidion_insulatum	0	0	0	0	1	0	0	0	0	0	0	0	0	0	0	0	0	0	0	0	0	0	0	0	0	0	0	0	0	0	0	0	0	
N11	0.0657329	0.0804267	0.103725	0.129698	0.147973	0.14827	0.127493	0.0927784	0.056668	0.0289138	0.0122938	0.00435196	0.00128285	0.000315197	6.46516e-05	1.1093e-05	1.59602e-06	1.93067e-07	1.96938e-08	1.69921e-09	1.24411e-10	7.75552e-12	4.13019e-13	1.88548e-14	7.40375e-16	2.50927e-17	7.36512e-19	1.87849e-20	4.17706e-22	8.12506e-24	1.38961e-25	2.16772e-27	5.32563e-29	
N12	0.0263382	0.0371696	0.0589448	0.0913056	0.127583	0.154569	0.159123	0.137673	0.0994727	0.0597961	0.0298463	0.0123605	0.0042483	0.00121302	0.000288214	5.71087e-05	9.46154e-06	1.31453e-06	1.53648e-07	1.51604e-08	1.26729e-09	9.00765e-11	5.46441e-12	2.83991e-13	1.2692e-14	4.89606e-16	1.63628e-17	4.75495e-19	1.20577e-20	2.67792e-22	5.23912e-24	9.40946e-26	2.71174e-27	
N13	0.0119933	0.0224171	0.0460221	0.0849071	0.132692	0.171319	0.180141	0.152895	0.104186	0.0568412	0.0248111	0.00867343	0.00243413	0.00055036	0.0001007	1.49865e-05	1.82425e-06	1.82691e-07	1.51427e-08	1.04511e-09	6.04203e-11	2.9432e-12	1.21492e-13	4.27336e-15	1.28764e-16	3.34069e-18	7.49935e-20	1.46347e-21	2.4938e-23	3.72721e-25	4.91808e-27	5.95838e-29	1.10881e-30	
N14	0.00167141	0.00400575	0.0120928	0.0334649	0.0761157	0.136716	0.190399	0.203553	0.166131	0.103251	0.0488599	0.0176365	0.00487257	0.00103524	0.000170114	2.17605e-05	2.18205e-06	1.72787e-07	1.08862e-08	5.49845e-10	2.24323e-11	7.44716e-13	2.02639e-14	4.55102e-16	8.49337e-18	1.32573e-19	1.74152e-21	1.9368e-23	1.83399e-25	1.4872e-27	1.04144e-29	6.53312e-32	5.6699e-34	
N15	0.00113593	0.00273711	0.0088464	0.0268938	0.0668035	0.128986	0.18981	0.210937	0.176267	0.110616	0.0521872	0.0185658	0.00500332	0.00102739	0.000161845	1.97067e-05	1.86958e-06	1.39341e-07	8.22735e-09	3.88083e-10	1.47455e-11	4.54961e-13	1.14887e-14	2.39239e-16	4.13815e-18	5.98695e-20	7.29293e-22	7.52712e-24	6.622e-26	4.99482e-28	3.2539e-30	1.88692e-32	1.50749e-34	
N16	0.000338249	0.00135081	0.00681838	0.0283854	0.0854427	0.177028	0.24705	0.230146	0.143044	0.0596832	0.0169093	0.00330305	0.00045274	4.43579e-05	3.16461e-06	1.67365e-07	6.6734e-09	2.0381e-10	4.8379e-12	9.04698e-14	1.34949e-15	1.62417e-17	1.59394e-19	1.28799e-21	8.64683e-24	4.86304e-26	2.30889e-28	9.32051e-31	3.22026e-33	9.58159e-36	2.47007e-38	5.6031e-41	1.61241e-43	
N17	0.000124386	0.000590182	0.00373334	0.01905	0.0680557	0.161878	0.250458	0.249398	0.159513	0.0658553	0.0177487	0.00317587	0.000385237	3.24057e-05	1.93412e-06	8.37301e-08	2.68391e-09	6.49221e-11	1.20585e-12	1.74717e-14	2.00331e-16	1.84164e-18	1.37359e-20	8.40263e-23	4.25767e-25	1.80328e-27	6.43727e-30	1.95169e-32	5.06123e-35	1.12998e-37	2.18536e-40	3.70141e-43	7.61898e-46	
ADCATR_Bembidion_transversale	0	0	0	0	0	0	0	0	0	1	0	0	0	0	0	0	0	0	0	0	0	0	0	0	0	0	0	0	0	0	0	0	0	
ADCATR_Bembidion_sejunctum	0	0	0	0	0	1	0	0	0	0	0	0	0	0	0	0	0	0	0	0	0	0	0	0	0	0	0	0	0	0	0	0	0	
ADCATR_Bembidion_mexicanum	0	0	0	0	0	1	0	0	0	0	0	0	0	0	0	0	0	0	0	0	0	0	0	0	0	0	0	0	0	0	0	0	0	
ADCATR_Bembidion_levigatum	0	0	0	0	0	0	0	0	0	0	1	0	0	0	0	0	0	0	0	0	0	0	0	0	0	0	0	0	0	0	0	0	0	
ADCATR_Bembidion_decorum	0	0	0	0	0	0	0	0	0	0	0	1	0	0	0	0	0	0	0	0	0	0	0	0	0	0	0	0	0	0	0	0	0	
N18	0.0958869	0.221221	0.362448	0.237426	0.0706771	0.0112104	0.00106239	6.52083e-05	2.74898e-06	8.31984e-08	1.87101e-09	3.21345e-11	4.31037e-13	4.60018e-15	3.96797e-17	2.80368e-19	1.64181e-21	8.04987e-24	3.33477e-26	1.17671e-28	3.56258e-31	9.31596e-34	2.11679e-36	4.20258e-39	7.32756e-42	1.12734e-44	1.53713e-47	1.8651e-50	2.02178e-53	1.96637e-56	1.73033e-59	1.43075e-62	1.47941e-65	
ADCATR_Bembidion_tibiale	0	0	1	0	0	0	0	0	0	0	0	0	0	0	0	0	0	0	0	0	0	0	0	0	0	0	0	0	0	0	0	0	0	
ADCATR_Bembidion_tetracolum	0	0	1	0	0	0	0	0	0	0	0	0	0	0	0	0	0	0	0	0	0	0	0	0	0	0	0	0	0	0	0	0	0	
N19	0.00835262	0.0141195	0.027037	0.0493669	0.0811673	0.117273	0.146747	0.157466	0.14391	0.111508	0.0730443	0.0403885	0.01884	0.00741598	0.0024656	0.00069339	0.00016526	3.34576e-05	5.76892e-06	8.49602e-07	1.072e-07	1.16262e-08	1.08742e-09	8.8016e-11	6.18633e-12	3.78897e-13	2.02921e-14	9.53546e-16	3.94529e-17	1.44335e-18	4.72022e-20	1.47964e-21	7.8613e-23	
N20	6.05482e-07	3.15184e-06	2.09617e-05	0.000124153	0.000621387	0.002593	0.00894051	0.0252596	0.0580226	0.107585	0.16	0.189835	0.178929	0.133587	0.07888	0.0368344	0.0136215	0.00400008	0.000936488	0.000175664	2.65535e-05	3.25519e-06	3.25817e-07	2.68119e-08	1.82674e-09	1.0376e-10	4.94689e-12	1.9927e-13	6.82519e-15	2.00036e-16	5.06436e-18	1.16735e-19	4.34183e-21	
N21	1.13664e-10	1.52385e-09	2.81327e-08	4.55701e-07	5.93597e-06	6.034e-05	0.000469981	0.0027636	0.0121211	0.0393248	0.0940054	0.165513	0.214958	0.206326	0.146568	0.0770896	0.0300034	0.00863119	0.00183379	0.000288035	3.35942e-05	2.93468e-06	1.94355e-07	9.89629e-09	3.93135e-10	1.23597e-11	3.11683e-13	6.38361e-15	1.07404e-16	1.50009e-18	1.75803e-20	1.78798e-22	2.60249e-24	
ADCATR_Bembidion_articulatum	0	0	0	0	0	0	0	0	1	0	0	0	0	0	0	0	0	0	0	0	0	0	0	0	0	0	0	0	0	0	0	0	0	
ADCATR_Bembidion_quadrimaculatum	0	0	0	0	0	0	0	0	0	0	0	0	0	0	0	0	0	0	0	1	0	0	0	0	0	0	0	0	0	0	0	0	0	
ADCATR_Bembidion_tairuense	0	0	0	0	0	0	0	0	0	0	0	0	0	0	1	0	0	0	0	0	0	0	0	0	0	0	0	0	0	0	0	0	0	
ADCATR_Bembidion_punctulatum	0	0	0	0	1	0	0	0	0	0	0	0	0	0	0	0	0	0	0	0	0	0	0	0	0	0	0	0	0	0	0	0	0	
N22	0.0769158	0.0905982	0.110844	0.13195	0.144784	0.14108	0.119239	0.0861848	0.0528432	0.02737	0.0119559	0.00440516	0.00137079	0.000361025	8.06927e-05	1.53539e-05	2.49552e-06	3.47709e-07	4.16852e-08	4.31594e-09	3.87364e-10	3.02498e-11	2.06288e-12	1.23291e-13	6.48063e-15	3.00617e-16	1.23471e-17	4.50494e-19	1.46507e-20	4.26646e-22	1.12618e-23	2.87531e-25	1.21e-26	
ADCATR_Bembidion_rapidum	0	0	0	0	0	0	1	0	0	0	0	0	0	0	0	0	0	0	0	0	0	0	0	0	0	0	0	0	0	0	0	0	0	
N23	0.0302817	0.0494668	0.0897538	0.146198	0.193559	0.198246	0.152959	0.0876663	0.0370935	0.0115776	0.00267343	0.000459275	5.91334e-05	5.75513e-06	4.27305e-07	2.44352e-08	1.08654e-09	3.79258e-11	1.04876e-12	2.31809e-14	4.13043e-16	5.9814e-18	7.09434e-20	6.94241e-22	5.64443e-24	3.8991e-26	3.99149e-28	4.03495e-29	7.06975e-30	1.04732e-30	1.28163e-31	1.34939e-32	1.83358e-33	
N24	0.0186144	0.0394403	0.0929641	0.175488	0.236722	0.219116	0.137463	0.0586908	0.0173046	0.00359486	0.000537883	5.92443e-05	4.90317e-06	3.10711e-07	1.53353e-08	5.98626e-10	1.87392e-11	4.76304e-13	9.94125e-15	1.72126e-16	2.4953e-18	3.05449e-20	3.18168e-22	2.84027e-24	2.18721e-26	1.46176e-28	8.52601e-31	4.36275e-33	1.968e-35	7.86196e-38	2.79634e-40	9.04837e-43	3.94057e-45	
N25	0.00143287	0.0116021	0.0766768	0.235512	0.34365	0.241722	0.0781626	0.0105143	0.000700647	2.64021e-05	6.15294e-07	9.44937e-09	1.00281e-10	7.6321e-13	4.29226e-15	1.82864e-17	6.02667e-20	1.56442e-22	3.24901e-25	5.47312e-28	7.56986e-31	8.69008e-34	8.3613e-37	6.80234e-40	4.71676e-43	2.80795e-46	1.44473e-49	6.46385e-53	2.529e-56	8.69802e-60	2.64253e-63	7.1403e-67	2.11565e-70	
ADCATR_Bembidion_lapponicum	0	0	0	0	0	0	1	0	0	0	0	0	0	0	0	0	0	0	0	0	0	0	0	0	0	0	0	0	0	0	0	0	0	
ADCATR_Bembidion_confusum	0	0	1	0	0	0	0	0	0	0	0	0	0	0	0	0	0	0	0	0	0	0	0	0	0	0	0	0	0	0	0	0	0	
ADCATR_Bembidion_balli	0	0	0	0	0	1	0	0	0	0	0	0	0	0	0	0	0	0	0	0	0	0	0	0	0	0	0	0	0	0	0	0	0	
N26	0.0287028	0.0474588	0.0876488	0.145189	0.194664	0.200844	0.155237	0.0886277	0.0371426	0.0114153	0.00257993	0.000431082	5.36351e-05	5.01059e-06	3.54645e-07	1.91967e-08	8.02206e-10	2.61236e-11	6.69012e-13	1.35934e-14	2.21008e-16	2.89874e-18	3.09102e-20	2.69956e-22	1.94461e-24	1.1631e-26	5.81295e-29	2.44274e-31	8.70487e-34	2.73937e-36	1.07652e-38	1.32428e-40	4.08987e-42	
N27	0.00545548	0.0133827	0.0385762	0.0939753	0.172984	0.229806	0.215387	0.140844	0.0640259	0.0202728	0.00449843	0.000705969	7.92505e-05	6.44499e-06	3.84844e-07	1.71059e-08	5.73756e-10	1.47163e-11	2.92362e-13	4.55388e-15	5.62586e-17	5.57255e-19	4.47091e-21	2.93327e-23	1.58775e-25	7.1499e-28	2.69942e-30	8.60682e-33	2.33321e-35	5.41194e-38	1.08053e-40	1.87535e-43	3.90698e-46	
N28	0.00114158	0.00328451	0.0121568	0.0392023	0.0969335	0.175603	0.228475	0.211535	0.138953	0.0648617	0.0216268	0.00519192	0.000906436	0.00011641	1.11343e-05	8.03381e-07	4.42988e-08	1.89068e-09	6.32391e-11	1.67745e-12	3.56869e-14	6.15429e-16	8.68935e-18	1.01388e-19	9.86167e-22	8.06124e-24	5.57979e-26	3.29346e-28	1.6686e-30	7.30121e-33	2.77749e-35	9.38613e-38	4.17682e-40	
ADCATR_Bembidion_planatum	0	0	0	0	0	0	0	0	0	0	0	1	0	0	0	0	0	0	0	0	0	0	0	0	0	0	0	0	0	0	0	0	0	
N29	0.000276892	0.00143682	0.00793224	0.0336582	0.0999438	0.199236	0.260914	0.22157	0.12114	0.0425981	0.00969324	0.00144639	0.000144304	9.85519e-06	4.72424e-07	1.62917e-08	4.13603e-10	7.8948e-12	1.15478e-13	1.31669e-15	1.18837e-17	8.60765e-20	5.06612e-22	2.45015e-24	9.83674e-27	3.30875e-29	9.40361e-32	2.27561e-34	4.72227e-37	8.45846e-40	1.31575e-42	1.79579e-45	2.9324e-48	
ADCATR_Bembidion_lampros	0	0	1	0	0	0	0	0	0	0	0	0	0	0	0	0	0	0	0	0	0	0	0	0	0	0	0	0	0	0	0	0	0	
N30	9.10627e-07	1.12812e-05	0.000161539	0.00172978	0.0125569	0.0584407	0.16676	0.280757	0.27163	0.150301	0.0478085	0.00881684	0.000959346	6.39025e-05	2.72531e-06	7.77155e-08	1.5399e-09	2.19142e-11	2.30385e-13	1.83298e-15	1.12683e-17	5.44997e-20	2.10672e-22	6.59982e-25	1.69637e-27	3.61701e-30	6.46116e-33	9.75603e-36	1.25531e-38	1.38655e-41	1.32364e-44	1.10132e-47	1.03917e-50	
ADCATR_Bembidion_californicum	0	0	0	0	0	0	0	0	0	0	0	1	0	0	0	0	0	0	0	0	0	0	0	0	0	0	0	0	0	0	0	0	0	
ADCATR_Bembidion_concolor	0	0	0	0	0	0	0	1	0	0	0	0	0	0	0	0	0	0	0	0	0	0	0	0	0	0	0	0	0	0	0	0	0	
N31	0.00602816	0.0156622	0.0471489	0.115244	0.203259	0.246883	0.202208	0.110826	0.0407047	0.0101002	0.00171506	0.000202476	1.69124e-05	1.01767e-06	4.49108e-08	1.4789e-09	3.69392e-11	7.10683e-13	1.06836e-14	1.27166e-16	1.21325e-18	9.3834e-21	5.94464e-23	3.11468e-25	1.36167e-27	5.00785e-30	1.56115e-32	4.15423e-35	9.49768e-38	1.87695e-40	3.22498e-43	4.87811e-46	9.00064e-49	
ADCATR_Bembidion_levettei	0	0	0	1	0	0	0	0	0	0	0	0	0	0	0	0	0	0	0	0	0	0	0	0	0	0	0	0	0	0	0	0	0	
N32	0.0028128	0.00833002	0.030621	0.0905905	0.187038	0.25639	0.228679	0.131888	0.0493426	0.0120985	0.00197405	0.000218327	1.66991e-05	9.01624e-07	3.50654e-08	1.00151e-09	2.13934e-11	3.47638e-13	4.36538e-15	4.29782e-17	3.36184e-19	2.11498e-21	1.08217e-23	4.55001e-26	1.58692e-28	4.63132e-31	1.14009e-33	2.38496e-36	4.26878e-39	6.5791e-42	8.78324e-45	1.02497e-47	1.40281e-50	
N33	6.37527e-05	0.000485714	0.00417246	0.0254959	0.0976037	0.22092	0.291933	0.225653	0.102081	0.0269729	0.00419491	0.000398739	2.43049e-05	9.94416e-07	2.84128e-08	5.86245e-10	8.98548e-12	1.04793e-13	9.49268e-16	6.79902e-18	3.91071e-20	1.83127e-22	7.06648e-25	2.27144e-27	6.1413e-30	1.4089e-32	2.76446e-35	4.67288e-38	6.8497e-41	8.75996e-44	9.82915e-47	9.75606e-50	1.13368e-52	
ADCATR_Bembidion_properans	0	0	0	0	1	0	0	0	0	0	0	0	0	0	0	0	0	0	0	0	0	0	0	0	0	0	0	0	0	0	0	0	0	
ADCATR_Bembidion_levettei_carrianum	0	0	0	0	0	0	0	0	0	1	0	0	0	0	0	0	0	0	0	0	0	0	0	0	0	0	0	0	0	0	0	0	0	
N34	0.000289235	0.00171724	0.0119573	0.0586058	0.175575	0.298091	0.273651	0.13553	0.0376847	0.00621289	0.000640645	4.33132e-05	1.99907e-06	6.51863e-08	1.54645e-09	2.73726e-11	3.69474e-13	3.87637e-15	3.21456e-17	2.13854e-19	1.15651e-21	5.14455e-24	1.90252e-26	5.90557e-29	1.55213e-31	3.48156e-34	6.71344e-37	1.12028e-39	1.62771e-42	2.07082e-45	2.31904e-48	2.30395e-51	2.68621e-54	
ADCATR_Bembidion_inaequale	0	0	0	0	0	1	0	0	0	0	0	0	0	0	0	0	0	0	0	0	0	0	0	0	0	0	0	0	0	0	0	0	0	
ADCATR_Bembidion_obtusum	0	0	0	0	0	0	1	0	0	0	0	0	0	0	0	0	0	0	0	0	0	0	0	0	0	0	0	0	0	0	0	0	0	
N35	0.00571821	0.0174056	0.0591636	0.1506	0.251534	0.262294	0.16802	0.0662131	0.0162476	0.00252956	0.000255586	1.71746e-05	7.86776e-07	2.51695e-08	5.75217e-10	9.59177e-12	1.1899e-13	1.11783e-15	8.08213e-18	4.56409e-20	2.04029e-22	7.30894e-25	2.12179e-27	5.04297e-30	9.90576e-33	1.62205e-35	2.23191e-38	2.59972e-41	2.58094e-44	2.19782e-47	1.61562e-50	1.0414e-53	7.80342e-57	
N36	0.0142824	0.0454538	0.141401	0.274865	0.294403	0.16809	0.0517065	0.00886086	0.000882295	5.32976e-05	2.03504e-06	5.10018e-08	8.68041e-10	1.03441e-11	8.8685e-14	5.60426e-16	2.66707e-18	9.74338e-21	2.77946e-23	6.28664e-26	1.14297e-28	1.69108e-31	2.05896e-34	2.08386e-37	1.76935e-40	1.27092e-43	7.78238e-47	4.09118e-50	1.85839e-53	7.33787e-57	2.53252e-60	7.6905e-64	2.53336e-67	
N37	0.00836986	0.0320669	0.125234	0.284579	0.321355	0.174701	0.0467257	0.00645795	0.000489134	2.1517e-05	5.79711e-07	1.0025e-08	1.15914e-10	9.28405e-13	5.3115e-15	2.22925e-17	7.02535e-20	1.69671e-22	3.19735e-25	4.77667e-28	5.7381e-31	5.61332e-34	4.52295e-37	3.03271e-40	1.70799e-43	8.14804e-47	3.31805e-50	1.16156e-53	3.51839e-57	9.2765e-61	2.14072e-64	4.35014e-68	9.32163e-72	
N38	0.00339079	0.0266228	0.166593	0.399884	0.312336	0.0820405	0.00868885	0.000432631	1.13653e-05	1.72007e-07	1.60663e-09	9.78608e-12	4.06543e-14	1.19537e-16	2.56607e-19	4.12867e-22	5.09197e-25	4.9082e-28	3.76059e-31	2.32447e-34	1.1744e-37	4.90666e-41	1.71301e-44	5.04427e-48	1.2635e-51	2.71284e-55	5.02778e-59	8.09481e-63	1.13884e-66	1.40761e-70	1.53615e-74	1.48752e-78	1.46976e-82	
ADCATR_Bembidion_chalceum	0	0	0	0	1	0	0	0	0	0	0	0	0	0	0	0	0	0	0	0	0	0	0	0	0	0	0	0	0	0	0	0	0	
N39	0.000912589	0.0254425	0.347059	0.535823	0.0869082	0.00379167	6.22361e-05	4.682e-07	1.84764e-09	4.21888e-12	6.00197e-15	5.63436e-18	3.65318e-21	1.69766e-24	5.82976e-28	1.51769e-31	3.06112e-35	4.87337e-39	6.22359e-43	6.46611e-47	5.53395e-51	3.94461e-55	2.36496e-59	1.20317e-63	5.23573e-68	1.96293e-72	6.3821e-77	1.81033e-81	4.50479e-86	9.88347e-91	1.92082e-95	3.32133e-100	5.54971e-105	
ADCATR_Bembidion_bellorum	0	0	0	1	0	0	0	0	0	0	0	0	0	0	0	0	0	0	0	0	0	0	0	0	0	0	0	0	0	0	0	0	0	
ADCATR_Bembidion_louisella	0	0	1	0	0	0	0	0	0	0	0	0	0	0	0	0	0	0	0	0	0	0	0	0	0	0	0	0	0	0	0	0	0	
ADCATR_Bembidion_rothfelsi	0	0	0	0	0	1	0	0	0	0	0	0	0	0	0	0	0	0	0	0	0	0	0	0	0	0	0	0	0	0	0	0	0	
N40	0.00396897	0.438653	0.550992	0.00636329	2.22683e-05	3.46191e-08	2.84983e-11	1.37882e-14	4.20791e-18	8.5318e-22	1.19646e-25	1.19859e-29	8.80869e-34	4.8562e-38	2.04653e-42	6.70012e-47	1.72786e-51	3.5522e-56	5.8824e-61	7.91743e-66	8.72918e-71	7.9369e-76	5.98603e-81	3.76351e-86	1.98077e-91	8.75737e-97	3.2616e-102	1.02552e-107	2.72639e-113	6.13419e-119	1.16841e-124	1.88724e-130	2.92483e-136	
ADCATR_Bembidion_americanum	0	1	0	0	0	0	0	0	0	0	0	0	0	0	0	0	0	0	0	0	0	0	0	0	0	0	0	0	0	0	0	0	0	
ADCATR_Bembidion_bifossulatum	0	0	1	0	0	0	0	0	0	0	0	0	0	0	0	0	0	0	0	0	0	0	0	0	0	0	0	0	0	0	0	0	0	
N41	0.00389484	0.0119256	0.0440622	0.124738	0.232869	0.272091	0.195546	0.0864524	0.0237748	0.0041415	0.000467367	3.50203e-05	1.78686e-06	6.36328e-08	1.61904e-09	3.00805e-11	4.16372e-13	4.37327e-15	3.54409e-17	2.24991e-19	1.13442e-21	4.6002e-24	1.51752e-26	4.1151e-29	9.26102e-32	1.7449e-34	2.77466e-37	3.75143e-40	4.34212e-43	4.32992e-46	3.74237e-49	2.83671e-52	2.53885e-55	
N42	5.64545e-10	1.47412e-07	2.74292e-05	0.00247857	0.0783019	0.482871	0.391964	0.0433457	0.00100319	8.09186e-06	2.97517e-08	5.83755e-11	6.76253e-14	4.95407e-17	2.40947e-20	8.06268e-24	2.731e-27	3.33133e-28	3.18642e-29	1.02194e-30	2.07302e-32	3.52209e-34	5.2857e-36	7.06581e-38	8.46186e-40	9.12565e-42	8.90452e-44	7.89567e-46	6.38752e-48	4.73194e-50	3.2212e-52	2.02746e-54	1.40222e-56	
N43	4.33531e-11	2.55141e-08	1.09363e-05	0.00177412	0.0763677	0.497955	0.385784	0.0375453	0.000560149	2.18987e-06	3.06066e-09	1.85665e-12	5.57846e-16	9.13544e-20	8.76654e-24	5.22013e-28	2.16086e-32	4.67585e-36	9.38862e-39	1.76947e-41	5.86349e-44	2.01828e-45	1.09288e-46	5.62168e-48	2.73613e-49	1.26477e-50	5.56684e-52	2.33827e-53	9.39157e-55	3.61357e-56	1.33419e-57	4.73448e-59	1.67421e-60	
ADCATR_Bembidion_honestum	0	0	0	0	0	1	0	0	0	0	0	0	0	0	0	0	0	0	0	0	0	0	0	0	0	0	0	0	0	0	0	0	0	
N44	4.4743e-11	2.66766e-08	1.12902e-05	0.00181234	0.0774885	0.495141	0.38593	0.0390109	0.000604054	2.50936e-06	3.86155e-09	2.69124e-12	9.73129e-16	2.01127e-19	2.55106e-23	2.12866e-27	3.91382e-31	1.73238e-33	9.14922e-36	4.14971e-38	1.63027e-40	5.60083e-43	1.69676e-45	4.56619e-48	1.0987e-50	2.37748e-53	4.65088e-56	8.26373e-59	1.33935e-61	1.98782e-64	2.71123e-67	3.40967e-70	4.2509e-73	
ADCATR_Bembidion_rufotinctum	0	0	0	0	0	0	0	1	0	0	0	0	0	0	0	0	0	0	0	0	0	0	0	0	0	0	0	0	0	0	0	0	0	
ADCATR_Bembidion_integrum	0	0	0	0	1	0	0	0	0	0	0	0	0	0	0	0	0	0	0	0	0	0	0	0	0	0	0	0	0	0	0	0	0	
ADCATR_Bembidion_arenobilis	0	0	0	0	0	0	1	0	0	0	0	0	0	0	0	0	0	0	0	0	0	0	0	0	0	0	0	0	0	0	0	0	0	
ADCATR_Bembidion_antiquum	0	0	0	0	0	0	0	0	1	0	0	0	0	0	0	0	0	0	0	0	0	0	0	0	0	0	0	0	0	0	0	0	0	
N45	0.131292	0.136563	0.136925	0.131442	0.11978	0.102719	0.0822429	0.0610716	0.0418384	0.0263364	0.0151882	0.00800825	0.00385544	0.00169349	0.000678456	0.000247913	8.26491e-05	2.51505e-05	6.99046e-06	1.77602e-06	4.12811e-07	8.78667e-08	1.71437e-08	3.06944e-09	5.04886e-10	7.64e-11	1.0655e-11	1.37378e-12	1.6485e-13	1.87172e-14	2.0986e-15	2.59666e-16	5.10827e-17	
ADCATR_Pogonus_chalceus	0	0	0	0	0	0	1	0	0	0	0	0	0	0	0	0	0	0	0	0	0	0	0	0	0	0	0	0	0	0	0	0	0	
ADCATR_Bembidion_aenulum	0	0	0	0	0	0	0	0	0	1	0	0	0	0	0	0	0	0	0	0	0	0	0	0	0	0	0	0	0	0	0	0	0	
N46	0.313097	0.271819	0.195234	0.118061	0.0606826	0.0266498	0.0100334	0.00324643	0.000904612	0.000217463	4.51724e-05	8.12038e-06	1.2651e-06	1.71058e-07	2.01032e-08	2.05653e-09	1.83407e-10	1.42805e-11	9.70714e-13	5.70274e-14	2.84398e-15	1.18645e-16	4.12856e-18	1.22554e-19	3.48586e-21	1.38553e-22	1.01955e-23	9.79015e-25	9.42255e-26	8.65381e-27	7.7993e-28	7.7492e-29	1.301e-29	
N47	0.278311	0.253254	0.196743	0.131434	0.0759543	0.0381527	0.0167223	0.0064151	0.00215937	0.000639112	0.000166632	3.83362e-05	7.79539e-06	1.40327e-06	2.23985e-07	3.17523e-08	4.0043e-09	4.49994e-10	4.51398e-11	4.04899e-12	3.25343e-13	2.34606e-14	1.5211e-15	8.8852e-17	4.68638e-18	2.23788e-19	9.70991e-21	3.84795e-22	1.40394e-23	4.77473e-25	1.54225e-26	4.90612e-28	2.14691e-29	
ADCASC_Dyschirius_sp	0	0	0	1	0	0	0	0	0	0	0	0	0	0	0	0	0	0	0	0	0	0	0	0	0	0	0	0	0	0	0	0	0	
N48	0.261481	0.242315	0.194887	0.136728	0.0839872	0.0452959	0.0214952	0.00899122	0.00331983	0.00108335	0.000312801	7.99962e-05	1.81396e-05	3.65094e-06	6.52947e-07	1.03884e-07	1.47211e-08	1.86038e-09	2.09942e-10	2.11848e-11	1.91418e-12	1.55094e-13	1.12849e-14	7.38464e-16	4.35255e-17	2.31419e-18	1.11163e-19	4.8319e-21	1.904e-22	6.82436e-24	2.25432e-25	7.42822e-27	4.19399e-28	
N49	0.20144	0.197157	0.176264	0.144217	0.108052	0.0741226	0.0465322	0.0267162	0.0140204	0.00672234	0.00294398	0.00117752	0.000430194	0.000143598	4.38133e-05	1.22262e-05	3.12255e-06	7.30476e-07	1.56667e-07	3.08359e-08	5.57596e-09	9.27467e-10	1.421e-10	2.00872e-11	2.62518e-12	3.18033e-13	3.5848e-14	3.77955e-15	3.75597e-16	3.55715e-17	3.268e-18	3.08608e-19	4.52432e-20	
N50	0.213271	0.20734	0.182681	0.145811	0.105209	0.0684322	0.0400144	0.0209835	0.00984979	0.00413302	0.00154885	0.000518127	0.000154696	4.12283e-05	9.81162e-06	2.08621e-06	3.96608e-07	6.74725e-08	1.0282e-08	1.40503e-09	1.72365e-10	1.90064e-11	1.88623e-12	1.68697e-13	1.36153e-14	9.93019e-16	6.55408e-17	3.92039e-18	2.12888e-19	1.05285e-20	4.80626e-22	2.20817e-23	1.81778e-24	
N51	0.254989	0.2383	0.194585	0.13918	0.0872489	0.0479096	0.0230207	0.009669	0.00354694	0.00113592	0.000317591	7.75576e-05	1.65579e-05	3.09429e-06	5.06956e-07	7.29493e-08	9.23807e-09	1.03176e-09	1.01856e-10	8.90848e-12	6.91894e-13	4.78316e-14	2.95018e-15	1.62725e-16	8.04548e-18	3.57424e-19	1.43051e-20	5.17502e-22	1.70109e-23	5.13514e-25	1.4606e-26	4.22137e-28	1.83007e-29	
ADCABR_Aptinus_displosor	0	0	1	0	0	0	0	0	0	0	0	0	0	0	0	0	0	0	0	0	0	0	0	0	0	0	0	0	0	0	0	0	0	
N52	0.26729	0.247261	0.197639	0.136553	0.0813828	0.0417052	0.0183174	0.00687634	0.0022019	0.000600723	0.000139582	2.76319e-05	4.66482e-06	6.72566e-07	8.2969e-08	8.77641e-09	7.9795e-10	6.25175e-11	4.23208e-12	2.48209e-13	1.26472e-14	5.61428e-16	2.17727e-17	7.39678e-19	2.20727e-20	5.80111e-22	1.34633e-23	2.76646e-25	5.04709e-27	8.20569e-29	1.20043e-30	1.66985e-32	3.65172e-34	
N53	0.264175	0.246941	0.20023	0.139568	0.0826882	0.0412033	0.0171254	0.0059027	0.00168128	0.000395132	7.66281e-05	1.2279e-05	1.62961e-06	1.79676e-07	1.65179e-08	1.27122e-09	8.22479e-11	4.49335e-12	2.082e-13	8.21824e-15	2.77565e-16	8.05569e-18	2.01751e-19	4.37804e-21	8.26488e-23	1.36276e-24	1.97079e-26	2.5119e-28	2.84104e-30	2.88609e-32	2.69922e-34	2.45382e-36	2.8973e-38	
ADCAHA_Sphallomorpha_sp	0	0	0	0	0	0	1	0	0	0	0	0	0	0	0	0	0	0	0	0	0	0	0	0	0	0	0	0	0	0	0	0	0	
N54	0.261628	0.246731	0.20238	0.141941	0.0835736	0.0406726	0.0161713	0.00521075	0.00135385	0.000282873	4.74931e-05	6.41213e-06	6.97491e-07	6.13012e-08	4.36837e-09	2.53419e-10	1.20206e-11	4.68368e-13	1.50619e-14	4.01695e-16	8.92745e-18	1.6613e-19	2.6008e-21	3.4412e-23	3.86562e-25	3.70294e-27	3.03784e-29	2.14342e-31	1.30621e-33	6.90568e-36	3.18617e-38	1.31483e-40	7.3748e-43	
N55	0.227192	0.226012	0.202404	0.156913	0.101617	0.0535136	0.0224952	0.00745698	0.00193482	0.000391349	6.16135e-05	7.55366e-06	7.22492e-07	5.40792e-08	3.18025e-09	1.47618e-10	5.43621e-12	1.59707e-13	3.7646e-15	7.16223e-17	1.10638e-18	1.396e-20	1.44732e-22	1.24016e-24	8.83306e-27	5.2588e-29	2.63124e-31	1.11227e-33	3.99246e-36	1.22286e-38	3.21155e-41	7.30774e-44	2.03881e-46	
N56	0.219557	0.216814	0.194198	0.154295	0.10612	0.061827	0.030002	0.01198	0.00390521	0.00103441	0.000222168	3.86837e-05	5.46726e-06	6.28642e-07	5.89879e-08	4.5334e-09	2.86506e-10	1.49537e-11	6.47446e-13	2.33596e-14	7.05534e-16	1.79202e-17	3.84499e-19	7.00016e-21	1.0861e-22	1.44222e-24	1.64583e-26	1.62064e-28	1.3824e-30	1.02539e-32	6.64364e-35	3.83958e-37	3.10186e-39	
N57	0.192335	0.194736	0.18316	0.156476	0.11854	0.0779884	0.0438527	0.0208403	0.00831085	0.00276996	0.000770307	0.00017875	3.46568e-05	5.6266e-06	7.67091e-07	8.8105e-08	8.55538e-09	7.04966e-10	4.94803e-11	2.96955e-12	1.52966e-13	6.78868e-15	2.60536e-16	8.67798e-18	2.51753e-19	6.38306e-21	1.41918e-22	2.77598e-24	4.79284e-26	7.33468e-28	1.0065e-29	1.32508e-31	2.69628e-33	
N58	0.0972073	0.1088	0.122696	0.133687	0.135726	0.12516	0.103162	0.0752804	0.0483737	0.0272926	0.0135021	0.00585491	0.00222601	0.000742597	0.000217613	5.60951e-05	1.27402e-05	2.55394e-06	4.52754e-07	7.11231e-08	9.92132e-09	1.23162e-09	1.36361e-10	1.34948e-11	1.19641e-12	9.52361e-14	6.82204e-15	4.40838e-16	2.57794e-17	1.37283e-18	6.79116e-20	3.4131e-21	2.9558e-22	
N59	0.0119007	0.0222695	0.0467244	0.088298	0.139682	0.179563	0.184803	0.151029	0.0975821	0.0497572	0.020026	0.00637303	0.00160855	0.000323327	5.20132e-05	6.73406e-06	7.05931e-07	6.03022e-08	4.22498e-09	2.44396e-10	1.17485e-11	4.72357e-13	1.59836e-14	4.57947e-16	1.1174e-17	2.33489e-19	4.20041e-21	6.53849e-23	8.85002e-25	1.047e-26	1.09253e-28	1.05002e-30	1.47652e-32	
N60	0.00129177	0.0037184	0.0114364	0.0305916	0.0680345	0.122559	0.175611	0.197693	0.173448	0.118009	0.0620896	0.0252364	0.00792735	0.001928	0.000364182	5.36613e-05	6.20192e-06	5.65876e-07	4.10558e-08	2.38689e-09	1.12089e-10	4.28619e-12	1.34531e-13	3.49308e-15	7.55964e-17	1.37351e-18	2.10954e-20	2.75676e-22	3.08416e-24	2.97128e-26	2.48035e-28	1.83696e-30	1.9333e-32	
ADCAHA_Loxandrus_sp	0	0	0	1	0	0	0	0	0	0	0	0	0	0	0	0	0	0	0	0	0	0	0	0	0	0	0	0	0	0	0	0	0	
N61	7.2142e-07	4.49122e-06	3.49038e-05	0.000233735	0.00128075	0.00563562	0.0196168	0.0532859	0.111556	0.177974	0.214186	0.192748	0.128814	0.0636515	0.023227	0.00627368	0.00126155	0.000190508	2.18381e-05	1.92316e-06	1.31746e-07	7.10874e-09	3.05796e-10	1.06086e-11	3.00035e-13	6.98829e-15	1.35311e-16	2.19707e-18	3.01581e-20	3.52601e-22	3.53987e-24	3.14395e-26	4.02749e-28	
ADCAHA_Microlestes_sp	0	0	0	0	0	0	0	0	0	0	0	0	0	1	0	0	0	0	0	0	0	0	0	0	0	0	0	0	0	0	0	0	0	
ADCAHA_Chlaenius_sp	0	0	0	0	0	0	0	0	0	0	0	0	0	0	1	0	0	0	0	0	0	0	0	0	0	0	0	0	0	0	0	0	0	
N62	0.0216669	0.03753	0.0746584	0.133011	0.189741	0.206792	0.168704	0.102161	0.0458376	0.015274	0.00379944	0.000710584	0.00010076	1.09326e-05	9.16447e-07	5.99338e-08	3.08769e-09	1.2651e-10	4.1606e-12	1.10812e-13	2.41048e-15	4.31751e-17	6.41676e-19	7.97116e-21	8.33391e-23	7.3813e-25	5.5725e-27	3.60687e-29	2.01261e-31	9.7319e-34	4.09974e-36	1.53093e-38	7.60963e-41	
N63	0.020013	0.122241	0.321778	0.356922	0.158139	0.019766	0.00110671	3.41249e-05	6.49953e-07	8.23006e-09	7.29473e-11	4.70284e-13	2.27207e-15	8.42616e-18	2.44691e-20	5.6582e-23	1.057e-25	1.61538e-28	2.04217e-31	2.15685e-34	1.92006e-37	1.4523e-40	9.40193e-44	5.24433e-47	2.5359e-50	1.06903e-53	3.94938e-57	1.28482e-60	3.6973e-64	9.4513e-68	2.15643e-71	4.46816e-75	1.07547e-78	
ADCAHA_Oodes_sp	0	0	0	0	1	0	0	0	0	0	0	0	0	0	0	0	0	0	0	0	0	0	0	0	0	0	0	0	0	0	0	0	0	
ADCAHA_Agonum_muelleri	0	1	0	0	0	0	0	0	0	0	0	0	0	0	0	0	0	0	0	0	0	0	0	0	0	0	0	0	0	0	0	0	0	
N64	0.0155027	0.0283052	0.0614064	0.12015	0.186156	0.216325	0.184382	0.114332	0.0515396	0.0169564	0.00410033	0.00073556	9.89356e-05	1.00922e-05	7.89979e-07	4.80101e-08	2.29148e-09	8.68494e-11	2.6416e-12	6.51274e-14	1.31388e-15	2.18827e-17	3.03398e-19	3.52925e-21	3.46963e-23	2.90258e-25	2.07953e-27	1.28362e-29	6.86488e-32	3.19782e-34	1.30442e-36	4.73727e-39	2.2919e-41	
N65	3.39144e-06	0.000136078	0.0042656	0.0697699	0.427124	0.425994	0.0685843	0.00400641	0.000114364	1.86313e-06	1.90616e-08	1.30714e-10	6.30004e-13	2.21303e-15	5.83135e-18	1.18009e-20	1.87059e-23	2.36174e-26	2.40973e-29	2.01231e-32	1.39083e-35	8.03617e-39	3.91664e-42	1.62326e-45	5.76331e-49	1.76475e-52	4.68921e-56	1.08738e-59	2.21205e-63	3.96695e-67	6.30237e-71	8.99063e-75	1.4455e-78	
ADCAHA_Percus_politus	0	0	0	0	1	0	0	0	0	0	0	0	0	0	0	0	0	0	0	0	0	0	0	0	0	0	0	0	0	0	0	0	0	
ADCAHA_Notagonum_sp	0	0	0	0	0	1	0	0	0	0	0	0	0	0	0	0	0	0	0	0	0	0	0	0	0	0	0	0	0	0	0	0	0	
ADCAHA_Agonum_marginatum	0	0	0	0	0	0	0	1	0	0	0	0	0	0	0	0	0	0	0	0	0	0	0	0	0	0	0	0	0	0	0	0	0	
ADCAHA_Pterostichus_oblongopunctatus	0	0	0	0	0	0	0	0	0	1	0	0	0	0	0	0	0	0	0	0	0	0	0	0	0	0	0	0	0	0	0	0	0	
N66	0.0940771	0.106682	0.122568	0.135766	0.139191	0.128514	0.105102	0.0754137	0.0472223	0.0257306	0.0121829	0.00501012	0.00178985	0.000555832	0.000150199	3.53641e-05	7.26618e-06	1.30516e-06	2.0534e-07	2.83549e-08	3.44406e-09	3.68786e-10	3.48931e-11	2.92405e-12	2.17539e-13	1.44021e-14	8.50556e-16	4.49218e-17	2.12822e-18	9.09415e-20	3.56505e-21	1.38905e-22	9.12621e-24	
N67	0.087397	0.101994	0.121595	0.138699	0.144561	0.133932	0.108558	0.076273	0.0462039	0.0240583	0.0107516	0.00412189	0.00135598	0.000383101	9.30743e-05	1.94764e-05	3.51701e-06	5.49214e-07	7.43371e-08	8.74211e-09	8.95504e-10	8.01098e-11	6.27505e-12	4.31542e-13	2.61257e-14	1.3961e-15	6.60279e-17	2.7712e-18	1.03509e-19	3.45481e-21	1.04253e-22	3.04207e-24	1.48584e-25	
ADCAHA_Poecilus_cupreus	0	0	0	0	0	0	0	0	0	0	1	0	0	0	0	0	0	0	0	0	0	0	0	0	0	0	0	0	0	0	0	0	0	
N68	0.155028	0.164869	0.168559	0.15934	0.13449	0.0988397	0.0622538	0.0333024	0.0150629	0.0057515	0.00185446	0.000505674	0.000116881	2.29658e-05	3.84835e-06	5.51854e-07	6.79661e-08	7.21563e-09	6.62794e-10	5.28698e-11	3.67578e-12	2.23546e-13	1.19341e-14	5.61188e-16	2.33229e-17	8.59447e-19	2.81701e-20	8.23787e-22	2.15567e-23	5.06309e-25	1.07339e-26	2.14921e-28	7.19313e-30	
ADCAHA_Poecilus_versicolor	0	0	0	0	1	0	0	0	0	0	0	0	0	0	0	0	0	0	0	0	0	0	0	0	0	0	0	0	0	0	0	0	0	
ADCAHA_Poecilus_lucublandus	0	1	0	0	0	0	0	0	0	0	0	0	0	0	0	0	0	0	0	0	0	0	0	0	0	0	0	0	0	0	0	0	0	
ADCAHA_Poecilus_chalcites	0	0	0	0	0	0	0	0	0	0	1	0	0	0	0	0	0	0	0	0	0	0	0	0	0	0	0	0	0	0	0	0	0	
N69	0.241443	0.231473	0.19694	0.146896	0.0946025	0.0518282	0.0238525	0.0091322	0.00288853	0.000751449	0.000160401	2.80732e-05	4.03124e-06	4.75757e-07	4.62623e-08	3.71816e-09	2.47886e-10	1.37628e-11	6.38998e-13	2.49171e-14	8.19598e-16	2.28414e-17	5.41708e-19	1.09802e-20	1.91034e-22	2.86467e-24	3.71763e-26	4.19182e-28	4.12237e-30	3.54916e-32	2.68704e-34	1.83095e-36	1.7858e-38	
N70	0.187905	0.191784	0.182226	0.15694	0.119708	0.07955	0.0455639	0.0223407	0.0093374	0.0033184	0.00100158	0.000256682	5.58865e-05	1.03497e-05	1.63303e-06	2.19992e-07	2.53633e-08	2.50918e-09	2.13603e-10	1.5693e-11	9.98012e-13	5.51098e-14	2.65047e-15	1.11367e-16	4.10072e-18	1.32722e-19	3.78706e-21	9.55442e-23	2.13753e-24	4.2543e-26	7.58723e-28	1.27511e-29	3.43933e-31	
N71	0.110709	0.124431	0.13937	0.14752	0.142071	0.121712	0.0915908	0.0601238	0.0343012	0.016977	0.00728519	0.00271108	0.000875593	0.000245722	6.00111e-05	1.27774e-05	2.37655e-06	3.8697e-07	5.5288e-08	6.94769e-09	7.69791e-10	7.539e-11	6.54278e-12	5.04454e-13	3.46413e-14	2.1241e-15	1.16588e-16	5.74299e-18	2.54607e-19	1.02089e-20	3.765e-22	1.39336e-23	8.74031e-25	
ADCAHA_Platyderus_lusitanicus	0	0	0	0	0	1	0	0	0	0	0	0	0	0	0	0	0	0	0	0	0	0	0	0	0	0	0	0	0	0	0	0	0	
ADCAHA_Platyderus_varians	0	0	0	0	0	0	0	0	0	0	1	0	0	0	0	0	0	0	0	0	0	0	0	0	0	0	0	0	0	0	0	0	0	
N72	0.187775	0.194082	0.186697	0.160798	0.120547	0.0773923	0.0422034	0.0194794	0.00760334	0.00251168	0.00070347	0.000167479	3.39981e-05	5.90521e-06	8.80885e-07	1.13289e-07	1.26114e-08	1.22e-09	1.02966e-10	7.61103e-12	4.946e-13	2.83611e-14	1.44011e-15	6.49782e-17	2.61382e-18	9.40386e-20	3.03519e-21	8.81445e-23	2.3098e-24	5.47868e-26	1.18429e-27	2.45394e-29	8.5522e-31	
ADCAHA_Amara_sp	0	0	0	0	0	1	0	0	0	0	0	0	0	0	0	0	0	0	0	0	0	0	0	0	0	0	0	0	0	0	0	0	0	
ADCAHA_Zabrus_sp	0	1	0	0	0	0	0	0	0	0	0	0	0	0	0	0	0	0	0	0	0	0	0	0	0	0	0	0	0	0	0	0	0	
N73	0.248968	0.23708	0.198973	0.145274	0.0907615	0.0477465	0.0208637	0.00749439	0.00219706	0.000523329	0.000101062	1.5817e-05	2.00838e-06	2.07343e-07	1.74564e-08	1.20287e-09	6.8116e-11	3.18392e-12	1.23413e-13	3.98571e-15	1.07767e-16	2.45123e-18	4.71278e-20	7.69493e-22	1.07193e-23	1.27973e-25	1.31508e-27	1.16819e-29	9.00704e-32	6.05177e-34	3.55856e-36	1.86362e-38	1.34232e-40	
N74	0.215754	0.217105	0.198481	0.158629	0.107432	0.0603748	0.0277798	0.0103772	0.00313086	0.000760807	0.000148771	2.34239e-05	2.97507e-06	3.05677e-07	2.54994e-08	1.73432e-09	9.66221e-11	4.43122e-12	1.68152e-13	5.3074e-15	1.40071e-16	3.10723e-18	5.82355e-20	9.26799e-22	1.25863e-23	1.46552e-25	1.46985e-27	1.27548e-29	9.61848e-32	6.33445e-34	3.67811e-36	1.96701e-38	1.45384e-40	
ADCAHA_Pterostichus_melanarius	0	0	0	1	0	0	0	0	0	0	0	0	0	0	0	0	0	0	0	0	0	0	0	0	0	0	0	0	0	0	0	0	0	
N75	0.203768	0.20945	0.197615	0.163117	0.113684	0.0654336	0.0306886	0.0116319	0.00354539	0.000866704	0.000169787	2.66705e-05	3.36544e-06	3.42093e-07	2.81114e-08	1.87525e-09	1.02015e-10	4.54803e-12	1.67013e-13	5.07812e-15	1.28516e-16	2.72134e-18	4.84638e-20	7.29561e-22	9.32956e-24	1.01836e-25	9.53243e-28	7.68636e-30	5.36214e-32	3.25016e-34	1.72064e-36	8.15661e-39	5.33614e-41	
N76	0.18808	0.204352	0.207257	0.178765	0.122547	0.0642539	0.0253181	0.00746193	0.00164974	0.00027561	3.51325e-05	3.45455e-06	2.6501e-07	1.60404e-08	7.74474e-10	3.01423e-11	9.55041e-13	2.48647e-14	5.36594e-16	9.67709e-18	1.46954e-19	1.89251e-21	2.08061e-23	1.96484e-25	1.60309e-27	1.13615e-29	7.0301e-32	3.81596e-34	1.82518e-36	7.72581e-39	2.91036e-41	1.00434e-43	4.82974e-46	
N77	0.179043	0.204616	0.218178	0.190173	0.124568	0.0586474	0.0194428	0.00450852	0.000732365	8.38793e-05	6.83839e-06	4.01372e-07	1.717e-08	5.42166e-10	1.27979e-11	2.28656e-13	3.12957e-15	3.31921e-17	2.7579e-19	1.8139e-21	9.53615e-24	4.04439e-26	1.39574e-28	3.95145e-31	9.24747e-34	2.09844e-36	2.20088e-38	8.61171e-40	3.08845e-41	9.1816e-43	2.28876e-44	4.89989e-46	1.17218e-47	
N78	0.17324	0.200067	0.2169	0.192646	0.128638	0.0617516	0.0208843	0.00494536	0.000821596	9.64369e-05	8.07827e-06	4.88682e-07	2.16232e-08	7.09111e-10	1.74626e-11	3.27104e-13	4.71873e-15	5.30483e-17	4.70012e-19	3.31705e-21	1.88341e-23	8.68498e-26	3.28138e-28	1.02423e-30	2.66169e-33	9.82521e-33	9.13977e-34	5.65792e-35	2.77705e-36	1.15199e-37	4.19553e-39	1.39168e-40	5.79786e-42	
ADCAHA_Pterostichus_aterrimus	0	0	0	0	0	1	0	0	0	0	0	0	0	0	0	0	0	0	0	0	0	0	0	0	0	0	0	0	0	0	0	0	0	
N79	0.00326209	0.0524248	0.205116	0.338716	0.27415	0.10818	0.0176139	0.000530766	7.02196e-06	5.1979e-08	2.42535e-10	7.67048e-13	1.7281e-15	2.87708e-18	3.64212e-21	3.58719e-24	2.80165e-27	1.76328e-30	9.06762e-34	3.85625e-37	1.37074e-40	4.1112e-44	1.04926e-47	2.29622e-51	4.33878e-55	7.1234e-59	1.02207e-62	1.28839e-66	1.43389e-70	1.41531e-74	1.24443e-78	9.84455e-83	8.57312e-87	
ADCAHA_Pterostichus_nigrita	0	1	0	0	0	0	0	0	0	0	0	0	0	0	0	0	0	0	0	0	0	0	0	0	0	0	0	0	0	0	0	0	0	
ADCAHA_Pterostichus_anthracinus	0	0	0	0	0	0	1	0	0	0	0	0	0	0	0	0	0	0	0	0	0	0	0	0	0	0	0	0	0	0	0	0	0	
ADCAHA_Pterostichus_alacer	0	1	0	0	0	0	0	0	0	0	0	0	0	0	0	0	0	0	0	0	0	0	0	0	0	0	0	0	0	0	0	0	0	
ADCAHA_Pterostichus_nemoralis	0	0	0	0	1	0	0	0	0	0	0	0	0	0	0	0	0	0	0	0	0	0	0	0	0	0	0	0	0	0	0	0	0	
N80	0.0911859	0.115055	0.148212	0.172628	0.170187	0.137571	0.0897925	0.0469751	0.0196369	0.00655634	0.00175073	0.000374893	6.46141e-05	9.00353e-06	1.0194e-06	9.42909e-08	7.1657e-09	4.50023e-10	2.34934e-11	1.02547e-12	3.76415e-14	1.16847e-15	3.08427e-17	6.95926e-19	1.34917e-20	2.25831e-22	3.27913e-24	4.14897e-26	4.59404e-28	4.47011e-30	3.84019e-32	2.98095e-34	3.3715e-36	
N81	0.00015798	0.000787077	0.00497741	0.024526	0.0829916	0.184552	0.263751	0.239095	0.136673	0.0493191	0.0113217	0.00167529	0.000162538	1.05421e-05	4.66515e-07	1.43763e-08	3.14696e-10	4.98647e-12	5.82161e-14	5.09096e-16	3.38602e-18	1.73713e-20	6.96417e-23	2.20802e-25	5.59797e-28	1.14653e-30	1.91498e-33	2.63124e-36	2.99844e-39	2.85531e-42	2.28958e-45	1.57432e-48	1.23436e-51	
N82	0.000176238	0.000824854	0.00506267	0.0246634	0.0829585	0.183819	0.262412	0.238472	0.137388	0.0503459	0.0118547	0.00182181	0.000186291	1.29492e-05	6.25526e-07	2.14622e-08	5.34098e-10	9.832e-12	1.36362e-13	1.44916e-15	1.19852e-17	7.82448e-20	4.08498e-22	1.7259e-24	5.96567e-27	1.70395e-29	4.0587e-32	8.13034e-35	1.38036e-37	2.00057e-40	2.49222e-43	2.71018e-46	3.5918e-49	
ADCAHA_Pterostichus_flavofemoratus	0	0	0	0	0	0	1	0	0	0	0	0	0	0	0	0	0	0	0	0	0	0	0	0	0	0	0	0	0	0	0	0	0	
ADCAHA_Pterostichus_globosus	0	0	0	0	0	0	0	1	0	0	0	0	0	0	0	0	0	0	0	0	0	0	0	0	0	0	0	0	0	0	0	0	0	
N83	0.000122022	0.000575074	0.00372825	0.0193687	0.0696706	0.165615	0.254499	0.249768	0.155834	0.0619812	0.0158661	0.00265368	0.000295536	2.2383e-05	1.17834e-06	4.40623e-08	1.19495e-09	2.39685e-11	3.62129e-13	4.19117e-15	3.77382e-17	2.68139e-19	1.52303e-21	6.99822e-24	2.6298e-26	8.16295e-29	2.11222e-31	4.59469e-34	8.46783e-37	1.33169e-39	1.79958e-42	2.12518e-45	3.09384e-48	
ADCAHA_Pterostichus_ziegleri	0	0	0	0	0	0	0	0	1	0	0	0	0	0	0	0	0	0	0	0	0	0	0	0	0	0	0	0	0	0	0	0	0	
ADCAHA_Pterostichus_spinolae	0	0	0	0	0	0	0	0	1	0	0	0	0	0	0	0	0	0	0	0	0	0	0	0	0	0	0	0	0	0	0	0	0	
N84	0.0831844	0.102036	0.130482	0.157248	0.165973	0.146871	0.106434	0.0624478	0.0295339	0.0112546	0.00346307	0.000863585	0.000175344	2.91431e-05	3.98772e-06	4.51905e-07	4.26707e-08	3.3775e-09	2.25441e-10	1.27637e-11	6.16423e-13	2.55338e-14	9.11936e-16	2.82237e-17	7.60594e-19	1.79298e-20	3.71348e-22	6.78547e-24	1.09824e-25	1.58055e-27	2.03321e-29	2.41579e-31	4.46624e-33	
ADCAHA_Pterostichus_interruptus	0	0	0	0	0	0	1	0	0	0	0	0	0	0	0	0	0	0	0	0	0	0	0	0	0	0	0	0	0	0	0	0	0	
ADCAHA_Pterostichus_niger	0	0	0	0	1	0	0	0	0	0	0	0	0	0	0	0	0	0	0	0	0	0	0	0	0	0	0	0	0	0	0	0	0	
N85	0.222088	0.217195	0.191724	0.150603	0.103723	0.0618664	0.031671	0.0138309	0.00513301	0.00161564	0.000430985	9.74712e-05	1.87104e-05	3.05386e-06	4.24771e-07	5.04817e-08	5.14095e-09	4.50011e-10	3.3968e-11	2.2183e-12	1.25754e-13	6.20917e-15	2.67917e-16	1.01357e-17	3.37293e-19	9.90456e-21	2.5745e-22	5.94171e-24	1.22146e-25	2.24625e-27	3.73632e-29	5.94304e-31	1.47216e-32	
N86	0.239775	0.22831	0.192843	0.144115	0.0947996	0.0545664	0.027332	0.0118605	0.00444458	0.0014355	0.000399263	9.56405e-05	1.97483e-05	3.52018e-06	5.42739e-07	7.25455e-08	8.4283e-09	8.53452e-10	7.55415e-11	5.86207e-12	4.00024e-13	2.40772e-14	1.2821e-15	6.05797e-17	2.5474e-18	9.56053e-20	3.21146e-21	9.6816e-23	2.62659e-24	6.43211e-26	1.4321e-27	3.06027e-29	1.09846e-30	
ADCAHA_Pterostichus_herculeanus	0	0	0	1	0	0	0	0	0	0	0	0	0	0	0	0	0	0	0	0	0	0	0	0	0	0	0	0	0	0	0	0	0	
ADCAHA_Pterostichus_angustus	0	1	0	0	0	0	0	0	0	0	0	0	0	0	0	0	0	0	0	0	0	0	0	0	0	0	0	0	0	0	0	0	0	
ADCAHA_Stomis_sp	0	0	0	0	0	0	0	1	0	0	0	0	0	0	0	0	0	0	0	0	0	0	0	0	0	0	0	0	0	0	0	0	0	
N87	0.190182	0.197947	0.192344	0.166138	0.122208	0.074261	0.0365657	0.0144255	0.00453272	0.00113177	0.000224602	3.54959e-05	4.48186e-06	4.54011e-07	3.70762e-08	2.45377e-09	1.3234e-10	5.84984e-12	2.13154e-13	6.43916e-15	1.62185e-16	3.42486e-18	6.09633e-20	9.19512e-22	1.18114e-23	1.2984e-25	1.22719e-27	1.00177e-29	7.0943e-32	4.38082e-34	2.3832e-36	1.19521e-38	8.19602e-41	
N88	0.05812	0.070136	0.0891009	0.111033	0.129017	0.135678	0.127066	0.105088	0.0764203	0.0487624	0.027278	0.0133768	0.00575273	0.00217127	0.000719986	0.000210016	5.39666e-05	1.22359e-05	2.45204e-06	4.351e-07	6.84926e-08	9.58384e-09	1.19438e-09	1.32843e-10	1.32135e-11	1.17781e-12	9.42787e-14	6.7918e-15	4.41525e-16	2.6041e-17	1.42119e-18	7.92141e-20	7.73898e-21	
N89	0.000103062	0.000314203	0.00115139	0.00389595	0.0114234	0.0283713	0.0590398	0.102261	0.146718	0.173709	0.169227	0.135377	0.08883	0.0478014	0.0211116	0.00766536	0.00229389	0.000567624	0.000116596	1.99683e-05	2.86474e-06	3.45997e-07	3.53601e-08	3.07353e-09	2.28378e-10	1.45795e-11	8.03577e-13	3.84216e-14	1.60125e-15	5.85032e-17	1.89899e-18	5.8813e-20	3.02417e-21	
N90	2.56118e-06	1.03111e-05	5.79679e-05	0.000308763	0.0014138	0.00538732	0.0168149	0.0425587	0.086702	0.141332	0.183466	0.188967	0.154053	0.099287	0.0505975	0.0204189	0.00654359	0.00167184	0.000342228	5.64502e-05	7.5506e-06	8.24437e-07	7.3989e-08	5.49541e-09	3.40106e-10	1.76562e-11	7.73819e-13	2.8809e-14	9.16512e-16	2.50638e-17	5.94496e-19	1.28678e-20	4.4765e-22	
ADCAHA_Stenolophus_mixtus	0	0	0	0	0	0	0	0	0	0	0	1	0	0	0	0	0	0	0	0	0	0	0	0	0	0	0	0	0	0	0	0	0	
ADCAHA_Stenolophus_lecontei	0	0	0	0	0	0	0	0	0	0	0	0	0	0	0	1	0	0	0	0	0	0	0	0	0	0	0	0	0	0	0	0	0	
ADCAHA_Stenolophus_teutonus	0	0	0	0	0	0	0	0	1	0	0	0	0	0	0	0	0	0	0	0	0	0	0	0	0	0	0	0	0	0	0	0	0	
N91	0.00900854	0.0152657	0.0293548	0.0536379	0.0876156	0.124722	0.152569	0.158978	0.140317	0.104538	0.0656165	0.0346772	0.0154358	0.00579412	0.00183755	0.000493568	0.000112609	2.18941e-05	3.64024e-06	5.19491e-07	6.38727e-08	6.79212e-09	6.2707e-10	5.04542e-11	3.55121e-12	2.19454e-13	1.19495e-14	5.75314e-16	2.45779e-17	9.35827e-19	3.21374e-20	1.06958e-21	6.09119e-23	
N92	0.000659343	0.00154056	0.00460943	0.0131201	0.0323273	0.0668402	0.114277	0.160027	0.182278	0.168057	0.125032	0.0749621	0.0362271	0.0141367	0.00446777	0.00114818	0.000241102	4.15919e-05	5.92836e-06	7.02369e-07	6.9585e-08	5.79939e-09	4.08992e-10	2.45467e-11	1.26069e-12	5.57009e-14	2.12791e-15	7.0629e-17	2.04625e-18	5.19833e-20	1.16608e-21	2.41882e-23	8.22727e-25	
ADCAHA_Craspedophorus_sp	0	0	0	0	0	0	0	0	0	0	1	0	0	0	0	0	0	0	0	0	0	0	0	0	0	0	0	0	0	0	0	0	0	
ADCAHA_Egadroma_marginatum	0	0	0	0	0	0	0	0	0	0	1	0	0	0	0	0	0	0	0	0	0	0	0	0	0	0	0	0	0	0	0	0	0	
ADCAHA_Amphasia_sericea	0	0	0	0	0	1	0	0	0	0	0	0	0	0	0	0	0	0	0	0	0	0	0	0	0	0	0	0	0	0	0	0	0	
N93	0.154332	0.169725	0.179755	0.171452	0.140315	0.0955728	0.0531737	0.0238898	0.0086098	0.00248095	0.000571152	0.000105165	1.55263e-05	1.84454e-06	1.77097e-07	1.38086e-08	8.78964e-10	4.5924e-11	1.98044e-12	7.08853e-14	2.11748e-15	5.30778e-17	1.12238e-18	2.01254e-20	3.07536e-22	4.02428e-24	4.53047e-26	4.40757e-28	3.7216e-30	2.73911e-32	1.76811e-34	1.03136e-36	8.3932e-39	
N94	0.178804	0.181364	0.172263	0.15114	0.120607	0.0862911	0.0547136	0.0304727	0.014813	0.00625743	0.0022907	0.00072558	0.000198741	4.70792e-05	9.65191e-06	1.71449e-06	2.64264e-07	3.54066e-08	4.13166e-09	4.20804e-10	3.74906e-11	2.92861e-12	2.01062e-13	1.21613e-14	6.49636e-16	3.07228e-17	1.28948e-18	4.81514e-20	1.60416e-21	4.78868e-23	1.29784e-24	3.423e-26	1.50353e-27	
ADCAHA_Amblystomus_sp	0	0	0	0	1	0	0	0	0	0	0	0	0	0	0	0	0	0	0	0	0	0	0	0	0	0	0	0	0	0	0	0	0	
N95	0.172429	0.176433	0.169966	0.151549	0.122914	0.0893708	0.0576182	0.0326778	0.0162135	0.00701155	0.00263659	0.00086097	0.000244022	6.00369e-05	1.28302e-05	2.38413e-06	3.85746e-07	5.44326e-08	6.71124e-09	7.24442e-10	6.86098e-11	5.71367e-12	4.19358e-13	2.71898e-14	1.561e-15	7.95435e-17	3.60617e-18	1.45814e-19	5.27377e-21	1.71485e-22	5.09609e-24	1.49853e-25	7.22372e-27	
ADCAHA_Platymetopus_sp	0	0	0	0	0	0	0	0	1	0	0	0	0	0	0	0	0	0	0	0	0	0	0	0	0	0	0	0	0	0	0	0	0	
N96	0.220917	0.216974	0.192733	0.152085	0.104635	0.0618267	0.0310534	0.0131802	0.00471577	0.00142239	0.000362317	7.81669e-05	1.43352e-05	2.24387e-06	3.0108e-07	3.47833e-08	3.47518e-09	3.01572e-10	2.28273e-11	1.51339e-12	8.8228e-14	4.54019e-15	2.06987e-16	8.38944e-18	3.03321e-19	9.81386e-21	2.85022e-22	7.45237e-24	1.7593e-25	3.76237e-27	7.34595e-29	1.37839e-30	4.26388e-32	
ADCAHA_Anisodactylus_virens	0	0	0	1	0	0	0	0	0	0	0	0	0	0	0	0	0	0	0	0	0	0	0	0	0	0	0	0	0	0	0	0	0	
ADCAHA_Anisodactylus_hispanus	0	0	1	0	0	0	0	0	0	0	0	0	0	0	0	0	0	0	0	0	0	0	0	0	0	0	0	0	0	0	0	0	0	
N97	0.116263	0.136559	0.160315	0.171862	0.158492	0.1214	0.0756649	0.0379157	0.015174	0.00483534	0.00122635	0.000247916	4.00622e-05	5.19491e-06	5.43021e-07	4.59874e-08	3.17222e-09	1.79216e-10	8.33861e-12	3.21308e-13	1.03094e-14	2.7692e-16	6.25963e-18	1.19677e-19	1.94473e-21	2.69868e-23	3.21275e-25	3.29621e-27	2.92888e-29	2.26978e-31	1.5594e-33	1.00405e-35	8.63569e-38	
N98	0.0180809	0.0249567	0.038454	0.0588894	0.0843946	0.110056	0.128854	0.134518	0.124758	0.102592	0.0747311	0.0482062	0.0275418	0.0139441	0.00626095	0.00249558	0.000884077	0.000278719	7.83099e-05	1.9638e-05	4.40249e-06	8.83761e-07	1.59128e-07	2.57451e-08	3.74955e-09	4.92574e-10	5.85084e-11	6.30549e-12	6.20452e-13	5.654e-14	4.95029e-15	4.62351e-16	6.82356e-17	
ADCAHA_Notiobia_sp	0	0	0	0	0	0	0	0	0	1	0	0	0	0	0	0	0	0	0	0	0	0	0	0	0	0	0	0	0	0	0	0	0	
ADCAHA_Parophonus_hespericus	0	0	0	0	0	0	0	0	0	0	0	0	0	0	0	0	0	0	1	0	0	0	0	0	0	0	0	0	0	0	0	0	0	
N99	0.129712	0.147345	0.166333	0.172681	0.15456	0.114133	0.0676673	0.0317044	0.011638	0.00333341	0.000744234	0.000129662	1.76739e-05	1.8919e-06	1.5977e-07	1.06998e-08	5.71444e-10	2.44825e-11	8.46549e-13	2.37701e-14	5.45332e-16	1.02845e-17	1.60398e-19	2.0809e-21	2.25846e-23	2.06197e-25	1.59213e-27	1.04506e-29	5.86032e-32	2.82123e-34	1.17301e-36	4.31781e-39	2.09426e-41	
N100	0.0590969	0.0801949	0.112903	0.144997	0.161715	0.153711	0.123341	0.0830529	0.0467411	0.0219303	0.00856732	0.00278622	0.000754824	0.000170582	3.22195e-05	5.09843e-06	6.77752e-07	7.59142e-08	7.18757e-09	5.77164e-10	3.94432e-11	2.30212e-12	1.15161e-13	4.95508e-15	1.84037e-16	5.92101e-18	1.65591e-19	4.03955e-21	8.62672e-23	1.62033e-24	2.70752e-26	4.26018e-28	1.0256e-29	
N101	6.41407e-05	0.000185346	0.000678601	0.00232889	0.00697435	0.0178938	0.0390735	0.0723461	0.113248	0.149503	0.166092	0.155023	0.12141	0.0797268	0.0438888	0.0202598	0.00784892	0.00255544	0.000700497	0.000162047	3.17227e-05	5.27186e-06	7.46333e-07	9.0345e-08	9.38841e-09	8.40938e-10	6.51963e-11	4.39331e-12	2.5845e-13	1.33486e-14	6.14186e-16	2.73258e-17	2.10289e-18	
ADCAHA_Ophonus_stictus	0	0	0	0	0	0	0	0	0	0	1	0	0	0	0	0	0	0	0	0	0	0	0	0	0	0	0	0	0	0	0	0	0	
ADCAHA_Graphipterus_sp	0	0	0	0	0	0	0	0	0	0	0	0	0	0	0	0	0	0	1	0	0	0	0	0	0	0	0	0	0	0	0	0	0	
N102	0.0962887	0.116718	0.14293	0.160813	0.158081	0.132551	0.0936436	0.0553535	0.0272661	0.0111679	0.00380053	0.00107487	0.000252921	4.96028e-05	8.12682e-06	1.11537e-06	1.28627e-07	1.25056e-08	1.02863e-09	7.18427e-11	4.27654e-12	2.17786e-13	9.52446e-15	3.59058e-16	1.17119e-17	3.31765e-19	8.19122e-21	1.769e-22	3.35365e-24	5.60418e-26	8.32775e-28	1.15421e-29	2.45131e-31	
N103	0.190322	0.196347	0.188402	0.16166	0.120226	0.0759314	0.0402326	0.0177622	0.00651155	0.00197981	0.000499436	0.000104691	1.82778e-05	2.66569e-06	3.25871e-07	3.35163e-08	2.91178e-09	2.14557e-10	1.34657e-11	7.22858e-13	3.33308e-14	1.32563e-15	4.56626e-17	1.36777e-18	3.57665e-20	8.19613e-22	1.652e-23	2.93922e-25	4.63206e-27	6.48818e-29	8.11732e-31	9.36934e-33	1.6721e-34	
N104	0.215175	0.216662	0.198431	0.158959	0.107807	0.0605748	0.0278487	0.0104133	0.00316171	0.000780394	0.000157069	2.58885e-05	3.51189e-06	3.94255e-07	3.68381e-08	2.88152e-09	1.89784e-10	1.05848e-11	5.02689e-13	2.0438e-14	7.15076e-16	2.16371e-17	5.68913e-19	1.30579e-20	2.62769e-22	4.65528e-24	7.2897e-26	1.01275e-27	1.25282e-29	1.38474e-31	1.37315e-33	1.25174e-35	1.72644e-37	
ADCAHA_Ophonus_azureus	0	0	0	0	1	0	0	0	0	0	0	0	0	0	0	0	0	0	0	0	0	0	0	0	0	0	0	0	0	0	0	0	0	
ADCAHA_Bradybaenus_sp	0	1	0	0	0	0	0	0	0	0	0	0	0	0	0	0	0	0	0	0	0	0	0	0	0	0	0	0	0	0	0	0	0	
ADCAHA_Ophonus_longicollis	0	1	0	0	0	0	0	0	0	0	0	0	0	0	0	0	0	0	0	0	0	0	0	0	0	0	0	0	0	0	0	0	0	
ADCAHA_Abacetus_sp	0	0	0	0	0	1	0	0	0	0	0	0	0	0	0	0	0	0	0	0	0	0	0	0	0	0	0	0	0	0	0	0	0	
N105	0.139008	0.155546	0.171177	0.172436	0.14973	0.107507	0.0621709	0.0285029	0.010267	0.00289285	0.000636738	0.000109584	1.47841e-05	1.56939e-06	1.31699e-07	8.78323e-09	4.68212e-10	2.00713e-11	6.96232e-13	1.96654e-14	4.55145e-16	8.6853e-18	1.37484e-19	1.81605e-21	2.01333e-23	1.88379e-25	1.49561e-27	1.01278e-29	5.87879e-32	2.93946e-34	1.27414e-36	4.91877e-39	2.52365e-41	
N106	0.181969	0.189817	0.186323	0.164877	0.126354	0.0812515	0.0428485	0.0182425	0.00620746	0.00167864	0.000359916	6.11987e-05	8.27003e-06	8.91322e-07	7.69672e-08	5.35312e-09	3.01597e-10	1.38477e-11	5.21345e-13	1.6194e-14	4.17562e-16	8.9917e-18	1.62653e-19	2.48573e-21	3.22702e-23	3.57769e-25	3.40463e-27	2.79485e-29	1.98929e-31	1.23595e-33	6.80405e-36	3.50227e-38	2.4042e-40	
ADCAHA_Harpalus_pennsylvanicus	0	0	0	0	0	1	0	0	0	0	0	0	0	0	0	0	0	0	0	0	0	0	0	0	0	0	0	0	0	0	0	0	0	
N107	0.191868	0.197372	0.189351	0.163059	0.121358	0.0756633	0.0386078	0.0158614	0.00519071	0.00134449	0.000274793	4.42929e-05	5.63795e-06	5.68266e-07	4.5525e-08	2.91176e-09	1.49425e-10	6.18504e-12	2.07631e-13	5.68442e-15	1.27626e-16	2.36295e-18	3.62733e-20	4.64142e-22	4.97617e-24	4.49267e-26	3.43239e-28	2.22957e-30	1.23707e-32	5.89246e-35	2.43094e-37	9.03216e-40	4.45763e-42	
N108	0.0795662	0.100482	0.129434	0.152897	0.158085	0.140476	0.106424	0.0684478	0.0372863	0.0171849	0.00670102	0.00221266	0.000619693	0.000147542	2.99462e-05	5.19812e-06	7.74361e-07	9.93672e-08	1.10258e-08	1.06202e-09	8.9148e-11	6.54683e-12	4.22231e-13	2.40043e-14	1.20733e-15	5.39124e-17	2.14465e-18	7.62525e-20	2.43087e-21	6.97182e-23	1.81167e-24	4.50411e-26	1.9207e-27	
ADCAHA_Acinopus_picipes	0	0	0	0	0	0	0	0	0	1	0	0	0	0	0	0	0	0	0	0	0	0	0	0	0	0	0	0	0	0	0	0	0	
ADCAHA_Nesarpalus_sp	0	0	1	0	0	0	0	0	0	0	0	0	0	0	0	0	0	0	0	0	0	0	0	0	0	0	0	0	0	0	0	0	0	
N109	0.197072	0.200986	0.190138	0.161227	0.118362	0.0730821	0.0371318	0.0152883	0.00505025	0.00133077	0.000279023	4.65487e-05	6.19028e-06	6.58341e-07	5.62301e-08	3.87623e-09	2.16833e-10	9.89906e-12	3.70987e-13	1.14812e-14	2.9514e-16	6.33868e-18	1.14382e-19	1.74382e-21	2.25807e-23	2.49634e-25	2.36787e-27	1.93641e-29	1.3721e-31	8.47852e-34	4.6348e-36	2.36676e-38	1.63428e-40	
ADCAHA_Harpalus_serripes	0	0	0	0	0	0	1	0	0	0	0	0	0	0	0	0	0	0	0	0	0	0	0	0	0	0	0	0	0	0	0	0	0	
N110	0.240934	0.232033	0.198605	0.148518	0.0950379	0.0510215	0.0226077	0.00816883	0.00238768	0.000562	0.000106337	1.61819e-05	1.98469e-06	1.96853e-07	1.58573e-08	1.04251e-09	5.62336e-11	2.50257e-12	9.24086e-14	2.84737e-15	7.36264e-17	1.60652e-18	2.97407e-20	4.69574e-22	6.35543e-24	7.40952e-26	7.47608e-28	6.5576e-30	5.02193e-32	3.37172e-34	1.99403e-36	1.06069e-38	7.86376e-41	
N111	0.242398	0.233782	0.20002	0.148709	0.0939473	0.049472	0.0214014	0.00753034	0.00214228	0.000491374	9.08425e-05	1.35585e-05	1.63875e-06	1.61055e-07	1.29333e-08	8.53168e-10	4.64951e-11	2.10545e-12	7.96863e-14	2.53536e-15	6.82004e-17	1.55967e-18	3.04867e-20	5.12e-22	7.42456e-24	9.34082e-26	1.02422e-27	9.83076e-30	8.29436e-32	6.17742e-34	4.08685e-36	2.47891e-38	2.13671e-40	
N112	0.183889	0.199069	0.201752	0.17631	0.125352	0.0701104	0.0303181	0.0100596	0.00255673	0.000498772	7.50243e-05	8.75515e-06	7.9841e-07	5.73463e-08	3.27087e-09	1.49384e-10	5.50821e-12	1.65308e-13	4.06969e-15	8.28114e-17	1.40289e-18	1.99231e-20	2.3875e-22	2.42936e-24	2.11138e-26	1.57616e-28	1.016e-30	5.68364e-33	2.77244e-35	1.18458e-37	4.45448e-40	1.4998e-42	6.73278e-45	
N113	0.0299105	0.0676251	0.1548	0.250299	0.256063	0.160474	0.0623668	0.01555	0.00258744	0.000298307	2.4634e-05	1.49941e-06	6.89425e-08	2.44567e-09	6.81677e-11	1.51684e-12	2.73238e-14	4.03419e-16	4.93588e-18	5.05424e-20	4.37016e-22	3.2166e-24	2.03026e-26	1.10632e-28	5.23692e-31	2.16574e-33	7.86616e-36	2.52155e-38	7.16627e-41	1.8134e-43	4.1042e-46	8.43786e-49	2.24353e-51	
ADCAHA_Harpalus_attenuatus	0	0	0	0	1	0	0	0	0	0	0	0	0	0	0	0	0	0	0	0	0	0	0	0	0	0	0	0	0	0	0	0	0	
ADCAHA_Harpalus_rubripes	0	0	0	0	1	0	0	0	0	0	0	0	0	0	0	0	0	0	0	0	0	0	0	0	0	0	0	0	0	0	0	0	0	
N114	0.152572	0.180059	0.201846	0.190642	0.142534	0.081819	0.0355137	0.0115787	0.00283296	0.000521771	7.27689e-05	7.74505e-06	6.34759e-07	4.04458e-08	2.02348e-09	8.02716e-11	2.54947e-12	6.54359e-14	1.36944e-15	2.35683e-17	3.36265e-19	4.00788e-21	4.01935e-23	3.41468e-25	2.47325e-27	1.53646e-29	8.23309e-32	3.82565e-34	1.54926e-36	5.4939e-39	1.71437e-41	4.78136e-44	1.73673e-46	
ADCAHA_Harpalus_ebeninus	0	0	1	0	0	0	0	0	0	0	0	0	0	0	0	0	0	0	0	0	0	0	0	0	0	0	0	0	0	0	0	0	0	
N115	0.0449422	0.0772046	0.140787	0.208002	0.224517	0.170722	0.090321	0.0332047	0.00853088	0.0015478	0.00020102	1.89751e-05	1.32266e-06	6.91695e-08	2.75579e-09	8.48741e-11	2.04858e-12	3.92484e-14	6.0399e-16	7.54812e-18	7.73838e-20	6.56951e-22	4.65853e-24	2.7815e-26	1.4088e-28	6.09464e-31	2.26651e-33	7.28891e-36	2.03833e-38	4.98249e-41	1.06992e-43	2.04165e-46	4.87228e-49	
ADCAHA_Harpalus_honestus	0	0	0	0	0	0	1	0	0	0	0	0	0	0	0	0	0	0	0	0	0	0	0	0	0	0	0	0	0	0	0	0	0	
N116	0.0262573	0.053214	0.117496	0.204677	0.24806	0.199502	0.104926	0.0361652	0.00827306	0.00128022	0.000137014	1.03765e-05	5.68637e-07	2.30276e-08	7.02643e-10	1.64446e-11	3.00021e-13	4.33032e-15	5.01117e-17	4.70643e-19	3.62735e-21	2.31749e-23	1.23876e-25	5.58695e-28	2.14265e-30	7.03761e-33	1.99279e-35	4.89452e-38	1.04865e-40	1.97015e-43	3.26189e-46	4.80029e-49	8.57774e-52	
ADCAHA_Harpalus_decipiens	0	0	0	1	0	0	0	0	0	0	0	0	0	0	0	0	0	0	0	0	0	0	0	0	0	0	0	0	0	0	0	0	0	
ADCAHA_Harpalus_wagneri	0	0	0	0	0	0	1	0	0	0	0	0	0	0	0	0	0	0	0	0	0	0	0	0	0	0	0	0	0	0	0	0	0	
ADCAHA_Harpalus_dimidiatus	0	0	1	0	0	0	0	0	0	0	0	0	0	0	0	0	0	0	0	0	0	0	0	0	0	0	0	0	0	0	0	0	0	
N117	0.175368	0.18868	0.192046	0.172746	0.130371	0.0799996	0.0392742	0.0153237	0.00474752	0.00117091	0.000230958	3.66469e-05	4.70855e-06	4.93276e-07	4.24339e-08	3.01865e-09	1.78809e-10	8.87901e-12	3.72005e-13	1.32325e-14	4.01995e-16	1.04893e-17	2.36347e-19	4.62227e-21	7.88433e-23	1.17835e-24	1.54981e-26	1.80123e-28	1.85717e-30	1.70516e-32	1.4008e-34	1.05789e-36	1.18325e-38	
N118	0.154531	0.186819	0.214656	0.200753	0.140141	0.0703042	0.0250722	0.00637896	0.00117066	0.000157222	1.56967e-05	1.18341e-06	6.84008e-08	3.07437e-09	1.08886e-10	3.07632e-12	7.01199e-14	1.30297e-15	1.9929e-17	2.53139e-19	2.69231e-21	2.41597e-23	1.84218e-25	1.20143e-27	6.74305e-30	3.27554e-32	1.38451e-34	5.11766e-37	1.66204e-39	4.76339e-42	1.20993e-44	2.75323e-47	7.99694e-50	
N119	0.0484963	0.156136	0.355333	0.317833	0.105114	0.0157719	0.0012556	5.89639e-05	1.75958e-06	3.52514e-08	4.94628e-10	5.0279e-12	3.80655e-14	2.19681e-16	9.85742e-19	3.49845e-21	9.96839e-24	2.31071e-26	4.40898e-29	6.99799e-32	9.32753e-35	1.05305e-37	1.01486e-40	8.40904e-44	6.02982e-47	3.7644e-50	2.05748e-53	9.89583e-57	4.20844e-60	1.58953e-63	5.35459e-67	1.62057e-70	5.50606e-74	
ADCAHA_Harpalus_affinis	0	0	1	0	0	0	0	0	0	0	0	0	0	0	0	0	0	0	0	0	0	0	0	0	0	0	0	0	0	0	0	0	0	
ADCAHA_Harpalus_distinguendus	0	0	0	1	0	0	0	0	0	0	0	0	0	0	0	0	0	0	0	0	0	0	0	0	0	0	0	0	0	0	0	0	0	
N120	0.0333714	0.0878282	0.211926	0.308687	0.238282	0.0957876	0.0211407	0.00274219	0.000222383	1.18728e-05	4.35386e-07	1.1358e-08	2.17055e-10	3.11514e-12	3.42985e-14	2.95111e-16	2.01663e-18	1.11015e-20	4.98607e-23	1.84785e-25	5.7086e-28	1.48369e-30	3.27137e-33	6.16596e-36	1.00042e-38	1.4062e-41	1.72251e-44	1.84879e-47	1.7475e-50	1.46145e-53	1.08618e-56	7.22173e-60	5.53238e-63	
ADCAHA_Harpalus_contemptus	0	0	0	0	1	0	0	0	0	0	0	0	0	0	0	0	0	0	0	0	0	0	0	0	0	0	0	0	0	0	0	0	0	
ADCAHA_Harpalus_aesculanus	0	0	0	1	0	0	0	0	0	0	0	0	0	0	0	0	0	0	0	0	0	0	0	0	0	0	0	0	0	0	0	0	0	
ADCAHA_Harpalus_anxius	0	0	0	0	0	1	0	0	0	0	0	0	0	0	0	0	0	0	0	0	0	0	0	0	0	0	0	0	0	0	0	0	0	
N121	0.0519525	0.0704747	0.100502	0.132839	0.154525	0.154879	0.132288	0.0956085	0.05818	0.0297098	0.0127056	0.00454646	0.00136132	0.000341384	7.18124e-05	1.26985e-05	1.89245e-06	2.38394e-07	2.54663e-08	2.31492e-09	1.79706e-10	1.19578e-11	6.84589e-13	3.3848e-14	1.45075e-15	5.41025e-17	1.76197e-18	5.0292e-20	1.26263e-21	2.79969e-23	5.53104e-25	1.02557e-26	3.03845e-28	
ADCAHA_Licinus_sp	0	0	0	1	0	0	0	0	0	0	0	0	0	0	0	0	0	0	0	0	0	0	0	0	0	0	0	0	0	0	0	0	0	
N122	0.0260175	0.0395118	0.0653147	0.100568	0.136239	0.158668	0.156917	0.130762	0.0913485	0.0533208	0.025955	0.0105268	0.00355742	0.00100246	0.000235887	4.64399e-05	7.66782e-06	1.06477e-06	1.24735e-07	1.23687e-08	1.04182e-09	7.48142e-11	4.5976e-12	2.42708e-13	1.10483e-14	4.35325e-16	1.49028e-17	4.44898e-19	1.1625e-20	2.66967e-22	5.43662e-24	1.0385e-25	3.17682e-27	
N123	0.0171921	0.0317514	0.0672663	0.125681	0.18619	0.209627	0.176314	0.110299	0.0515107	0.0181183	0.00485725	0.00100573	0.000163033	2.09647e-05	2.16534e-06	1.81723e-07	1.25248e-08	7.15909e-10	3.42418e-11	1.38177e-12	4.73987e-14	1.39175e-15	3.52039e-17	7.71662e-19	1.47383e-20	2.46525e-22	3.62852e-24	4.72044e-26	5.4506e-28	5.61055e-30	5.1871e-32	4.47823e-34	5.73733e-36	
ADCAHA_Carterus_rotundicollis_M	0	0	0	0	0	0	1	0	0	0	0	0	0	0	0	0	0	0	0	0	0	0	0	0	0	0	0	0	0	0	0	0	0	
ADCAHA_Carterus_fulvipes	0	0	0	0	1	0	0	0	0	0	0	0	0	0	0	0	0	0	0	0	0	0	0	0	0	0	0	0	0	0	0	0	0	
N124	8.57058e-09	9.77158e-08	1.31246e-06	1.45233e-05	0.00012713	0.00086711	0.0045484	0.018111	0.0540457	0.119421	0.193307	0.227217	0.192702	0.117494	0.0514746	0.0162471	0.00371598	0.000621151	7.67012e-05	7.08237e-06	4.95403e-07	2.65994e-08	1.11061e-09	3.65148e-11	9.56674e-13	2.01977e-14	3.47232e-16	4.90837e-18	5.75671e-20	5.65007e-22	4.68933e-24	3.4328e-26	3.54217e-28	
ADCAHA_Abax_parallelepipedus	0	0	0	0	0	0	0	0	0	0	0	0	0	0	0	1	0	0	0	0	0	0	0	0	0	0	0	0	0	0	0	0	0	
N125	3.25816e-09	3.46936e-08	5.37688e-07	7.07839e-06	7.28485e-05	0.000573517	0.00340429	0.0150309	0.0487313	0.114646	0.193752	0.233363	0.199248	0.120282	0.0513596	0.0155658	0.00337064	0.000526362	5.99574e-05	5.04603e-06	3.18035e-07	1.52183e-08	5.6036e-10	1.60848e-11	3.64389e-13	6.59106e-15	9.62281e-17	1.14551e-18	1.12236e-20	9.13097e-23	6.22415e-25	3.65096e-27	2.90514e-29	
ADCAHA_Dixus_capito	0	0	0	0	0	0	0	0	0	1	0	0	0	0	0	0	0	0	0	0	0	0	0	0	0	0	0	0	0	0	0	0	0	
ADCAHA_Abax_ovalis	0	0	0	0	0	0	0	0	0	0	0	0	0	0	1	0	0	0	0	0	0	0	0	0	0	0	0	0	0	0	0	0	0	
N126	0.239394	0.228155	0.19296	0.144361	0.0950064	0.0546605	0.0273318	0.0118191	0.00440295	0.00140905	0.000386678	9.0907e-05	1.83055e-05	3.15847e-06	4.67396e-07	5.94002e-08	6.494e-09	6.11933e-10	4.98078e-11	3.50992e-12	2.14664e-13	1.14229e-14	5.3023e-16	2.15255e-17	7.66279e-19	2.39841e-20	6.61877e-22	1.61568e-23	3.50523e-25	6.8241e-27	1.22273e-28	2.18171e-30	6.10459e-32	
N127	2.03699e-06	2.19778e-05	0.000253215	0.00219753	0.0135553	0.0567263	0.153238	0.256654	0.264603	0.168148	0.0658106	0.0159877	0.00251153	0.000268292	2.04067e-05	1.14858e-06	4.93713e-08	1.66316e-09	4.48564e-11	9.86072e-13	1.79373e-14	2.73524e-16	3.53576e-18	3.91259e-20	3.73832e-22	3.10771e-24	2.2633e-26	1.45331e-28	8.28201e-31	4.22648e-33	1.96945e-35	8.87351e-38	5.24993e-40	
ADCAHA_Dicrochile_sp	0	0	0	0	0	0	0	0	0	0	1	0	0	0	0	0	0	0	0	0	0	0	0	0	0	0	0	0	0	0	0	0	0	
ADCAHA_Sarothrocrepis_sp	0	0	0	0	0	0	1	0	0	0	0	0	0	0	0	0	0	0	0	0	0	0	0	0	0	0	0	0	0	0	0	0	0	
N128	0.240924	0.229161	0.193151	0.143892	0.0942684	0.053992	0.0268822	0.0115782	0.00429696	0.00137016	0.000374664	8.77618e-05	1.76045e-05	3.02502e-06	4.45631e-07	5.63522e-08	6.12673e-09	5.7378e-10	4.63841e-11	3.24403e-12	1.96756e-13	1.03747e-14	4.7679e-16	1.91472e-17	6.73653e-19	2.08191e-20	5.66719e-22	1.36295e-23	2.9085e-25	5.55523e-27	9.72925e-29	1.69799e-30	4.8359e-32	
ADCAHA_Cymindis_sp	0	0	0	1	0	0	0	0	0	0	0	0	0	0	0	0	0	0	0	0	0	0	0	0	0	0	0	0	0	0	0	0	0	
N129	0.237219	0.226473	0.192265	0.144729	0.0960668	0.0558605	0.028272	0.012384	0.00467306	0.00151367	0.000419825	9.95491e-05	2.01665e-05	3.49022e-06	5.1638e-07	6.5383e-08	7.09586e-09	6.61303e-10	5.30367e-11	3.66901e-12	2.19484e-13	1.13834e-14	5.13244e-16	2.01721e-17	6.93032e-19	2.08707e-20	5.52469e-22	1.2891e-23	2.65954e-25	4.87344e-27	8.0307e-29	1.26148e-30	3.04375e-32	
N130	0.229138	0.2208	0.190633	0.146729	0.0999257	0.0597257	0.0310979	0.0140175	0.00544306	0.00181419	0.000517762	0.000126348	2.63487e-05	4.69656e-06	7.16093e-07	9.35153e-08	1.04773e-08	1.00911e-09	8.37379e-11	6.0016e-12	3.72471e-13	2.0071e-14	9.4165e-16	3.85719e-17	1.38335e-18	4.35611e-20	1.20779e-21	2.95708e-23	6.41408e-25	1.23901e-26	2.16286e-28	3.63511e-30	9.33123e-32	
ADCAHA_Lebia_sp	0	0	0	0	1	0	0	0	0	0	0	0	0	0	0	0	0	0	0	0	0	0	0	0	0	0	0	0	0	0	0	0	0	
N131	0.178856	0.183173	0.176132	0.155454	0.123072	0.085765	0.051896	0.0270212	0.0120401	0.00457751	0.00148324	0.000409683	9.65629e-05	1.94565e-05	3.35883e-06	4.98091e-07	6.36308e-08	7.02391e-09	6.72056e-10	5.59166e-11	4.05872e-12	2.57843e-13	1.43826e-14	7.06656e-16	3.06778e-17	1.18036e-18	4.03713e-20	1.23108e-21	3.35734e-23	8.22335e-25	1.82979e-26	3.92816e-28	1.36598e-29	
N132	0.105656	0.127951	0.15854	0.179641	0.171077	0.130058	0.0767321	0.0346358	0.0118892	0.00309997	0.000615173	9.32842e-05	1.08675e-05	9.78818e-07	6.8632e-08	3.77363e-09	1.63921e-10	5.66766e-12	1.57142e-13	3.51937e-15	6.41229e-17	9.57037e-19	1.17788e-20	1.2031e-22	1.02613e-24	2.75163e-26	5.84224e-27	1.16797e-27	1.91717e-28	2.66926e-29	3.22429e-30	3.58178e-31	5.53e-32	
N133	0.105399	0.127799	0.15869	0.180161	0.171657	0.130258	0.0764889	0.0342549	0.0116266	0.00298679	0.000581757	8.62403e-05	9.78035e-06	8.53728e-07	5.77449e-08	3.04794e-09	1.26459e-10	4.15454e-12	1.08864e-13	2.29162e-15	3.90244e-17	5.41274e-19	6.15512e-21	5.77487e-23	4.49755e-25	2.92463e-27	1.59681e-29	7.35965e-32	2.87897e-34	9.63872e-37	2.88204e-39	1.07738e-41	1.52216e-43	
N134	0.089044	0.112658	0.148094	0.177741	0.178553	0.142839	0.0886011	0.0420549	0.0151965	0.00417987	0.000877894	0.000141547	1.76399e-05	1.71233e-06	1.30552e-07	7.8852e-09	3.80566e-10	1.48032e-11	4.67983e-13	1.21219e-14	2.5928e-16	4.61382e-18	6.87908e-20	8.65188e-22	9.238e-24	8.42486e-26	6.60012e-28	4.46576e-30	2.62312e-32	1.34416e-34	6.04306e-37	2.43754e-39	1.32646e-41	
N135	0.10257	0.127131	0.161055	0.183729	0.173544	0.129608	0.0747747	0.0329839	0.011094	0.00285085	0.000562523	8.58259e-05	1.02087e-05	9.55151e-07	7.0946e-08	4.22254e-09	2.0323e-10	7.98058e-12	2.5789e-13	6.91413e-15	1.54995e-16	2.92662e-18	4.68701e-20	6.40832e-22	7.5263e-24	7.63697e-26	6.73169e-28	5.181e-30	3.49849e-32	2.0821e-34	1.09739e-36	5.21909e-39	3.44445e-41	
ADCAHA_Calathus_micropterus	0	0	0	0	0	1	0	0	0	0	0	0	0	0	0	0	0	0	0	0	0	0	0	0	0	0	0	0	0	0	0	0	0	
ADCAHA_Apenes_sp	0	0	1	0	0	0	0	0	0	0	0	0	0	0	0	0	0	0	0	0	0	0	0	0	0	0	0	0	0	0	0	0	0	
ADCAHA_Orthomus_velocissimus	0	0	0	0	0	0	0	1	0	0	0	0	0	0	0	0	0	0	0	0	0	0	0	0	0	0	0	0	0	0	0	0	0	
N136	0.0575112	0.0929329	0.153965	0.209149	0.212644	0.155396	0.0802351	0.0291421	0.00746818	0.00136033	0.000177893	1.68978e-05	1.18078e-06	6.1505e-08	2.42018e-09	7.28941e-11	1.70211e-12	3.11917e-14	4.5381e-16	5.29945e-18	5.01822e-20	3.89029e-22	2.49115e-24	1.32867e-26	5.94833e-29	2.2515e-31	7.25397e-34	2.00187e-36	4.75999e-39	9.80583e-42	1.76026e-44	2.80884e-47	5.77594e-50	
N137	0.0693643	0.108215	0.171945	0.220865	0.207339	0.136317	0.0618003	0.0192869	0.00416685	0.000629257	6.72233e-05	5.14825e-06	2.86642e-07	1.177e-08	3.61543e-10	8.42464e-12	1.50935e-13	2.10597e-15	2.31638e-17	2.03151e-19	1.43592e-21	8.26192e-24	3.90588e-26	1.53044e-28	5.01056e-31	1.38103e-33	3.22718e-36	6.43565e-39	1.10198e-41	1.62949e-44	2.09226e-47	2.35661e-50	3.14244e-53	
ADCAHA_Calathus_ascendens	0	0	0	1	0	0	0	0	0	0	0	0	0	0	0	0	0	0	0	0	0	0	0	0	0	0	0	0	0	0	0	0	0	
N138	0.0815346	0.228817	0.408369	0.236131	0.042394	0.00268355	6.93381e-05	8.3072e-07	5.11337e-09	1.75391e-11	3.57668e-14	4.56956e-17	3.81839e-20	2.16306e-23	8.56195e-27	2.42991e-30	5.05529e-34	7.85898e-38	9.28327e-42	8.45451e-46	6.01295e-50	3.37744e-54	1.51319e-58	5.45513e-63	1.59466e-67	9.34932e-41	1.29003e-40	7.51414e-41	2.22617e-41	4.48067e-42	7.56116e-43	1.17792e-43	1.98368e-44	
N139	0.0841208	0.226793	0.396348	0.24048	0.0484879	0.00365017	0.000118338	1.87646e-06	1.61352e-08	8.16381e-11	2.59313e-13	5.44659e-16	7.89052e-19	8.16255e-22	6.20591e-25	3.55271e-28	1.56315e-31	5.37938e-35	1.46993e-38	3.23105e-42	5.77807e-46	8.49117e-50	1.60352e-53	1.50719e-54	2.43166e-55	8.73181e-49	1.90133e-50	2.5048e-52	2.06934e-54	1.28892e-56	7.01629e-59	3.5235e-61	1.89302e-63	
ADCAHA_Calathus_freyi	0	0	0	0	1	0	0	0	0	0	0	0	0	0	0	0	0	0	0	0	0	0	0	0	0	0	0	0	0	0	0	0	0	
ADCAHA_Calathus_auctus	0	1	0	0	0	0	0	0	0	0	0	0	0	0	0	0	0	0	0	0	0	0	0	0	0	0	0	0	0	0	0	0	0	
N140	0.0799171	0.237174	0.423808	0.223949	0.0335013	0.00162057	2.96654e-05	2.36644e-07	9.24269e-10	1.94162e-12	2.36643e-15	1.77963e-18	8.68649e-22	2.87e-25	6.6488e-29	1.11268e-32	1.37976e-36	1.29573e-40	9.39059e-45	5.33883e-49	2.41534e-53	8.80493e-58	2.61509e-62	6.85797e-67	1.36105e-69	8.31534e-64	2.86053e-66	6.57336e-69	1.06507e-71	1.275e-74	1.23258e-77	1.04464e-80	8.57367e-84	
N141	0.0272826	0.245801	0.548645	0.17142	0.00679677	5.51152e-05	1.3711e-07	1.35849e-10	6.3769e-14	1.60175e-17	2.35372e-21	2.16508e-25	1.31415e-29	5.48909e-34	1.6323e-38	3.5537e-43	5.79734e-48	7.22636e-53	6.99724e-58	5.33785e-63	3.24696e-68	1.59136e-73	6.34054e-79	2.06971e-84	5.5721e-90	9.51743e-77	2.82517e-79	4.73574e-82	3.23546e-85	1.03823e-88	2.4663e-92	5.18152e-96	1.02989e-99	
N142	0.0167388	0.180949	0.548404	0.239851	0.0138827	0.000173765	7.01252e-07	1.17912e-09	9.77836e-13	4.49505e-16	1.24655e-19	2.22221e-23	2.67478e-27	2.25989e-31	1.38284e-35	6.28719e-40	2.16942e-44	5.78259e-49	1.20854e-53	2.00556e-58	2.67103e-63	2.88084e-68	2.53558e-73	1.8329e-78	1.09398e-83	1.80053e-63	4.65375e-66	5.81009e-69	5.19605e-72	4.09166e-75	2.9622e-78	1.98393e-81	1.29737e-84	
N143	0.00186732	0.0440106	0.417359	0.443616	0.0906095	0.00251557	2.22136e-05	8.60249e-08	1.7434e-10	2.07104e-13	1.56124e-16	7.92065e-20	2.82965e-23	7.37934e-27	1.44655e-30	2.18386e-34	2.59169e-38	2.46034e-42	1.89676e-46	1.20323e-50	6.35372e-55	2.82164e-59	1.0635e-63	3.43005e-68	9.53663e-73	2.30109e-77	4.84799e-82	8.96803e-87	1.46405e-91	2.11923e-96	2.73177e-101	3.14849e-106	3.47741e-111	
ADCAHA_Calathus_erratus	0	0	1	0	0	0	0	0	0	0	0	0	0	0	0	0	0	0	0	0	0	0	0	0	0	0	0	0	0	0	0	0	0	
ADCAHA_Calathus_fuscipes	0	0	0	0	1	0	0	0	0	0	0	0	0	0	0	0	0	0	0	0	0	0	0	0	0	0	0	0	0	0	0	0	0	
N144	0.000425097	0.0153548	0.242442	0.683256	0.0575032	0.00101246	6.3158e-06	1.80733e-08	2.7707e-11	2.52453e-14	1.47274e-17	5.81721e-21	1.62502e-24	3.32425e-28	5.12397e-32	6.09408e-36	5.70581e-40	4.27855e-44	2.60798e-48	1.30912e-52	5.47378e-57	1.92592e-61	5.75389e-66	1.4716e-70	3.2457e-75	6.21449e-80	1.03923e-84	1.52627e-89	1.97865e-94	2.27484e-99	2.32942e-104	2.13307e-109	1.86504e-114	
ADCAHA_Calathus_rectus	0	0	0	1	0	0	0	0	0	0	0	0	0	0	0	0	0	0	0	0	0	0	0	0	0	0	0	0	0	0	0	0	0	
ADCAHA_Calathus_granatensis	0	0	0	1	0	0	0	0	0	0	0	0	0	0	0	0	0	0	0	0	0	0	0	0	0	0	0	0	0	0	0	0	0	
N145	0.0572296	0.382456	0.480835	0.0777152	0.00175428	9.87192e-06	2.04335e-08	1.95151e-11	9.94109e-15	2.98506e-18	5.68296e-22	7.24977e-26	6.4717e-30	4.1856e-34	2.01791e-38	7.42561e-43	2.12771e-47	4.82874e-52	8.80751e-57	1.30765e-61	1.59797e-66	1.62304e-71	1.38204e-76	9.94184e-82	6.08322e-87	3.18545e-92	1.43589e-97	5.66924e-103	2.44801e-108	3.01806e-113	7.5124e-118	1.61202e-122	2.94676e-127	
N146	0.0988374	0.460196	0.396033	0.0439122	0.00101369	7.81444e-06	2.63657e-08	4.6036e-11	4.65548e-14	2.95496e-17	1.25013e-20	3.69297e-24	7.90494e-28	1.26359e-31	1.5465e-35	1.47996e-39	1.12744e-43	6.94355e-48	3.50391e-52	1.46598e-56	5.13844e-61	1.52296e-65	3.84862e-70	8.35444e-75	1.56839e-79	2.56194e-84	3.6617e-89	4.60262e-94	5.11167e-99	5.03753e-104	4.42269e-109	3.47193e-114	2.60228e-119	
N147	0.0081394	0.529069	0.458842	0.00394235	7.63001e-06	5.38155e-09	1.76248e-12	3.10885e-16	3.26425e-20	2.19193e-24	9.93234e-29	3.16588e-33	7.33581e-38	1.26902e-42	1.6751e-47	1.71812e-52	1.39037e-57	8.99241e-63	4.69955e-68	2.00328e-73	7.02127e-79	2.03728e-84	4.92242e-90	9.95272e-96	1.69094e-101	2.42217e-107	2.93319e-113	3.00894e-119	2.6184e-125	1.93439e-131	1.21339e-137	6.45945e-144	3.01551e-150	
ADCAHA_Calathus_mollis	0	1	0	0	0	0	0	0	0	0	0	0	0	0	0	0	0	0	0	0	0	0	0	0	0	0	0	0	0	0	0	0	0	
ADCAHA_Calathus_abaxoides	0	0	1	0	0	0	0	0	0	0	0	0	0	0	0	0	0	0	0	0	0	0	0	0	0	0	0	0	0	0	0	0	0	
ADCAHA_Calathus_asturiensis	0	1	0	0	0	0	0	0	0	0	0	0	0	0	0	0	0	0	0	0	0	0	0	0	0	0	0	0	0	0	0	0	0	
N148	0.0393264	0.910715	0.0495326	0.000424819	1.03652e-06	9.93776e-10	4.56916e-13	1.14875e-16	1.73042e-20	1.66909e-24	1.08376e-28	4.92354e-33	1.61328e-37	3.90617e-42	7.12622e-47	9.95046e-52	1.07685e-56	9.12211e-62	6.09454e-67	3.22877e-72	1.36093e-77	4.56983e-83	1.22144e-88	2.59067e-94	4.33622e-100	4.29537e-76	4.36071e-78	1.99848e-81	8.14847e-85	3.06355e-88	1.065e-91	3.43124e-95	1.06852e-98	
N149	0.0173138	0.966645	0.0160122	2.86016e-05	1.30577e-08	2.24904e-12	1.82101e-16	7.97127e-21	2.07591e-25	3.44582e-30	3.83843e-35	2.98521e-40	1.672e-45	6.91315e-51	2.15255e-56	5.12982e-62	9.48114e-68	1.37376e-73	1.57419e-79	1.43667e-85	1.05007e-91	6.17292e-98	2.92752e-104	1.12231e-110	3.48145e-117	8.61286e-100	1.86163e-103	8.7362e-108	2.87456e-112	8.1495e-117	2.03517e-121	4.47313e-126	8.70618e-131	
ADCAHA_Calathus_rotundatus	0	1	0	0	0	0	0	0	0	0	0	0	0	0	0	0	0	0	0	0	0	0	0	0	0	0	0	0	0	0	0	0	0	
ADCAHA_Calathus_ambiguus	0	1	0	0	0	0	0	0	0	0	0	0	0	0	0	0	0	0	0	0	0	0	0	0	0	0	0	0	0	0	0	0	0	
ADCAHA_Colliuris_pennsylvanica	0	1	0	0	0	0	0	0	0	0	0	0	0	0	0	0	0	0	0	0	0	0	0	0	0	0	0	0	0	0	0	0	0	
N150	0.101598	0.260341	0.394141	0.206921	0.0347034	0.00222883	6.54578e-05	1.00631e-06	8.95342e-09	4.9731e-11	1.82832e-13	4.65959e-16	8.54512e-19	1.16274e-21	1.20437e-24	9.70401e-28	6.19605e-31	3.1858e-34	1.33766e-37	4.64355e-41	1.34735e-44	3.29965e-48	6.88046e-52	1.23128e-55	1.90455e-59	2.56302e-63	3.01873e-67	3.12881e-71	2.86814e-75	2.33615e-79	1.69804e-83	1.10603e-87	7.30061e-92	
ADCAHA_Calathus_melanocephalus	0	1	0	0	0	0	0	0	0	0	0	0	0	0	0	0	0	0	0	0	0	0	0	0	0	0	0	0	0	0	0	0	0	
ADCAHA_Calathus_brevis	0	0	0	1	0	0	0	0	0	0	0	0	0	0	0	0	0	0	0	0	0	0	0	0	0	0	0	0	0	0	0	0	0	
ADCAHA_Calathus_circumseptus	0	0	0	0	0	0	0	0	0	1	0	0	0	0	0	0	0	0	0	0	0	0	0	0	0	0	0	0	0	0	0	0	0	
ADCAHA_Syntomus_sp	0	0	0	0	0	0	0	1	0	0	0	0	0	0	0	0	0	0	0	0	0	0	0	0	0	0	0	0	0	0	0	0	0	
ADCAPS_Olisthopus_sp	0	0	0	0	0	0	1	0	0	0	0	0	0	0	0	0	0	0	0	0	0	0	0	0	0	0	0	0	0	0	0	0	0	
N151	0.115763	0.163521	0.21894	0.223938	0.161305	0.0802913	0.0278875	0.00691048	0.00125388	0.000170906	1.79138e-05	1.47423e-06	9.70065e-08	5.18547e-09	2.28324e-10	8.38252e-12	2.59361e-13	6.82752e-15	1.5421e-16	3.01118e-18	5.11785e-20	7.6179e-22	9.98632e-24	1.15881e-25	1.19588e-27	1.1023e-29	9.11132e-32	6.77921e-34	4.55824e-36	2.78514e-38	1.56815e-40	8.5756e-43	6.51046e-45	
ADCAHA_Diplocheila_sp	0	0	1	0	0	0	0	0	0	0	0	0	0	0	0	0	0	0	0	0	0	0	0	0	0	0	0	0	0	0	0	0	0	
ADCAHA_Dromius_sp	0	0	0	0	1	0	0	0	0	0	0	0	0	0	0	0	0	0	0	0	0	0	0	0	0	0	0	0	0	0	0	0	0	
N152	0.207657	0.202617	0.1799	0.145405	0.106852	0.0712501	0.0430201	0.0234764	0.0115617	0.00513309	0.00205313	0.000739601	0.000239946	7.01232e-05	1.84685e-05	4.38619e-06	9.40049e-07	1.8197e-07	3.1846e-08	5.04399e-09	7.23849e-10	9.42301e-11	1.11413e-11	1.19795e-12	1.17292e-13	1.04715e-14	8.53641e-16	6.36473e-17	4.35109e-18	2.74325e-19	1.62834e-20	1.00252e-21	1.09731e-22	
ADCAHA_Galerita_sp	0	0	1	0	0	0	0	0	0	0	0	0	0	0	0	0	0	0	0	0	0	0	0	0	0	0	0	0	0	0	0	0	0	
N153	0.16468	0.168532	0.162884	0.146824	0.121907	0.0923124	0.0633075	0.0391404	0.0217535	0.0108502	0.00485251	0.00194518	0.000698932	0.00022518	6.50848e-05	1.68885e-05	3.9376e-06	8.257e-07	1.55891e-07	2.65289e-08	4.0742e-09	5.65371e-10	7.09835e-11	8.07409e-12	8.33175e-13	7.8108e-14	6.66219e-15	5.17913e-16	3.67932e-17	2.40353e-18	1.47483e-19	9.36579e-21	1.05107e-21	
N154	0.183594	0.184415	0.172349	0.148572	0.11696	0.0833268	0.0533437	0.0305278	0.0155639	0.00705399	0.00283897	0.00101425	0.000321732	9.06758e-05	2.27286e-05	5.07317e-06	1.00981e-06	1.79533e-07	2.85582e-08	4.07165e-09	5.2127e-10	6.0037e-11	6.23249e-12	5.84274e-13	4.95574e-14	3.81028e-15	2.66057e-16	1.69033e-17	9.79032e-19	5.18497e-20	2.54075e-21	1.25577e-22	1.14579e-23	
ADCAHA_Macrocheilus_sp	0	1	0	0	0	0	0	0	0	0	0	0	0	0	0	0	0	0	0	0	0	0	0	0	0	0	0	0	0	0	0	0	0	
ADCAHA_Drypta_sp	0	0	0	0	0	1	0	0	0	0	0	0	0	0	0	0	0	0	0	0	0	0	0	0	0	0	0	0	0	0	0	0	0	
ADCAHA_Anthia_sp	0	0	0	0	0	0	0	0	0	1	0	0	0	0	0	0	0	0	0	0	0	0	0	0	0	0	0	0	0	0	0	0	0	
N155	0.152128	0.156682	0.153626	0.141937	0.122239	0.0972348	0.070943	0.0472426	0.0286179	0.0157348	0.00784155	0.0035392	0.0014461	0.000534861	0.0001791	5.43118e-05	1.49222e-05	3.71669e-06	8.39727e-07	1.72223e-07	3.20884e-08	5.43589e-09	8.37995e-10	1.17672e-10	1.50674e-11	1.76164e-12	1.88427e-13	1.85008e-14	1.67934e-15	1.43316e-16	1.20122e-17	1.12184e-18	1.83807e-19	
ADCAHA_Demetrias_atricapillus	0	0	1	0	0	0	0	0	0	0	0	0	0	0	0	0	0	0	0	0	0	0	0	0	0	0	0	0	0	0	0	0	0	
N156	0.134067	0.140322	0.141747	0.136417	0.123455	0.103923	0.0807153	0.0575121	0.0374481	0.0222252	0.0120031	0.00589303	0.00262884	0.00106537	0.000392267	0.000131262	3.99355e-05	1.1053e-05	2.78471e-06	6.39096e-07	1.33713e-07	2.55245e-08	4.4494e-09	7.08962e-10	1.03372e-10	1.38118e-11	1.69465e-12	1.91659e-13	2.01376e-14	2.00119e-15	1.96218e-16	2.10023e-17	3.4339e-18	
ADCABR_Pheropsophus_sp	0	0	0	0	0	0	0	0	1	0	0	0	0	0	0	0	0	0	0	0	0	0	0	0	0	0	0	0	0	0	0	0	0	
N157	0.0544083	0.0615759	0.0717699	0.0837406	0.0952753	0.103599	0.106197	0.101736	0.0906017	0.0747712	0.0570806	0.040269	0.0262402	0.0157904	0.00877524	0.00450424	0.00213593	0.000936024	0.000379216	0.000142091	4.92646e-05	1.5813e-05	4.70167e-06	1.29577e-06	3.31267e-07	7.86437e-08	1.7368e-08	3.58066e-09	6.94645e-10	1.29279e-10	2.42136e-11	5.16147e-12	1.76746e-12	
ADCACA_Carabus_problematicus	0	0	0	0	0	0	0	0	0	0	0	0	1	0	0	0	0	0	0	0	0	0	0	0	0	0	0	0	0	0	0	0	0	
ADCABR_Brachinus_sp	0	0	0	0	0	0	0	0	0	0	0	1	0	0	0	0	0	0	0	0	0	0	0	0	0	0	0	0	0	0	0	0	0	
ADCALO_Loricera_pilicornis	0	0	0	0	0	0	0	0	0	0	0	1	0	0	0	0	0	0	0	0	0	0	0	0	0	0	0	0	0	0	0	0	0	
N158	0.209551	0.204189	0.180779	0.145456	0.106222	0.0702689	0.0420309	0.0226964	0.0110522	0.00485019	0.00191761	0.000683073	0.000219279	6.34671e-05	1.65723e-05	3.90669e-06	8.32093e-07	1.60267e-07	2.79398e-08	4.41287e-09	6.32076e-10	8.2188e-11	9.71161e-12	1.04395e-12	1.02197e-13	9.12122e-15	7.43051e-16	5.53228e-17	3.77179e-18	2.36604e-19	1.39169e-20	8.46624e-22	9.26517e-23	
N159	0.12811	0.134648	0.137023	0.133187	0.12208	0.104511	0.0830314	0.0609828	0.0413143	0.0257882	0.014823	0.00784486	0.00382296	0.00171583	0.0007095	0.000270394	9.50175e-05	3.08021e-05	9.21623e-06	2.54662e-06	6.50233e-07	1.53508e-07	3.353e-08	6.78058e-09	1.27044e-09	2.2074e-10	3.56114e-11	5.34672e-12	7.51163e-13	1.002e-13	1.32302e-14	1.95669e-15	4.85124e-16	
N160	0.0108349	0.0144495	0.0217305	0.0335436	0.0500932	0.0701822	0.0908894	0.108044	0.117506	0.116739	0.105868	0.0876116	0.0661562	0.045583	0.0286622	0.0164503	0.00861984	0.00412496	0.0018034	0.000720594	0.000263282	8.80046e-05	2.69271e-05	7.54646e-06	1.93848e-06	4.56757e-07	9.88233e-08	1.96671e-08	3.61515e-09	6.21615e-10	1.04431e-10	1.99156e-11	6.61622e-12	
N161	0.00716588	0.0101379	0.0163208	0.0266464	0.0416994	0.0609933	0.0823946	0.102158	0.115846	0.119902	0.113123	0.0972105	0.0760491	0.0541465	0.0350821	0.0206842	0.0110988	0.00542107	0.00241099	0.000976719	0.000360588	0.000121382	3.72795e-05	1.04539e-05	2.67891e-06	6.28072e-07	1.34949e-07	2.66519e-08	4.86785e-09	8.34273e-10	1.39665e-10	2.59812e-11	8.11583e-12	
N162	0.00112207	0.0553843	0.874997	0.0671236	0.00136025	1.23647e-05	6.28911e-08	2.02211e-10	4.44169e-13	7.0346e-16	8.35839e-19	7.68114e-22	5.59254e-25	3.28959e-28	1.5886e-31	6.38379e-35	2.15927e-38	6.20825e-42	1.53024e-45	3.25772e-49	6.02944e-53	9.75832e-57	1.38825e-60	1.74419e-64	1.94373e-68	1.92925e-72	1.71281e-76	1.36715e-80	9.88409e-85	6.55618e-89	4.08656e-93	2.49562e-97	1.60721e-101	
ADCASC_Scarites_terricola	0	0	1	0	0	0	0	0	0	0	0	0	0	0	0	0	0	0	0	0	0	0	0	0	0	0	0	0	0	0	0	0	0	
ADCASC_Scarites_laevigatus	0	0	1	0	0	0	0	0	0	0	0	0	0	0	0	0	0	0	0	0	0	0	0	0	0	0	0	0	0	0	0	0	0	
ADCASC_Scarites_eurytus	0	0	0	0	0	0	0	0	0	0	0	0	0	0	0	0	0	0	0	1	0	0	0	0	0	0	0	0	0	0	0	0	0	
N163	1.33737e-07	6.14643e-07	3.73901e-06	2.11749e-05	0.000105314	0.000453921	0.00168426	0.00535076	0.0144834	0.0332552	0.0645208	0.105431	0.144719	0.166539	0.160468	0.129385	0.087304	0.0493331	0.0233751	0.00930382	0.00311781	0.000882021	0.00021128	4.29946e-05	7.4589e-06	1.10726e-06	1.41204e-07	1.55386e-08	1.48471e-09	1.2473e-10	9.54355e-12	7.45412e-13	9.16618e-14	
N164	1.19425e-08	6.87742e-08	5.76754e-07	4.63157e-06	3.21494e-05	0.000187046	0.0009011	0.00357042	0.0115792	0.0306163	0.0657886	0.114595	0.161501	0.183925	0.169158	0.125639	0.075402	0.036605	0.0143975	0.00459742	0.00119481	0.000253444	4.40217e-05	6.28334e-06	7.39804e-07	7.21465e-08	5.85271e-09	3.96755e-10	2.25885e-11	1.08709e-12	4.4874e-14	1.71843e-15	1.11496e-16	
N165	3.18618e-10	2.55964e-09	3.05132e-08	3.41008e-07	3.23583e-06	2.53566e-05	0.000162266	0.000842501	0.00353251	0.0119186	0.032275	0.0700245	0.121605	0.168976	0.187911	0.167333	0.119422	0.0683809	0.0314532	0.011638	0.00346942	0.000834802	0.000162471	2.56408e-05	3.29132e-06	3.44875e-07	2.96248e-08	2.09667e-09	1.23032e-10	6.04388e-12	2.54029e-13	9.87201e-15	5.85439e-16	
ADCASC_Scarites_buparius	0	0	0	0	0	0	0	0	1	0	0	0	0	0	0	0	0	0	0	0	0	0	0	0	0	0	0	0	0	0	0	0	0	
ADCASC_Scarites_occidentalis_M	0	0	0	0	0	0	0	0	0	0	0	0	0	0	0	0	0	0	0	0	0	0	0	0	1	0	0	0	0	0	0	0	0	
ADCASC_Scarites_hespericus	0	0	0	0	0	0	0	0	0	1	0	0	0	0	0	0	0	0	0	0	0	0	0	0	0	0	0	0	0	0	0	0	0	
ADCASC_Carenum_interruptum	0	0	0	0	0	0	0	0	0	0	0	0	0	0	0	0	0	0	0	1	0	0	0	0	0	0	0	0	0	0	0	0	0	
N166	0.139938	0.143346	0.139961	0.130135	0.114984	0.0962962	0.0762366	0.0569176	0.0399903	0.0263967	0.0163475	0.00948894	0.00515853	0.00262515	0.00125014	0.000557015	0.000232199	9.05659e-05	3.30556e-05	1.12927e-05	3.61194e-06	1.08199e-06	3.03673e-07	7.98866e-08	1.97076e-08	4.5618e-09	9.91644e-10	2.02791e-10	3.9198e-11	7.26917e-12	1.35878e-12	2.99049e-13	1.14121e-13	
ADCAPA_Mystropomus_subcostatus	0	0	0	0	0	0	0	1	0	0	0	0	0	0	0	0	0	0	0	0	0	0	0	0	0	0	0	0	0	0	0	0	0	
ADCAPA_Arthropterus_sp	0	1	0	0	0	0	0	0	0	0	0	0	0	0	0	0	0	0	0	0	0	0	0	0	0	0	0	0	0	0	0	0	0	
N167	0.213775	0.206976	0.181257	0.144	0.103954	0.068243	0.0407486	0.0221282	0.0109251	0.00490207	0.00199825	0.000739782	0.000248687	7.59029e-05	2.10349e-05	5.29381e-06	1.21024e-06	2.51433e-07	4.74949e-08	8.1622e-09	1.27704e-09	1.82046e-10	2.36652e-11	2.8081e-12	3.04492e-13	3.0214e-14	2.74897e-15	2.30073e-16	1.78197e-17	1.29269e-18	9.01603e-20	6.53208e-21	7.62052e-22	
N168	0.0166949	0.0282259	0.0508481	0.0827328	0.117375	0.14418	0.15301	0.140105	0.110579	0.0751776	0.0440127	0.0221932	0.00964524	0.00361737	0.0011728	0.000329445	8.0398e-05	1.70977e-05	3.17913e-06	5.18671e-07	7.45196e-08	9.46344e-09	1.06618e-09	1.06956e-10	9.58836e-12	7.70949e-13	5.58101e-14	3.65404e-15	2.17797e-16	1.19598e-17	6.21054e-19	3.29184e-20	2.8047e-21	
ADCACI_Omus_californicus	0	1	0	0	0	0	0	0	0	0	0	0	0	0	0	0	0	0	0	0	0	0	0	0	0	0	0	0	0	0	0	0	0	
N169	4.05451e-09	5.39113e-08	8.0859e-07	9.91312e-06	9.66191e-05	0.000736953	0.00432113	0.0190755	0.0618813	0.143502	0.230798	0.249739	0.17735	0.0818184	0.0248009	0.0050696	0.000721236	7.36942e-05	5.5662e-06	3.188e-07	1.41562e-08	4.96821e-10	1.40132e-11	3.22319e-13	6.12348e-15	9.71785e-17	1.30121e-18	1.48322e-20	1.45089e-22	1.227e-24	9.0472e-27	6.00045e-29	5.62046e-31	
ADCACI_Amblycheila_baroni	0	0	0	0	0	0	0	0	0	0	0	0	1	0	0	0	0	0	0	0	0	0	0	0	0	0	0	0	0	0	0	0	0	
ADCACI_Mantichora_amygdaloides	0	0	0	0	0	0	0	0	0	0	0	0	1	0	0	0	0	0	0	0	0	0	0	0	0	0	0	0	0	0	0	0	0	
N170	0.22169	0.213135	0.184149	0.143488	0.101053	0.0644072	0.0371761	0.0194378	0.00920601	0.00394871	0.0015335	0.000539057	0.000171476	4.93533e-05	1.2851e-05	3.02744e-06	6.45346e-07	1.24507e-07	2.17489e-08	3.4413e-09	4.93505e-10	6.41843e-11	7.5762e-12	8.12295e-13	7.91786e-14	7.0239e-15	5.67775e-16	4.19003e-17	2.83306e-18	1.77018e-19	1.04737e-20	6.41479e-22	6.66712e-23	
N171	0.130305	0.136561	0.13845	0.134177	0.122736	0.104802	0.0828214	0.0601997	0.0400741	0.0243628	0.0135028	0.00681611	0.00313244	0.00131059	0.000499363	0.000173368	5.48822e-05	1.58551e-05	4.18404e-06	1.00962e-06	2.23013e-07	4.51449e-08	8.38506e-09	1.43069e-09	2.24526e-10	3.24501e-11	4.32499e-12	5.32484e-13	6.07406e-14	6.47311e-15	6.64717e-16	7.48262e-17	1.53019e-17	
N172	0.103797	0.125873	0.153006	0.168583	0.159788	0.127192	0.0840925	0.0459664	0.0207561	0.00775506	0.00240561	0.000622339	0.000134983	2.46859e-05	3.82892e-06	5.06652e-07	5.75238e-08	5.63517e-09	4.78859e-10	3.54777e-11	2.30274e-12	1.31538e-13	6.64113e-15	2.97563e-16	1.18773e-17	4.23864e-19	1.35703e-20	3.91065e-22	1.01801e-23	2.40665e-25	5.24201e-27	1.12152e-28	3.85058e-30	
ADCACI_Megacephala_brasiliensis	0	0	1	0	0	0	0	0	0	0	0	0	0	0	0	0	0	0	0	0	0	0	0	0	0	0	0	0	0	0	0	0	0	
ADCACI_Megacephala_sobrina	0	0	0	0	0	0	1	0	0	0	0	0	0	0	0	0	0	0	0	0	0	0	0	0	0	0	0	0	0	0	0	0	0	
ADCACI_Megacephala_whelani	0	0	0	0	0	0	0	1	0	0	0	0	0	0	0	0	0	0	0	0	0	0	0	0	0	0	0	0	0	0	0	0	0	
N173	0.227426	0.217602	0.186247	0.143111	0.0989346	0.0616062	0.0345721	0.0174857	0.00796908	0.00327152	0.0012093	0.000402335	0.000120441	3.24337e-05	7.85611e-06	1.71167e-06	3.3551e-07	5.91827e-08	9.39881e-09	1.34456e-09	1.73383e-10	2.01691e-11	2.11831e-12	2.01062e-13	1.72642e-14	1.34248e-15	9.46458e-17	6.05689e-18	3.52326e-19	1.86755e-20	9.12513e-22	4.47659e-23	4.01925e-24	
N174	0.200666	0.197158	0.177356	0.145967	0.109618	0.0748389	0.0462679	0.0258054	0.0129419	0.00582086	0.00234306	0.000842862	0.000270708	7.75922e-05	1.9846e-05	4.5309e-06	9.23811e-07	1.68347e-07	2.74452e-08	4.00729e-09	5.2468e-10	6.16847e-11	6.52101e-12	6.20795e-13	5.33025e-14	4.13444e-15	2.90225e-16	1.84798e-17	1.07139e-18	5.70417e-20	2.85763e-21	1.47053e-22	1.24783e-23	
N175	0.196878	0.19458	0.176803	0.147214	0.11172	0.0768011	0.0475429	0.0263644	0.0130402	0.00573328	0.00223492	0.000771043	0.000235158	6.3366e-05	1.50843e-05	3.17321e-06	5.90271e-07	9.71802e-08	1.41765e-08	1.8348e-09	2.10996e-10	2.15923e-11	1.96962e-12	1.60422e-13	1.16873e-14	7.62986e-16	4.47197e-17	2.35832e-18	1.12247e-19	4.85334e-21	1.94403e-22	7.81201e-24	5.22744e-25	
ADCACI_Ctenostoma_sp	0	0	0	0	1	0	0	0	0	0	0	0	0	0	0	0	0	0	0	0	0	0	0	0	0	0	0	0	0	0	0	0	0	
N176	0.168463	0.173049	0.168024	0.151528	0.124562	0.0918144	0.0599038	0.0342656	0.0170677	0.00736891	0.00274963	0.000885267	0.000245766	5.88397e-05	1.21572e-05	2.17033e-06	3.35293e-07	4.49085e-08	5.2255e-09	5.29405e-10	4.68084e-11	3.62065e-12	2.45613e-13	1.46491e-14	7.70121e-16	3.57763e-17	1.4724e-18	5.38284e-20	1.75371e-21	5.12119e-23	1.36323e-24	3.55442e-26	1.47188e-27	
N177	0.155298	0.162912	0.163679	0.153356	0.130605	0.0990535	0.065897	0.038045	0.0189218	0.00806762	0.00293997	0.000914276	0.000242522	5.48954e-05	1.06143e-05	1.75586e-06	2.48994e-07	3.0336e-08	3.18325e-09	2.88448e-10	2.26329e-11	1.54208e-12	9.14976e-14	4.74127e-15	2.15183e-16	8.57809e-18	3.01214e-19	9.34357e-21	2.56858e-22	6.28868e-24	1.39011e-25	2.95403e-27	9.89298e-29	
ADCACI_Cicindela_dorsalis	0	0	0	0	0	1	0	0	0	0	0	0	0	0	0	0	0	0	0	0	0	0	0	0	0	0	0	0	0	0	0	0	0	
N178	0.104704	0.120646	0.140777	0.155286	0.153276	0.130581	0.0939313	0.0563117	0.0279198	0.011399	0.00382413	0.00105352	0.00023846	4.44074e-05	6.8179e-06	8.65205e-07	9.1025e-08	7.96548e-09	5.81854e-10	3.5611e-11	1.83312e-12	7.96778e-14	2.93587e-15	9.20681e-17	2.46696e-18	5.67002e-20	1.12213e-21	1.91939e-23	2.84806e-25	3.67944e-27	4.1582e-29	4.22869e-31	6.39731e-33	
N179	0.0719158	0.0864417	0.108852	0.132959	0.14833	0.145408	0.122454	0.0874764	0.0526527	0.0266174	0.0112897	0.00401931	0.00120279	0.000303194	6.45516e-05	1.16435e-05	1.78532e-06	2.33539e-07	2.61598e-08	2.51885e-09	2.09285e-10	1.50633e-11	9.42796e-13	5.1508e-14	2.46549e-15	1.03773e-16	3.85433e-18	1.26763e-19	3.70408e-21	9.65247e-23	2.26182e-24	5.04228e-26	1.86883e-27	
N180	0.000177395	0.00123806	0.00881502	0.04355	0.135951	0.253592	0.280806	0.184814	0.0718892	0.016558	0.00237049	0.000223549	1.46141e-05	6.9035e-07	2.43653e-08	6.60132e-10	1.40382e-11	2.38712e-13	3.29719e-15	3.74947e-17	3.55163e-19	2.83117e-21	1.91655e-23	1.1107e-25	5.55079e-28	2.40791e-30	9.12109e-33	3.03352e-35	8.9031e-38	2.31759e-40	5.39411e-43	1.16212e-45	3.27053e-48	
ADCACI_Cicindela_punctulata	0	0	0	0	1	0	0	0	0	0	0	0	0	0	0	0	0	0	0	0	0	0	0	0	0	0	0	0	0	0	0	0	0	
ADCACI_Therates_sp	0	0	0	0	0	0	0	0	1	0	0	0	0	0	0	0	0	0	0	0	0	0	0	0	0	0	0	0	0	0	0	0	0	
ADCACI_Oxycheila_sp	0	0	0	0	0	0	0	1	0	0	0	0	0	0	0	0	0	0	0	0	0	0	0	0	0	0	0	0	0	0	0	0	0	
N181	0.0928386	0.109733	0.132696	0.151788	0.155247	0.137118	0.102435	0.063941	0.0331166	0.0141787	0.00501065	0.00146162	0.000352336	7.03258e-05	1.16531e-05	1.60794e-06	1.85394e-07	1.7928e-08	1.45971e-09	1.00472e-10	5.87025e-12	2.9234e-13	1.24605e-14	4.56429e-16	1.44265e-17	3.95025e-19	9.40692e-21	1.95566e-22	3.56329e-24	5.71783e-26	8.1707e-28	1.09666e-29	2.21859e-31	
N182	0.132313	0.14877	0.164701	0.167456	0.1485	0.111325	0.0693443	0.0355753	0.0149727	0.00516479	0.00146156	0.000340068	6.52629e-05	1.03696e-05	1.36994e-06	1.51166e-07	1.39986e-08	1.0932e-09	7.23472e-11	4.07717e-12	1.96606e-13	8.15041e-15	2.91809e-16	9.06331e-18	2.45254e-19	5.80616e-21	1.20738e-22	2.21386e-24	3.59262e-26	5.17856e-28	6.66415e-30	7.91114e-32	1.45741e-33	
N183	0.271921	0.260398	0.213297	0.141618	0.0731455	0.0287572	0.00855153	0.00192977	0.000333272	4.45277e-05	4.65641e-06	3.85567e-07	2.55636e-08	1.37149e-09	6.01289e-11	2.17409e-12	6.53844e-14	1.64859e-15	3.51069e-17	6.35758e-19	9.85356e-21	1.3149e-22	1.51924e-24	1.5278e-26	1.34387e-28	1.03875e-30	7.08624e-33	4.28411e-35	2.30425e-37	1.1067e-39	4.76651e-42	1.87568e-44	1.01556e-46	
ADCACI_Prothyma_sp	0	0	1	0	0	0	0	0	0	0	0	0	0	0	0	0	0	0	0	0	0	0	0	0	0	0	0	0	0	0	0	0	0	
ADCACI_Pentacomia_sp	0	1	0	0	0	0	0	0	0	0	0	0	0	0	0	0	0	0	0	0	0	0	0	0	0	0	0	0	0	0	0	0	0	
N184	5.69755e-10	8.5446e-08	9.55633e-06	0.000648016	0.0229796	0.314235	0.466247	0.187561	0.00818133	0.000137444	1.20574e-06	6.40177e-09	2.24783e-11	5.54009e-14	1.0005e-16	1.36771e-19	1.45192e-22	1.22187e-25	8.29152e-29	4.60246e-32	2.11542e-35	8.13655e-39	2.64316e-42	7.31096e-46	1.73431e-49	3.55124e-53	6.31329e-57	9.79563e-61	1.33287e-64	1.59767e-68	1.69735e-72	1.64e-76	1.82656e-80	
ADCACI_Cicindela_sedecimpunctata	0	0	0	0	0	0	0	1	0	0	0	0	0	0	0	0	0	0	0	0	0	0	0	0	0	0	0	0	0	0	0	0	0	
ADCACI_Cicindela_aurulenta	0	0	0	0	0	1	0	0	0	0	0	0	0	0	0	0	0	0	0	0	0	0	0	0	0	0	0	0	0	0	0	0	0	
ADCACI_Cicindela_repanda	0	0	0	0	0	0	0	0	0	0	1	0	0	0	0	0	0	0	0	0	0	0	0	0	0	0	0	0	0	0	0	0	0	
ADCACI_Lophyridia_lunulata	0	0	0	0	0	0	1	0	0	0	0	0	0	0	0	0	0	0	0	0	0	0	0	0	0	0	0	0	0	0	0	0	0	
ADCACI_Cicindela_hybrida	0	0	0	0	0	0	1	0	0	0	0	0	0	0	0	0	0	0	0	0	0	0	0	0	0	0	0	0	0	0	0	0	0	
N185	0.20901	0.204722	0.182631	0.147782	0.107807	0.0704469	0.0409977	0.0211502	0.00963846	0.00387066	0.00136768	0.000424879	0.000116021	2.78555e-05	5.88378e-06	1.09436e-06	1.79438e-07	2.59704e-08	3.32259e-09	3.76339e-10	3.78002e-11	3.37253e-12	2.67746e-13	1.89481e-14	1.19748e-15	6.77049e-17	3.43099e-18	1.56129e-19	6.39376e-21	2.36569e-22	8.02779e-24	2.71583e-25	1.54981e-26	
N186	0.219564	0.213029	0.186622	0.147102	0.103721	0.0649961	0.0359811	0.0175096	0.00746196	0.00277749	0.000901434	0.000254856	6.27478e-05	1.3456e-05	2.5147e-06	4.09892e-07	5.83362e-08	7.25842e-09	7.9068e-10	7.55245e-11	6.33608e-12	4.67686e-13	3.04278e-14	1.74814e-15	8.88572e-17	4.00366e-18	1.60219e-19	5.70581e-21	1.81205e-22	5.14609e-24	1.31779e-25	3.22448e-27	1.31732e-28	
N187	0.242906	0.23087	0.194118	0.143826	0.0933262	0.0527031	0.0257689	0.0108702	0.00394847	0.00123439	0.000332343	7.71788e-05	1.54927e-05	2.69536e-06	4.07601e-07	5.37451e-08	6.19911e-09	6.27521e-10	5.59316e-11	4.40376e-12	3.07263e-13	1.90575e-14	1.05392e-15	5.21206e-17	2.31156e-18	9.21914e-20	3.31525e-21	1.07771e-22	3.17536e-24	8.50913e-26	2.09442e-27	5.03786e-29	2.04402e-30	
N188	0.262333	0.258763	0.218165	0.146298	0.0749316	0.0288963	0.0083969	0.00185427	0.000314904	4.167e-05	4.35306e-06	3.63523e-07	2.45541e-08	1.35604e-09	6.18444e-11	2.35058e-12	7.50821e-14	2.03109e-15	4.68632e-17	9.283e-19	1.58827e-20	2.36038e-22	3.06283e-24	3.48707e-26	3.4992e-28	3.10808e-30	2.45336e-32	1.72745e-34	1.08883e-36	6.16462e-39	3.14911e-41	1.48572e-43	9.89857e-46	
ADCACI_Cicindela_splendida	0	0	0	1	0	0	0	0	0	0	0	0	0	0	0	0	0	0	0	0	0	0	0	0	0	0	0	0	0	0	0	0	0	
ADCACI_Cicindela_sexguttata	0	1	0	0	0	0	0	0	0	0	0	0	0	0	0	0	0	0	0	0	0	0	0	0	0	0	0	0	0	0	0	0	0	
ADCACI_Cicindela_tranquebarica	0	0	0	1	0	0	0	0	0	0	0	0	0	0	0	0	0	0	0	0	0	0	0	0	0	0	0	0	0	0	0	0	0	
N189	0.198695	0.197887	0.181336	0.151055	0.112965	0.0750842	0.0440422	0.0226932	0.0102423	0.00404273	0.0013944	0.0004202	0.00011066	2.5483e-05	5.13585e-06	9.06882e-07	1.40483e-07	1.91188e-08	2.28954e-09	2.41669e-10	2.25246e-11	1.85724e-12	1.35733e-13	8.80983e-15	5.0884e-16	2.62063e-17	1.20594e-18	4.96883e-20	1.83739e-21	6.12065e-23	1.85915e-24	5.51994e-26	2.75523e-27	
N190	0.140522	0.152352	0.159847	0.155228	0.135488	0.104693	0.0711341	0.0423858	0.0221314	0.0101271	0.00406339	0.00143072	0.000442493	0.000120345	2.88177e-05	6.08419e-06	1.13425e-06	1.87013e-07	2.7317e-08	3.54133e-09	4.08203e-10	4.19174e-11	3.8421e-12	3.14967e-13	2.31395e-14	1.52656e-15	9.06213e-17	4.85058e-18	2.34636e-19	1.02959e-20	4.15507e-22	1.67586e-23	1.18479e-24	
ADCACI_Taenidia_circumdata	0	1	0	0	0	0	0	0	0	0	0	0	0	0	0	0	0	0	0	0	0	0	0	0	0	0	0	0	0	0	0	0	0	
N191	1.45068e-05	7.97229e-05	0.000518603	0.0027925	0.0117583	0.037907	0.0920144	0.16572	0.218955	0.21077	0.147401	0.0749207	0.0277773	0.00757019	0.0015351	0.000235244	2.77114e-05	2.55259e-06	1.86868e-07	1.10361e-08	5.32971e-10	2.13056e-11	7.12735e-13	2.01495e-14	4.85652e-16	1.00591e-17	1.80337e-19	2.81671e-21	3.85616e-23	4.65594e-25	5.00933e-27	5.02823e-29	7.49706e-31	
ADCACI_Cicindela_marutha	0	0	0	0	0	0	0	1	0	0	0	0	0	0	0	0	0	0	0	0	0	0	0	0	0	0	0	0	0	0	0	0	0	
ADCACI_Ellipsoptera_marginata	0	0	0	0	0	0	0	0	0	0	0	0	1	0	0	0	0	0	0	0	0	0	0	0	0	0	0	0	0	0	0	0	0	
ADCACI_Cylindera_cognata	0	0	1	0	0	0	0	0	0	0	0	0	0	0	0	0	0	0	0	0	0	0	0	0	0	0	0	0	0	0	0	0	0	
N192	0.100474	0.110402	0.121213	0.128977	0.129287	0.119504	0.100415	0.0760299	0.0516093	0.0313216	0.0169737	0.00821028	0.00354549	0.00136765	0.000471648	0.000145562	4.02503e-05	9.98489e-06	2.22519e-06	4.46143e-07	8.05978e-08	1.314e-08	1.93638e-09	2.58354e-10	3.12603e-11	3.43594e-12	3.43641e-13	3.13283e-14	2.60908e-15	1.99428e-16	1.42702e-17	1.06759e-18	1.4792e-19	
ADCACI_Myriochile_undulata	0	0	0	0	0	0	0	1	0	0	0	0	0	0	0	0	0	0	0	0	0	0	0	0	0	0	0	0	0	0	0	0	0	
ADCACI_Lophyra_sp	0	0	0	0	0	0	0	1	0	0	0	0	0	0	0	0	0	0	0	0	0	0	0	0	0	0	0	0	0	0	0	0	0	
N193	0.160315	0.162236	0.154646	0.13869	0.116706	0.0918286	0.0673158	0.0458165	0.0288663	0.0167938	0.00900418	0.00444261	0.00201497	0.000839523	0.000321178	0.000112806	3.63743e-05	1.07698e-05	2.92883e-06	7.31864e-07	1.68121e-07	3.55229e-08	6.90801e-09	1.2372e-09	2.04207e-10	3.10867e-11	4.36826e-12	5.67221e-13	6.82109e-14	7.65035e-15	8.24483e-16	9.76452e-17	2.1345e-17	
N194	0.113747	0.119554	0.122331	0.121015	0.1148	0.10362	0.0883917	0.0708739	0.0531921	0.0372501	0.0242839	0.0147128	0.00827445	0.00431617	0.0020871	0.000935277	0.000388355	0.000149421	5.32765e-05	1.76073e-05	5.39522e-06	1.53333e-06	4.04342e-07	9.89816e-08	2.25055e-08	4.756e-09	9.35082e-10	1.71379e-10	2.94229e-11	4.79972e-12	7.77776e-13	1.44148e-13	4.59431e-14	
N195	0.00478857	0.00776139	0.0151258	0.0295244	0.0529143	0.0841224	0.11704	0.141709	0.148932	0.135706	0.107167	0.0733579	0.0435524	0.0224484	0.0100587	0.00392453	0.0013358	0.000397484	0.000103635	2.37334e-05	4.78598e-06	8.52055e-07	1.34276e-07	1.87812e-08	2.3378e-09	2.59676e-10	2.58131e-11	2.30403e-12	1.85603e-13	1.36436e-14	9.44849e-16	6.86135e-17	8.15737e-18	
N196	0.00221398	0.00401532	0.00930186	0.0218339	0.0462231	0.0839751	0.128187	0.162861	0.171431	0.149182	0.107238	0.0636875	0.0312775	0.0127222	0.00429506	0.00120666	0.000282954	5.55656e-05	9.17088e-06	1.27694e-06	1.50581e-07	1.50988e-08	1.29246e-09	9.48286e-11	5.98721e-12	3.26568e-13	1.54474e-14	6.36081e-16	2.28882e-17	7.23052e-19	2.02844e-20	5.41083e-22	2.3859e-23	
ADCACA_Pamborus_tropicus	0	0	0	0	0	0	0	0	0	0	1	0	0	0	0	0	0	0	0	0	0	0	0	0	0	0	0	0	0	0	0	0	0	
N197	0.00209591	0.00437189	0.0112305	0.0273701	0.0577486	0.102038	0.14875	0.17746	0.172434	0.136096	0.0871435	0.0452669	0.0190944	0.00655263	0.00183424	0.000420212	7.90928e-05	1.22843e-05	1.58176e-06	1.69691e-07	1.52441e-08	1.15269e-09	7.37431e-11	4.0118e-12	1.86524e-13	7.44773e-15	2.56602e-16	7.66348e-18	1.9927e-19	4.53152e-21	9.07498e-23	1.67281e-24	4.9536e-26	
ADCACA_Pamborus_opacus	0	0	1	0	0	0	0	0	0	0	0	0	0	0	0	0	0	0	0	0	0	0	0	0	0	0	0	0	0	0	0	0	0	
ADCACA_Cychrus_caraboides	0	0	0	0	0	0	0	0	0	0	0	0	1	0	0	0	0	0	0	0	0	0	0	0	0	0	0	0	0	0	0	0	0	
ADCACA_Pamborus_alternans	0	0	0	0	0	0	0	0	0	0	0	0	1	0	0	0	0	0	0	0	0	0	0	0	0	0	0	0	0	0	0	0	0	
N198	0.0560813	0.0655618	0.0799638	0.0968862	0.112146	0.120864	0.119427	0.107236	0.0870658	0.0637416	0.0420191	0.0249257	0.0133039	0.00639073	0.00276429	0.00107743	0.000378751	0.000120203	3.44804e-05	8.95066e-06	2.10539e-06	4.49365e-07	8.71513e-08	1.53812e-08	2.47403e-09	3.63238e-10	4.87631e-11	5.99839e-12	6.78578e-13	7.12331e-14	7.14958e-15	7.74771e-16	1.50403e-16	
N199	0.00144945	0.0048192	0.0187074	0.0583097	0.133411	0.21581	0.240924	0.183659	0.0962135	0.0352992	0.0092969	0.00180372	0.000264169	2.986e-05	2.65652e-06	1.8925e-07	1.09604e-08	5.22926e-10	2.07953e-11	6.96455e-13	1.98256e-14	4.83663e-16	1.01872e-17	1.86493e-19	2.9854e-21	4.20221e-23	5.22758e-25	5.7753e-27	5.6952e-29	5.04974e-31	4.09554e-33	3.21656e-35	3.52318e-37	
ADCACA_Carabus_auronitens	0	0	0	0	0	0	1	0	0	0	0	0	0	0	0	0	0	0	0	0	0	0	0	0	0	0	0	0	0	0	0	0	0	
ADCACA_Carabus_nemoralis	0	0	0	0	0	0	1	0	0	0	0	0	0	0	0	0	0	0	0	0	0	0	0	0	0	0	0	0	0	0	0	0	0	
N200	0.00130508	0.00313665	0.00936465	0.0255244	0.0581169	0.107625	0.160123	0.189875	0.178528	0.132779	0.078156	0.0365252	0.0136262	0.0040865	0.000993124	0.000197251	3.22954e-05	4.39584e-06	5.0149e-07	4.83246e-08	3.96212e-09	2.78298e-10	1.68533e-11	8.85189e-13	4.05476e-14	1.62822e-15	5.75932e-17	1.80269e-18	5.0159e-20	1.24803e-21	2.8159e-23	6.13757e-25	2.14089e-26	
ADCACA_Carabus_punctatoauratus	0	0	0	0	0	0	0	0	1	0	0	0	0	0	0	0	0	0	0	0	0	0	0	0	0	0	0	0	0	0	0	0	0	
ADCACA_Carabus_granulatus	0	0	0	0	0	0	0	0	1	0	0	0	0	0	0	0	0	0	0	0	0	0	0	0	0	0	0	0	0	0	0	0	0	
N201	0.131546	0.139201	0.142764	0.139057	0.126416	0.105982	0.0813378	0.0569004	0.0361928	0.0209011	0.0109485	0.0051989	0.00223697	0.000871934	0.00030783	9.84286e-05	2.85058e-05	7.47845e-06	1.77771e-06	3.83034e-07	7.48408e-08	1.32687e-08	2.13616e-09	3.12599e-10	4.16343e-11	5.05591e-12	5.61243e-13	5.71804e-14	5.38409e-15	4.75296e-16	4.08166e-17	3.8561e-18	6.56411e-19	
N202	0.163183	0.165718	0.158635	0.142392	0.119043	0.0920785	0.065517	0.0426874	0.0253792	0.0137332	0.00675102	0.00301093	0.00121725	0.000445815	0.000147873	4.44154e-05	1.20812e-05	2.97644e-06	6.64407e-07	1.34431e-07	2.46667e-08	4.10702e-09	6.20918e-10	8.53007e-11	1.06571e-11	1.21198e-12	1.25609e-13	1.18839e-14	1.02982e-15	8.24316e-17	6.25728e-18	4.99519e-19	6.97787e-20	
N203	0.16739	0.168913	0.159975	0.141842	0.117238	0.0898897	0.0636267	0.0414011	0.0246775	0.0134374	0.00667058	0.00301443	0.00123884	0.00046273	0.000157042	4.84232e-05	1.35675e-05	3.45525e-06	8.00154e-07	1.68581e-07	3.23332e-08	5.64929e-09	8.99851e-10	1.30778e-10	1.73568e-11	2.1058e-12	2.33836e-13	2.38109e-14	2.23171e-15	1.94373e-16	1.61951e-17	1.43675e-18	2.20051e-19	
ADCAPA_Penetretus_sp	0	0	0	0	0	0	0	1	0	0	0	0	0	0	0	0	0	0	0	0	0	0	0	0	0	0	0	0	0	0	0	0	0	
N204	0.203521	0.199179	0.177926	0.145171	0.108077	0.0732856	0.0451695	0.0252562	0.01279	0.0058587	0.00242537	0.000906938	0.00030628	9.34214e-05	2.57459e-05	6.41423e-06	1.44567e-06	2.95026e-07	5.45692e-08	9.15805e-09	1.39615e-09	1.93585e-10	2.44443e-11	2.81461e-12	2.95925e-13	2.84486e-14	2.50414e-15	2.02124e-16	1.49887e-17	1.02566e-18	6.59932e-20	4.43566e-21	5.49479e-22	
ADCABR_Promecoderus_sp	0	0	0	0	1	0	0	0	0	0	0	0	0	0	0	0	0	0	0	0	0	0	0	0	0	0	0	0	0	0	0	0	0	
N205	0.28182	0.257531	0.200386	0.132316	0.073757	0.0345559	0.0135741	0.00446944	0.00123547	0.00028757	5.6583e-05	9.45398e-06	1.34777e-06	1.64753e-07	1.73538e-08	1.58268e-09	1.25561e-10	8.70418e-12	5.29506e-13	2.83832e-14	1.34582e-15	5.66564e-17	2.12508e-18	7.1254e-20	2.14253e-21	5.7947e-23	1.41373e-24	3.11984e-26	6.245e-28	1.13802e-29	1.90625e-31	3.09632e-33	8.06098e-35	
ADCAPS_Mecyclothorax_sp	0	1	0	0	0	0	0	0	0	0	0	0	0	0	0	0	0	0	0	0	0	0	0	0	0	0	0	0	0	0	0	0	0	
ADCAPS_Amblytelus_curtus	0	0	1	0	0	0	0	0	0	0	0	0	0	0	0	0	0	0	0	0	0	0	0	0	0	0	0	0	0	0	0	0	0	
ADCASC_Clivina_sp	0	0	0	1	0	0	0	0	0	0	0	0	0	0	0	0	0	0	0	0	0	0	0	0	0	0	0	0	0	0	0	0	0	
N206	0.110841	0.120062	0.12812	0.131107	0.125982	0.112193	0.0919303	0.0690511	0.0474566	0.0298158	0.0171175	0.00897842	0.00430245	0.00188371	0.000753628	0.000275575	9.21272e-05	2.81686e-05	7.88087e-06	2.01863e-06	4.73711e-07	1.0193e-07	2.01319e-08	3.65467e-09	6.10927e-10	9.42842e-11	1.34857e-11	1.79846e-12	2.25854e-13	2.71773e-14	3.23816e-15	4.08739e-16	7.05028e-17	
ADCANE_Notiophilus_sp	0	0	0	0	0	0	0	0	0	0	0	0	0	0	0	0	0	0	0	1	0	0	0	0	0	0	0	0	0	0	0	0	0	
ADCACA_Calosoma_inquistor	0	0	0	1	0	0	0	0	0	0	0	0	0	0	0	0	0	0	0	0	0	0	0	0	0	0	0	0	0	0	0	0	0	
