NODE	9	10	11	12	13	14	15	16	17	18	19	20	21	22	23	24	25	26	27	28	29	30	31	32	33	34	35	36	37	38	39	40	41	42	43	44	45	46	47	
N1	2.90252e-39	5.81294e-38	1.70303e-36	4.76664e-35	1.23554e-33	2.9546e-32	6.5063e-31	1.31711e-29	2.44687e-28	4.16436e-27	6.48141e-26	9.20888e-25	1.19231e-23	1.40425e-22	1.50177e-21	1.45582e-20	1.27705e-19	1.01195e-18	7.23196e-18	4.6537e-17	8.77794e-13	2.36792e-11	5.13445e-10	8.92687e-09	1.24173e-07	1.37926e-06	1.22146e-05	8.61433e-05	0.000483476	0.0021593	0.00767999	0.0217951	0.049538	0.0907834	0.135713	0.168834	0.180746	0.175578	0.166589	
N2	2.817e-40	4.44306e-39	1.50865e-37	5.24357e-36	1.69206e-34	5.04192e-33	1.42472e-31	4.17378e-30	1.50444e-28	7.23051e-27	3.99081e-25	2.14418e-23	1.04015e-21	4.43893e-20	1.65104e-18	5.32991e-17	1.48962e-15	3.59732e-14	7.49194e-13	1.34262e-11	2.06468e-10	2.71555e-09	3.04347e-08	2.89549e-07	2.32948e-06	1.57893e-05	8.98455e-05	0.000427791	0.00169954	0.00562118	0.0154581	0.0353484	0.0673669	0.107592	0.145476	0.169167	0.17241	0.155863	0.123462	
N3	5.5782e-33	1.68574e-31	1.00077e-29	5.71331e-28	2.94786e-26	1.36483e-24	5.65375e-23	2.09003e-21	6.87675e-20	2.00849e-18	5.19318e-17	1.18544e-15	2.38234e-14	4.20333e-13	6.49293e-12	8.75671e-11	1.02827e-09	1.04852e-08	9.2601e-08	7.06548e-07	4.64646e-06	2.6278e-05	0.000127545	0.00053031	0.00188577	0.00572709	0.0148378	0.0327654	0.0616307	0.0987091	0.134602	0.156298	0.154629	0.130477	0.0941237	0.0583782	0.0316189	0.0156437	0.00798415	
N4	2.94896e-27	8.8075e-27	3.62222e-26	1.60989e-25	7.74448e-25	6.56094e-24	2.22389e-22	1.1543e-20	5.45938e-19	2.21848e-17	7.67784e-16	2.25346e-14	5.58948e-13	1.16791e-11	2.04946e-10	3.01167e-09	3.69589e-08	3.7779e-07	3.20892e-06	2.25993e-05	0.000131708	0.000634141	0.0025189	0.00824563	0.0222282	0.0493267	0.0901036	0.135529	0.167982	0.171765	0.145127	0.101544	0.0590101	0.028597	0.011625	0.00400187	0.00118828	0.000319766	9.5442e-05	
N5	2.06347e-33	7.99975e-32	6.56499e-30	5.55696e-28	4.42878e-26	3.19536e-24	2.0352e-22	1.1266e-20	5.36792e-19	2.18734e-17	7.5865e-16	2.23094e-14	5.54313e-13	1.15999e-11	2.03833e-10	2.99888e-09	3.684e-08	3.76909e-07	3.20385e-06	2.25777e-05	0.00013165	0.000634113	0.00251955	0.00824948	0.0222413	0.0493578	0.0901573	0.135595	0.168035	0.171778	0.145095	0.101484	0.0589502	0.0285542	0.0116014	0.00399152	0.00118454	0.000318579	9.50365e-05	
N6	7.63756e-29	2.22815e-27	1.24497e-25	7.24242e-24	3.90982e-22	1.88756e-20	8.01095e-19	2.95784e-17	9.43091e-16	2.58176e-14	6.03917e-13	1.20203e-11	2.028e-10	2.88991e-09	3.46654e-08	3.48901e-07	2.93746e-06	2.06275e-05	0.000120489	0.000583961	0.00234303	0.0077671	0.0212367	0.047826	0.0886206	0.135022	0.1691	0.174098	0.147428	0.102781	0.0590774	0.0280531	0.0110354	0.00361028	0.000988099	0.000228571	4.56965e-05	8.45957e-06	1.92883e-06	
N7	4.40547e-22	5.49686e-21	1.00634e-19	2.02458e-18	4.06009e-17	7.74634e-16	1.36825e-14	2.19807e-13	3.17375e-12	4.08523e-11	4.66015e-10	4.68934e-09	4.14625e-08	3.20998e-07	2.1688e-06	1.27472e-05	6.49726e-05	0.000286303	0.0010874	0.00354926	0.00992748	0.0237314	0.0483619	0.0838299	0.123355	0.153844	0.162419	0.145043	0.10953	0.0699606	0.0378274	0.0173383	0.00675129	0.00224043	0.000636889	0.000156639	3.41809e-05	7.17469e-06	1.91297e-06	
N8	1.06624e-33	1.38961e-31	2.76608e-29	5.34945e-27	9.17895e-25	1.35809e-22	1.70988e-20	1.81341e-18	1.60349e-16	1.16903e-14	6.93979e-13	3.30787e-11	1.24625e-09	3.64656e-08	8.12757e-07	1.35127e-05	0.00016398	0.00142216	0.00865082	0.0363373	0.103984	0.200133	0.255956	0.215683	0.119768	0.0443826	0.0112285	0.00199385	0.000255626	2.42995e-05	1.75419e-06	9.82429e-08	4.35007e-09	1.54912e-10	4.50773e-12	1.08843e-13	2.2157e-15	3.87928e-17	7.02804e-19	
N9	4.6903e-41	2.27401e-38	1.42163e-35	7.62931e-33	3.46472e-30	1.3199e-27	4.17935e-25	1.08897e-22	2.30922e-20	3.937e-18	5.32412e-16	5.62612e-14	4.56931e-12	2.8005e-10	1.26962e-08	4.16653e-07	9.67325e-06	0.00015513	0.001677	0.0119187	0.0542622	0.154009	0.265341	0.27181	0.164719	0.0601605	0.0136991	0.00202201	0.000200917	1.39092e-05	6.91438e-07	2.534e-08	7.00515e-10	1.49039e-11	2.48402e-13	3.29523e-15	3.5311e-17	3.13002e-19	3.2277e-21	
POCUDR_Sitophilus_granarius	0	0	0	0	0	0	0	0	0	0	0	0	0	0	0	0	0	0	0	0	0	0	0	1	0	0	0	0	0	0	0	0	0	0	0	0	0	0	0	
POCUDR_Sitophilus_zeamais	0	0	0	0	0	0	0	0	0	0	0	0	0	0	0	0	0	0	0	0	0	0	0	1	0	0	0	0	0	0	0	0	0	0	0	0	0	0	0	
POCUDR_Sitophilus_oryzae	0	0	0	0	0	0	0	0	0	0	0	0	0	0	0	0	0	1	0	0	0	0	0	0	0	0	0	0	0	0	0	0	0	0	0	0	0	0	0	
POCUMO_Pachylobius_picivorus	0	0	0	0	0	0	0	0	0	1	0	0	0	0	0	0	0	0	0	0	0	0	0	0	0	0	0	0	0	0	0	0	0	0	0	0	0	0	0	
N10	6.61883e-27	2.40553e-25	1.54578e-23	9.49794e-22	5.11566e-20	2.36912e-18	9.36922e-17	3.15011e-15	8.9692e-14	2.15448e-12	4.34988e-11	7.35486e-10	1.03775e-08	1.2177e-07	1.18439e-06	9.51924e-06	6.30388e-05	0.000343046	0.00153036	0.00558491	0.0166433	0.0404414	0.0800387	0.128926	0.168965	0.180172	0.156386	0.110585	0.0637835	0.0300567	0.0115949	0.00367052	0.000956246	0.00020574	3.67344e-05	5.48898e-06	7.01031e-07	8.25108e-08	1.26428e-08	
N11	1.39001e-16	1.30831e-15	2.68942e-14	5.51084e-13	9.95932e-12	1.55764e-10	2.09497e-09	2.41128e-08	2.36396e-07	1.96497e-06	1.37861e-05	8.12911e-05	0.000401259	0.00165207	0.00565599	0.0160609	0.0377578	0.073404	0.117959	0.156739	0.172384	0.157183	0.119085	0.075165	0.0396467	0.0175343	0.00652547	0.00205117	0.000546669	0.000124015	2.40411e-05	3.99838e-06	5.72801e-07	7.09813e-08	7.64602e-09	7.21053e-10	6.042e-11	4.74017e-12	4.84121e-13	
N12	1.73933e-19	6.91043e-18	4.75943e-16	2.89272e-14	1.45393e-12	5.93972e-11	1.94363e-09	5.01301e-08	1.00086e-06	1.51598e-05	0.000170431	0.00139038	0.0080594	0.0326584	0.091669	0.177549	0.237142	0.218986	0.140927	0.0641626	0.021083	0.0051084	0.000931983	0.000130511	1.4272e-05	1.23755e-06	8.62501e-08	4.88985e-09	2.2794e-10	8.82077e-12	2.85833e-13	7.81718e-15	1.81736e-16	3.61558e-18	6.19503e-20	9.20728e-22	1.20103e-23	1.42365e-25	2.01835e-27	
POCUCE_Phytobius_sp	0	0	0	0	0	0	0	0	0	0	0	0	0	0	0	0	0	1	0	0	0	0	0	0	0	0	0	0	0	0	0	0	0	0	0	0	0	0	0	
POCUCU_Gymnetron_tetrum	0	0	0	0	0	0	0	0	0	0	0	0	1	0	0	0	0	0	0	0	0	0	0	0	0	0	0	0	0	0	0	0	0	0	0	0	0	0	0	
N13	7.29046e-32	1.84301e-29	6.57951e-27	2.12668e-24	5.83513e-22	1.333e-19	2.50155e-17	3.80232e-15	4.60527e-13	4.35924e-11	3.15024e-09	1.68849e-07	6.47153e-06	0.000169128	0.00282733	0.0276701	0.140125	0.317715	0.323768	0.147656	0.0348138	0.00479895	0.000422409	2.5298e-05	1.08067e-06	3.41403e-08	8.20779e-10	1.53678e-11	2.28414e-13	2.73866e-15	2.68546e-17	2.17933e-19	1.47903e-21	8.47261e-24	4.13221e-26	1.73146e-28	6.31847e-31	2.07675e-33	7.47125e-36	
POCUCU_Gymnetron_antirhini	0	0	0	0	0	0	0	0	0	0	0	0	0	0	0	0	0	0	1	0	0	0	0	0	0	0	0	0	0	0	0	0	0	0	0	0	0	0	0	
POCUEN_Naupactus_xanthographus	0	0	0	0	0	0	0	0	0	0	0	0	0	0	0	0	1	0	0	0	0	0	0	0	0	0	0	0	0	0	0	0	0	0	0	0	0	0	0	
N14	2.65651e-26	8.0762e-25	4.76353e-23	2.75616e-21	1.40336e-19	6.15179e-18	2.3038e-16	7.33524e-15	1.97778e-13	4.49915e-12	8.60445e-11	1.37863e-09	1.84436e-08	2.05349e-07	1.89687e-06	1.44939e-05	9.13546e-05	0.000473758	0.00201675	0.0070327	0.0200539	0.0466932	0.0886755	0.137253	0.173079	0.177818	0.148897	0.1017	0.0567276	0.0258814	0.00967716	0.0029723	0.000752035	0.000157287	2.73266e-05	3.97875e-06	4.96224e-07	5.72054e-08	8.65896e-09	
N15	7.57085e-30	3.04323e-28	2.24863e-26	1.59987e-24	1.01533e-22	5.6733e-21	2.77566e-19	1.18336e-17	4.37474e-16	1.39515e-14	3.8173e-13	8.90966e-12	1.76326e-10	2.94021e-09	4.10389e-08	4.76231e-07	4.56269e-06	3.58381e-05	0.000229162	0.00118475	0.0049199	0.0163114	0.0429428	0.089366	0.146489	0.188699	0.190827	0.151575	0.094758	0.0467885	0.0183366	0.00573815	0.00144376	0.000294302	4.90187e-05	6.74318e-06	7.81149e-07	8.12824e-08	1.07653e-08	
POCUEN_Brachyderes_incanus	0	0	0	0	0	0	0	0	0	0	0	0	0	0	0	0	0	0	0	0	0	1	0	0	0	0	0	0	0	0	0	0	0	0	0	0	0	0	0	
N16	1.29009e-39	1.9226e-37	4.40278e-35	9.04508e-33	1.6316e-30	2.57055e-28	3.51921e-26	4.16421e-24	4.23436e-22	3.67744e-20	2.70991e-18	1.68255e-16	8.73609e-15	3.76275e-13	1.33284e-11	3.84693e-10	8.95761e-09	1.66489e-07	2.44195e-06	2.79232e-05	0.000245738	0.00164209	0.00821742	0.0303768	0.0818973	0.159306	0.221881	0.220512	0.156551	0.0798493	0.0295464	0.0080334	0.00162842	0.00024987	2.94672e-05	2.71166e-06	1.9848e-07	1.22771e-08	9.73023e-10	
POCUEN_Strophosoma_capitatum	0	0	0	0	0	0	0	0	0	0	0	0	0	0	0	0	0	0	0	0	0	0	0	0	0	0	0	0	1	0	0	0	0	0	0	0	0	0	0	
POCUEN_Strophosoma_melanogrammum	0	0	0	0	0	0	0	0	0	0	0	0	0	0	0	0	0	0	0	0	0	0	0	0	0	1	0	0	0	0	0	0	0	0	0	0	0	0	0	
N17	9.51941e-20	1.01541e-18	1.87226e-17	3.92915e-16	7.96596e-15	1.46497e-13	2.38946e-12	3.42534e-11	4.2945e-10	4.69188e-09	4.45245e-08	3.65859e-07	2.59515e-06	1.58429e-05	8.29929e-05	0.000371986	0.00142258	0.00462939	0.0127871	0.0299088	0.0591124	0.0985365	0.138315	0.163289	0.16199	0.134978	0.0944677	0.0555573	0.0274813	0.0114491	0.00402473	0.00119652	0.000301646	6.46924e-05	1.18514e-05	1.86742e-06	2.57969e-07	3.38141e-08	5.98914e-09	
POCUEN_Sitona_lineatus	0	0	0	0	0	0	0	0	0	0	0	0	0	0	0	1	0	0	0	0	0	0	0	0	0	0	0	0	0	0	0	0	0	0	0	0	0	0	0	
POCUEN_Sitona_hispidulus	0	0	0	0	0	0	0	0	0	0	0	0	0	0	0	0	1	0	0	0	0	0	0	0	0	0	0	0	0	0	0	0	0	0	0	0	0	0	0	
N18	7.07749e-24	6.67537e-23	1.23925e-21	2.62191e-20	5.39945e-19	1.03144e-17	1.80029e-16	2.85453e-15	4.09855e-14	5.31533e-13	6.21172e-12	6.52616e-11	6.14951e-10	5.18466e-09	3.90163e-08	2.61434e-07	1.55601e-06	8.20633e-06	3.82599e-05	0.000157325	0.000569311	0.00180924	0.00503974	0.012284	0.0261608	0.0486211	0.0787924	0.111276	0.136937	0.146881	0.137422	0.112286	0.0802723	0.0503415	0.0278078	0.0136277	0.00602173	0.00251046	0.00113349	
POCUEN_Dyslobus_sp	0	0	0	0	0	0	0	0	0	0	0	0	0	0	0	0	0	0	0	0	0	0	1	0	0	0	0	0	0	0	0	0	0	0	0	0	0	0	0	
POCUEN_Chlorophanus_sp	0	0	0	0	0	0	0	0	0	0	0	0	0	0	0	0	0	0	0	0	0	0	0	0	0	0	0	0	0	0	0	1	0	0	0	0	0	0	0	
POCUEN_Otiorhynchus_armadillo	0	0	0	0	0	0	0	0	0	0	0	0	0	0	1	0	0	0	0	0	0	0	0	0	0	0	0	0	0	0	0	0	0	0	0	0	0	0	0	
N19	1.06971e-31	3.07818e-30	1.39782e-28	6.59656e-27	3.00002e-25	1.26167e-23	4.80378e-22	1.63841e-20	4.97633e-19	1.34077e-17	3.19457e-16	6.71239e-15	1.24048e-13	2.01099e-12	2.8524e-11	3.53074e-10	3.80421e-09	3.55886e-08	2.88357e-07	2.01874e-06	1.21831e-05	6.32413e-05	0.000281782	0.00107562	0.00351138	0.00978806	0.0232668	0.0471109	0.0811897	0.119031	0.148447	0.157566	0.142557	0.110304	0.0734972	0.0427764	0.0223929	0.0111841	0.00594264	
N20	1.50301e-32	4.95256e-31	3.03264e-29	1.8262e-27	9.9562e-26	4.83753e-24	2.08468e-22	7.94495e-21	2.67109e-19	7.90252e-18	2.05239e-16	4.66775e-15	9.27338e-14	1.6054e-12	2.41592e-11	3.15265e-10	3.55896e-09	3.46737e-08	2.90875e-07	2.09641e-06	1.29533e-05	6.84763e-05	0.000309119	0.00118954	0.00389588	0.0108443	0.0256246	0.0513528	0.0872255	0.125536	0.153115	0.158404	0.13927	0.104468	0.0673683	0.0379193	0.0192118	0.00932206	0.00485965	
N21	1.46926e-31	3.88152e-30	1.89038e-28	9.4158e-27	4.35209e-25	1.81952e-23	6.82372e-22	2.28642e-20	6.8245e-19	1.80955e-17	4.2507e-16	8.82143e-15	1.61281e-13	2.59034e-12	3.6443e-11	4.47822e-10	4.79271e-09	4.45454e-08	3.58551e-07	2.49247e-06	1.49241e-05	7.67759e-05	0.000338533	0.00127661	0.00410895	0.0112685	0.0262924	0.0521367	0.0877983	0.125527	0.152412	0.157317	0.138332	0.104031	0.0673924	0.0381259	0.0193635	0.00935497	0.00482997	
N22	7.47912e-34	3.12463e-32	2.42121e-30	1.76247e-28	1.14562e-26	6.60877e-25	3.37306e-23	1.51875e-21	6.01495e-20	2.08906e-18	6.3433e-17	1.67872e-15	3.85986e-14	7.68642e-13	1.32146e-11	1.95519e-10	2.48176e-09	2.69414e-08	2.49377e-07	1.96244e-06	1.30925e-05	7.38562e-05	0.00035142	0.00140727	0.00473361	0.0133522	0.0315425	0.0623476	0.103065	0.142486	0.164836	0.159777	0.130061	0.0892542	0.0519892	0.0260463	0.0115523	0.00485514	0.00225307	
N23	7.21899e-26	9.99603e-25	2.9736e-23	9.07395e-22	2.54555e-20	6.45594e-19	1.47366e-17	3.01905e-16	5.53639e-15	9.06384e-14	1.32115e-12	1.70985e-11	1.95945e-10	1.98278e-09	1.7668e-08	1.38256e-07	9.4754e-07	5.6728e-06	2.95932e-05	0.000134199	0.000527834	0.00179702	0.00528599	0.0134131	0.0293223	0.0551691	0.0892742	0.124205	0.148576	0.152875	0.135418	0.103412	0.0682269	0.0390198	0.0194572	0.00855723	0.00340736	0.00131172	0.000572963	
POCUEN_Hypomeces_squamosus	0	0	0	0	0	0	0	0	0	0	0	0	0	0	0	0	0	0	0	0	0	0	0	1	0	0	0	0	0	0	0	0	0	0	0	0	0	0	0	
POCUEN_Sympiezomias_cribricollis	0	0	0	0	0	0	0	0	0	0	0	0	0	0	0	0	0	0	0	0	0	0	0	0	0	0	1	0	0	0	0	0	0	0	0	0	0	0	0	
N24	5.45024e-36	3.69979e-34	4.30876e-32	4.57518e-30	4.28354e-28	3.51948e-26	2.52859e-24	1.58281e-22	8.60029e-21	4.04084e-19	1.63536e-17	5.67829e-16	1.68474e-14	4.25403e-13	9.10433e-12	1.64479e-10	2.49828e-09	3.17778e-08	3.372e-07	2.97394e-06	2.17239e-05	0.000131006	0.000650279	0.00264984	0.00884443	0.0241355	0.0537761	0.0977459	0.144897	0.175229	0.173051	0.139816	0.0926827	0.050633	0.0229596	0.00874947	0.00287184	0.000862645	0.000289964	
N25	1.0409e-29	3.60862e-28	2.26436e-26	1.39001e-24	7.66647e-23	3.73036e-21	1.5909e-19	5.92065e-18	1.91507e-16	5.36232e-15	1.29461e-13	2.68409e-12	4.75991e-11	7.19172e-10	9.22189e-09	9.99834e-08	9.13225e-07	7.00253e-06	4.4928e-05	0.000240438	0.00107012	0.00395035	0.0120653	0.030423	0.0632161	0.10809	0.15193	0.175459	0.166499	0.129911	0.0834617	0.0442469	0.0194181	0.00708594	0.00216419	0.000559133	0.000124855	2.56542e-05	6.26604e-06	
POCUEN_Barypeithes_sp	0	0	0	0	0	0	0	0	0	0	0	0	0	0	0	1	0	0	0	0	0	0	0	0	0	0	0	0	0	0	0	0	0	0	0	0	0	0	0	
N26	6.74482e-42	9.50694e-40	2.11989e-37	4.35152e-35	7.96186e-33	1.29079e-30	1.84603e-28	2.31833e-26	2.54406e-24	2.42666e-22	2.00055e-20	1.41672e-18	8.5609e-17	4.38237e-15	1.88546e-13	6.75896e-12	1.99967e-10	4.83158e-09	9.42385e-08	1.46487e-06	1.7892e-05	0.000169074	0.00121567	0.00653603	0.0258286	0.0738662	0.151068	0.219403	0.225834	0.165201	0.0865363	0.0328599	0.00918797	0.0019251	0.000307833	3.83147e-05	3.81186e-06	3.23442e-07	3.31548e-08	
N27	3.02765e-42	1.14601e-41	5.06636e-41	2.17051e-40	8.9475e-40	3.54427e-39	1.34738e-38	4.90933e-38	1.71204e-37	5.70598e-37	1.81467e-36	5.49805e-36	1.58421e-35	1.22639e-57	4.044e-51	3.76187e-45	1.56752e-39	3.45555e-34	4.38082e-29	3.30332e-24	1.49169e-19	3.96285e-15	5.88478e-11	4.43601e-07	0.00138088	0.994165	0.00444938	4.5886e-06	1.94017e-09	4.12116e-13	4.82906e-17	3.27782e-21	1.30968e-25	3.05593e-30	4.02517e-35	2.75766e-40	8.3824e-46	7.32431e-52	6.13545e-34	
POCUEN_Hypera_postica	0	0	0	0	0	0	0	0	0	0	0	0	0	0	0	0	0	0	0	0	0	0	0	0	0	1	0	0	0	0	0	0	0	0	0	0	0	0	0	
POCUEN_Hypera_nigrirostris	0	0	0	0	0	0	0	0	0	0	0	0	0	0	0	0	0	0	0	0	0	0	0	0	0	1	0	0	0	0	0	0	0	0	0	0	0	0	0	
POCUEN_Polydrusus_mollis_M	0	0	0	0	0	0	0	0	0	0	0	0	0	0	0	0	0	0	0	0	0	0	0	0	0	0	0	0	0	1	0	0	0	0	0	0	0	0	0	
N28	2.62454e-34	1.08364e-32	8.41188e-31	6.21054e-29	4.13102e-27	2.45868e-25	1.3048e-23	6.15355e-22	2.57004e-20	9.47165e-19	3.06875e-17	8.70702e-16	2.15487e-14	4.6327e-13	8.61559e-12	1.38011e-10	1.89596e-09	2.22398e-08	2.21776e-07	1.87198e-06	1.33183e-05	7.95388e-05	0.000397204	0.00165269	0.00571093	0.0163432	0.0386431	0.0753602	0.121072	0.160162	0.174499	0.156746	0.116321	0.0715609	0.0367115	0.0158838	0.00594991	0.00207275	0.000818669	
POCUEN_Eudiagogus_sp	0	0	0	0	0	0	0	0	0	0	0	0	0	0	0	0	0	0	0	0	0	0	0	0	0	0	0	0	0	0	0	0	1	0	0	0	0	0	0	
POCUEN_Liophloeus_tessulatus	0	0	0	0	0	0	0	0	0	0	0	0	0	0	0	0	0	0	0	0	0	0	0	0	0	0	1	0	0	0	0	0	0	0	0	0	0	0	0	
POCUEN_Bothrometopus_sp	0	0	0	0	0	0	0	0	0	0	0	0	0	0	0	0	0	0	0	0	0	0	0	0	0	0	1	0	0	0	0	0	0	0	0	0	0	0	0	
N29	5.49748e-19	2.83653e-18	2.93887e-17	3.62102e-16	4.4504e-15	5.13499e-14	5.45217e-13	5.28946e-12	4.674e-11	3.75437e-10	2.73686e-09	1.80794e-08	1.08068e-07	5.83692e-07	2.84475e-06	1.24939e-05	4.93837e-05	0.000175456	0.000559678	0.00160109	0.00410352	0.0094135	0.0193124	0.0354076	0.0579785	0.0847515	0.110561	0.1287	0.133695	0.123982	0.102708	0.0760907	0.050502	0.030115	0.016216	0.00796353	0.003646	0.00163904	0.000811825	
POCUEN_Phyllobius_pyri	0	0	0	0	0	0	0	0	0	0	0	0	0	0	0	0	0	0	0	1	0	0	0	0	0	0	0	0	0	0	0	0	0	0	0	0	0	0	0	
POCUEN_Phyllobius_argentatus	0	0	0	0	0	0	0	0	0	0	0	0	0	0	0	0	0	0	0	0	0	1	0	0	0	0	0	0	0	0	0	0	0	0	0	0	0	0	0	
POCUEN_Foucartia_squamulata	0	0	0	0	0	0	0	0	0	0	0	0	0	0	0	0	0	0	0	0	1	0	0	0	0	0	0	0	0	0	0	0	0	0	0	0	0	0	0	
N30	2.45292e-28	3.09338e-27	8.33294e-26	2.38695e-24	6.40348e-23	1.57272e-21	3.51826e-20	7.15323e-19	1.31957e-17	2.20499e-16	3.33213e-15	4.54646e-14	5.59186e-13	6.18971e-12	6.15631e-11	5.4931e-10	4.39021e-09	3.13807e-08	2.0031e-07	1.14021e-06	5.7798e-06	2.60571e-05	0.000104352	0.000370815	0.00116808	0.00325893	0.00804754	0.0175792	0.0339551	0.057978	0.0874968	0.116684	0.137469	0.143007	0.131264	0.106267	0.0760963	0.049036	0.0301841	
N31	4.20845e-32	9.52716e-31	4.14121e-29	1.92227e-27	8.33981e-26	3.28574e-24	1.16704e-22	3.72524e-21	1.06613e-19	2.72943e-18	6.23673e-17	1.26903e-15	2.29405e-14	3.67565e-13	5.20751e-12	6.50806e-11	7.15734e-10	6.91004e-09	5.8424e-08	4.3156e-07	2.77844e-06	1.55547e-05	7.55514e-05	0.00031769	0.00115415	0.00361575	0.00975204	0.0226122	0.0450272	0.0769493	0.112838	0.142043	0.153675	0.143196	0.115317	0.0807171	0.0496716	0.0277006	0.0153186	
N32	2.11803e-19	1.87e-18	3.66306e-17	7.44389e-16	1.37519e-14	2.26019e-13	3.28627e-12	4.21323e-11	4.74927e-10	4.69394e-09	4.05687e-08	3.0584e-07	2.00645e-06	1.14303e-05	5.64361e-05	0.000241107	0.00089008	0.00283631	0.0077958	0.0184741	0.0377401	0.0664745	0.100998	0.13246	0.1501	0.147128	0.124913	0.0919932	0.0588605	0.0327731	0.0159054	0.00673869	0.00249579	0.000808955	0.000229664	5.71805e-05	1.2557e-05	2.51796e-06	5.75024e-07	
N33	1.84311e-16	2.27756e-15	5.87507e-14	1.45423e-12	3.10606e-11	5.62508e-10	8.56763e-09	1.08953e-07	1.14837e-06	9.95942e-06	7.05696e-05	0.000405852	0.00188347	0.00702036	0.0209494	0.0499723	0.0953111	0.145634	0.178886	0.177446	0.142916	0.0940102	0.0508185	0.0227149	0.00844683	0.00262873	0.000688553	0.000152624	2.87769e-05	4.63795e-06	6.41958e-07	7.66594e-08	7.93392e-09	7.15127e-10	5.64528e-11	3.93093e-12	2.43939e-13	1.38506e-14	9.40375e-16	
POCUCU_Dorytomus_sp	0	0	0	0	0	0	0	0	0	0	0	0	0	0	1	0	0	0	0	0	0	0	0	0	0	0	0	0	0	0	0	0	0	0	0	0	0	0	0	
POCUMO_Magdalis_sp	0	0	0	0	0	0	0	0	0	0	0	0	0	0	1	0	0	0	0	0	0	0	0	0	0	0	0	0	0	0	0	0	0	0	0	0	0	0	0	
N34	4.49781e-34	5.08178e-34	7.63301e-34	1.22118e-33	1.93928e-33	3.00731e-33	4.53718e-33	6.65307e-33	9.47736e-33	1.31111e-32	7.92706e-61	4.09179e-54	6.06985e-48	4.13299e-42	1.53039e-36	3.35755e-31	4.52546e-26	3.78183e-21	1.9294e-16	5.72363e-12	8.98442e-08	0.000608411	0.998231	0.0011598	3.26456e-07	3.96347e-11	2.54555e-15	9.50312e-20	2.16497e-24	3.05659e-29	2.64997e-34	1.36073e-39	3.79965e-45	4.87373e-51	1.80106e-57	1.15127e-33	7.04812e-34	4.30827e-34	2.69293e-34	
POCUMO_Hylobius_piceus	0	0	0	0	0	0	0	0	0	0	0	0	0	0	0	0	0	0	0	0	0	0	1	0	0	0	0	0	0	0	0	0	0	0	0	0	0	0	0	
POCUMO_Hylobius_abietis	0	0	0	0	0	0	0	0	0	0	0	0	0	0	0	0	0	0	0	0	0	0	1	0	0	0	0	0	0	0	0	0	0	0	0	0	0	0	0	
N35	3.42237e-40	2.54371e-38	3.23963e-36	3.7897e-34	3.94331e-32	3.63483e-30	2.95978e-28	2.12317e-26	1.33796e-24	7.38567e-23	3.56093e-21	1.49513e-19	5.45051e-18	1.71998e-16	4.68393e-15	1.09742e-13	2.20534e-12	3.78964e-11	5.55173e-10	6.91321e-09	7.29617e-08	6.50821e-07	4.89355e-06	3.09383e-05	0.00016409	0.000728595	0.00270362	0.00837232	0.0216148	0.0464983	0.0833579	0.124637	0.155728	0.163158	0.144226	0.108786	0.0715694	0.0429218	0.0254971	
N36	5.65097e-37	2.18281e-35	1.57597e-33	1.11874e-31	7.26956e-30	4.27249e-28	2.26225e-26	1.07616e-24	4.58705e-23	1.74712e-21	5.92971e-20	1.7882e-18	4.77742e-17	1.12734e-15	2.34245e-14	4.27243e-13	6.81859e-12	9.49157e-11	1.14871e-09	1.20479e-08	1.0916e-07	8.51725e-07	5.70557e-06	3.2718e-05	0.000160162	0.000667579	0.00236383	0.00709645	0.0180344	0.0387563	0.0704059	0.108179	0.140852	0.156014	0.148067	0.121934	0.0890329	0.0597087	0.0386888	
POCUCU_Curculio_dentipes	0	0	0	0	0	0	0	0	0	0	0	0	0	0	0	0	0	0	0	0	0	0	0	0	0	0	0	1	0	0	0	0	0	0	0	0	0	0	0	
N37	4.7856e-44	4.11681e-42	6.06724e-40	8.36112e-38	1.04062e-35	1.16449e-33	1.1682e-31	1.04747e-29	8.36877e-28	5.93838e-26	3.7299e-24	2.06643e-22	1.00613e-20	4.28884e-19	1.59428e-17	5.14688e-16	1.43694e-14	3.45416e-13	7.11699e-12	1.25111e-10	1.86761e-09	2.35612e-08	2.50001e-07	2.22047e-06	1.64312e-05	0.000100843	0.000511129	0.00213124	0.00728616	0.0203692	0.0464851	0.0865593	0.131679	0.164262	0.169285	0.1461	0.108153	0.0716192	0.0454393	
POCUCU_Curculio_nucum_M	0	0	0	0	0	0	0	0	0	0	0	0	0	0	0	0	0	0	0	0	0	0	0	0	0	0	0	0	0	0	0	0	0	1	0	0	0	0	0	
N38	4.94066e-46	5.58223e-44	1.03604e-41	1.77927e-39	2.75745e-37	3.8417e-35	4.79648e-33	5.34917e-31	5.31037e-29	4.67596e-27	3.63814e-25	2.49127e-23	1.49512e-21	7.82951e-20	3.56116e-18	1.40004e-16	4.73348e-15	1.369e-13	3.36828e-12	7.00965e-11	1.22655e-09	1.79359e-08	2.17822e-07	2.1832e-06	1.79469e-05	0.000120266	0.000653189	0.00286009	0.01005	0.0282359	0.0632725	0.112971	0.160839	0.183148	0.167844	0.125288	0.0780949	0.0429967	0.0236062	
POCUCU_Curculio_distinguendus	0	0	0	0	0	0	0	0	0	0	0	0	0	0	0	0	0	0	0	0	0	0	0	0	0	0	0	0	0	0	1	0	0	0	0	0	0	0	0	
N39	2.33805e-105	4.02309e-101	8.38036e-97	1.609e-92	2.79435e-88	4.37232e-84	6.1434e-80	7.72423e-76	8.65817e-72	8.61741e-68	7.58275e-64	5.8714e-60	3.98031e-56	2.34937e-52	1.20009e-48	5.27013e-45	1.97505e-41	6.26523e-38	1.66693e-34	3.68152e-31	6.67018e-28	9.77988e-25	1.14208e-21	1.04235e-18	7.26661e-16	3.7611e-13	1.39384e-10	3.52489e-08	5.68824e-06	0.000529699	0.0240452	0.375834	0.529335	0.0672382	0.00294854	6.32917e-05	7.8792e-07	6.28744e-09	3.76289e-11	
POCUEN_Scepticus_griseus	0	0	0	0	0	0	0	0	0	0	0	0	0	0	0	0	0	0	0	0	0	0	0	0	0	0	0	0	0	0	0	1	0	0	0	0	0	0	0	
POCUEN_Scepticus_insularis	0	0	0	0	0	0	0	0	0	0	0	0	0	0	0	0	0	0	0	0	0	0	0	0	0	0	0	0	0	0	0	0	1	0	0	0	0	0	0	
N40	2.25877e-41	1.98711e-39	2.91464e-37	3.90497e-35	4.65203e-33	4.90909e-31	4.57471e-29	3.75297e-27	2.70176e-25	1.7012e-23	9.33772e-22	4.45268e-20	1.83816e-18	6.54628e-17	2.00404e-15	5.25485e-14	1.17597e-12	2.238e-11	3.60923e-10	4.9153e-09	5.63374e-08	5.41673e-07	4.35536e-06	2.92008e-05	0.000162813	0.000753134	0.00288439	0.00913102	0.0238645	0.0514617	0.0915682	0.13457	0.163696	0.165471	0.139936	0.100172	0.0620351	0.0347759	0.019484	
N41	5.44948e-40	3.11712e-38	3.22467e-36	3.14376e-34	2.77594e-32	2.20955e-30	1.58077e-28	1.01354e-26	5.80646e-25	2.96292e-23	1.3423e-21	5.38068e-20	1.90176e-18	5.9052e-17	1.60489e-15	3.80291e-14	7.82571e-13	1.39287e-11	2.13545e-10	2.80829e-09	3.15462e-08	3.0143e-07	2.43987e-06	1.66626e-05	9.5639e-05	0.0004597	0.00184427	0.00615781	0.0170702	0.0392183	0.0746016	0.117495	0.153421	0.166648	0.151575	0.11689	0.0782687	0.0476361	0.0285999	
POCUMO_Pissodes_schwarzi_M	0	0	0	0	0	0	0	0	0	0	0	0	0	0	0	0	0	0	0	0	0	0	0	0	0	0	0	0	0	0	0	0	0	1	0	0	0	0	0	
N42	3.89039e-44	4.07851e-42	7.08592e-40	1.13949e-37	1.65495e-35	2.16248e-33	2.53379e-31	2.65301e-29	2.47321e-27	2.04479e-25	1.49316e-23	9.58816e-22	5.38898e-20	2.63796e-18	1.11873e-16	4.0873e-15	1.27879e-13	3.40441e-12	7.65988e-11	1.44615e-09	2.27363e-08	2.95305e-07	3.1424e-06	2.71633e-05	0.0001891	0.00105128	0.00463011	0.0160401	0.043454	0.0916808	0.150342	0.191677	0.190511	0.148354	0.0911729	0.0446865	0.0178153	0.00612349	0.0022416	
POCUMO_Pissodes_strobi	0	0	0	0	0	0	0	0	0	0	0	0	0	0	0	0	0	0	0	0	0	0	0	0	0	0	0	0	0	0	0	1	0	0	0	0	0	0	0	
POCUMO_Pissodes_nemorensis	0	0	0	0	0	0	0	0	0	0	0	0	0	0	0	0	0	0	0	0	0	0	0	0	0	0	0	0	1	0	0	0	0	0	0	0	0	0	0	
N43	1.37525e-33	4.48274e-32	2.79281e-30	1.72897e-28	9.74729e-27	4.93419e-25	2.23297e-23	9.0062e-22	3.2278e-20	1.0249e-18	2.87439e-17	7.09848e-16	1.53885e-14	2.91934e-13	4.83151e-12	6.95427e-11	8.67895e-10	9.36335e-09	8.70725e-08	6.95975e-07	4.76869e-06	2.79373e-05	0.000139607	0.000593745	0.00214483	0.00656923	0.0170342	0.0373521	0.0692115	0.108346	0.143351	0.160495	0.152385	0.123113	0.0850342	0.0505313	0.0260874	0.012018	0.00556088	
POCUCL_Cleonus_sp	0	0	0	0	0	0	0	0	0	0	0	0	0	0	0	0	0	0	0	0	0	0	0	0	0	0	0	0	0	0	0	0	0	1	0	0	0	0	0	
N44	9.25543e-29	6.9327e-27	8.68576e-25	9.83314e-23	9.65692e-21	8.14979e-19	5.86182e-17	3.56106e-15	1.80892e-13	7.59722e-12	2.60485e-10	7.18792e-09	1.57086e-07	2.67041e-06	3.46182e-05	0.000335014	0.00236832	0.0119885	0.0427937	0.106838	0.186459	0.22911	0.201058	0.128422	0.0609504	0.0219355	0.0061002	0.00133337	0.000232547	3.27932e-05	3.78263e-06	3.60503e-07	2.86333e-08	1.90908e-09	1.07465e-10	5.12838e-12	2.07897e-13	7.18792e-15	2.58317e-16	
POCUMO_Lixus_sp	0	0	0	0	0	0	0	0	0	0	0	0	0	0	0	0	0	0	0	0	1	0	0	0	0	0	0	0	0	0	0	0	0	0	0	0	0	0	0	
POCUMO_Larinus_sp	0	0	0	0	0	0	0	0	0	0	0	0	0	0	0	0	0	1	0	0	0	0	0	0	0	0	0	0	0	0	0	0	0	0	0	0	0	0	0	
N45	3.44401e-20	2.29403e-19	3.33042e-18	5.3904e-17	8.27459e-16	1.16035e-14	1.47216e-13	1.68413e-12	1.73383e-11	1.60391e-10	1.33136e-09	9.90346e-09	6.59367e-08	3.9248e-07	2.08638e-06	9.89508e-06	4.18311e-05	0.000157496	0.000527711	0.00157249	0.00416465	0.0097981	0.0204682	0.0379511	0.0624355	0.0911127	0.117912	0.135293	0.1376	0.124015	0.0990124	0.0699941	0.0437841	0.0242169	0.0118361	0.00511779	0.00197681	0.000713819	0.000285669	
N46	1.8486e-15	7.06335e-15	5.33053e-14	4.71763e-13	4.19901e-12	3.54757e-11	2.77456e-10	1.98599e-09	1.29384e-08	7.64915e-08	4.096e-07	1.98394e-06	8.68232e-06	3.42966e-05	0.000122176	0.000392185	0.00113353	0.00294798	0.00689439	0.0144915	0.0273639	0.0464003	0.0706327	0.0965009	0.118312	0.130157	0.128482	0.113811	0.0904828	0.0645795	0.041394	0.0238424	0.012353	0.00576823	0.00243748	0.000941144	0.000340229	0.000122772	5.18468e-05	
POCUSC_Crypturgus_pusillus	0	0	0	0	0	0	0	0	0	0	0	0	0	0	0	0	1	0	0	0	0	0	0	0	0	0	0	0	0	0	0	0	0	0	0	0	0	0	0	
N47	3.30779e-13	9.79711e-13	6.2203e-12	4.80327e-11	3.6827e-10	2.63175e-09	1.71836e-08	1.01799e-07	5.45519e-07	2.63953e-06	1.15159e-05	4.52499e-05	0.000159964	0.000508272	0.00145033	0.0037137	0.00852778	0.0175519	0.0323662	0.0534581	0.0790704	0.104731	0.124231	0.131997	0.125665	0.107244	0.082087	0.0563911	0.0347953	0.0193021	0.00963686	0.00433596	0.00176118	0.000647401	0.000216293	6.6259e-05	1.90346e-05	5.48084e-06	1.93128e-06	
POCUDR_Cosmopolites_sordidus	0	0	0	0	0	0	0	0	0	0	0	0	0	0	0	0	0	0	0	0	1	0	0	0	0	0	0	0	0	0	0	0	0	0	0	0	0	0	0	
POCUEN_Tanymecus_sp	0	0	0	0	0	0	0	0	0	0	0	0	0	0	0	1	0	0	0	0	0	0	0	0	0	0	0	0	0	0	0	0	0	0	0	0	0	0	0	
N48	8.29855e-14	3.94844e-13	3.26351e-12	2.76508e-11	2.22893e-10	1.68301e-09	1.17823e-08	7.57437e-08	4.43291e-07	2.34485e-06	1.1146e-05	4.73987e-05	0.00017971	0.000605904	0.00181299	0.00480698	0.0112803	0.0234065	0.0429161	0.0694939	0.0993494	0.125368	0.13963	0.137267	0.11913	0.0912993	0.0618125	0.0369888	0.0195762	0.00917051	0.00380613	0.00140128	0.000458329	0.000133445	3.46785e-05	8.07838e-06	1.70558e-06	3.42689e-07	8.42092e-08	
N49	0.000905283	0.00141038	0.00350631	0.00928149	0.0223198	0.0464468	0.0822603	0.1231	0.15511	0.164358	0.146518	0.110076	0.0698891	0.0376342	0.0172578	0.00676901	0.00228129	0.000663657	0.000167409	3.6779e-05	7.06726e-06	1.19261e-06	1.77428e-07	2.33572e-08	2.7303e-09	2.84334e-10	2.64632e-11	2.20775e-12	1.65578e-13	1.11946e-14	6.84155e-16	3.79004e-17	1.9087e-18	8.7665e-20	3.68584e-21	1.42514e-22	5.09766e-24	1.71081e-25	6.75804e-27	
POCUBR_Echinocnemus_sp	0	0	0	0	0	0	0	0	1	0	0	0	0	0	0	0	0	0	0	0	0	0	0	0	0	0	0	0	0	0	0	0	0	0	0	0	0	0	0	
POCUER_Tanysphyrus_lemnae	0	1	0	0	0	0	0	0	0	0	0	0	0	0	0	0	0	0	0	0	0	0	0	0	0	0	0	0	0	0	0	0	0	0	0	0	0	0	0	
N50	9.4332e-14	3.48188e-13	2.72572e-12	2.50868e-11	2.2656e-10	1.89408e-09	1.43469e-08	9.7552e-08	5.92522e-07	3.20475e-06	1.53986e-05	6.56047e-05	0.000247432	0.000824976	0.00242875	0.00630728	0.0144364	0.0291035	0.0516502	0.0806649	0.110838	0.133983	0.142496	0.133364	0.109876	0.0797263	0.0509799	0.0287482	0.0143089	0.00629229	0.00244738	0.000843001	0.000257521	6.9894e-05	1.6902e-05	3.66612e-06	7.29178e-07	1.4448e-07	3.79507e-08	
N51	3.40991e-23	2.68344e-21	3.05328e-19	3.34027e-17	3.19392e-15	2.5571e-13	1.67243e-11	8.75199e-10	3.58373e-08	1.11832e-06	2.5745e-05	0.000419687	0.00459727	0.031641	0.126089	0.269184	0.303773	0.183613	0.0642319	0.0141091	0.00208077	0.00021707	1.66845e-05	9.75801e-07	4.45669e-08	1.62368e-09	4.80293e-11	1.1709e-12	2.38283e-14	4.09297e-16	5.99218e-18	7.54256e-20	8.2284e-22	7.83972e-24	6.57473e-26	4.89627e-28	3.27341e-30	1.99457e-32	1.26083e-34	
POCUDR_Sphenophorus_sp	0	0	0	0	0	0	0	0	0	0	0	0	0	0	1	0	0	0	0	0	0	0	0	0	0	0	0	0	0	0	0	0	0	0	0	0	0	0	0	
POCUDR_Metamasius_hemipterus	0	0	0	0	0	0	0	0	0	0	0	0	0	0	0	0	1	0	0	0	0	0	0	0	0	0	0	0	0	0	0	0	0	0	0	0	0	0	0	
N52	5.53017e-14	2.44878e-13	2.50734e-12	2.86381e-11	3.03402e-10	2.87406e-09	2.4131e-08	1.78897e-07	1.16764e-06	6.6913e-06	3.35788e-05	0.000147191	0.00056225	0.00186748	0.00538274	0.0134409	0.0290349	0.0542008	0.0873712	0.121579	0.146044	0.151504	0.135834	0.105371	0.0708226	0.0413135	0.0209562	0.00926302	0.00357598	0.0012086	0.000358502	9.35721e-05	2.15482e-05	4.39099e-06	7.9471e-07	1.28586e-07	1.8941e-08	2.7292e-09	5.28355e-10	
POCUDR_Rhynchophorus_ferrugineus	0	0	0	0	0	0	0	0	0	0	0	0	0	0	0	0	0	0	1	0	0	0	0	0	0	0	0	0	0	0	0	0	0	0	0	0	0	0	0	
POCUDR_Diocalandra_sp	0	0	0	0	0	0	0	0	0	0	0	0	0	0	0	0	0	0	1	0	0	0	0	0	0	0	0	0	0	0	0	0	0	0	0	0	0	0	0	
N53	2.95972e-37	1.31062e-35	1.06353e-33	8.46818e-32	6.15277e-30	4.029e-28	2.36794e-26	1.24538e-24	5.84445e-23	2.44013e-21	9.03618e-20	2.95863e-18	8.53717e-17	2.16366e-15	4.79966e-14	9.28594e-13	1.56115e-11	2.27216e-10	2.85208e-09	3.07566e-08	2.83853e-07	2.23338e-06	1.49248e-05	8.44008e-05	0.000402505	0.00161354	0.00542135	0.015228	0.0356822	0.0696294	0.113008	0.152412	0.170734	0.158862	0.122905	0.079374	0.0433671	0.0209658	0.0102931	
N54	1.69512e-47	4.39466e-45	1.63461e-42	5.4158e-40	1.57071e-37	3.96243e-35	8.64427e-33	1.62168e-30	2.60208e-28	3.55214e-26	4.10399e-24	3.99217e-22	3.25269e-20	2.2082e-18	1.24256e-16	5.76482e-15	2.1935e-13	6.80871e-12	1.71503e-10	3.48721e-09	5.69449e-08	7.43073e-07	7.71134e-06	6.33567e-05	0.000410404	0.00208816	0.00831847	0.0258758	0.0627242	0.118331	0.173641	0.198274	0.176439	0.122747	0.0671586	0.029234	0.0103823	0.00321722	0.00108697	
N55	4.79644e-42	5.83791e-40	1.0665e-37	1.91635e-35	3.11707e-33	4.47487e-31	5.6179e-29	6.13588e-27	5.80553e-25	4.73889e-23	3.32324e-21	1.9935e-19	1.01836e-17	4.40961e-16	1.61076e-14	4.93894e-13	1.26469e-11	2.69019e-10	4.72804e-09	6.8276e-08	8.05569e-07	7.7219e-06	5.97972e-05	0.000372015	0.00184939	0.00730942	0.022861	0.0563476	0.109079	0.165415	0.196204	0.181968	0.132114	0.0753263	0.033941	0.0122386	0.00363637	0.000968611	0.000301611	
N56	7.22539e-16	3.29915e-15	2.84321e-14	2.98508e-13	3.24467e-12	3.37636e-11	3.24021e-10	2.81535e-09	2.19286e-08	1.52201e-07	9.37635e-07	5.11224e-06	2.46139e-05	0.000104458	0.000390134	0.00128056	0.00368953	0.0093206	0.0206246	0.0399394	0.0676309	0.10007	0.129305	0.145831	0.143495	0.123155	0.0921811	0.0601742	0.0342648	0.0170272	0.00738935	0.00280358	0.000931462	0.000271654	6.98086e-05	1.59119e-05	3.26549e-06	6.34675e-07	1.4853e-07	
N57	8.88628e-12	3.18571e-11	1.65364e-10	9.68573e-10	5.95135e-09	3.61933e-08	2.09077e-07	1.11778e-06	5.44451e-06	2.3934e-05	9.44004e-05	0.000332791	0.0010458	0.00292373	0.00726045	0.0159945	0.0312243	0.0539674	0.0825183	0.111549	0.133241	0.140568	0.130941	0.107676	0.0781609	0.0500848	0.028337	0.0141605	0.00625313	0.00244173	0.000843834	0.00025838	7.01999e-05	1.69588e-05	3.65566e-06	7.08556e-07	1.26159e-07	2.2193e-08	5.09259e-09	
POCUSC_Xyleborus_sp	0	0	0	0	0	0	0	0	0	0	0	0	0	1	0	0	0	0	0	0	0	0	0	0	0	0	0	0	0	0	0	0	0	0	0	0	0	0	0	
N58	1.99094e-05	3.30371e-05	8.60121e-05	0.000252228	0.000736036	0.00202639	0.00512313	0.0117108	0.0239684	0.0436435	0.070408	0.100373	0.12626	0.140049	0.136973	0.118168	0.0899892	0.0605526	0.0360444	0.0190054	0.00888939	0.00369384	0.00136578	0.000450069	0.000132401	3.48291e-05	8.20659e-06	1.73497e-06	3.29661e-07	5.63949e-08	8.70098e-09	1.21296e-09	1.53089e-10	1.75348e-11	1.8289e-12	1.74704e-13	1.54789e-14	1.33177e-15	1.51149e-16	
POCUSC_Xylosandrus_compactus	0	0	0	1	0	0	0	0	0	0	0	0	0	0	0	0	0	0	0	0	0	0	0	0	0	0	0	0	0	0	0	0	0	0	0	0	0	0	0	
POCUSC_Xylosandrus_germanus	0	0	0	0	0	0	0	0	0	1	0	0	0	0	0	0	0	0	0	0	0	0	0	0	0	0	0	0	0	0	0	0	0	0	0	0	0	0	0	
N59	8.30334e-11	2.07939e-10	1.07477e-09	6.82681e-09	4.32902e-08	2.55154e-07	1.36439e-06	6.56093e-06	2.82628e-05	0.000108832	0.000374044	0.00114599	0.00312662	0.00758962	0.0163792	0.0314082	0.0534914	0.0808913	0.108606	0.129468	0.137063	0.12891	0.107767	0.0801297	0.0530337	0.0312716	0.0164447	0.00772074	0.00324022	0.00121712	0.000409769	0.000123833	3.36478e-05	8.2378e-06	1.8231e-06	3.67249e-07	6.87116e-08	1.28455e-08	3.16403e-09	
POCUSC_Dryocoetes_affaber	0	0	0	0	0	0	0	0	0	0	0	0	0	1	0	0	0	0	0	0	0	0	0	0	0	0	0	0	0	0	0	0	0	0	0	0	0	0	0	
POCUSC_Dryocoetes_autographus	0	0	0	0	0	0	0	0	0	0	0	0	0	0	0	0	1	0	0	0	0	0	0	0	0	0	0	0	0	0	0	0	0	0	0	0	0	0	0	
N60	8.96827e-41	8.33433e-39	1.05992e-36	1.38223e-34	1.72751e-32	1.98355e-30	2.04579e-28	1.87259e-26	1.50995e-24	1.0666e-22	6.56761e-21	3.50809e-19	1.6175e-17	6.4046e-16	2.1661e-14	6.22237e-13	1.50927e-11	3.07217e-10	5.21458e-09	7.33215e-08	8.48302e-07	8.02053e-06	6.1547e-05	0.000380732	0.00188623	0.00743805	0.0232158	0.0570797	0.110126	0.166286	0.196264	0.181123	0.130971	0.0745236	0.03361	0.0121637	0.00362276	0.000953434	0.000285717	
POCUSC_Pityogenes_hopkinsi_M	0	0	0	0	0	0	0	0	0	0	0	0	0	0	0	0	0	0	0	0	0	0	1	0	0	0	0	0	0	0	0	0	0	0	0	0	0	0	0	
N61	7.3794e-49	2.87702e-46	1.52359e-43	7.04802e-41	2.80209e-38	9.52458e-36	2.75508e-33	6.75023e-31	1.39416e-28	2.41525e-26	3.49164e-24	4.18985e-22	4.15023e-20	3.37419e-18	2.23837e-16	1.20428e-14	5.22219e-13	1.81365e-11	5.0122e-10	1.09512e-08	1.87948e-07	2.51757e-06	2.61576e-05	0.000209563	0.00128749	0.0060359	0.0215011	0.0579997	0.118191	0.181707	0.21074	0.18461	0.122492	0.061848	0.0239445	0.00720611	0.00173878	0.000367834	9.23774e-05	
N62	2.76383e-37	1.5561e-35	1.50081e-33	1.49106e-31	1.36689e-29	1.12291e-27	8.18773e-26	5.27388e-24	2.99017e-22	1.4873e-20	6.46773e-19	2.45024e-17	8.05654e-16	2.29014e-14	5.60465e-13	1.17572e-11	2.10435e-10	3.19789e-09	4.10483e-08	4.42635e-07	3.98691e-06	2.98181e-05	0.000184039	0.000931555	0.00384288	0.0128412	0.0345591	0.0745233	0.128213	0.175432	0.190567	0.164307	0.112618	0.0615753	0.0270137	0.00960138	0.00282009	0.000727034	0.000209789	
N63	1.6783e-15	7.5872e-15	6.38392e-14	6.19675e-13	6.02648e-12	5.54123e-11	4.69032e-10	3.6081e-09	2.50597e-08	1.56551e-07	8.77485e-07	4.40457e-06	1.97677e-05	7.92102e-05	0.000283013	0.000900543	0.00254906	0.00641174	0.0143176	0.0283584	0.0497815	0.0773984	0.106518	0.129697	0.139673	0.133006	0.111988	0.0833783	0.0549063	0.0319947	0.0165093	0.00755129	0.00306633	0.00110797	0.000357622	0.000103892	2.76896e-05	7.21135e-06	2.29199e-06	
N64	5.79764e-14	2.93203e-13	3.40454e-12	4.29138e-11	4.94091e-10	5.02987e-09	4.49005e-08	3.49962e-07	2.37293e-06	1.39489e-05	7.08511e-05	0.000309989	0.00116491	0.00375039	0.0103222	0.0242468	0.0485529	0.0828317	0.120388	0.149143	0.157657	0.142423	0.110166	0.0731325	0.0417723	0.020587	0.00878011	0.00325039	0.00104775	0.000295012	7.27927e-05	1.5792e-05	3.02285e-06	5.12549e-07	7.73604e-08	1.04673e-08	1.287e-09	1.50871e-10	2.26612e-11	
POCUSC_Ips_spinifer	0	0	0	0	0	0	0	0	0	0	0	0	0	0	0	0	1	0	0	0	0	0	0	0	0	0	0	0	0	0	0	0	0	0	0	0	0	0	0	
POCUSC_Ips_latidens	0	0	0	0	0	0	0	0	0	0	0	0	0	0	0	0	1	0	0	0	0	0	0	0	0	0	0	0	0	0	0	0	0	0	0	0	0	0	0	
POCUSC_Orthotomicus_laricis	0	0	0	0	0	0	0	0	0	0	0	0	1	0	0	0	0	0	0	0	0	0	0	0	0	0	0	0	0	0	0	0	0	0	0	0	0	0	0	
N65	2.53386e-26	2.66645e-25	5.46442e-24	1.28187e-22	2.95261e-21	6.36378e-20	1.26363e-18	2.29787e-17	3.81436e-16	5.76547e-15	7.91709e-14	9.85395e-13	1.10902e-11	1.12589e-10	1.02842e-09	8.43002e-09	6.18441e-08	4.04922e-07	2.35944e-06	1.21998e-05	5.58117e-05	0.00022524	0.000799555	0.0024894	0.00677953	0.0161087	0.0333177	0.0598671	0.0933039	0.12598	0.147259	0.148989	0.130516	0.0990942	0.0653469	0.0375979	0.0190955	0.00888186	0.00427855	
POCUSC_Pityogenes_chalcographus	0	0	0	0	0	0	0	0	0	0	0	0	0	0	0	0	0	0	0	0	0	0	0	0	0	0	0	0	0	0	0	0	0	0	0	1	0	0	0	
POCUSC_Orthotomicus_erosus	0	0	0	0	0	0	0	0	0	0	0	0	0	0	0	0	0	0	0	0	0	0	0	1	0	0	0	0	0	0	0	0	0	0	0	0	0	0	0	
N66	2.47581e-47	7.39687e-45	3.16517e-42	1.22129e-39	4.09101e-37	1.18042e-34	2.91933e-32	6.15848e-30	1.10271e-27	1.6673e-25	2.11739e-23	2.24598e-21	1.97838e-19	1.43846e-17	8.57944e-16	4.17058e-14	1.64146e-12	5.19528e-11	1.31321e-09	2.63251e-08	4.15611e-07	5.132e-06	4.92324e-05	0.000364576	0.00207156	0.00898299	0.0295882	0.073744	0.138682	0.196459	0.209558	0.168478	0.102354	0.0472048	0.0166547	0.00456029	0.00100159	0.000194591	4.65237e-05	
N67	5.97631e-46	1.61246e-43	6.23678e-41	2.15411e-38	6.44654e-36	1.66106e-33	3.66757e-31	6.90586e-29	1.1034e-26	1.48822e-24	1.68529e-22	1.59339e-20	1.25052e-18	8.09801e-17	4.30036e-15	1.86089e-13	6.51963e-12	1.83721e-10	4.13667e-09	7.39301e-08	1.04187e-06	1.15036e-05	9.88951e-05	0.000658085	0.00337119	0.0132298	0.0396067	0.0901492	0.155627	0.203496	0.20152	0.15132	0.0863935	0.0376815	0.0126545	0.00331939	0.000702083	0.000131224	2.99236e-05	
N68	7.99384e-28	1.47959e-26	5.43467e-25	2.05133e-23	7.15099e-22	2.25125e-20	6.35806e-19	1.60535e-17	3.61354e-16	7.2313e-15	1.28296e-13	2.01231e-12	2.78227e-11	3.381e-10	3.60024e-09	3.34917e-08	2.71348e-07	1.90881e-06	1.16225e-05	6.10671e-05	0.00027604	0.00107032	0.00354976	0.010043	0.0241788	0.0494247	0.0856176	0.125495	0.155473	0.162698	0.143806	0.107419	0.0679002	0.0364117	0.0166463	0.00655908	0.00229077	0.000766124	0.000299712	
N69	4.15519e-32	1.43434e-30	9.3119e-29	6.00969e-27	3.51391e-25	1.83208e-23	8.47495e-22	3.46605e-20	1.24901e-18	3.95211e-17	1.09417e-15	2.64087e-14	5.53603e-13	1.00411e-11	1.56968e-10	2.10658e-09	2.41748e-08	2.36285e-07	1.95917e-06	1.37267e-05	8.09543e-05	0.00040038	0.00165466	0.00569489	0.0162727	0.0384977	0.0752306	0.121209	0.160804	0.175549	0.157713	0.116707	0.07127	0.0360367	0.0151766	0.0053866	0.00165749	0.000479028	0.000164235	
N70	5.53903e-38	4.41595e-36	5.95135e-34	7.37986e-32	8.11354e-30	7.86481e-28	6.69644e-26	4.98926e-24	3.24012e-22	1.82663e-20	8.90174e-19	3.73364e-17	1.34172e-15	4.11192e-14	1.06954e-12	2.34955e-11	4.33746e-10	6.69478e-09	8.59517e-08	9.13169e-07	7.98738e-06	5.72309e-05	0.000334288	0.00158442	0.00606778	0.0187043	0.0462595	0.0915578	0.144764	0.182693	0.184041	0.14816	0.0955361	0.0495287	0.0207742	0.00713562	0.00206708	0.000550668	0.000175209	
POCUSC_Ips_montanus	0	0	0	0	0	0	0	0	0	0	0	0	0	0	0	0	0	0	0	0	0	0	0	0	0	0	0	0	0	1	0	0	0	0	0	0	0	0	0	
N71	7.48106e-42	9.0232e-40	1.74222e-37	3.06318e-35	4.79277e-33	6.64407e-31	8.12794e-29	8.73788e-27	8.2184e-25	6.73122e-23	4.77725e-21	2.92262e-19	1.53277e-17	6.85113e-16	2.59392e-14	8.26499e-13	2.20121e-11	4.8653e-10	8.85822e-09	1.31828e-07	1.59085e-06	1.54409e-05	0.000119562	0.000732643	0.00352546	0.0132272	0.0384551	0.0861998	0.148469	0.196171	0.198897	0.155089	0.0933816	0.0436753	0.0159976	0.00464849	0.00110207	0.000232594	5.93989e-05	
POCUSC_Ips_paraconfusus	0	0	0	0	0	0	0	0	0	0	0	0	0	0	0	0	0	0	0	0	0	0	0	0	0	0	0	0	0	1	0	0	0	0	0	0	0	0	0	
N72	7.32312e-54	3.67435e-51	2.50334e-48	1.5374e-45	8.40255e-43	4.0685e-40	1.73728e-37	6.51008e-35	2.12951e-32	6.04588e-30	1.48056e-27	3.10626e-25	5.54215e-23	8.34098e-21	1.04945e-18	1.09293e-16	9.31746e-15	6.42215e-13	3.52893e-11	1.52143e-09	5.05321e-08	1.26602e-06	2.33498e-05	0.000308225	0.00282006	0.0172662	0.0683168	0.169929	0.262369	0.251297	0.151028	0.0584813	0.0150952	0.00268902	0.00034157	3.19205e-05	2.27163e-06	1.30651e-07	8.40076e-09	
POCUSC_Ips_confusus	0	0	0	0	0	0	0	0	0	0	0	0	0	0	0	0	0	0	0	0	0	0	0	0	0	0	1	0	0	0	0	0	0	0	0	0	0	0	0	
POCUSC_Ips_hoppingi	0	0	0	0	0	0	0	0	0	0	0	0	0	0	0	0	0	0	0	0	0	0	0	0	0	0	0	0	0	1	0	0	0	0	0	0	0	0	0	
POCUSC_Ips_lecontei	0	0	0	0	0	0	0	0	0	0	0	0	0	0	0	0	0	0	0	0	0	1	0	0	0	0	0	0	0	0	0	0	0	0	0	0	0	0	0	
N73	4.95157e-19	4.61145e-18	9.65688e-17	2.06754e-15	4.00028e-14	6.86846e-13	1.04087e-11	1.38658e-10	1.61727e-09	1.64497e-08	1.45313e-07	1.11031e-06	7.30844e-06	4.12799e-05	0.000199323	0.000819927	0.00286446	0.00847646	0.0212024	0.0447639	0.0797092	0.119701	0.151696	0.162437	0.147246	0.113258	0.0741254	0.0414085	0.0198109	0.00814652	0.00289031	0.000888302	0.000237507	5.55003e-05	1.13933e-05	2.06728e-06	3.3501e-07	5.05633e-08	9.33592e-09	
POCUSC_Ips_cribricollis	0	0	0	0	0	0	0	0	0	0	0	0	0	0	0	0	0	0	0	1	0	0	0	0	0	0	0	0	0	0	0	0	0	0	0	0	0	0	0	
POCUSC_Ips_calligraphus	0	0	0	0	0	0	0	0	0	0	0	0	0	0	0	0	0	0	0	1	0	0	0	0	0	0	0	0	0	0	0	0	0	0	0	0	0	0	0	
N74	4.41437e-42	6.85213e-40	1.52067e-37	3.30792e-35	6.47825e-33	1.10947e-30	1.64318e-28	2.09157e-26	2.27674e-24	2.10925e-22	1.65502e-20	1.09436e-18	6.06659e-17	2.80431e-15	1.07498e-13	3.39782e-12	8.80417e-11	1.85899e-09	3.17936e-08	4.37748e-07	4.82256e-06	4.22543e-05	0.000292704	0.00159395	0.00678692	0.0224842	0.0577033	0.114305	0.174291	0.204211	0.183754	0.127084	0.0677089	0.0279111	0.00896779	0.00227724	0.000472329	8.85073e-05	2.1006e-05	
N75	2.34383e-15	1.24675e-14	1.42639e-13	1.80848e-12	2.1555e-11	2.31534e-10	2.21261e-09	1.87109e-08	1.39565e-07	9.15841e-07	5.27498e-06	2.66101e-05	0.000117337	0.00045144	0.00151304	0.00441145	0.0111763	0.0245816	0.0469075	0.0776303	0.111411	0.138674	0.149761	0.140414	0.11439	0.081055	0.0500171	0.0269158	0.012651	0.00520267	0.00187564	0.000594078	0.000165739	4.0858e-05	8.93842e-06	1.7469e-06	3.09385e-07	5.23513e-08	1.10979e-08	
N76	1.60505e-17	2.15494e-16	6.02043e-15	1.62599e-13	3.82883e-12	7.72592e-11	1.32532e-09	1.91891e-08	2.32768e-07	2.34715e-06	1.95165e-05	0.000132717	0.000732048	0.00324941	0.0115232	0.032447	0.0722165	0.126721	0.175256	0.191404	0.165728	0.114397	0.0633718	0.0283818	0.0103558	0.00310228	0.000768841	0.000158795	2.75249e-05	4.03082e-06	5.01855e-07	5.34406e-08	4.89507e-09	3.87888e-10	2.67537e-11	1.61912e-12	8.72108e-14	4.35898e-15	2.76055e-16	
POCUSC_Orthotomicus_caelatus	0	0	0	0	0	0	0	0	0	0	0	0	0	0	0	0	0	1	0	0	0	0	0	0	0	0	0	0	0	0	0	0	0	0	0	0	0	0	0	
POCUSC_Ips_perroti	0	0	0	0	0	0	0	0	0	0	0	0	0	0	0	0	1	0	0	0	0	0	0	0	0	0	0	0	0	0	0	0	0	0	0	0	0	0	0	
POCUSC_Ips_typographus	0	0	0	0	0	0	0	0	0	0	0	0	0	0	1	0	0	0	0	0	0	0	0	0	0	0	0	0	0	0	0	0	0	0	0	0	0	0	0	
N77	5.46343e-40	6.80628e-38	1.34698e-35	2.41711e-33	3.78767e-31	5.15139e-29	6.05591e-27	6.12882e-25	5.31746e-23	3.93811e-21	2.47851e-19	1.31952e-17	5.9143e-16	2.22096e-14	6.95282e-13	1.80528e-11	3.86755e-10	6.80062e-09	9.76279e-08	1.13816e-06	1.07188e-05	8.11238e-05	0.000490939	0.00236433	0.00902109	0.0271608	0.0643083	0.119411	0.173556	0.19726	0.175348	0.122071	0.0667404	0.0287909	0.00987362	0.00272753	0.000624202	0.000128295	3.17759e-05	
N78	7.7775e-32	2.92727e-30	1.81677e-28	1.16014e-26	6.92609e-25	3.7286e-23	1.78401e-21	7.53337e-20	2.79439e-18	9.06888e-17	2.56511e-15	6.29861e-14	1.33729e-12	2.4449e-11	3.8328e-10	5.12996e-09	5.83639e-08	5.61914e-07	4.55764e-06	3.1003e-05	0.000176087	0.000831417	0.00324973	0.0104732	0.0277276	0.0601046	0.106376	0.153371	0.179863	0.171435	0.132821	0.0837333	0.0430455	0.0181084	0.00626957	0.00180578	0.000444114	0.000101224	2.82533e-05	
POCUSC_Ips_bonanseai	0	0	0	0	0	0	0	0	0	0	0	0	0	0	0	0	0	0	0	0	1	0	0	0	0	0	0	0	0	0	0	0	0	0	0	0	0	0	0	
N79	7.13611e-30	2.62635e-28	1.65347e-26	1.03843e-24	5.92851e-23	2.99412e-21	1.3246e-19	5.1063e-18	1.70813e-16	4.93869e-15	1.22931e-13	2.62383e-12	4.78269e-11	7.41479e-10	9.73731e-09	1.07876e-07	1.00418e-06	7.82346e-06	5.08201e-05	0.000274256	0.00122545	0.00451972	0.0137217	0.0342104	0.0699079	0.116918	0.15989	0.17872	0.163311	0.122087	0.0747663	0.0375806	0.0155442	0.0053096	0.00150586	0.000358235	7.33126e-05	1.39606e-05	3.29234e-06	
POCUSC_Ips_pini	0	0	0	0	0	0	0	0	0	0	0	0	0	0	0	0	0	0	0	0	1	0	0	0	0	0	0	0	0	0	0	0	0	0	0	0	0	0	0	
N80	2.57249e-30	1.14835e-28	8.71058e-27	6.41035e-25	4.205e-23	2.40718e-21	1.19356e-19	5.1023e-18	1.87295e-16	5.88033e-15	1.57276e-13	3.56917e-12	6.84487e-11	1.10487e-09	1.49512e-08	1.68949e-07	1.58816e-06	1.23736e-05	7.96232e-05	0.0004218	0.00183398	0.00652734	0.0189725	0.0449494	0.0866746	0.13589	0.173137	0.179263	0.150908	0.103397	0.0577487	0.0263469	0.00984558	0.00302442	0.00076786	0.000162797	2.95963e-05	5.03367e-06	1.10331e-06	
N81	1.75709e-28	5.83424e-27	3.5084e-25	2.06565e-23	1.08801e-21	5.02892e-20	2.02618e-18	7.08519e-17	2.14173e-15	5.57439e-14	1.24425e-12	2.37211e-11	3.84686e-10	5.28503e-09	6.12623e-08	5.96768e-07	4.86615e-06	3.30898e-05	0.00018697	0.000874904	0.00338002	0.0107511	0.028089	0.0601618	0.10548	0.151237	0.177254	0.169834	0.133116	0.0854528	0.0450054	0.0194905	0.00696015	0.00205673	0.000505357	0.000104153	1.84363e-05	3.0588e-06	6.65214e-07	
N82	2.46563e-26	5.73097e-25	2.6808e-23	1.20433e-21	4.83293e-20	1.71621e-18	5.37004e-17	1.47471e-15	3.53992e-14	7.39612e-13	1.33921e-11	2.09212e-10	2.80688e-09	3.21913e-08	3.14114e-07	2.59553e-06	1.80774e-05	0.000105645	0.000515802	0.00209545	0.0070573	0.0196413	0.0450531	0.0850016	0.131737	0.167619	0.175125	0.150377	0.1063	0.0619984	0.0299196	0.0119868	0.00400181	0.001118	0.000262695	5.23287e-05	9.02429e-06	1.4621e-06	3.10159e-07	
POCUSC_Ips_plastographus	0	0	0	0	0	0	0	0	0	0	0	0	0	0	0	0	0	0	0	0	0	0	1	0	0	0	0	0	0	0	0	0	0	0	0	0	0	0	0	
POCUSC_Ips_integer	0	0	0	0	0	0	0	0	0	0	0	0	0	0	0	0	0	0	0	0	0	0	0	0	0	1	0	0	0	0	0	0	0	0	0	0	0	0	0	
POCUSC_Orthotomicus_suturalis	0	0	0	0	0	0	0	0	0	0	0	0	0	0	0	0	0	0	0	0	1	0	0	0	0	0	0	0	0	0	0	0	0	0	0	0	0	0	0	
POCUSC_Ips_avulsus	0	0	0	0	0	0	0	0	0	0	0	0	0	0	0	0	0	0	0	0	0	1	0	0	0	0	0	0	0	0	0	0	0	0	0	0	0	0	0	
N83	3.46381e-26	4.64661e-25	1.2825e-23	3.79706e-22	1.05411e-20	2.66676e-19	6.1023e-18	1.25873e-16	2.33416e-15	3.88118e-14	5.7715e-13	7.65482e-12	9.03033e-11	9.44864e-10	8.74347e-09	7.13473e-08	5.11876e-07	3.21923e-06	1.76947e-05	8.4752e-05	0.000352698	0.00127165	0.00396154	0.010636	0.0245525	0.0486316	0.0825073	0.119739	0.148513	0.157366	0.142483	0.110332	0.0731945	0.0417283	0.0205584	0.00885225	0.00341849	0.00126456	0.000531111	
N84	4.71524e-32	2.20984e-30	1.86322e-28	1.5168e-26	1.11318e-24	7.27061e-23	4.20251e-21	2.13948e-19	9.54603e-18	3.7133e-16	1.25214e-14	3.63781e-13	9.04586e-12	1.91154e-10	3.40642e-09	5.0768e-08	6.27184e-07	6.36195e-06	5.24595e-05	0.000347993	0.00183753	0.00764393	0.024811	0.0623268	0.120456	0.178561	0.203071	0.177795	0.120588	0.0638885	0.0266992	0.00889407	0.00238768	0.000522346	9.41788e-05	1.41591e-05	1.7998e-06	2.00665e-07	2.6035e-08	
N85	7.0438e-57	8.10257e-54	1.19715e-50	1.58422e-47	1.84315e-44	1.87417e-41	1.65606e-38	1.26378e-35	8.27301e-33	4.61146e-30	2.17098e-27	8.55454e-25	2.79312e-22	7.47191e-20	1.61684e-17	2.78899e-15	3.77071e-13	3.91726e-11	3.05386e-09	1.73594e-07	6.94219e-06	0.000186575	0.00317201	0.0314033	0.161062	0.363489	0.304465	0.112224	0.0214317	0.00238369	0.000167743	7.93445e-06	2.64096e-07	6.41152e-09	1.16888e-10	1.64123e-12	1.82281e-14	1.6764e-16	1.64703e-18	
POCUSC_Ips_perturbatus	0	0	0	0	0	0	0	0	0	0	0	0	0	0	0	0	0	0	0	0	0	0	0	0	0	1	0	0	0	0	0	0	0	0	0	0	0	0	0	
POCUSC_Ips_hunteri	0	0	0	0	0	0	0	0	0	0	0	0	0	0	0	0	0	0	0	0	0	0	0	0	0	1	0	0	0	0	0	0	0	0	0	0	0	0	0	
N86	6.59304e-66	3.47739e-62	2.18962e-58	1.21003e-54	5.76264e-51	2.34903e-47	8.13945e-44	2.37917e-40	5.8167e-37	1.17814e-33	1.95566e-30	2.62802e-27	2.81885e-24	2.37421e-21	1.54037e-18	7.52434e-16	2.69169e-13	6.81453e-11	1.16913e-08	1.28428e-06	8.36199e-05	0.00289126	0.0450859	0.251068	0.438896	0.217842	0.0404694	0.003495	0.000162268	4.47549e-06	7.87739e-08	9.33546e-10	7.76511e-12	4.68676e-14	2.11027e-16	7.26658e-19	1.96638e-21	4.37177e-24	9.55784e-27	
POCUSC_Ips_pilifrons	0	0	0	0	0	0	0	0	0	0	0	0	0	0	0	0	0	0	0	0	0	0	0	0	1	0	0	0	0	0	0	0	0	0	0	0	0	0	0	
N87	6.19191e-74	1.19887e-69	2.30692e-65	3.80743e-61	5.35033e-57	6.35202e-53	6.31694e-49	5.21246e-45	3.53124e-41	1.94092e-37	8.54031e-34	2.9629e-30	7.96452e-27	1.62562e-23	2.46039e-20	2.68456e-17	2.04097e-14	1.03666e-11	3.33562e-09	6.3431e-07	6.48674e-05	0.00311736	0.05746	0.302806	0.44842	0.16626	0.0207473	0.00109559	2.86289e-05	4.13158e-07	3.56826e-09	1.96034e-11	7.18706e-14	1.82774e-16	3.32904e-19	4.46275e-22	4.51162e-25	3.52723e-28	2.60123e-31	
POCUSC_Ips_tridens	0	0	0	0	0	0	0	0	0	0	0	0	0	0	0	0	0	0	0	0	0	0	0	0	1	0	0	0	0	0	0	0	0	0	0	0	0	0	0	
POCUSC_Ips_borealis	0	0	0	0	0	0	0	0	0	0	0	0	0	0	0	0	0	0	0	0	0	0	1	0	0	0	0	0	0	0	0	0	0	0	0	0	0	0	0	
POCUSC_Ips_woodi	0	0	0	0	0	0	0	0	0	0	0	0	0	0	0	0	0	0	0	0	0	0	0	0	0	0	1	0	0	0	0	0	0	0	0	0	0	0	0	
N88	2.9705e-26	4.42363e-25	1.18078e-23	3.48183e-22	9.95173e-21	2.62972e-19	6.30746e-18	1.36217e-16	2.63706e-15	4.56198e-14	7.03284e-13	9.63603e-12	1.17028e-10	1.25635e-09	1.18887e-08	9.88769e-08	7.20573e-07	4.58706e-06	2.54255e-05	0.000122306	0.000508865	0.00182488	0.00562122	0.0148209	0.0333335	0.06374	0.103307	0.141527	0.163509	0.159036	0.130099	0.0895022	0.0518311	0.0253277	0.0104951	0.00372721	0.00116554	0.000347053	0.000123036	
N89	9.62753e-19	5.9428e-18	7.7739e-17	1.15348e-15	1.63876e-14	2.13171e-13	2.50749e-12	2.65519e-11	2.52459e-10	2.15097e-09	1.63906e-08	1.11497e-07	6.75849e-07	3.64404e-06	1.74469e-05	7.40516e-05	0.000278194	0.000923645	0.00270645	0.00698989	0.0158929	0.0317792	0.0558334	0.0861246	0.116569	0.138381	0.144049	0.13148	0.105246	0.0739141	0.0455736	0.0246947	0.0117777	0.00495624	0.00184874	0.000617456	0.000189425	5.7332e-05	2.08973e-05	
POCUSC_Ips_sexdentatus	0	0	0	0	0	0	0	0	0	0	0	0	0	0	0	0	0	0	0	0	0	1	0	0	0	0	0	0	0	0	0	0	0	0	0	0	0	0	0	
N90	5.15255e-17	4.84842e-16	9.96439e-15	2.07198e-13	3.83938e-12	6.20578e-11	8.68641e-10	1.04716e-08	1.08141e-07	9.51601e-07	7.09728e-06	4.46324e-05	0.000235502	0.00103791	0.00380565	0.0115709	0.0290991	0.0604293	0.103546	0.146419	0.171035	0.165355	0.132666	0.0886296	0.0494978	0.0232104	0.00918126	0.00307861	0.000879413	0.000215071	4.52576e-05	8.2359e-06	1.30281e-06	1.80124e-07	2.18988e-08	2.35806e-09	2.27242e-10	2.02545e-11	2.20614e-12	
POCUSC_Ips_emarginatus	0	0	0	0	0	0	0	0	0	0	0	0	0	0	0	0	0	0	0	0	1	0	0	0	0	0	0	0	0	0	0	0	0	0	0	0	0	0	0	
POCUSC_Ips_knausi	0	0	0	0	0	0	0	0	0	0	0	0	0	0	1	0	0	0	0	0	0	0	0	0	0	0	0	0	0	0	0	0	0	0	0	0	0	0	0	
POCUSC_Ips_acuminatus	0	0	0	0	0	0	0	0	0	0	0	0	0	0	0	0	0	0	0	0	1	0	0	0	0	0	0	0	0	0	0	0	0	0	0	0	0	0	0	
N91	1.37459e-41	1.65e-39	2.25869e-37	2.90368e-35	3.49009e-33	3.89216e-31	3.98191e-29	3.68956e-27	3.05807e-25	2.2424e-23	1.44102e-21	8.05058e-20	3.88276e-18	1.60649e-16	5.66891e-15	1.69658e-13	4.28285e-12	9.07029e-11	1.60286e-09	2.35077e-08	2.84596e-07	2.829e-06	2.29691e-05	0.000151549	0.000808631	0.00347352	0.0119627	0.0329132	0.07213	0.125634	0.173678	0.190482	0.165868	0.114947	0.0637238	0.028585	0.0106739	0.00358942	0.0013546	
POCUSC_Cryphalus_abietis	0	0	0	0	0	0	0	0	0	0	1	0	0	0	0	0	0	0	0	0	0	0	0	0	0	0	0	0	0	0	0	0	0	0	0	0	0	0	0	
N92	1.88266e-40	1.60715e-38	2.31585e-36	3.17755e-34	3.90315e-32	4.24595e-30	4.07185e-28	3.42955e-26	2.52755e-24	1.62385e-22	9.05967e-21	4.37209e-19	1.81774e-17	6.48411e-16	1.97614e-14	5.12353e-13	1.12512e-11	2.08343e-10	3.23857e-09	4.20683e-08	4.54591e-07	4.06824e-06	3.00198e-05	0.00018188	0.000901147	0.00363772	0.0119246	0.0316528	0.0678817	0.117429	0.163727	0.183983	0.166781	0.122216	0.072683	0.0353656	0.0143705	0.00519281	0.00203776	
N93	4.23778e-33	9.7406e-32	4.57729e-30	2.13775e-28	9.16921e-27	3.57433e-25	1.26243e-23	4.03081e-22	1.16094e-20	3.00954e-19	7.0063e-18	1.46145e-16	2.72505e-15	4.5315e-14	6.70432e-13	8.80387e-12	1.02367e-10	1.05141e-09	9.51648e-09	7.57284e-08	5.28591e-07	3.22915e-06	1.72279e-05	8.01054e-05	0.000324005	0.001138	0.00346544	0.0091377	0.0208422	0.0410973	0.0700512	0.103286	0.131966	0.146615	0.142506	0.122423	0.0944917	0.0671653	0.0453895	
N94	2.3457e-35	8.58036e-34	5.91537e-32	3.98948e-30	2.44895e-28	1.35285e-26	6.70004e-25	2.96641e-23	1.17091e-21	4.10901e-20	1.27831e-18	3.5152e-17	8.51907e-16	1.81406e-14	3.38381e-13	5.51211e-12	7.81721e-11	9.62221e-10	1.02487e-08	9.41746e-08	7.44408e-07	5.04758e-06	2.92816e-05	0.000144965	0.00061108	0.00218886	0.00665083	0.0171188	0.0372906	0.0687163	0.107133	0.14144	0.158416	0.150984	0.123056	0.0864793	0.0532508	0.0298208	0.0166639	
N95	9.91322e-39	5.01092e-37	4.66757e-35	4.10262e-33	3.26681e-31	2.34578e-29	1.5147e-27	8.77025e-26	4.54012e-24	2.09493e-22	8.58906e-21	3.11869e-19	9.9948e-18	2.81728e-16	6.95932e-15	1.50095e-13	2.81557e-12	4.57577e-11	6.41691e-10	7.73374e-09	7.97773e-08	7.0148e-07	5.23639e-06	3.30517e-05	0.000175721	0.000784021	0.00292566	0.00910296	0.0235541	0.0505797	0.090014	0.132696	0.162163	0.16475	0.140062	0.101032	0.0636116	0.036908	0.0216024	
POCUCU_Anthonomus_sp	0	0	0	0	0	0	0	0	0	0	0	0	0	0	0	0	0	0	0	0	0	0	0	0	0	0	0	0	0	0	0	1	0	0	0	0	0	0	0	
POCUMO_Lepyrus_sp	0	0	0	0	0	0	0	0	0	0	0	0	0	0	0	0	0	0	0	0	0	0	0	0	0	0	0	0	0	0	0	0	1	0	0	0	0	0	0	
POCUER_Procas_sp	0	0	0	0	0	0	0	0	0	0	0	0	0	0	0	0	0	0	0	0	0	0	0	1	0	0	0	0	0	0	0	0	0	0	0	0	0	0	0	
N96	3.27958e-36	1.09734e-34	7.15341e-33	4.56553e-31	2.66443e-29	1.40938e-27	6.73623e-26	2.90167e-24	1.12355e-22	3.90029e-21	1.21052e-19	3.34964e-18	8.2402e-17	1.79691e-15	3.46325e-14	5.88193e-13	8.77691e-12	1.14726e-10	1.3098e-09	1.30235e-08	1.12463e-07	8.4118e-07	5.4356e-06	3.02717e-05	0.000144969	0.000595739	0.00209678	0.00630979	0.0162098	0.0355016	0.0662087	0.105035	0.141617	0.162138	0.157492	0.129698	0.0907337	0.0549035	0.0312785	
POCUMO_Ruteria_hypocrita	0	0	0	0	0	0	0	0	0	0	0	0	0	0	0	0	0	0	0	0	0	0	0	1	0	0	0	0	0	0	0	0	0	0	0	0	0	0	0	
N97	1.0987e-57	2.08572e-55	6.20307e-53	1.73306e-50	4.42581e-48	1.02903e-45	2.17278e-43	4.15582e-41	7.18123e-39	1.118e-36	1.56362e-34	1.95861e-32	2.19036e-30	2.17964e-28	1.92326e-26	1.49926e-24	1.02853e-22	6.18431e-21	3.24505e-19	1.4792e-17	5.82919e-16	1.97575e-14	5.72827e-13	1.41236e-11	2.94299e-10	5.14817e-09	7.50632e-08	9.05281e-07	8.95704e-06	7.20763e-05	0.000467406	0.00241973	0.00990613	0.0317837	0.0793055	0.15305	0.227973	0.26235	0.232662	
POCUSC_Trypodendron_lineatum	0	0	0	0	0	0	0	0	0	0	0	0	0	0	0	0	0	0	0	0	0	0	0	0	0	0	0	0	0	0	0	0	0	0	0	0	0	1	0	
POCUCO_Telephae_sp	0	0	0	0	0	0	0	0	0	0	0	0	0	0	0	0	0	0	0	0	0	0	0	0	0	0	0	0	0	0	0	0	0	0	0	0	0	1	0	
N98	4.22163e-33	1.53434e-31	1.03418e-29	6.85517e-28	4.10706e-26	2.19175e-24	1.03713e-22	4.33867e-21	1.60006e-19	5.18733e-18	1.47411e-16	3.66118e-15	7.92363e-14	1.4898e-12	2.42607e-11	3.41122e-10	4.12857e-09	4.28764e-08	3.80905e-07	2.88572e-06	1.85869e-05	0.00010148	0.000468297	0.00182148	0.005956	0.0163331	0.0374829	0.071852	0.114879	0.15303	0.169747	0.1568	0.120724	0.0776478	0.0419339	0.0192452	0.00773766	0.00294633	0.00127246	
N99	2.00021e-20	1.69007e-19	2.93221e-18	5.49057e-17	9.72297e-16	1.56846e-14	2.27532e-13	2.95195e-12	3.41406e-11	3.51103e-10	3.20342e-09	2.5874e-08	1.8462e-07	1.1614e-06	6.42882e-06	3.12563e-05	0.000133248	0.000497301	0.00162256	0.00462236	0.0114855	0.0248705	0.0469007	0.076991	0.109993	0.136758	0.148012	0.139506	0.114589	0.0821057	0.0513854	0.0281369	0.0135102	0.00570658	0.00213062	0.000709038	0.00021403	6.15937e-05	2.0391e-05	
N100	3.9321e-20	4.55509e-19	1.03776e-17	2.44483e-16	5.28177e-15	1.0125e-13	1.70296e-12	2.50017e-11	3.19315e-10	3.53765e-09	3.3909e-08	2.80503e-07	1.99782e-06	1.22237e-05	6.41201e-05	0.000287818	0.00110373	0.00361091	0.0100665	0.0238928	0.0482522	0.0828876	0.121107	0.150545	0.159299	0.143599	0.110393	0.07247	0.0406888	0.0195741	0.00808503	0.00287429	0.000882024	0.000234488	5.42841e-05	1.10362e-05	2.00657e-06	3.45223e-07	7.26466e-08	
N101	2.69305e-19	2.96784e-18	6.6458e-17	1.53704e-15	3.21652e-14	5.91804e-13	9.49412e-12	1.32263e-10	1.59496e-09	1.66009e-08	1.48721e-07	1.1437e-06	7.53107e-06	4.2362e-05	0.000203109	0.000828441	0.00286966	0.00842956	0.0209739	0.0441645	0.0786591	0.118467	0.150888	0.162586	0.148314	0.11465	0.0751975	0.0419109	0.0198842	0.00804667	0.00278367	0.000825263	0.000210258	4.61873e-05	8.78616e-06	1.45851e-06	2.15657e-07	3.07015e-08	5.8517e-09	
N102	2.21637e-17	2.42091e-16	5.55907e-15	1.26813e-13	2.55375e-12	4.44472e-11	6.63647e-10	8.45564e-09	9.14824e-08	8.36477e-07	6.43482e-06	4.14722e-05	0.000223078	0.000998096	0.00370389	0.0113736	0.0288463	0.0603482	0.104054	0.147818	0.17304	0.16704	0.133137	0.0877761	0.047983	0.021812	0.00827306	0.00262801	0.000701998	0.000158357	3.02995e-05	4.93928e-06	6.8909e-07	8.26563e-08	8.56764e-09	7.72762e-10	6.15742e-11	4.59228e-12	4.52755e-13	
POCUSC_Polygraphus_poligraphus_M	0	0	0	0	0	0	0	0	0	0	0	0	0	0	0	0	0	0	0	0	0	0	1	0	0	0	0	0	0	0	0	0	0	0	0	0	0	0	0	
POCUBA_Limnobaris_sp	0	0	0	0	0	0	0	0	0	0	0	0	1	0	0	0	0	0	0	0	0	0	0	0	0	0	0	0	0	0	0	0	0	0	0	0	0	0	0	
POCUSC_Polygraphus_grandiclava	0	0	0	0	0	0	0	0	0	0	0	0	0	0	0	0	0	0	1	0	0	0	0	0	0	0	0	0	0	0	0	0	0	0	0	0	0	0	0	
POCUSC_Phloeotribus_sp	0	0	0	0	0	0	0	0	0	0	0	0	0	0	0	0	0	1	0	0	0	0	0	0	0	0	0	0	0	0	0	0	0	0	0	0	0	0	0	
POCUCU_Rhynchaenus_sp	0	0	0	0	0	0	0	0	0	0	0	0	0	0	0	0	0	0	0	0	1	0	0	0	0	0	0	0	0	0	0	0	0	0	0	0	0	0	0	
N103	2.58903e-26	3.62091e-25	9.84638e-24	2.879e-22	7.99779e-21	2.03643e-19	4.69556e-18	9.75326e-17	1.81903e-15	3.03792e-14	4.53143e-13	6.02135e-12	7.10924e-11	7.43846e-10	6.87902e-09	5.608e-08	4.01961e-07	2.52655e-06	1.3891e-05	6.66385e-05	0.000278274	0.00100924	0.00317235	0.0086257	0.0202532	0.0410051	0.0715006	0.107281	0.138434	0.153608	0.146618	0.120496	0.0854191	0.0523929	0.0279571	0.0131144	0.00553363	0.00222528	0.000991396	
N104	3.44125e-27	8.96018e-26	4.01779e-24	1.88416e-22	8.27412e-21	3.27244e-19	1.14753e-17	3.53982e-16	9.55382e-15	2.24537e-13	4.57376e-12	8.0359e-11	1.21165e-09	1.55956e-08	1.70414e-07	1.57179e-06	1.21643e-05	7.85156e-05	0.000420104	0.00185222	0.00669093	0.0197003	0.047066	0.0909211	0.141692	0.177969	0.18025	0.147496	0.0978265	0.0528199	0.0233401	0.00849177	0.00256085	0.000644795	0.00013665	2.46125e-05	3.8251e-06	5.33825e-07	8.33812e-08	
POCUSC_Hylastes_sp	0	0	0	0	0	0	0	0	0	0	0	0	0	0	0	0	1	0	0	0	0	0	0	0	0	0	0	0	0	0	0	0	0	0	0	0	0	0	0	
N105	2.8698e-38	7.76469e-36	2.92197e-33	9.35763e-31	2.48574e-28	5.43622e-26	9.72279e-24	1.41256e-21	1.65561e-19	1.55452e-17	1.161e-15	6.84777e-14	3.16685e-12	1.1402e-10	3.17387e-09	6.78467e-08	1.10669e-06	1.36928e-05	0.00012781	0.000895674	0.00469312	0.0183253	0.0531905	0.114583	0.183075	0.217018	0.191106	0.125297	0.0613582	0.0225334	0.00623616	0.00130793	0.00020921	2.57048e-05	2.44637e-06	1.82414e-07	1.08843e-08	5.52742e-10	3.39475e-11	
N106	5.26717e-29	3.17557e-27	3.18086e-25	3.02666e-23	2.49869e-21	1.753e-19	1.03643e-17	5.13217e-16	2.11606e-14	7.22207e-13	2.02821e-11	4.65872e-10	8.69956e-09	1.31277e-07	1.59131e-06	1.54049e-05	0.000118423	0.000718983	0.00342973	0.0127924	0.0371411	0.0836036	0.145394	0.194792	0.200616	0.158619	0.0962464	0.0448489	0.0160785	0.00444784	0.000953311	0.000159119	2.08081e-05	2.1465e-06	1.75999e-07	1.15708e-08	6.18295e-10	2.82898e-11	1.6735e-12	
N107	1.89988e-17	3.24011e-16	1.10233e-14	3.49874e-13	9.46833e-12	2.1499e-10	4.05737e-09	6.30594e-08	7.99491e-07	8.18937e-06	6.71319e-05	0.000436453	0.00223242	0.00892321	0.0277299	0.0667676	0.124337	0.179059	0.199724	0.173111	0.117173	0.062331	0.0262524	0.00882483	0.00238733	0.000524055	9.41017e-05	1.39296e-05	1.71242e-06	1.76057e-07	1.52387e-08	1.11743e-09	6.98341e-11	3.74108e-12	1.72814e-13	6.93366e-15	2.44807e-16	7.92986e-18	3.24895e-19	
POCUSC_Dendroctonus_jeffreyi	0	0	0	0	0	0	0	0	0	0	0	0	1	0	0	0	0	0	0	0	0	0	0	0	0	0	0	0	0	0	0	0	0	0	0	0	0	0	0	
POCUSC_Dendroctonus_ponderosae	0	0	0	0	0	0	0	0	0	0	0	0	0	0	0	0	0	0	1	0	0	0	0	0	0	0	0	0	0	0	0	0	0	0	0	0	0	0	0	
N108	4.38796e-22	1.17275e-20	5.43314e-19	2.44049e-17	9.63342e-16	3.2485e-14	9.25295e-13	2.21059e-11	4.40296e-10	7.26883e-09	9.88939e-08	1.10252e-06	1.0016e-05	7.37451e-05	0.000437786	0.00208531	0.00793469	0.0240224	0.0576709	0.109484	0.164025	0.193671	0.180131	0.13201	0.0763117	0.0348629	0.0126207	0.00363275	0.000834832	0.000153896	2.2877e-05	2.75795e-06	2.71268e-07	2.19049e-08	1.46147e-09	8.11176e-11	3.78496e-12	1.55494e-13	8.39145e-15	
POCUSC_Dendroctonus_frontalis	0	0	0	0	0	0	0	0	0	0	0	0	0	1	0	0	0	0	0	0	0	0	0	0	0	0	0	0	0	0	0	0	0	0	0	0	0	0	0	
N109	1.52899e-21	4.67875e-20	2.46135e-18	1.21811e-16	5.17853e-15	1.8468e-13	5.46852e-12	1.33459e-10	2.66624e-09	4.33162e-08	5.68562e-07	5.99147e-06	5.03813e-05	0.000336095	0.00176901	0.00730907	0.0235963	0.0592787	0.115487	0.174021	0.202478	0.181809	0.126065	0.067629	0.0281567	0.00913625	0.00232239	0.000465215	7.39177e-05	9.38022e-06	9.57519e-07	7.91952e-08	5.34583e-09	2.96627e-10	1.36251e-11	5.21718e-13	1.67989e-14	4.71245e-16	1.72027e-17	
POCUSC_Dendroctonus_adjunctus	0	0	0	0	0	0	0	0	0	0	0	1	0	0	0	0	0	0	0	0	0	0	0	0	0	0	0	0	0	0	0	0	0	0	0	0	0	0	0	
N110	6.45685e-25	3.06477e-23	2.53885e-21	1.87058e-19	1.17344e-17	6.21409e-16	2.75796e-14	1.01814e-12	3.10139e-11	7.72974e-10	1.5623e-08	2.53684e-07	3.27725e-06	3.33443e-05	0.000264436	0.00161753	0.00755312	0.02666	0.0704992	0.138644	0.201725	0.216631	0.171825	0.101045	0.0443432	0.0146476	0.00367857	0.000710012	0.000106504	1.25545e-05	1.17566e-06	8.83771e-08	5.38626e-09	2.68662e-10	1.10648e-11	3.79447e-13	1.09373e-14	2.73943e-16	8.89923e-18	
POCUSC_Dendroctonus_approximatus	0	0	0	0	0	0	0	0	0	0	0	0	0	0	0	0	0	0	0	0	1	0	0	0	0	0	0	0	0	0	0	0	0	0	0	0	0	0	0	
POCUSC_Dendroctonus_brevicomis	0	0	0	0	0	0	0	0	0	0	0	0	0	0	0	0	0	0	0	0	0	1	0	0	0	0	0	0	0	0	0	0	0	0	0	0	0	0	0	
N111	1.8447e-38	4.34554e-36	1.46265e-33	4.28682e-31	1.05875e-28	2.18539e-26	3.74412e-24	5.28676e-22	6.10745e-20	5.7287e-18	4.32883e-16	2.61404e-14	1.25123e-12	4.70841e-11	1.3816e-09	3.13608e-08	5.46444e-07	7.25614e-06	7.29404e-05	0.000551765	0.00312504	0.0131974	0.0414319	0.0965066	0.166657	0.213453	0.203072	0.143877	0.0761871	0.030288	0.00908783	0.00207039	0.000360508	4.83245e-05	5.02662e-06	4.09821e-07	2.66779e-08	1.47642e-09	1.00049e-10	
N112	3.7752e-35	4.20889e-33	7.37787e-31	1.14709e-28	1.53972e-26	1.7736e-24	1.7437e-22	1.45488e-20	1.02408e-18	6.04353e-17	2.97083e-15	1.20828e-13	4.03771e-12	1.10069e-10	2.42984e-09	4.31182e-08	6.10517e-07	6.84731e-06	6.0403e-05	0.000416305	0.00222802	0.00920941	0.0292685	0.071275	0.132701	0.188712	0.205056	0.170533	0.108854	0.0535393	0.0203892	0.00604578	0.00140452	0.000257373	3.74794e-05	4.37784e-06	4.17258e-07	3.45104e-08	3.584e-09	
N113	5.58316e-32	2.60201e-30	2.21873e-28	1.75995e-26	1.24221e-24	7.75309e-23	4.26047e-21	2.05218e-19	8.62428e-18	3.14665e-16	9.91642e-15	2.68471e-13	6.20905e-12	1.21952e-10	2.02186e-09	2.81184e-08	3.25943e-07	3.129e-06	2.47174e-05	0.000159664	0.000838333	0.00355798	0.0121448	0.0331978	0.0724211	0.12577	0.173621	0.190442	0.166085	0.115354	0.0639758	0.0284336	0.010172	0.0029448	0.000694421	0.000134671	2.19373e-05	3.23674e-06	6.05824e-07	
POCUSC_Dendroctonus_valens	0	0	0	0	0	0	0	0	0	0	0	0	0	0	0	0	0	0	0	0	0	0	0	1	0	0	0	0	0	0	0	0	0	0	0	0	0	0	0	
POCUSC_Dendroctonus_terebrans	0	0	0	0	0	0	0	0	0	0	0	0	0	0	0	0	0	0	0	0	0	0	0	0	0	0	0	0	0	0	1	0	0	0	0	0	0	0	0	
N114	7.94577e-29	3.42611e-27	2.68967e-25	1.96897e-23	1.26564e-21	7.07767e-20	3.42498e-18	1.42675e-16	5.08862e-15	1.54509e-13	3.9706e-12	8.58349e-11	1.55118e-09	2.32856e-08	2.88498e-07	2.9312e-06	2.42692e-05	0.000162754	0.000878981	0.00380281	0.0131182	0.035939	0.07795	0.133554	0.180531	0.192489	0.162021	0.107858	0.0569459	0.0239335	0.0080431	0.00217237	0.000474228	8.41815e-05	1.22312e-05	1.46634e-06	1.47379e-07	1.32732e-08	1.5744e-09	
POCUSC_Dendroctonus_punctatus	0	0	0	0	0	0	0	0	0	0	0	0	0	0	0	0	0	0	0	0	0	0	0	0	1	0	0	0	0	0	0	0	0	0	0	0	0	0	0	
N115	1.61212e-29	1.49719e-27	2.23681e-25	2.97029e-23	3.39091e-21	3.299e-19	2.71267e-17	1.86815e-15	1.06673e-13	4.99396e-12	1.89296e-10	5.7284e-09	1.36225e-07	2.50094e-06	3.4752e-05	0.000357617	0.00266258	0.0140092	0.0509906	0.126418	0.212151	0.241961	0.190053	0.1048	0.0414517	0.0120147	0.00260365	0.000429612	5.48668e-05	5.50361e-06	4.3933e-07	2.82403e-08	1.47753e-09	6.35444e-11	2.26779e-12	6.78572e-14	1.72905e-15	3.90535e-17	1.05308e-18	
POCUSC_Dendroctonus_rufipennis	0	0	0	0	0	0	0	0	0	0	0	0	0	0	0	0	0	0	1	0	0	0	0	0	0	0	0	0	0	0	0	0	0	0	0	0	0	0	0	
POCUSC_Dendroctonus_murrayanae	0	0	0	0	0	0	0	0	0	0	0	0	0	0	0	0	0	0	0	0	1	0	0	0	0	0	0	0	0	0	0	0	0	0	0	0	0	0	0	
N116	1.59793e-25	3.56403e-24	1.60223e-22	6.94919e-21	2.69179e-19	9.21339e-18	2.77352e-16	7.31173e-15	1.68064e-13	3.35288e-12	5.77828e-11	8.5606e-10	1.08484e-08	1.16998e-07	1.06834e-06	8.2173e-06	5.297e-05	0.000284753	0.00127058	0.00468513	0.0142206	0.0354082	0.0721241	0.119939	0.162635	0.179751	0.16201	0.119237	0.0718132	0.0354954	0.014449	0.0048636	0.00135981	0.000317331	6.21496e-05	1.02936e-05	1.46887e-06	1.95119e-07	3.44818e-08	
POCUSC_Dendroctonus_simplex	0	0	0	0	0	0	0	0	0	0	0	0	0	0	0	0	0	0	0	0	0	0	0	0	0	1	0	0	0	0	0	0	0	0	0	0	0	0	0	
POCUSC_Dendroctonus_pseudotsugae	0	0	0	0	0	0	0	0	0	0	0	0	0	0	0	0	0	0	0	0	0	1	0	0	0	0	0	0	0	0	0	0	0	0	0	0	0	0	0	
POCUSC_Hylurgops_sp	0	0	0	0	0	0	0	0	0	0	0	0	0	0	0	0	0	0	0	0	0	0	0	0	0	0	1	0	0	0	0	0	0	0	0	0	0	0	0	
N117	5.69211e-25	8.78037e-24	2.88927e-22	9.38537e-21	2.74439e-19	7.14071e-18	1.64762e-16	3.36282e-15	6.05687e-14	9.60451e-13	1.33779e-11	1.63311e-10	1.74342e-09	1.62416e-08	1.3177e-07	9.2922e-07	5.6852e-06	3.01272e-05	0.000138064	0.000546379	0.00186492	0.00548417	0.0138822	0.0302275	0.056588	0.091055	0.125926	0.149702	0.153048	0.134651	0.102043	0.0666968	0.0376598	0.0184085	0.00781316	0.00289479	0.00094875	0.000287913	9.76605e-05	
N118	1.10767e-21	1.09246e-20	2.37975e-19	5.36454e-18	1.10639e-16	2.04698e-15	3.38093e-14	4.97202e-13	6.49563e-12	7.52228e-11	7.70512e-10	6.96609e-09	5.54722e-08	3.88295e-07	2.38455e-06	1.28233e-05	6.02823e-05	0.000247325	0.000884279	0.00275156	0.00744271	0.0174833	0.0356385	0.0630035	0.0965615	0.128284	0.147741	0.147543	0.127833	0.0961604	0.0628625	0.0357575	0.017727	0.00767805	0.00291805	0.000982538	0.000300712	9.01508e-05	3.26278e-05	
N119	4.36022e-21	4.44104e-20	9.86328e-19	2.26085e-17	4.73089e-16	8.85036e-15	1.47191e-13	2.16934e-12	2.82553e-11	3.24362e-10	3.27311e-09	2.89565e-08	2.24006e-07	1.51148e-06	8.87391e-06	4.52262e-05	0.000199655	0.000761927	0.00250902	0.00711817	0.0173751	0.0364523	0.06568	0.10159	0.134872	0.153716	0.150469	0.126603	0.0916594	0.0571775	0.0307817	0.0143288	0.00578072	0.00202725	0.000620838	0.000167558	4.08243e-05	9.69365e-06	2.88155e-06	
POCUBR_Notaris_sp	0	0	0	0	0	0	0	0	0	0	0	0	0	0	0	0	0	0	0	0	0	1	0	0	0	0	0	0	0	0	0	0	0	0	0	0	0	0	0	
N120	2.12854e-23	3.94207e-22	1.51066e-20	5.58976e-19	1.84141e-17	5.34303e-16	1.35905e-14	3.01696e-13	5.81827e-12	9.7013e-11	1.3916e-09	1.70846e-08	1.78564e-07	1.58027e-06	1.17772e-05	7.35134e-05	0.000382299	0.00164805	0.00586231	0.0171375	0.0410384	0.0803094	0.128259	0.167124	0.177814	0.154764	0.110496	0.0649424	0.031551	0.0127292	0.00428585	0.00121049	0.000288346	5.82607e-05	1.00509e-05	1.49412e-06	1.94953e-07	2.37733e-08	3.73508e-09	
POCUSC_Scolytus_sp	0	0	0	0	0	0	0	0	0	0	0	0	0	0	0	0	0	0	0	0	0	0	0	1	0	0	0	0	0	0	0	0	0	0	0	0	0	0	0	
POCUBA_Metialma_sp	0	0	0	0	0	0	0	0	0	0	0	0	0	0	0	0	0	0	0	0	1	0	0	0	0	0	0	0	0	0	0	0	0	0	0	0	0	0	0	
N121	1.40419e-19	1.32283e-18	2.79672e-17	6.07141e-16	1.19577e-14	2.09742e-13	3.25901e-12	4.46901e-11	5.38847e-10	5.69152e-09	5.24631e-08	4.20417e-07	2.91773e-06	1.74706e-05	8.99237e-05	0.00039648	0.00149257	0.00478348	0.0130182	0.0300244	0.0585959	0.0966828	0.134837	0.159006	0.158706	0.134283	0.0965154	0.0590745	0.0308798	0.0138291	0.00532414	0.00176865	0.000509001	0.000127488	2.79477e-05	5.40616e-06	9.38012e-07	1.54474e-07	3.19203e-08	
POCUMO_Adexius_scrobipennis	0	0	0	0	0	0	0	0	0	0	0	0	0	0	0	0	0	0	0	0	0	0	1	0	0	0	0	0	0	0	0	0	0	0	0	0	0	0	0	
POCUCU_Cionus_sp	0	0	0	0	0	0	0	0	0	0	0	0	0	0	0	0	0	0	0	1	0	0	0	0	0	0	0	0	0	0	0	0	0	0	0	0	0	0	0	
N122	4.54701e-22	5.23819e-21	1.16338e-19	2.77516e-18	6.22665e-17	1.26303e-15	2.28468e-14	3.66353e-13	5.18901e-12	6.47385e-11	7.09664e-10	6.81937e-09	5.73164e-08	4.20482e-07	2.68714e-06	1.49315e-05	7.20163e-05	0.000301009	0.00108871	0.00340299	0.00918154	0.021362	0.0428231	0.0739153	0.1098	0.140333	0.154299	0.145969	0.11885	0.0833318	0.0503559	0.0262542	0.0118284	0.00461574	0.00156629	0.000466044	0.000124203	3.16825e-05	9.73508e-06	
N123	4.5195e-19	3.47236e-18	5.78995e-17	1.03229e-15	1.70701e-14	2.53846e-13	3.36565e-12	3.96408e-11	4.13731e-10	3.81826e-09	3.10959e-08	2.23043e-07	1.40638e-06	7.78173e-06	3.77199e-05	0.00015992	0.000592169	0.00191262	0.00538206	0.0131819	0.0280774	0.0519773	0.0835901	0.116754	0.141627	0.149224	0.136616	0.108736	0.0752961	0.0454047	0.0238698	0.0109548	0.0043965	0.00154664	0.000478888	0.000131694	3.29596e-05	8.09168e-06	2.4721e-06	
POCUCE_Zacladus_geranii	0	0	0	0	0	0	0	0	0	0	0	0	0	0	0	0	0	0	0	0	0	1	0	0	0	0	0	0	0	0	0	0	0	0	0	0	0	0	0	
N124	1.92677e-17	1.25678e-16	1.70024e-15	2.53907e-14	3.58463e-13	4.58437e-12	5.2398e-11	5.32336e-10	4.79224e-09	3.81357e-08	2.67693e-07	1.6542e-06	8.98181e-06	4.27753e-05	0.000178385	0.00065043	0.00207073	0.00574916	0.0139057	0.0292761	0.0536146	0.0853685	0.118152	0.142132	0.148632	0.135162	0.106946	0.073684	0.0442478	0.0231857	0.0106157	0.00425366	0.00149455	0.000461665	0.000125913	3.0598e-05	6.79036e-06	1.48825e-06	4.16859e-07	
POCUCE_Nedyus_quadrimaculatus	0	0	0	0	0	0	0	0	0	0	0	0	0	0	1	0	0	0	0	0	0	0	0	0	0	0	0	0	0	0	0	0	0	0	0	0	0	0	0	
POCUCE_Rhinoncus_sp	0	0	0	0	0	0	0	0	0	0	0	0	0	0	0	0	0	0	0	0	0	0	0	0	1	0	0	0	0	0	0	0	0	0	0	0	0	0	0	
N125	2.22641e-12	9.31401e-12	6.45337e-11	4.62423e-10	3.13973e-09	1.98168e-08	1.15414e-07	6.16858e-07	3.01011e-06	1.33457e-05	5.35212e-05	0.000193383	0.000627374	0.00182214	0.00472614	0.0109246	0.022466	0.0410442	0.0665395	0.0956324	0.121763	0.13727	0.136974	0.120955	0.094519	0.0653717	0.040028	0.021709	0.010435	0.00444902	0.00168421	0.000566822	0.000169881	4.54501e-05	1.08968e-05	2.35875e-06	4.69708e-07	9.16872e-08	2.27033e-08	
N126	2.37858e-15	1.56501e-14	2.27818e-13	3.52609e-12	4.97483e-11	6.20006e-10	6.7622e-09	6.42026e-08	5.28211e-07	3.74906e-06	2.28548e-05	0.000119148	0.000528949	0.00199173	0.00633785	0.0169883	0.0382549	0.0722221	0.114163	0.151012	0.1672	0.155109	0.120773	0.0791163	0.0437321	0.0204663	0.00813943	0.00276172	0.000802739	0.000200717	4.3354e-05	8.12306e-06	1.32579e-06	1.89315e-07	2.37694e-08	2.64316e-09	2.64402e-10	2.51887e-11	3.17472e-12	
POCUMO_Acalles_camelus	0	0	0	0	0	0	0	0	0	0	0	0	0	0	0	0	0	0	0	0	1	0	0	0	0	0	0	0	0	0	0	0	0	0	0	0	0	0	0	
POCUMO_Acalles_echinatus	0	0	0	0	0	0	0	0	0	0	0	0	0	0	0	0	1	0	0	0	0	0	0	0	0	0	0	0	0	0	0	0	0	0	0	0	0	0	0	
POCUTY_Tychius_sp	0	0	0	1	0	0	0	0	0	0	0	0	0	0	0	0	0	0	0	0	0	0	0	0	0	0	0	0	0	0	0	0	0	0	0	0	0	0	0	
