NODE	13	14	15	16	17	18	
N1	0.0133631	0.986637	8.79597e-33	1.75635e-55	1.55118e-78	2.28888e-71	
N2	0.00368308	0.996317	5.03793e-24	2.54928e-48	2.97598e-73	2.10809e-67	
N3	0.00126585	0.998734	3.16092e-12	1.66832e-24	1.9622e-37	7.91528e-61	
POTEPI_Stenosis_sp	0	0	0	0	1	0	
N4	0.000539142	0.999461	4.59956e-22	1.41499e-44	7.48266e-68	1.0718e-85	
POTEPI_Zophosis_sp	0	1	0	0	0	0	
N5	3.51422e-05	0.999965	3.26198e-12	1.10428e-24	3.61118e-49	3.55371e-44	
N6	5.49509e-06	0.999995	8.25059e-20	9.32988e-43	3.56701e-67	5.4786e-66	
N7	1.24565e-06	0.999999	1.02332e-10	2.11457e-23	1.12103e-47	7.93597e-45	
N8	3.00541e-07	1	1.35381e-10	9.99843e-34	8.84212e-58	4.52645e-55	
POTETE_Hegeter_amaroides	0	0	1	0	0	0	
N9	2.93887e-08	1	1.50098e-10	5.04893e-34	2.28392e-58	5.1362e-55	
POTETE_Hegeter_politus	0	0	1	0	0	0	
N10	3.21131e-09	1	1.3968e-10	1.85024e-34	4.12091e-59	3.33361e-84	
POTETE_Hegeter_grancanariensis	0	1	0	0	0	0	
POTETE_Hegeter_costipennis	0	0	1	0	0	0	
POTETE_Hegeter_fernandezi	0	0	0	1	0	0	
N11	1.55521e-06	0.999998	6.60628e-12	2.99122e-34	6.15936e-58	4.52733e-82	
POTETE_Hegeter_transversus	0	1	0	0	0	0	
N12	4.57847e-11	0.00656669	0.993433	1.20672e-11	2.32966e-36	1.56898e-58	
N13	7.25501e-15	3.22826e-05	0.0994101	0.900558	6.9538e-26	9.66989e-52	
POTETE_Hegeter_lateralis	0	0	0	1	0	0	
POTETE_Hegeter_tenuipunctatus	0	0	0	1	0	0	
POTETE_Hegeter_brevicollis	0	0	1	0	0	0	
N14	1.8664e-06	0.204945	0.585754	0.209299	2.92088e-24	1.09199e-47	
POTEPI_Tentyria_schaumi	0	0	0	1	0	0	
POTEPI_Tentyria_rotundata	0	0	0	1	0	0	
N15	0.00185161	0.998148	4.1562e-24	2.16578e-48	3.47664e-72	1.49466e-56	
N16	0.0003116	0.999688	1.21471e-24	1.84758e-49	4.70858e-73	3.85106e-39	
N17	0.000158083	0.999842	6.80479e-25	5.79254e-50	1.43876e-75	1.36878e-39	
N18	0.00011787	0.999882	1.45823e-23	2.66071e-47	1.40913e-71	2.53831e-65	
POTETE_Blaps_sp	0	1	0	0	0	0	
N19	8.54335e-05	0.999915	4.9378e-23	3.04978e-46	5.51899e-70	6.28615e-94	
POTETE_Tribolium_brevicornis	0	1	0	0	0	0	
N20	2.24336e-06	0.999998	8.13195e-24	8.27271e-48	2.45078e-72	4.48614e-97	
POTETE_Tenebrio_molitor	0	1	0	0	0	0	
POTETE_Phaleria_sp	0	1	0	0	0	0	
N21	7.46234e-05	0.999925	5.989e-22	1.35014e-45	3.9582e-70	3.42903e-67	
N22	1.19296e-05	0.999988	2.33853e-11	3.28747e-34	8.09105e-58	8.56023e-82	
POTETE_Tribolium_destructor	0	0	1	0	0	0	
N23	3.18748e-06	0.999997	2.55674e-11	2.5816e-34	4.67865e-58	3.53292e-82	
POTETE_Tribolium_anaphe	0	1	0	0	0	0	
POTETE_Tribolium_confusum	0	0	1	0	0	0	
N24	3.23082e-05	0.999968	9.24874e-12	1.50829e-24	1.51204e-48	2.99259e-43	
POTETE_Palorus_sp	0	0	0	1	0	0	
N25	2.37701e-05	0.999976	1.1166e-11	3.17615e-34	1.38091e-57	2.60273e-81	
POTEDI_Gnathocerus_cornutus	0	0	1	0	0	0	
POTEPI_Erodius_orientalis	0	1	0	0	0	0	
N26	0.00010648	0.999894	3.15012e-23	1.62712e-47	1.89358e-72	7.21375e-69	
N27	5.46922e-05	0.999945	5.40366e-12	2.58778e-35	2.12359e-59	1.28996e-54	
POTETE_Gonocephalum_sp	0	0	1	0	0	0	
N28	3.44595e-05	0.999966	8.63129e-12	1.64535e-34	6.06067e-58	1.0914e-81	
POTETE_Opatroides_sp	0	1	0	0	0	0	
POTETE_Probaticus_sp	0	0	1	0	0	0	
N29	5.49427e-05	0.999945	3.13105e-23	9.65271e-47	7.94658e-71	3.19308e-95	
N30	1.50557e-05	0.999985	6.76048e-13	1.15164e-36	4.3505e-61	1.70711e-54	
N31	9.82613e-06	0.99999	4.01207e-23	7.49281e-47	3.32827e-71	6.75293e-96	
POTETE_Tribolium_castaneum	0	1	0	0	0	0	
N32	2.34086e-06	0.999998	1.61614e-23	3.26673e-47	1.94372e-71	5.91961e-96	
POTETE_Tribolium_audax	0	1	0	0	0	0	
POTETE_Tribolium_madens	0	1	0	0	0	0	
POTETE_Tribolium_freemani	0	0	1	0	0	0	
POTETE_Latheticus_oryzae	0	1	0	0	0	0	
N33	4.96122e-05	0.99995	4.95908e-23	3.56015e-47	6.40939e-53	2.25524e-36	
N34	1.81473e-05	0.999982	7.2294e-25	6.51716e-50	4.45903e-57	5.05182e-77	
N35	2.82238e-06	0.999997	4.5915e-23	4.60299e-48	2.49917e-56	7.17912e-49	
N36	1.07809e-06	0.999999	2.60679e-12	5.46966e-36	2.52943e-60	5.49206e-85	
N37	8.5673e-09	0.125558	0.874442	5.83735e-24	6.49688e-48	2.83182e-72	
POTEPI_Pimelia_rugosa	0	0	1	0	0	0	
POTEPI_Pimelia_maura	0	0	1	0	0	0	
N38	5.88027e-09	1	4.31766e-13	1.0506e-29	3.76155e-40	8.56887e-53	
POTEPI_Pimelia_boyeri	0	0	1	0	0	0	
N39	4.21701e-09	1	6.05633e-22	1.5382e-47	3.0067e-57	1.42399e-77	
N40	6.54987e-10	1	1.73764e-12	4.81637e-37	3.10199e-62	1.71913e-96	
POTEPI_Pimelia_mauritanica	0	1	0	0	0	0	
POTEPI_Pimelia_atlantis_atlantis	0	0	1	0	0	0	
POTEPI_Pimelia_atlantis_frigioides	0	1	0	0	0	0	
N41	1.1692e-06	0.999999	1.01764e-12	1.12851e-36	2.39165e-61	2.3163e-66	
N42	1.83831e-07	1	1.63551e-12	1.95181e-36	4.6388e-61	5.62031e-56	
N43	2.99584e-08	1	6.941e-24	1.62178e-48	3.40804e-71	5.08704e-53	
N44	3.6059e-10	1	5.57413e-26	8.14977e-44	6.19429e-37	1.79982e-36	
N45	2.85895e-10	1	2.35765e-25	7.00063e-51	1.94617e-85	3.86176e-109	
POTEPI_Pimelia_canariensis	0	1	0	0	0	0	
POTEPI_Pimelia_ascendens	0	1	0	0	0	0	
N46	9.64567e-11	1	6.542e-25	5.34899e-50	1.06166e-72	8.90829e-82	
POTEPI_Pimelia_laevigata_costipennis	0	1	0	0	0	0	
N47	7.08691e-13	1	9.35244e-26	1.09271e-51	3.98219e-78	3.34924e-37	
POTEPI_Pimelia_laevigata_laevigata	0	1	0	0	0	0	
POTEPI_Pimelia_laevigata_validipes	0	1	0	0	0	0	
N48	1.27583e-08	1	2.76809e-24	9.57796e-49	9.81638e-74	2.50393e-89	
POTEPI_Pimelia_radula	0	1	0	0	0	0	
N49	8.05521e-10	1	1.56437e-24	3.06009e-49	1.66443e-68	2.22712e-42	
N50	9.71334e-12	1	1.32556e-25	2.19401e-51	1.15022e-77	2.46941e-37	
POTEPI_Pimelia_sparsa_serrimargo	0	1	0	0	0	0	
POTEPI_Pimelia_sparsa_albohumeralis	0	1	0	0	0	0	
N51	1.18904e-11	1	1.52625e-25	2.90786e-51	1.76746e-77	2.17953e-37	
POTEPI_Pimelia_sparsa_sparsa	0	1	0	0	0	0	
POTEPI_Pimelia_lutaria	0	1	0	0	0	0	
N52	1.5344e-11	0.0129577	0.987042	6.93015e-25	1.18732e-46	1.1178e-56	
POTEPI_Pimelia_estevezi	0	0	1	0	0	0	
N53	8.46928e-14	0.00135721	0.998643	1.7738e-25	3.95172e-51	2.78987e-77	
POTEPI_Pimelia_granulicollis	0	0	1	0	0	0	
POTEPI_Pimelia_fernandezlopezi	0	0	1	0	0	0	
POTEPI_Pimelia_echidna	0	0	1	0	0	0	
N54	6.00104e-06	0.999994	3.88794e-23	1.88988e-46	2.71648e-70	2.04617e-94	
POTEPI_Pimelia_monticola	0	1	0	0	0	0	
POTEPI_Pimelia_scabrosa	0	1	0	0	0	0	
N55	7.20902e-06	0.999993	1.03171e-11	2.90978e-35	1.25913e-59	2.48062e-77	
N56	7.33052e-07	0.999999	1.05541e-11	6.25143e-24	6.27194e-48	5.51962e-42	
POTEPI_Pimelia_integra	0	0	0	1	0	0	
N57	2.47489e-07	1	1.76159e-22	1.0379e-45	5.11481e-70	8.64005e-95	
POTEPI_Pimelia_costata	0	1	0	0	0	0	
N58	7.71425e-09	1	9.06154e-25	1.02555e-49	6.89406e-57	6.88391e-68	
N59	7.0862e-10	1	2.15504e-25	5.79982e-51	4.82115e-77	2.65392e-112	
POTEPI_Pimelia_interjecta	0	1	0	0	0	0	
POTEPI_Pimelia_criba	0	1	0	0	0	0	
POTEPI_Pimelia_elevata	0	1	0	0	0	0	
N60	9.82092e-07	0.4897	0.510299	6.30226e-24	1.2981e-47	1.11028e-71	
POTEPI_Pimelia_baetica	0	0	1	0	0	0	
POTEPI_Pimelia_variolosa	0	0	1	0	0	0	
N61	0.0016323	0.998368	5.51843e-23	3.83021e-46	7.79068e-70	1.35975e-63	
POTEAL_Alleculinae_sp	0	1	0	0	0	0	
N62	0.00070584	0.999294	1.56385e-23	3.06163e-47	1.75662e-71	5.67753e-96	
POTEDI_Diaperis_boleti	0	1	0	0	0	0	
POTETE_Uloma_sp	0	1	0	0	0	0	
