NODE	23	24	25	26	27	28	29	30	31	32	33	34	35	36	37	38	39	40	41	42	43	44	45	46	47	48	49	50	51	52	53	54	55	56	
N1	0.10313	0.101092	0.0972579	0.0919278	0.0854376	0.0781334	0.0703502	0.0623957	0.054538	0.046998	0.0399455	0.0334999	0.0277333	0.0226757	0.0183222	0.0146407	0.0115794	0.00907403	0.00705426	0.00544881	0.00418932	0.00321306	0.00246453	0.00189615	0.00146822	0.00114846	0.000911185	0.00073638	0.000608748	0.000516816	0.000452142	0.000408657	0.000382125	0.000369724	
N2	0.0173912	0.0195014	0.0225714	0.026619	0.0315846	0.0373105	0.043529	0.0498656	0.0558641	0.061031	0.0648957	0.0670753	0.0673313	0.065606	0.0620319	0.0569098	0.050663	0.043775	0.0367255	0.0299342	0.0237237	0.0183012	0.0137622	0.0101069	0.00726677	0.00513165	0.00357453	0.00247014	0.00170693	0.00119304	0.00085774	0.000650282	0.000537538	0.000501855	
N3	0.00444456	0.00616337	0.00986601	0.0164422	0.0268287	0.0415296	0.0600204	0.0803078	0.0990094	0.112156	0.116529	0.110924	0.0966756	0.0771222	0.0563128	0.0376449	0.0230508	0.0129374	0.00666168	0.00315057	0.0013704	0.000549099	0.000203046	6.94385e-05	2.20151e-05	6.48865e-06	1.78339e-06	4.58658e-07	1.108e-07	2.52548e-08	5.46995e-09	1.14878e-09	2.55094e-10	8.58291e-11	
ADCAHA_Calathus_freyi	0	0	0	0	0	0	0	0	0	0	0	0	0	1	0	0	0	0	0	0	0	0	0	0	0	0	0	0	0	0	0	0	0	0	
N4	0.00018636	0.000807761	0.003459	0.012229	0.0345967	0.0772357	0.135258	0.185357	0.198398	0.165366	0.106798	0.0530519	0.0200796	0.00573148	0.0012238	0.000195263	2.35087e-05	2.17214e-06	1.57034e-07	9.05185e-09	4.23241e-10	1.62985e-11	5.23847e-13	1.42171e-14	3.29158e-16	6.56021e-18	1.13472e-19	1.71637e-21	2.28776e-23	2.71166e-25	2.89807e-27	2.86676e-29	2.77146e-31	3.50174e-33	
ADCAHA_Calathus_ascendens	0	1	0	0	0	0	0	0	0	0	0	0	0	0	0	0	0	0	0	0	0	0	0	0	0	0	0	0	0	0	0	0	0	0	
ADCAHA_Calathus_auctus	0	0	0	0	0	0	0	0	0	0	0	0	0	0	1	0	0	0	0	0	0	0	0	0	0	0	0	0	0	0	0	0	0	0	
ADCAHA_Calathus_circumseptus	0	0	0	0	0	0	0	0	0	0	0	0	0	0	0	0	0	0	0	0	1	0	0	0	0	0	0	0	0	0	0	0	0	0	
N5	0.0491623	0.0524337	0.0554427	0.0580881	0.0602463	0.0617835	0.0625709	0.0625015	0.0615065	0.0595674	0.0567228	0.0530689	0.0487518	0.0439556	0.0388847	0.0337459	0.0287308	0.0240018	0.0196827	0.0158544	0.012556	0.00978953	0.00752778	0.00572295	0.00431543	0.00324136	0.00243858	0.00185074	0.00142962	0.00113614	0.00094034	0.00082084	0.000764167	0.000764217	
N6	0.0279896	0.0306911	0.0341484	0.0383079	0.0430268	0.0480674	0.0531058	0.057755	0.0616037	0.0642666	0.0654366	0.0649303	0.0627166	0.0589231	0.0538175	0.0477699	0.041201	0.0345291	0.028123	0.0222686	0.0171532	0.0128654	0.00940867	0.00672281	0.00470741	0.00324408	0.00221392	0.00150932	0.00104031	0.000736534	0.000546262	0.000433862	0.000376862	0.00036346	
N7	0.000516258	0.000751027	0.0012877	0.00232497	0.00417423	0.00725998	0.0120808	0.0191113	0.0286414	0.0405808	0.0542891	0.0685186	0.0815375	0.0914488	0.0966358	0.0961932	0.0901853	0.0796317	0.0662221	0.0518727	0.0382826	0.0266298	0.017471	0.0108213	0.00633739	0.00351732	0.0018567	0.000937429	0.000456764	0.000217936	0.000104353	5.23731e-05	2.98399e-05	2.19877e-05	
N8	2.12093e-08	8.50255e-08	4.32647e-07	2.18942e-06	1.03951e-05	4.50783e-05	0.00017591	0.000612219	0.0018892	0.00514791	0.0123497	0.0260225	0.0480752	0.0777594	0.109993	0.135954	0.146753	0.138295	0.113763	0.0817013	0.0512438	0.0280863	0.0134635	0.00565093	0.00207982	0.000672569	0.000191624	4.83023e-05	1.08457e-05	2.19647e-06	4.113e-07	7.51362e-08	1.5221e-08	4.90443e-09	
N9	7.23144e-09	2.72654e-08	1.49751e-07	8.54745e-07	4.59297e-06	2.23869e-05	9.73002e-05	0.000373662	0.00126088	0.00372464	0.00960599	0.0215859	0.0421983	0.0716797	0.1057	0.135223	0.150011	0.144278	0.120299	0.0869736	0.0545415	0.0296842	0.014032	0.00576692	0.00206333	0.000643777	0.000175575	4.20006e-05	8.86373e-06	1.66837e-06	2.86912e-07	4.79298e-08	9.21455e-09	3.121e-09	
N10	6.36216e-08	2.06849e-07	1.04022e-06	5.47554e-06	2.65907e-05	0.000114939	0.000437315	0.00145791	0.00424725	0.0107901	0.0238631	0.0458733	0.0765554	0.110799	0.138969	0.15098	0.142057	0.11577	0.0817506	0.0500534	0.0265969	0.0122798	0.00493314	0.00172711	0.000527907	0.000141148	3.30812e-05	6.81178e-06	1.23556e-06	1.98203e-07	2.83867e-08	3.75543e-09	5.28119e-10	1.30756e-10	
ADCAHA_Calathus_ambiguus	0	0	0	0	0	0	0	0	0	0	0	0	0	0	1	0	0	0	0	0	0	0	0	0	0	0	0	0	0	0	0	0	0	0	
N11	2.32705e-11	1.98267e-10	2.56793e-09	3.15768e-08	3.37849e-07	3.06945e-06	2.34017e-05	0.000148389	0.000776067	0.00331995	0.0115213	0.0321735	0.0717533	0.126959	0.177298	0.194764	0.168103	0.114129	0.0611526	0.0259941	0.00882341	0.00240972	0.000533777	9.66916e-05	1.44411e-05	1.79244e-06	1.8631e-07	1.63355e-08	1.21673e-09	7.75456e-11	4.2692e-12	2.07354e-13	9.67771e-15	7.43087e-16	
ADCAHA_Calathus_asturiensis	0	0	0	0	0	0	0	0	0	0	0	0	0	0	0	0	1	0	0	0	0	0	0	0	0	0	0	0	0	0	0	0	0	0	
ADCAHA_Calathus_fuscipes	0	0	0	0	0	0	0	0	0	0	0	0	0	0	1	0	0	0	0	0	0	0	0	0	0	0	0	0	0	0	0	0	0	0	
N12	9.10348e-10	3.46956e-09	2.12969e-08	1.38633e-07	8.42507e-07	4.6071e-06	2.23865e-05	9.61197e-05	0.000363467	0.00120759	0.00351866	0.00897828	0.0200377	0.0390786	0.0665518	0.0989262	0.128318	0.145237	0.14347	0.12374	0.0932352	0.0614197	0.035409	0.0178853	0.00792547	0.0030857	0.00105733	0.000319466	8.53024e-05	2.01887e-05	4.25841e-06	8.13969e-07	1.51792e-07	4.00373e-08	
ADCAHA_Calathus_abaxoides	0	0	0	0	0	0	0	0	0	0	0	0	0	0	0	0	0	0	0	0	0	0	0	0	0	0	0	0	0	0	0	0	1	0	
N13	5.5814e-12	5.56301e-11	8.15912e-10	1.12986e-08	1.35133e-07	1.36107e-06	1.14144e-05	7.90613e-05	0.000448985	0.00207583	0.00776039	0.0233088	0.0559216	0.106641	0.161032	0.192083	0.180831	0.134455	0.0791396	0.0370099	0.0138183	0.00414289	0.00100377	0.000197876	3.19598e-05	4.25912e-06	4.71624e-07	4.37044e-08	3.41523e-09	2.27165e-10	1.30486e-11	6.66423e-13	3.28169e-14	2.41105e-15	
N14	2.02041e-13	2.84392e-12	6.25135e-11	1.23454e-09	2.03806e-08	2.76995e-07	3.071e-06	2.75381e-05	0.00019802	0.00113204	0.00510122	0.0179703	0.0491086	0.1034	0.166818	0.20543	0.192741	0.137821	0.0752945	0.0315676	0.0102181	0.00257214	0.000507583	7.91961e-05	9.85516e-06	9.86633e-07	8.01461e-08	5.32653e-09	2.91965e-10	1.33032e-11	5.07997e-13	1.64609e-14	4.81917e-16	2.32504e-17	
ADCAHA_Calathus_rotundatus	0	0	0	0	0	0	0	0	0	0	0	0	0	0	0	0	1	0	0	0	0	0	0	0	0	0	0	0	0	0	0	0	0	0	
ADCAHA_Calathus_melanocephalus	0	0	0	0	0	0	0	0	0	0	0	0	0	0	0	1	0	0	0	0	0	0	0	0	0	0	0	0	0	0	0	0	0	0	
ADCAHA_Calathus_granatensis	0	0	0	0	0	0	0	0	0	0	0	0	0	0	1	0	0	0	0	0	0	0	0	0	0	0	0	0	0	0	0	0	0	0	
ADCAHA_Calathus_erratus	0	0	0	0	0	0	0	0	0	0	0	0	0	0	1	0	0	0	0	0	0	0	0	0	0	0	0	0	0	0	0	0	0	0	
ADCAHA_Calathus_mollis	0	0	0	0	0	0	0	0	0	0	0	0	0	0	0	0	1	0	0	0	0	0	0	0	0	0	0	0	0	0	0	0	0	0	
N15	0.00954453	0.0111352	0.0138211	0.0178039	0.0232501	0.0302112	0.0385417	0.0478414	0.0574434	0.0664665	0.0739336	0.0789359	0.0808076	0.0792634	0.0744618	0.066973	0.0576617	0.0475178	0.0374808	0.0283004	0.0204601	0.0141687	0.00940451	0.00598901	0.00366482	0.00216009	0.00123103	0.000682558	0.000371991	0.000202711	0.000113627	6.85145e-05	4.7305e-05	3.99853e-05	
ADCAHA_Calathus_micropterus	0	0	0	0	0	0	0	0	0	0	0	0	0	0	1	0	0	0	0	0	0	0	0	0	0	0	0	0	0	0	0	0	0	0	
ADCAHA_Calathus_brevis	0	0	0	0	0	0	0	0	0	0	0	0	0	0	1	0	0	0	0	0	0	0	0	0	0	0	0	0	0	0	0	0	0	0	
ADCAHA_Calathus_rectus	0	0	0	0	0	0	0	0	0	0	0	0	0	0	1	0	0	0	0	0	0	0	0	0	0	0	0	0	0	0	0	0	0	0	
