NODE	13	14	15	16	17	18	19	20	21	22	23	24	25	26	27	28	
N1	0.0813019	0.0808344	0.0798666	0.0783599	0.0762789	0.0736059	0.0703565	0.0665937	0.062436	0.0580567	0.0536724	0.0495233	0.0458485	0.0428649	0.0407523	0.0396481	
N2	0.10443	0.100646	0.0978531	0.0952343	0.0919051	0.0871326	0.080525	0.0721371	0.0624526	0.0522479	0.0423829	0.0335959	0.0263696	0.0209022	0.0171672	0.0150188	
N3	0.0936012	0.0912217	0.0905049	0.0903806	0.0896677	0.0873387	0.0827548	0.0758096	0.0669326	0.056952	0.0468634	0.0375847	0.0297756	0.023771	0.0196241	0.0172174	
N4	0.0639413	0.0637729	0.0660558	0.0698862	0.0741897	0.0778535	0.079889	0.0795985	0.0767033	0.0713902	0.0642588	0.0561824	0.0481261	0.0409725	0.0353941	0.0317856	
POCOCO_Epilachna_sp	0	0	0	0	0	0	0	0	1	0	0	0	0	0	0	0	
N5	0.00206583	0.00283629	0.0047828	0.00853983	0.0149464	0.024775	0.0383271	0.0550354	0.0733101	0.0908195	0.105174	0.114719	0.119032	0.118885	0.115732	0.111019	
N6	2.35011e-05	5.33886e-05	0.000164254	0.000518513	0.00153624	0.00412546	0.00987915	0.0209309	0.0391253	0.0645954	0.0946441	0.124134	0.147619	0.161832	0.16668	0.164139	
POCOCO_Sumnius_sp	0	0	0	0	0	0	0	0	0	0	1	0	0	0	0	0	
N7	1.24008e-08	7.04649e-08	5.88485e-07	4.71067e-06	3.27909e-05	0.000191586	0.00092312	0.00363194	0.0116073	0.0300915	0.0634673	0.109822	0.158368	0.19516	0.21287	0.21383	
N8	1.53149e-09	1.06605e-08	1.24852e-07	1.37169e-06	1.25501e-05	9.29345e-05	0.00055032	0.00258593	0.00959185	0.0280065	0.064388	0.117088	0.170324	0.202938	0.207527	0.196894	
POCOST_Prodilis_sp	0	0	0	0	0	0	0	0	0	0	1	0	0	0	0	0	
POCOMI_Microweisea_sp	0	0	0	0	0	0	0	0	0	0	0	0	0	0	1	0	
POCOSC_Cryptognatha_sp	0	0	0	0	0	0	0	0	0	0	0	0	0	1	0	0	
N9	8.04071e-05	0.00019971	0.00070807	0.00250596	0.00788655	0.0211889	0.0476395	0.0885549	0.135065	0.168337	0.17134	0.143008	0.0991755	0.0592225	0.0334016	0.0216854	
POCOOR_Cryptolaemus_montrouzieri	0	0	0	0	0	0	0	0	0	1	0	0	0	0	0	0	
POCOCO_Chnoodes_sp	0	0	0	0	0	0	0	0	0	1	0	0	0	0	0	0	
N10	0.197137	0.18029	0.158039	0.132309	0.105359	0.0794656	0.0565446	0.0378288	0.0237323	0.0139411	0.00767085	0.00396938	0.00195612	0.000949177	0.000491109	0.000315865	
N11	0.183922	0.177196	0.167568	0.149221	0.121059	0.08766	0.0560324	0.0314494	0.015471	0.00667466	0.00253338	0.000851865	0.000257678	7.28377e-05	2.14713e-05	8.93731e-06	
POCOSC_Hyperaspis_lateralis	0	1	0	0	0	0	0	0	0	0	0	0	0	0	0	0	
N12	0.0796348	0.103207	0.139881	0.168236	0.17036	0.14299	0.0989013	0.0562227	0.026247	0.0100707	0.00318485	0.000835371	0.00018436	3.55776e-05	6.76701e-06	1.88194e-06	
POCOCO_Rhyzobius_sp	0	0	0	0	0	0	0	0	0	1	0	0	0	0	0	0	
POCOOR_Rodolia_cardinalis	0	1	0	0	0	0	0	0	0	0	0	0	0	0	0	0	
POCOSC_Scymnus_nubilus	0	1	0	0	0	0	0	0	0	0	0	0	0	0	0	0	
N13	0.115108	0.110115	0.105557	0.10076	0.0950238	0.087832	0.0790239	0.0688641	0.0579814	0.0471972	0.0373075	0.0289007	0.0222693	0.0174303	0.0142197	0.0124104	
N14	0.18151	0.168273	0.151388	0.131326	0.108992	0.0858349	0.0636599	0.0441844	0.0285703	0.0171707	0.00959449	0.00500309	0.00245666	0.00115918	0.000555832	0.000321359	
POCOCO_Coccinella_septempunctata	0	0	0	0	0	1	0	0	0	0	0	0	0	0	0	0	
N15	0.190228	0.177375	0.160604	0.139117	0.113342	0.0854791	0.058886	0.0366829	0.0205225	0.0102735	0.00460097	0.00185164	0.000678396	0.000234158	8.38673e-05	4.02063e-05	
N16	0.157506	0.159782	0.163406	0.157292	0.13558	0.101563	0.0649825	0.0351546	0.0159904	0.00610218	0.0019562	0.000530123	0.000123467	2.57745e-05	5.40777e-06	1.62145e-06	
N17	0.116965	0.129127	0.149804	0.163748	0.156956	0.126556	0.0837724	0.0448656	0.0192793	0.00662177	0.00181822	0.000401243	7.22602e-05	1.10987e-05	1.68208e-06	4.05782e-07	
N18	0.0551582	0.0695368	0.099605	0.137564	0.166053	0.167038	0.136919	0.0904592	0.0479302	0.0203448	0.00693653	0.00191459	0.000435263	8.48139e-05	1.58641e-05	4.23585e-06	
N19	0.05027	0.0651393	0.0957655	0.134491	0.16451	0.167972	0.140371	0.0951108	0.0520387	0.0229822	0.00821845	0.00239854	0.000580546	0.000120723	2.38944e-05	6.59358e-06	
POCOCO_Illeis_sp	0	1	0	0	0	0	0	0	0	0	0	0	0	0	0	0	
POCOCO_Psyllobora_sp	0	0	0	0	0	0	0	0	0	0	1	0	0	0	0	0	
POCOCO_Coelophora_sp	0	0	0	0	0	0	0	0	1	0	0	0	0	0	0	0	
N20	0.131125	0.137913	0.150926	0.158344	0.148853	0.11977	0.0801634	0.0438818	0.0194639	0.00696678	0.00201232	0.00047119	9.06185e-05	1.48616e-05	2.35405e-06	5.60458e-07	
POCOCO_Anatis_sp	0	0	0	0	1	0	0	0	0	0	0	0	0	0	0	0	
N21	0.12767	0.136064	0.150912	0.159215	0.149599	0.120242	0.0807597	0.0447324	0.020295	0.00752281	0.00227952	0.000566763	0.000116802	2.06154e-05	3.53369e-06	9.22631e-07	
POCOCO_Coleomegilla_maculata	0	0	1	0	0	0	0	0	0	0	0	0	0	0	0	0	
POCOCO_Calvia_quatuordecimguttata	0	0	0	0	0	0	1	0	0	0	0	0	0	0	0	0	
N22	1.65995e-06	0.999997	1.60366e-06	6.37936e-13	3.83318e-32	3.41418e-32	2.9872e-32	2.56363e-32	2.15578e-32	1.7758e-32	1.43447e-32	1.14032e-32	8.99081e-33	7.13597e-33	5.84121e-33	5.08786e-33	
POCOCO_Hippodamia_quinquesignata	0	1	0	0	0	0	0	0	0	0	0	0	0	0	0	0	
POCOCO_Hippodamia_convergens	0	1	0	0	0	0	0	0	0	0	0	0	0	0	0	0	
N23	0.189588	0.177208	0.161156	0.140297	0.114704	0.086445	0.0590978	0.0361897	0.0196703	0.00943504	0.00398578	0.0014885	0.000499384	0.000157782	5.31973e-05	2.52114e-05	
POCOCO_Micraspis_sp	0	0	0	0	1	0	0	0	0	0	0	0	0	0	0	0	
N24	0.162466	0.159945	0.157909	0.149327	0.12973	0.100433	0.0679141	0.039623	0.0198055	0.00845378	0.00308119	0.000962999	0.000261741	6.46197e-05	1.65801e-05	6.30318e-06	
POCOCO_Cycloneda_sanguinea	0	0	0	1	0	0	0	0	0	0	0	0	0	0	0	0	
POCOCO_Olla_sp	0	0	0	0	0	1	0	0	0	0	0	0	0	0	0	0	
N25	0.119361	0.113551	0.10776	0.101579	0.0945781	0.0864584	0.0771683	0.0669578	0.05634	0.0459714	0.036495	0.0284019	0.0219565	0.0171995	0.0140124	0.0122089	
N26	0.228271	0.204098	0.171084	0.134212	0.0983971	0.0673492	0.043005	0.025607	0.014218	0.00736556	0.00356625	0.00162103	0.000699827	0.000296087	0.000133386	7.71638e-05	
N27	0.280118	0.240765	0.186258	0.129345	0.0804783	0.0448064	0.0223061	0.00992829	0.00395317	0.00141036	0.000452339	0.000131296	3.50025e-05	8.89919e-06	2.41036e-06	9.50233e-07	
POCOCH_Curinus_coeruleus	0	1	0	0	0	0	0	0	0	0	0	0	0	0	0	0	
POCOCH_Orcus_sp	0	1	0	0	0	0	0	0	0	0	0	0	0	0	0	0	
POCOCH_Exochomus_quadripustulatus	0	1	0	0	0	0	0	0	0	0	0	0	0	0	0	0	
N28	1.65953e-05	7.39321e-05	0.000422441	0.00209373	0.00840344	0.0267321	0.066419	0.127289	0.186289	0.206935	0.174346	0.112059	0.0557434	0.0221687	0.00774827	0.00326036	
N29	8.92042e-08	8.80815e-07	1.2481e-05	0.000147335	0.00130321	0.00827996	0.0365895	0.109034	0.212786	0.265861	0.210959	0.107708	0.0365399	0.008711	0.00166347	0.000404448	
POCOCH_Chilocorus_stigma	0	0	0	0	0	0	0	0	0	1	0	0	0	0	0	0	
POCOCH_Chilocorus_renipustulatus	0	0	0	0	0	0	0	0	0	1	0	0	0	0	0	0	
POCOCH_Chilocorus_bipustulatus	0	0	0	0	0	0	0	0	0	1	0	0	0	0	0	0	
POCOCO_Azya_sp	0	0	0	0	0	0	0	0	0	1	0	0	0	0	0	0	
