NODE	11	12	13	14	15	16	17	18	19	20	21	22	23	24	25	26	27	28	29	30	31	32	33	
N1	0.340594	0.28587	0.198398	0.109862	0.0466482	0.0146799	0.00334009	0.000540979	6.18828e-05	4.98962e-06	2.84235e-07	1.15007e-08	3.32986e-10	6.96005e-12	1.06047e-13	8.0174e-18	7.32758e-19	5.80978e-20	4.01848e-21	2.43893e-22	1.30826e-23	6.37091e-25	4.04434e-26	
N2	0.283755	0.273838	0.216313	0.134113	0.063109	0.0220382	0.00563295	0.00104621	0.000140895	1.37834e-05	9.84298e-07	5.16765e-08	2.01195e-09	5.86527e-11	1.29345e-12	2.18047e-14	2.8395e-16	2.88612e-18	2.3128e-20	1.47552e-22	7.56812e-25	3.18685e-27	1.68559e-29	
N3	0.205497	0.221206	0.211993	0.169806	0.108706	0.0542177	0.0208072	0.00611644	0.00137749	0.000238415	3.18703e-05	3.31051e-06	2.69046e-07	1.7232e-08	8.76326e-10	3.56532e-11	1.16923e-12	3.11386e-14	6.78483e-16	1.21968e-17	1.83703e-19	2.47846e-21	4.91956e-23	
N4	0.104725	0.131064	0.161761	0.178563	0.165944	0.12565	0.0761991	0.0366903	0.0139738	0.00420627	0.00100188	0.000189315	2.84797e-05	3.42535e-06	3.30946e-07	2.58204e-08	1.6362e-09	8.47932e-11	3.62735e-12	1.30096e-13	4.03415e-15	1.16405e-16	4.80733e-18	
N5	0.0251096	0.0383774	0.0616864	0.0916872	0.121273	0.141232	0.144251	0.128945	0.100747	0.0687605	0.0409952	0.0213635	0.00974175	0.00389306	0.00136602	0.00042179	0.000114897	2.76942e-05	5.93038e-06	1.13666e-06	1.98985e-07	3.42185e-08	8.1813e-09	
POCHBR_Pachymerus_sp	0	0	0	1	0	0	0	0	0	0	0	0	0	0	0	0	0	0	0	0	0	0	0	
POCHBR_Zabrotes_subfasciatus	0	0	0	0	0	0	0	0	0	0	0	0	0	0	0	0	0	0	0	0	0	1	0	
N6	0.106055	0.130342	0.158498	0.174697	0.164111	0.126712	0.0788267	0.0391021	0.0153923	0.00480135	0.00118769	0.0002335	3.6603e-05	4.59311e-06	4.63449e-07	3.77843e-08	2.50199e-09	1.35311e-10	6.01388e-12	2.21533e-13	6.89639e-15	1.97953e-16	9.27672e-18	
N7	0.0680296	0.0863381	0.112032	0.137489	0.151727	0.146216	0.120979	0.0851026	0.0506191	0.0253904	0.010732	0.0038246	0.0011509	0.000293074	6.33225e-05	1.16441e-05	1.82859e-06	2.4626e-07	2.86136e-08	2.90476e-09	2.67037e-10	2.51435e-11	3.9651e-12	
N8	0.00913658	0.0157366	0.0311741	0.0587887	0.0973838	0.137509	0.163529	0.162842	0.135339	0.0936964	0.0539827	0.0258806	0.0103317	0.00343913	0.000956464	0.000222811	4.36086e-05	7.19649e-06	1.00599e-06	1.20158e-07	1.26183e-08	1.32937e-09	2.51027e-10	
N9	0.000461012	0.00143434	0.00495711	0.0152087	0.0390856	0.0817387	0.136892	0.182041	0.191396	0.158763	0.103794	0.0534556	0.0216845	0.00693075	0.00174714	0.000348104	5.50117e-05	6.93133e-06	7.01297e-07	5.76158e-08	3.94792e-09	2.51635e-10	2.63916e-11	
POCHBR_Bruchidius_aureus	0	0	0	0	0	0	0	0	0	0	0	0	0	0	0	1	0	0	0	0	0	0	0	
POCHBR_Bruchidius_saundersi	0	0	0	1	0	0	0	0	0	0	0	0	0	0	0	0	0	0	0	0	0	0	0	
POCHBR_Bruchidius_urbanus	0	0	0	0	0	0	0	0	0	1	0	0	0	0	0	0	0	0	0	0	0	0	0	
POCHBR_Acanthoscelides_obtectus	0	0	0	0	0	0	1	0	0	0	0	0	0	0	0	0	0	0	0	0	0	0	0	
N10	0.110198	0.1352	0.162327	0.175133	0.161029	0.122393	0.0755093	0.0373907	0.0147629	0.00463238	0.00115432	0.000228698	3.6122e-05	4.56583e-06	4.64009e-07	3.81131e-08	2.5446e-09	1.38907e-10	6.23773e-12	2.31922e-13	7.21715e-15	1.9979e-16	9.03536e-18	
N11	0.0548663	0.0821952	0.124686	0.165556	0.182507	0.163242	0.116856	0.0663341	0.0296848	0.0104397	0.00288304	0.000625941	0.000107134	1.45137e-05	1.56401e-06	1.3483e-07	9.3564e-09	5.26086e-10	2.4136e-11	9.11189e-13	2.87821e-14	8.17517e-16	3.65874e-17	
N12	0.0216098	0.0409134	0.0790583	0.130437	0.175856	0.190108	0.162705	0.109252	0.0572108	0.023285	0.00735697	0.00180551	0.00034489	5.14482e-05	6.01916e-06	5.55127e-07	4.05918e-08	2.36814e-09	1.10998e-10	4.2164e-12	1.32085e-13	3.66932e-15	1.56491e-16	
N13	2.69698e-05	0.000115974	0.000602841	0.00269649	0.00982473	0.0287654	0.0670944	0.12367	0.178756	0.201204	0.175307	0.117704	0.0607343	0.0240687	0.00733708	0.00172686	0.000315582	4.51116e-05	5.0901e-06	4.59091e-07	3.40275e-08	2.31515e-09	2.58392e-10	
POCHSA_Sagra_femorata	0	0	0	0	0	0	0	0	0	0	0	0	0	0	1	0	0	0	0	0	0	0	0	
POCHBR_Callosobruchus_chinensis	0	0	0	0	0	0	0	0	0	0	0	1	0	0	0	0	0	0	0	0	0	0	0	
N14	0.0661433	0.0916361	0.131881	0.171391	0.185057	0.159188	0.107024	0.0558352	0.0225892	0.00710836	0.00174894	0.000338657	5.19896e-05	6.37718e-06	6.30037e-07	5.05376e-08	3.31753e-09	1.7961e-10	8.08038e-12	3.04367e-13	9.70717e-15	2.7882e-16	1.34322e-17	
POCHBR_Callosobruchus_subinnotatus	0	0	0	1	0	0	0	0	0	0	0	0	0	0	0	0	0	0	0	0	0	0	0	
POCHBR_Callosobruchus_maculatus	0	0	0	0	1	0	0	0	0	0	0	0	0	0	0	0	0	0	0	0	0	0	0	
POCHBR_Callosobruchus_analis	0	0	0	0	1	0	0	0	0	0	0	0	0	0	0	0	0	0	0	0	0	0	0	
N15	0.141497	0.15979	0.171999	0.168419	0.143884	0.104004	0.0623318	0.0305951	0.0122173	0.00395774	0.00103994	0.00022202	3.86294e-05	5.49918e-06	6.43465e-07	6.21977e-08	4.99277e-09	3.34656e-10	1.88381e-11	8.96913e-13	3.67004e-14	1.39922e-15	9.00036e-17	
POCHBR_Bruchus_rufimanus	0	0	0	0	1	0	0	0	0	0	0	0	0	0	0	0	0	0	0	0	0	0	0	
N16	0.128349	0.152021	0.172864	0.1754	0.151632	0.108816	0.0638938	0.0304591	0.011748	0.0036643	0.000925838	0.000190112	3.18652e-05	4.3821e-06	4.97218e-07	4.68246e-08	3.68195e-09	2.43209e-10	1.35767e-11	6.44695e-13	2.6373e-14	1.00269e-15	6.65633e-17	
POCHBR_Bruchus_pisorum	0	0	0	0	0	0	1	0	0	0	0	0	0	0	0	0	0	0	0	0	0	0	0	
POCHBR_Spermophagus_sp	0	0	1	0	0	0	0	0	0	0	0	0	0	0	0	0	0	0	0	0	0	0	0	
N17	0.0684295	0.0950875	0.13229	0.16329	0.170908	0.149145	0.107657	0.0639809	0.0312208	0.0124927	0.00409871	0.00110367	0.000244371	4.46094e-05	6.73578e-06	8.44446e-07	8.82649e-08	7.72647e-09	5.69183e-10	3.55005e-11	1.9031e-12	9.59672e-14	8.57886e-15	
N18	0.0133259	0.0229082	0.0451533	0.0834773	0.131908	0.171535	0.180724	0.153215	0.104217	0.0568227	0.0248441	0.00872228	0.0024643	0.000561931	0.000103793	1.55976e-05	1.91744e-06	1.94229e-07	1.63887e-08	1.17291e-09	7.35823e-11	4.37411e-12	3.8908e-13	
POCHDO_Donacia_hirticollis	0	0	0	0	0	0	0	0	0	0	0	0	0	1	0	0	0	0	0	0	0	0	0	
N19	0.0108976	0.0185396	0.03718	0.0719257	0.12038	0.165979	0.184639	0.164258	0.116444	0.0657185	0.029546	0.0105993	0.00304171	0.000700521	0.000129974	1.95147e-05	2.38345e-06	2.38345e-07	1.96959e-08	1.36663e-09	8.23488e-11	4.73537e-12	4.28912e-13	
POCHDO_Donacia_vulgaris	0	0	0	0	0	0	0	0	0	0	0	1	0	0	0	0	0	0	0	0	0	0	0	
N20	0.0089324	0.0162233	0.0347709	0.0706618	0.122372	0.172055	0.192041	0.168386	0.115472	0.0618703	0.0259355	0.00853068	0.00221084	0.000453755	7.41804e-05	9.72034e-06	1.02769e-06	8.82661e-08	6.20236e-09	3.59607e-10	1.75095e-11	7.80803e-13	5.84863e-14	
N21	0.00321538	0.00721815	0.0199632	0.050602	0.104558	0.168365	0.207164	0.19291	0.135324	0.0714187	0.0283925	0.00853104	0.00194725	0.000339853	4.56991e-05	4.77415e-06	3.90912e-07	2.53153e-08	1.30856e-09	5.45255e-11	1.8611e-12	5.58858e-14	2.66174e-15	
N22	0.00269145	0.00753807	0.0235221	0.0612735	0.123783	0.189165	0.216143	0.183428	0.115159	0.0533839	0.0182741	0.00462976	0.000872204	0.000123059	1.31237e-05	1.06931e-06	6.73411e-08	3.31697e-09	1.29303e-10	4.03634e-12	1.0242e-13	2.23818e-15	7.55083e-17	
POCHDO_Donacia_biimpressa	0	1	0	0	0	0	0	0	0	0	0	0	0	0	0	0	0	0	0	0	0	0	0	
POCHDO_Donacia_clavipes	0	0	0	0	0	0	0	0	0	0	0	1	0	0	0	0	0	0	0	0	0	0	0	
POCHDO_Donacia_subtilis	0	0	0	0	0	0	0	0	0	1	0	0	0	0	0	0	0	0	0	0	0	0	0	
POCHDO_Donacia_bicolor	0	0	0	0	0	0	1	0	0	0	0	0	0	0	0	0	0	0	0	0	0	0	0	
N23	0.125017	0.149708	0.17369	0.17987	0.156863	0.111172	0.0627358	0.0278872	0.00972019	0.00265533	0.000569819	9.64593e-05	1.29511e-05	1.38785e-06	1.19503e-07	8.32636e-09	4.72764e-10	2.20301e-11	8.48605e-13	2.72564e-14	7.43747e-16	1.87633e-17	7.49863e-19	
POCHCR_Oulema_melanopus	0	0	1	0	0	0	0	0	0	0	0	0	0	0	0	0	0	0	0	0	0	0	0	
N24	0.112564	0.138982	0.168753	0.182808	0.1652	0.119743	0.0681462	0.0301238	0.0102982	0.00272197	0.000557623	8.89215e-05	1.10995e-05	1.09148e-06	8.51436e-08	5.30685e-09	2.66224e-10	1.08282e-11	3.59709e-13	9.83783e-15	2.24631e-16	4.5777e-18	1.51537e-19	
POCHCR_Lilioceris_sp	0	0	0	0	0	1	0	0	0	0	0	0	0	0	0	0	0	0	0	0	0	0	0	
N25	0.056886	0.0858036	0.134518	0.183181	0.198727	0.165342	0.103769	0.0488404	0.0172482	0.00459234	0.000928853	0.000144065	1.73132e-05	1.62966e-06	1.21455e-07	7.24335e-09	3.49215e-10	1.37433e-11	4.45582e-13	1.20066e-14	2.71782e-16	5.42652e-18	1.72969e-19	
POCHCR_Crioceris_paracenthesis	0	0	0	0	1	0	0	0	0	0	0	0	0	0	0	0	0	0	0	0	0	0	0	
POCHCR_Crioceris_asparagi	0	0	0	0	0	0	1	0	0	0	0	0	0	0	0	0	0	0	0	0	0	0	0	
N26	0.307409	0.283707	0.209901	0.121724	0.0539797	0.017947	0.00441621	0.000799145	0.000106244	1.04116e-05	7.56905e-07	4.11713e-08	1.69234e-09	5.31328e-11	1.28826e-12	2.43888e-14	3.64428e-16	4.34304e-18	4.16937e-20	3.25514e-22	2.08669e-24	1.12607e-26	8.06605e-29	
N27	0.277642	0.267184	0.212919	0.136604	0.0688126	0.0267488	0.00794312	0.00179399	0.000308128	4.03673e-05	4.05498e-06	3.14444e-07	1.89697e-08	8.97732e-10	3.36148e-11	1.00451e-12	2.41611e-14	4.71658e-16	7.53335e-18	9.92449e-20	1.09012e-21	1.04175e-23	1.41894e-25	
N28	0.113008	0.138075	0.165092	0.176834	0.160328	0.119489	0.072236	0.035245	0.0138676	0.00440661	0.00113403	0.000237231	4.05139e-05	5.6751e-06	6.5532e-07	6.27049e-08	4.99828e-09	3.33687e-10	1.87606e-11	8.94147e-13	3.66795e-14	1.40707e-15	9.18903e-17	
N29	0.028428	0.0439009	0.0742793	0.116744	0.157253	0.175519	0.160064	0.118547	0.0711491	0.034607	0.0136641	0.00439151	0.00115303	0.00024837	4.40999e-05	6.48704e-06	7.94809e-07	8.15951e-08	7.07104e-09	5.23621e-10	3.40871e-11	2.14904e-12	2.22054e-13	
POCHCH_Timarcha_intricata	0	0	0	0	0	0	0	0	0	0	0	1	0	0	0	0	0	0	0	0	0	0	0	
N30	0.0125373	0.0248198	0.0556453	0.110185	0.174075	0.209941	0.189517	0.127227	0.0636308	0.0238735	0.00678542	0.00147736	0.000249267	3.29671e-05	3.45564e-06	2.90116e-07	1.97025e-08	1.09253e-09	4.99067e-11	1.89515e-12	6.07426e-14	1.76858e-15	8.43713e-17	
POCHCH_Timarcha_metallica	0	0	0	0	0	0	1	0	0	0	0	0	0	0	0	0	0	0	0	0	0	0	0	
N31	2.23666e-06	6.92456e-05	0.00179683	0.0255746	0.163673	0.390968	0.31516	0.091191	0.0109285	0.000617876	1.82415e-05	3.04532e-07	3.06482e-09	1.959e-11	8.30201e-14	2.4174e-16	4.98308e-19	7.45692e-22	8.276e-25	6.93876e-28	4.4728e-31	2.29844e-34	1.32061e-37	
N32	5.9657e-06	8.56494e-05	0.00137003	0.013898	0.0788706	0.230829	0.332189	0.236843	0.0867419	0.017113	0.00191876	0.000129105	5.48607e-06	1.54091e-07	2.97676e-09	4.09292e-11	4.12504e-13	3.12564e-15	1.82008e-17	8.30198e-20	3.01758e-22	8.9868e-25	3.29969e-27	
POCHCH_Timarcha_balearica	0	0	0	0	0	0	0	1	0	0	0	0	0	0	0	0	0	0	0	0	0	0	0	
POCHCH_Timarcha_insparsa	0	0	0	0	0	0	0	0	1	0	0	0	0	0	0	0	0	0	0	0	0	0	0	
N33	7.73178e-07	3.2523e-05	0.00124529	0.0234976	0.173465	0.421108	0.30605	0.0690001	0.00542887	0.000168978	2.31767e-06	1.53356e-08	5.28399e-11	1.01155e-13	1.13699e-16	7.86649e-20	3.48886e-23	1.02729e-26	2.07035e-30	2.93291e-34	2.99027e-38	2.24575e-42	1.46904e-46	
N34	1.0032e-05	0.000201458	0.00362741	0.0381667	0.192446	0.392175	0.286516	0.0774573	0.00888782	0.00049741	1.51654e-05	2.74185e-07	3.13936e-09	2.39797e-11	1.27434e-13	4.87673e-16	1.38303e-18	2.97778e-21	4.96894e-24	6.54099e-27	6.90107e-30	5.99387e-33	6.17586e-36	
POCHCH_Timarcha_pimelioides	0	0	0	0	0	0	1	0	0	0	0	0	0	0	0	0	0	0	0	0	0	0	0	
POCHCH_Timarcha_tenebricosa	0	0	0	0	1	0	0	0	0	0	0	0	0	0	0	0	0	0	0	0	0	0	0	
N35	1.32691e-07	1.11336e-05	0.000758773	0.0206502	0.181965	0.451408	0.292695	0.0500285	0.0024442	3.87811e-05	2.3026e-07	5.83819e-10	7.07828e-13	4.50627e-16	1.6264e-19	3.54345e-23	4.90786e-27	4.51117e-31	2.85263e-35	1.27923e-39	4.17446e-44	1.01349e-48	2.02621e-53	
N36	6.78431e-07	3.86025e-05	0.00164026	0.0310108	0.212761	0.449074	0.26146	0.0419089	0.00206748	3.74117e-05	2.9498e-07	1.16385e-09	2.55281e-12	3.37239e-15	2.8545e-18	1.62535e-21	6.47307e-25	1.86107e-28	3.96466e-32	6.39495e-36	7.95316e-40	7.7531e-44	7.1415e-48	
N37	0.000803095	0.00731809	0.0559994	0.213083	0.361626	0.264798	0.0836703	0.0118595	0.000812428	2.9401e-05	6.1061e-07	7.80582e-09	6.50543e-11	3.70436e-13	1.49785e-15	4.44055e-18	9.91462e-21	1.7056e-23	2.30527e-26	2.48966e-29	2.18041e-32	1.57171e-35	1.21142e-38	
POCHCH_Timarcha_lugens	0	0	1	0	0	0	0	0	0	0	0	0	0	0	0	0	0	0	0	0	0	0	0	
N38	3.32868e-05	0.000789328	0.0151511	0.126674	0.344881	0.349744	0.140062	0.0215152	0.00112421	2.56911e-05	3.04641e-07	2.09804e-09	9.08474e-12	2.62354e-14	5.28875e-17	7.71818e-20	8.4001e-23	6.98884e-26	4.53898e-29	2.34271e-32	9.75927e-36	3.32891e-39	1.1453e-42	
POCHCH_Timarcha_marginicollis	0	0	0	0	0	0	0	1	0	0	0	0	0	0	0	0	0	0	0	0	0	0	0	
POCHCH_Timarcha_calceata	0	0	0	1	0	0	0	0	0	0	0	0	0	0	0	0	0	0	0	0	0	0	0	
N39	9.54237e-07	5.13133e-05	0.00224181	0.0402625	0.243785	0.441756	0.232636	0.0372278	0.00199788	4.0589e-05	3.55131e-07	1.50304e-09	3.38919e-12	4.40309e-15	3.51125e-18	1.80982e-21	6.29174e-25	1.52854e-28	2.67387e-32	3.45465e-36	3.36937e-40	2.52911e-44	1.70077e-48	
N40	6.12169e-07	2.5232e-05	0.000926262	0.0169349	0.128828	0.357314	0.350095	0.126449	0.0182469	0.00114523	3.48751e-05	5.71557e-07	5.49375e-09	3.31751e-11	1.32964e-13	3.69712e-16	7.39473e-19	1.09632e-21	1.23551e-24	1.08129e-27	7.4856e-31	4.18089e-34	2.49174e-37	
POCHCH_Timarcha_strangulata	0	0	0	0	0	0	1	0	0	0	0	0	0	0	0	0	0	0	0	0	0	0	0	
POCHCH_Timarcha_scabripennis	0	0	0	0	0	0	0	0	1	0	0	0	0	0	0	0	0	0	0	0	0	0	0	
N41	3.0939e-06	0.000129689	0.00416065	0.0577229	0.283025	0.430741	0.195395	0.027462	0.00133351	2.57969e-05	2.29311e-07	1.05635e-09	2.77333e-12	4.46936e-15	4.68754e-18	3.35265e-21	1.6983e-24	6.28525e-28	1.74393e-31	3.70724e-35	6.14995e-39	8.10252e-43	1.04025e-46	
POCHCH_Timarcha_intermedia	0	0	0	0	1	0	0	0	0	0	0	0	0	0	0	0	0	0	0	0	0	0	0	
N42	5.51494e-05	0.00161332	0.030756	0.212919	0.456831	0.255379	0.0403904	0.00201768	3.90214e-05	3.46938e-07	1.61425e-09	4.33119e-12	7.21559e-15	7.90596e-18	5.96371e-21	3.21394e-24	1.27572e-27	3.82581e-31	8.85696e-35	1.61222e-38	2.34441e-42	2.76304e-46	3.12999e-50	
N43	0.000104651	0.00331118	0.0489711	0.255101	0.439993	0.220607	0.0308252	0.00107318	1.33605e-05	7.49986e-08	2.20699e-10	3.7794e-13	4.06467e-16	2.90894e-19	1.44952e-22	5.21518e-26	1.39568e-29	2.84786e-33	4.52407e-37	5.69581e-41	5.77119e-45	4.77093e-49	3.71588e-53	
POCHCH_Timarcha_ventricosa	0	0	0	0	0	0	1	0	0	0	0	0	0	0	0	0	0	0	0	0	0	0	0	
POCHCH_Timarcha_rugosa	0	1	0	0	0	0	0	0	0	0	0	0	0	0	0	0	0	0	0	0	0	0	0	
POCHCH_Timarcha_espanoli	0	0	0	0	1	0	0	0	0	0	0	0	0	0	0	0	0	0	0	0	0	0	0	
N44	3.98955e-07	2.02363e-05	0.000852763	0.0175187	0.143765	0.396109	0.337512	0.0940706	0.00971795	0.00042502	8.89159e-06	9.87063e-08	6.32806e-10	2.50824e-12	6.49431e-15	1.1487e-17	1.44006e-20	1.31934e-23	9.06391e-27	4.77257e-30	1.96261e-33	6.4313e-37	2.16978e-40	
N45	1.61399e-08	1.20229e-06	7.42808e-05	0.0023409	0.0329391	0.186115	0.391206	0.296796	0.0816773	0.00848718	0.000356242	6.65609e-06	6.17166e-08	3.13648e-10	9.47874e-13	1.8178e-15	2.33006e-18	2.0817e-21	1.34162e-24	6.41807e-28	2.3345e-31	6.59762e-35	1.78962e-38	
N46	9.05835e-10	1.04509e-07	1.02278e-05	0.000510192	0.0113611	0.100684	0.326874	0.377265	0.157047	0.0246763	0.00153169	4.01018e-05	4.85273e-07	3.02098e-09	1.06257e-11	2.27677e-14	3.15485e-17	2.96546e-20	1.96567e-23	9.48675e-27	3.42392e-30	9.46504e-34	2.4915e-37	
N47	1.56519e-11	5.76168e-09	1.59292e-06	0.000211741	0.0105307	0.119208	0.402599	0.387905	0.0775708	0.00195595	1.6679e-05	6.44684e-08	1.3221e-10	1.59423e-13	1.21669e-16	6.21318e-20	2.21756e-23	5.7288e-27	1.10239e-30	1.61831e-34	1.84925e-38	1.67493e-42	1.42408e-46	
POCHCH_Timarcha_montserratensis	0	0	0	0	1	0	0	0	0	0	0	0	0	0	0	0	0	0	0	0	0	0	0	
N48	2.32547e-16	5.8082e-13	9.39954e-10	7.07053e-07	0.00019508	0.0133414	0.21523	0.569397	0.198796	0.00302976	1.03944e-05	1.29925e-08	7.51853e-12	2.33015e-15	4.26839e-19	4.96299e-23	3.86597e-27	2.10443e-31	8.28044e-36	2.42112e-40	5.38243e-45	9.27561e-50	1.36291e-54	
POCHCH_Timarcha_gougeleti	0	0	0	0	0	0	0	0	1	0	0	0	0	0	0	0	0	0	0	0	0	0	0	
N49	4.5293e-20	3.82023e-16	2.03864e-12	5.45631e-09	6.14456e-06	0.00221338	0.166612	0.585815	0.243952	0.00139957	1.77061e-06	8.17083e-10	1.75968e-13	2.0496e-17	1.42383e-21	6.32209e-26	1.88846e-30	3.94602e-35	5.94622e-40	6.6196e-45	5.5502e-50	3.55957e-55	1.86566e-60	
N50	5.95281e-25	1.38703e-20	2.14925e-16	1.87205e-12	8.04309e-09	1.37818e-05	0.00625555	0.216054	0.773155	0.00451688	4.59294e-06	1.5519e-09	2.32943e-13	1.83466e-17	8.4425e-22	2.4456e-26	4.70826e-31	6.27502e-36	5.97432e-41	4.16435e-46	2.16674e-51	8.54546e-57	2.70164e-62	
POCHCH_Timarcha_perezi	0	0	0	0	0	0	0	0	1	0	0	0	0	0	0	0	0	0	0	0	0	0	0	
POCHCH_Timarcha_cyanescens	0	0	0	0	0	0	0	0	1	0	0	0	0	0	0	0	0	0	0	0	0	0	0	
POCHCH_Timarcha_geniculata	0	0	0	0	0	0	1	0	0	0	0	0	0	0	0	0	0	0	0	0	0	0	0	
N51	1.4533e-14	3.49605e-12	7.66191e-10	1.05275e-07	8.36396e-06	0.000353888	0.00735149	0.0700728	0.284155	0.42709	0.184208	0.0256541	0.00108649	1.9188e-05	1.7225e-07	8.91021e-10	2.89367e-12	6.2791e-15	9.54555e-18	1.05522e-20	8.74175e-24	5.57163e-27	3.51634e-30	
POCHCH_Timarcha_granadensis	0	0	0	0	0	0	0	0	0	0	0	1	0	0	0	0	0	0	0	0	0	0	0	
POCHCH_Timarcha_hispanica	0	0	0	0	0	0	0	0	0	1	0	0	0	0	0	0	0	0	0	0	0	0	0	
N52	2.51041e-07	1.81785e-05	0.00102496	0.0245399	0.158252	0.370677	0.332987	0.104098	0.00815424	0.000245598	3.53256e-06	2.77329e-08	1.30391e-10	3.93297e-13	8.02531e-16	1.15551e-18	1.21483e-21	9.59307e-25	5.82649e-28	2.77727e-31	1.05712e-34	3.26631e-38	1.0147e-41	
POCHCH_Timarcha_fallax	0	0	0	1	0	0	0	0	0	0	0	0	0	0	0	0	0	0	0	0	0	0	0	
POCHCH_Timarcha_aurichalcea	0	0	0	0	0	0	0	1	0	0	0	0	0	0	0	0	0	0	0	0	0	0	0	
N53	8.47782e-14	1.2853e-10	1.32917e-07	6.62109e-05	0.0120658	0.479953	0.496813	0.0110509	5.13075e-05	8.50188e-08	6.47196e-11	2.62469e-14	6.25136e-18	9.36648e-22	9.28787e-26	6.33527e-30	3.06309e-34	1.0749e-38	2.78953e-43	5.43374e-48	8.03855e-53	9.15265e-58	9.52335e-63	
N54	7.36626e-17	7.14038e-13	3.80436e-09	8.16411e-06	0.00511161	0.470238	0.517956	0.00667688	9.01921e-06	3.33515e-09	4.89871e-13	3.47322e-17	1.33697e-21	3.01904e-26	4.21316e-31	3.76081e-36	2.19286e-41	4.39913e-46	1.09201e-47	2.19942e-50	9.50261e-54	3.09777e-57	8.99383e-61	
N55	6.78938e-20	3.06265e-15	6.7512e-11	5.62475e-07	0.00127634	0.374965	0.611162	0.0125879	8.5684e-06	1.22148e-09	5.99935e-14	1.29573e-18	1.38871e-23	7.81584e-29	2.40214e-34	6.21437e-40	7.22793e-44	1.32604e-45	3.53876e-46	1.33968e-47	3.54863e-49	8.67819e-51	2.04304e-52	
POCHCH_Timarcha_interstitialis	0	0	0	0	0	1	0	0	0	0	0	0	0	0	0	0	0	0	0	0	0	0	0	
N56	1.54931e-19	4.28439e-15	6.33219e-11	4.09724e-07	0.000862728	0.29769	0.676899	0.0245161	3.21043e-05	9.5002e-09	9.56154e-13	3.64789e-17	5.78515e-22	5.8432e-27	4.03085e-30	7.81835e-33	1.21773e-35	1.55078e-38	1.64393e-41	1.4723e-44	1.12801e-47	7.47251e-51	4.54583e-54	
POCHCH_Timarcha_cornuta	0	0	0	0	0	0	0	1	0	0	0	0	0	0	0	0	0	0	0	0	0	0	0	
POCHCH_Timarcha_goettingensis	0	0	0	0	0	0	1	0	0	0	0	0	0	0	0	0	0	0	0	0	0	0	0	
POCHCH_Timarcha_recticollis	0	0	0	0	0	1	0	0	0	0	0	0	0	0	0	0	0	0	0	0	0	0	0	
N57	2.08402e-14	5.05483e-11	7.5818e-08	5.0642e-05	0.0114051	0.489026	0.489623	0.00985807	3.69995e-05	4.6465e-08	2.58538e-11	7.5215e-15	1.27593e-18	1.36309e-22	9.70817e-27	4.81535e-31	1.72149e-35	4.55964e-40	9.15064e-45	1.41745e-49	1.72102e-54	1.65924e-59	1.373e-64	
POCHCH_Timarcha_maritima	0	0	0	0	0	0	1	0	0	0	0	0	0	0	0	0	0	0	0	0	0	0	0	
POCHCH_Timarcha_sinuaticollis	0	0	0	0	0	1	0	0	0	0	0	0	0	0	0	0	0	0	0	0	0	0	0	
N58	0.0184975	0.0349135	0.0745469	0.138783	0.200987	0.21592	0.1686	0.0949656	0.0385725	0.0113457	0.0024341	0.000384319	4.51069e-05	3.97706e-06	2.66252e-07	1.36788e-08	5.44951e-10	1.70074e-11	4.20045e-13	8.30292e-15	1.33922e-16	1.90286e-18	4.25766e-20	
N59	0.0164026	0.0297933	0.0624628	0.118389	0.180243	0.209559	0.182217	0.11765	0.0564062	0.0201678	0.00541477	0.00110099	0.000171139	2.05383e-05	1.92207e-06	1.41672e-07	8.30513e-09	3.90967e-10	1.49281e-11	4.68358e-13	1.24257e-14	3.09132e-16	1.13917e-17	
POCHCH_Phratora_laticollis	0	0	0	0	0	0	0	0	0	0	1	0	0	0	0	0	0	0	0	0	0	0	0	
POCHCH_Phratora_tibialis	0	0	0	0	0	0	1	0	0	0	0	0	0	0	0	0	0	0	0	0	0	0	0	
N60	0.0150641	0.0307503	0.0730077	0.147757	0.221384	0.231836	0.16588	0.0805726	0.0266375	0.00604348	0.000952068	0.000105595	8.3694e-06	4.81355e-07	2.03972e-08	6.46338e-10	1.55357e-11	2.87138e-13	4.13359e-15	4.69206e-17	4.25554e-19	3.20106e-21	3.22567e-23	
N61	0.00038177	0.00213062	0.0127905	0.0545705	0.150681	0.258485	0.269641	0.169542	0.0643909	0.0149773	0.00218805	0.000207289	1.31711e-05	5.79731e-07	1.82055e-08	4.18791e-10	7.22313e-12	9.53472e-14	9.80902e-16	7.99304e-18	5.2429e-20	2.88035e-22	2.10328e-24	
POCHCH_Prasocuris_sp	0	0	0	0	0	0	0	0	1	0	0	0	0	0	0	0	0	0	0	0	0	0	0	
N62	0.000197477	0.00156657	0.013078	0.0673419	0.192728	0.302715	0.261372	0.123874	0.0321321	0.00459922	0.000376306	1.84574e-05	5.69398e-07	1.15414e-08	1.59721e-10	1.56012e-12	1.10694e-14	5.84895e-17	2.35198e-19	7.33567e-22	1.80467e-24	3.57407e-27	8.0872e-30	
POCHCH_Plagiodera_versicolora	0	0	0	0	0	0	0	0	1	0	0	0	0	0	0	0	0	0	0	0	0	0	0	
N63	0.00115546	0.0214869	0.236548	0.508093	0.203153	0.0278199	0.00169054	5.23107e-05	8.9861e-07	9.1267e-09	5.77142e-11	2.37711e-13	6.63574e-16	1.30011e-18	1.8432e-21	1.94182e-24	1.55572e-27	9.67171e-31	4.74897e-34	1.87055e-37	5.99246e-41	1.58496e-44	4.32055e-48	
POCHCH_Chrysomela_tremulae	0	0	0	1	0	0	0	0	0	0	0	0	0	0	0	0	0	0	0	0	0	0	0	
POCHCH_Chrysomela_populi	0	0	1	0	0	0	0	0	0	0	0	0	0	0	0	0	0	0	0	0	0	0	0	
N64	0.0134097	0.0304766	0.0788346	0.165142	0.243372	0.237903	0.150521	0.0612075	0.0160537	0.00274463	0.000310514	2.3665e-05	1.23851e-06	4.53921e-08	1.18781e-09	2.261e-11	3.18656e-13	3.38091e-15	2.74258e-17	1.72564e-19	8.53631e-22	3.39183e-24	1.63683e-26	
N65	0.025218	0.050432	0.109435	0.192178	0.24135	0.206021	0.11733	0.0444929	0.0113242	0.00196192	0.000235512	1.99744e-05	1.22109e-06	5.48714e-08	1.84669e-09	4.73697e-11	9.41279e-13	1.47074e-14	1.83192e-16	1.8421e-18	1.51491e-20	1.05489e-22	1.00336e-24	
N66	0.0295228	0.0880554	0.229601	0.330894	0.231197	0.0770295	0.0125774	0.00107109	5.10152e-05	1.44809e-06	2.58569e-08	3.03871e-10	2.44127e-12	1.38452e-14	5.69698e-17	1.74143e-19	4.03637e-22	7.22252e-25	1.01358e-27	1.1313e-30	1.01751e-33	7.55868e-37	6.49301e-40	
N67	0.0347422	0.10403	0.258763	0.336755	0.202163	0.0557149	0.0073238	0.000489945	1.78997e-05	3.81056e-07	4.99906e-09	4.23795e-11	2.41682e-13	9.59433e-16	2.73034e-18	5.71314e-21	8.98662e-24	1.08345e-26	1.01847e-29	7.5791e-33	4.52617e-36	2.20049e-39	1.11565e-42	
POCHCH_Gastrophysa_viridula	0	0	0	1	0	0	0	0	0	0	0	0	0	0	0	0	0	0	0	0	0	0	0	
POCHCH_Gastrophysa_poligoni	0	1	0	0	0	0	0	0	0	0	0	0	0	0	0	0	0	0	0	0	0	0	0	
POCHCH_Gastrophysa_cyanea	0	0	0	0	0	1	0	0	0	0	0	0	0	0	0	0	0	0	0	0	0	0	0	
POCHCH_Phaedon_sp	0	0	0	0	0	1	0	0	0	0	0	0	0	0	0	0	0	0	0	0	0	0	0	
N68	0.002914	0.00938865	0.0353707	0.10329	0.205485	0.265291	0.21789	0.113382	0.0376375	0.00808659	0.00114672	0.000109748	7.257e-06	3.39349e-07	1.14756e-08	2.86584e-10	5.38896e-12	7.76716e-14	8.72117e-16	7.74287e-18	5.51711e-20	3.26644e-22	2.5405e-24	
N69	0.00173858	0.00717848	0.033707	0.112649	0.234191	0.288972	0.20825	0.0877496	0.0219123	0.00331821	0.000313828	1.91483e-05	7.78633e-07	2.1762e-08	4.3009e-10	6.16704e-12	6.5655e-14	5.29769e-16	3.30016e-18	1.6135e-20	6.28466e-23	1.99261e-25	7.63404e-28	
N70	0.000192608	0.0016864	0.0138058	0.0696592	0.197197	0.30698	0.260419	0.118418	0.0280558	0.00336801	0.000210508	7.39918e-06	1.57718e-07	2.16915e-09	2.02266e-11	1.33081e-13	6.38336e-16	2.29366e-18	6.31713e-21	1.36003e-23	2.32811e-26	3.22686e-29	4.95536e-32	
POCHCH_Chrysomela_lapponica	0	0	1	0	0	0	0	0	0	0	0	0	0	0	0	0	0	0	0	0	0	0	0	
N71	4.21817e-11	3.90383e-09	3.20236e-07	1.70964e-05	0.000539696	0.00936813	0.0822877	0.322013	0.444509	0.132422	0.00863325	0.000206967	2.36582e-06	1.49879e-08	5.80405e-11	1.47221e-13	2.57536e-16	3.2338e-19	3.00959e-22	2.13121e-25	1.17382e-28	5.1287e-32	2.22941e-35	
POCHCH_Chrysomela_interrupta	0	0	0	0	0	0	0	0	1	0	0	0	0	0	0	0	0	0	0	0	0	0	0	
POCHCH_Chrysomela_mainensis	0	0	0	0	0	0	0	0	0	1	0	0	0	0	0	0	0	0	0	0	0	0	0	
POCHCH_Chrysomela_schaefferi	0	0	0	0	1	0	0	0	0	0	0	0	0	0	0	0	0	0	0	0	0	0	0	
POCHCH_Linaeidea_aenea	0	0	0	0	0	0	0	0	1	0	0	0	0	0	0	0	0	0	0	0	0	0	0	
N72	0.306897	0.282605	0.209088	0.122044	0.0549258	0.0186811	0.00473483	0.00088751	0.000122772	1.2561e-05	9.55538e-07	5.44468e-08	2.34415e-09	7.6986e-11	1.94772e-12	3.83392e-14	5.92943e-16	7.27416e-18	7.14424e-20	5.66759e-22	3.66652e-24	1.98898e-26	1.4199e-28	
N73	0.268197	0.255963	0.205308	0.138107	0.0773832	0.0358364	0.0136275	0.004237	0.00107508	0.000222683	3.77298e-05	5.24663e-06	6.01338e-07	5.70826e-08	4.51123e-09	2.98423e-10	1.66145e-11	7.82794e-13	3.13925e-14	1.07979e-15	3.24445e-17	9.24748e-19	4.26877e-20	
N74	0.0680263	0.107611	0.165183	0.205961	0.196737	0.140817	0.0749159	0.0296328	0.00876938	0.00196174	0.00033595	4.46457e-05	4.66756e-06	3.88977e-07	2.61615e-08	1.43647e-09	6.5076e-11	2.45625e-12	7.79522e-14	2.10037e-15	4.88527e-17	1.04912e-18	3.57253e-20	
N75	0.000733868	0.00460041	0.0273193	0.105213	0.241059	0.309644	0.214206	0.0790996	0.0160804	0.00189996	0.000138216	6.52212e-06	2.08731e-07	4.70336e-09	7.70015e-11	9.4057e-13	8.76826e-15	6.36097e-17	3.65228e-19	1.68452e-21	6.32687e-24	1.98463e-26	7.79797e-29	
N76	2.50334e-05	0.000385336	0.00580178	0.0500225	0.207964	0.36425	0.272323	0.0868304	0.0116288	0.000742463	2.54351e-05	5.11922e-07	6.48659e-09	5.46109e-11	3.1892e-13	1.33804e-15	4.15227e-18	9.76776e-21	1.77865e-23	2.55282e-26	2.93376e-29	2.74351e-32	2.76274e-35	
POCHCH_Gonioctena_sibirica_M	0	0	0	0	0	0	0	1	0	0	0	0	0	0	0	0	0	0	0	0	0	0	0	
POCHCH_Gonioctena_springlovae	0	0	0	0	1	0	0	0	0	0	0	0	0	0	0	0	0	0	0	0	0	0	0	
POCHCH_Gonioctena_linnaeana	0	0	0	0	0	0	1	0	0	0	0	0	0	0	0	0	0	0	0	0	0	0	0	
N77	0.00024097	0.0173325	0.489042	0.477379	0.0158337	0.000170714	8.72247e-07	2.51128e-09	4.5073e-12	5.3908e-15	4.50519e-18	2.72614e-21	1.22797e-24	4.20991e-28	1.11866e-31	2.33904e-35	3.89807e-39	5.23442e-43	5.7171e-47	5.12166e-51	3.80051e-55	2.41355e-59	1.67112e-63	
POCHCH_Gonioctena_viminalis	0	0	0	1	0	0	0	0	0	0	0	0	0	0	0	0	0	0	0	0	0	0	0	
POCHCH_Paropsis_porosa_M	0	0	1	0	0	0	0	0	0	0	0	0	0	0	0	0	0	0	0	0	0	0	0	
N78	0.195949	0.210505	0.203151	0.167828	0.114967	0.0641852	0.0289531	0.0105121	0.00306908	0.000721221	0.000136739	2.0987e-05	2.61847e-06	2.66829e-07	2.23221e-08	1.54129e-09	8.83255e-11	4.22436e-12	1.69566e-13	5.74577e-15	1.65922e-16	4.3262e-18	1.87715e-19	
N79	0.0854206	0.11432	0.152383	0.178946	0.174531	0.13784	0.0872168	0.0440427	0.0177442	0.00571406	0.00147561	0.000306927	5.16868e-05	7.08762e-06	7.96266e-07	7.37588e-08	5.66983e-09	3.64026e-10	1.96483e-11	8.98151e-13	3.52976e-14	1.29171e-15	8.05463e-17	
POCHCH_Philhydronopa_sp	0	0	0	0	1	0	0	0	0	0	0	0	0	0	0	0	0	0	0	0	0	0	0	
POCHCH_Paropsisterna_sp	0	0	0	0	0	0	0	0	1	0	0	0	0	0	0	0	0	0	0	0	0	0	0	
N80	0.243899	0.246199	0.213275	0.152443	0.0871011	0.039	0.0135473	0.00363934	0.000757235	0.000122591	1.55427e-05	1.55507e-06	1.23796e-07	7.90819e-09	4.08834e-10	1.72476e-11	5.98576e-13	1.72219e-14	4.13838e-16	8.36624e-18	1.43715e-19	2.20233e-21	5.24705e-23	
N81	0.302625	0.282794	0.212356	0.124066	0.0548273	0.0180298	0.00438932	0.000793341	0.000107292	1.0972e-05	8.58495e-07	5.20248e-08	2.47143e-09	9.3115e-11	2.81353e-12	6.8897e-14	1.38084e-15	2.28605e-17	3.15325e-19	3.65306e-21	3.58377e-23	3.05772e-25	3.76838e-27	
POCHCH_Paropsis_atomaria	0	0	1	0	0	0	0	0	0	0	0	0	0	0	0	0	0	0	0	0	0	0	0	
POCHCH_Gonioctena_variabilis	0	1	0	0	0	0	0	0	0	0	0	0	0	0	0	0	0	0	0	0	0	0	0	
POCHCH_Entomoscelis_sp	0	0	0	0	1	0	0	0	0	0	0	0	0	0	0	0	0	0	0	0	0	0	0	
N82	0.297434	0.279178	0.212456	0.127232	0.058083	0.0197122	0.00489465	0.000882482	0.000115411	1.09895e-05	7.67273e-07	3.96382e-08	1.53096e-09	4.46957e-11	9.97422e-13	1.72041e-14	2.31868e-16	2.4675e-18	2.09431e-20	1.43144e-22	7.95892e-25	3.69838e-27	2.21343e-29	
N83	0.276931	0.269807	0.21734	0.138198	0.0666063	0.0236774	0.00612085	0.00114655	0.000156258	1.56347e-05	1.16233e-06	6.50688e-08	2.78115e-09	9.20059e-11	2.38699e-12	4.91739e-14	8.13881e-16	1.09438e-17	1.20898e-19	1.11239e-21	8.73986e-24	6.26427e-26	5.82565e-28	
N84	0.234949	0.250779	0.229964	0.163687	0.083585	0.0291399	0.0067547	0.00103054	0.000103586	6.91906e-06	3.11279e-07	9.58786e-09	2.05834e-10	3.13682e-12	3.45544e-14	2.7999e-16	1.69674e-18	7.81069e-21	2.77128e-23	7.6818e-26	1.68484e-28	2.98054e-31	6.03403e-34	
N85	0.222847	0.241618	0.228854	0.170658	0.0920942	0.034052	0.00837181	0.00135134	0.000143072	1.00023e-05	4.67163e-07	1.47924e-08	3.22799e-10	4.93838e-12	5.38864e-14	4.26535e-16	2.48933e-18	1.08794e-20	3.61309e-23	9.24462e-26	1.84622e-28	2.93087e-31	5.17914e-34	
N86	0.174864	0.199841	0.210903	0.18691	0.12903	0.066111	0.0244754	0.00646832	0.00121697	0.00016352	1.57979e-05	1.10722e-06	5.68692e-08	2.16375e-09	6.16604e-11	1.33062e-12	2.19814e-14	2.80952e-16	2.80805e-18	2.22042e-20	1.41355e-22	7.66645e-25	6.21867e-27	
N87	0.132811	0.160568	0.186476	0.188525	0.155304	0.100413	0.0499778	0.018984	0.00549204	0.00121276	0.000205446	2.68839e-05	2.73947e-06	2.19297e-07	1.39171e-08	7.06643e-10	2.89684e-11	9.67289e-13	2.65334e-14	6.02854e-16	1.14559e-17	1.89964e-19	4.88554e-21	
N88	0.0313067	0.0645173	0.127582	0.196638	0.224029	0.18456	0.108743	0.0456074	0.0136129	0.00290329	0.00044612	4.9987e-05	4.14415e-06	2.58256e-07	1.22923e-08	4.53827e-10	1.31866e-11	3.05652e-13	5.72227e-15	8.75263e-17	1.10689e-18	1.20119e-20	1.89827e-22	
N89	1.0348e-10	6.6769e-09	3.66719e-07	1.40505e-05	0.000358887	0.00575232	0.0530232	0.24555	0.452874	0.214845	0.0262648	0.00128561	3.18878e-05	4.60089e-07	4.22402e-09	2.62795e-11	1.16088e-13	3.7749e-16	9.29978e-19	1.77716e-21	2.68774e-24	3.30304e-27	4.57739e-30	
POCHCH_Cyrtonus_dufouri	0	0	0	0	0	0	0	0	1	0	0	0	0	0	0	0	0	0	0	0	0	0	0	
POCHCH_Cyrtonus_cupreovirens	0	0	0	0	0	0	0	0	0	1	0	0	0	0	0	0	0	0	0	0	0	0	0	
N90	0.0802157	0.192183	0.346376	0.268581	0.0939772	0.0168413	0.00171434	0.000107033	4.34041e-06	1.19479e-07	2.31241e-09	3.23886e-11	3.36408e-13	2.64618e-15	1.60565e-17	7.63918e-20	2.89163e-22	8.82335e-25	2.19618e-27	4.50745e-30	7.70895e-33	1.12345e-35	1.9628e-38	
POCHCH_Cyrtonus_cylindricus	0	0	1	0	0	0	0	0	0	0	0	0	0	0	0	0	0	0	0	0	0	0	0	
POCHCH_Cyrtonus_ruficornis	0	0	1	0	0	0	0	0	0	0	0	0	0	0	0	0	0	0	0	0	0	0	0	
N91	0.0841867	0.12404	0.177749	0.20898	0.188116	0.125832	0.0617497	0.0221693	0.00584681	0.00114276	0.000167467	1.86444e-05	1.59853e-06	1.06977e-07	5.66056e-09	2.39736e-10	8.21989e-12	2.30602e-13	5.34562e-15	1.03338e-16	1.68293e-18	2.4029e-20	5.27158e-22	
POCHCH_Cyrtonus_rotundatus	0	0	0	0	0	0	1	0	0	0	0	0	0	0	0	0	0	0	0	0	0	0	0	
POCHCH_Cyrtonus_majoricensis	0	0	1	0	0	0	0	0	0	0	0	0	0	0	0	0	0	0	0	0	0	0	0	
N92	0.169377	0.194733	0.207999	0.187759	0.132979	0.0704952	0.0272672	0.00761118	0.00153049	0.000222584	2.35865e-05	1.83841e-06	1.06518e-07	4.63893e-09	1.5357e-10	3.90767e-12	7.72652e-14	1.19989e-15	1.47959e-17	1.46805e-19	1.201e-21	8.73065e-24	8.46137e-26	
N93	0.123543	0.155661	0.186787	0.191167	0.158204	0.103273	0.0525294	0.0207041	0.00631636	0.00149468	0.000275573	3.98281e-05	4.5452e-06	4.12832e-07	3.00921e-08	1.77518e-09	8.54593e-11	3.38492e-12	1.11189e-13	3.05405e-15	7.10791e-17	1.49363e-18	4.98842e-20	
POCHCH_Cyrtonus_plumbeus	0	0	1	0	0	0	0	0	0	0	0	0	0	0	0	0	0	0	0	0	0	0	0	
N94	0.0059388	0.0157414	0.0459319	0.107029	0.184106	0.228548	0.202808	0.12819	0.0577917	0.0186877	0.00437365	0.000749433	9.52657e-05	9.11048e-06	6.64871e-07	3.75506e-08	1.66357e-09	5.85549e-11	1.65729e-12	3.81528e-14	7.24388e-16	1.1954e-17	2.99763e-19	
POCHCH_Cyrtonus_puncticeps	0	0	0	0	0	0	0	0	0	1	0	0	0	0	0	0	0	0	0	0	0	0	0	
N95	0.000496828	0.00305604	0.0189517	0.0796071	0.202146	0.296919	0.247446	0.115843	0.0304858	0.00460702	0.000416229	2.35449e-05	8.71242e-07	2.19206e-08	3.87709e-10	4.96049e-12	4.70569e-14	3.38149e-16	1.87553e-18	8.16334e-21	2.83108e-23	8.0242e-26	2.74126e-28	
N96	0.00176483	0.016725	0.124007	0.348145	0.359372	0.128698	0.019722	0.00150189	6.28065e-05	1.55078e-06	2.39395e-08	2.42265e-10	1.67327e-12	8.16452e-15	2.89934e-17	7.68848e-20	1.55686e-22	2.45464e-25	3.06529e-28	3.0778e-31	2.51836e-34	1.70553e-37	1.25357e-40	
POCHCH_Cyrtonus_contractus	0	0	1	0	0	0	0	0	0	0	0	0	0	0	0	0	0	0	0	0	0	0	0	
POCHCH_Cyrtonus_fairmairei	0	0	0	0	1	0	0	0	0	0	0	0	0	0	0	0	0	0	0	0	0	0	0	
N97	1.64981e-06	2.79569e-05	0.00049633	0.00587975	0.0415527	0.16242	0.325892	0.308981	0.128659	0.0238209	0.00215997	0.000106227	3.08412e-06	5.65327e-08	6.89993e-10	5.85251e-12	3.57252e-14	1.61565e-16	5.54737e-19	1.47657e-21	3.10231e-24	5.24684e-27	9.94573e-30	
POCHCH_Cyrtonus_arcasi	0	0	0	0	0	0	0	0	1	0	0	0	0	0	0	0	0	0	0	0	0	0	0	
POCHCH_Cyrtonus_pardoi	0	0	0	0	0	0	0	1	0	0	0	0	0	0	0	0	0	0	0	0	0	0	0	
POCHCH_Cyrtonus_elegans	0	0	0	0	0	0	0	1	0	0	0	0	0	0	0	0	0	0	0	0	0	0	0	
N98	0.197065	0.218197	0.217847	0.179315	0.113182	0.0523085	0.0172806	0.00404592	0.000672228	7.98333e-05	6.84841e-06	4.29577e-07	1.99595e-08	6.9596e-10	1.84462e-11	3.76271e-13	5.97738e-15	7.47871e-17	7.44866e-19	5.96571e-21	3.88414e-23	2.12579e-25	1.55384e-27	
N99	0.131155	0.160628	0.187611	0.188866	0.154677	0.0999914	0.0502242	0.0194519	0.00579459	0.00132897	0.00023546	3.23916e-05	3.48163e-06	2.94455e-07	1.97425e-08	1.05754e-09	4.56159e-11	1.59676e-12	4.57094e-14	1.07824e-15	2.11598e-17	3.61049e-19	9.50673e-21	
N100	0.0526646	0.0835656	0.131091	0.174155	0.187873	0.162182	0.111146	0.0601722	0.0256695	0.0086251	0.00228574	0.000479123	7.97649e-05	1.06009e-05	1.13139e-06	9.75967e-08	6.85189e-09	3.94319e-10	1.87412e-11	7.42171e-13	2.49202e-14	7.6674e-16	3.81027e-17	
POCHCH_Chrysolina_viridana	0	0	1	0	0	0	0	0	0	0	0	0	0	0	0	0	0	0	0	0	0	0	0	
N101	1.85209e-19	5.68322e-17	1.47222e-14	2.90236e-12	4.25658e-10	4.50597e-08	3.3051e-06	0.000158624	0.00457426	0.0688918	0.410741	0.398992	0.111464	0.00508225	9.20524e-05	8.75345e-07	5.03664e-09	1.91321e-11	5.09123e-14	9.91343e-17	1.4645e-19	1.73446e-22	2.299e-25	
POCHCH_Chrysolina_herbacea	0	0	0	0	0	0	0	0	0	0	1	0	0	0	0	0	0	0	0	0	0	0	0	
POCHCH_Chrysolina_graminis	0	0	0	0	0	0	0	0	0	0	0	0	1	0	0	0	0	0	0	0	0	0	0	
N102	0.130672	0.162505	0.191285	0.191228	0.153915	0.0973631	0.0478905	0.0182499	0.00539203	0.00123983	0.000223175	3.16787e-05	3.57497e-06	3.23518e-07	2.36837e-08	1.4148e-09	6.95524e-11	2.8369e-12	9.67568e-14	2.78061e-15	6.80245e-17	1.49299e-18	5.35922e-20	
POCHCH_Chrysolina_lucida	0	0	0	0	0	0	1	0	0	0	0	0	0	0	0	0	0	0	0	0	0	0	0	
POCHCH_Chrysolina_coerulans	0	1	0	0	0	0	0	0	0	0	0	0	0	0	0	0	0	0	0	0	0	0	0	
N103	0.139557	0.16622	0.189068	0.187123	0.151059	0.0958885	0.0469992	0.0176592	0.00508213	0.00112364	0.000191879	2.54789e-05	2.65077e-06	2.1781e-07	1.42513e-08	7.48622e-10	3.18288e-11	1.10404e-12	3.14943e-14	7.45734e-16	1.49123e-17	2.69266e-19	7.2801e-21	
N104	0.106201	0.138343	0.174229	0.188746	0.166915	0.117811	0.0656787	0.0287898	0.00991346	0.00268582	0.000574501	9.74928e-05	1.32026e-05	1.43612e-06	1.26357e-07	9.05766e-09	5.32853e-10	2.59132e-11	1.04927e-12	3.56531e-14	1.0313e-15	2.72967e-17	1.17667e-18	
POCHCH_Chrysolina_obsoleta	0	1	0	0	0	0	0	0	0	0	0	0	0	0	0	0	0	0	0	0	0	0	0	
N105	1.51143e-06	2.17316e-05	0.000301638	0.00295248	0.0193601	0.0812725	0.207356	0.304404	0.245984	0.107955	0.026315	0.00373184	0.000324873	1.82722e-05	6.94536e-07	1.85394e-08	3.58985e-10	5.18267e-12	5.7106e-14	4.90104e-16	3.34356e-18	1.90244e-20	1.42601e-22	
N106	1.06007e-07	2.2554e-06	5.5313e-05	0.000923474	0.00961544	0.0587355	0.196498	0.334228	0.272043	0.105286	0.0203711	0.0021117	0.000125561	4.55031e-06	1.05875e-07	1.65289e-09	1.79714e-11	1.40458e-13	8.10714e-16	3.53714e-18	1.19045e-20	3.16506e-23	9.67254e-26	
POCHCH_Chrysolina_diluta	0	0	0	0	0	0	0	0	1	0	0	0	0	0	0	0	0	0	0	0	0	0	0	
POCHCH_Chrysolina_colasi	0	0	0	0	0	0	0	1	0	0	0	0	0	0	0	0	0	0	0	0	0	0	0	
POCHCH_Chrysolina_haemoptera	0	0	0	0	0	0	0	0	0	1	0	0	0	0	0	0	0	0	0	0	0	0	0	
N107	6.90149e-06	0.000103616	0.00144134	0.013304	0.0744858	0.227138	0.334797	0.243979	0.0878992	0.0153066	0.0014521	8.35907e-05	3.1601e-06	8.3116e-08	1.58827e-09	2.2803e-11	2.5263e-13	2.20737e-15	1.54923e-17	8.87987e-20	4.24365e-22	1.78817e-24	9.742e-27	
POCHCH_Chrysolina_femoralis	0	0	0	0	0	0	0	0	1	0	0	0	0	0	0	0	0	0	0	0	0	0	0	
POCHCH_Chrysolina_affinis	0	0	0	0	0	1	0	0	0	0	0	0	0	0	0	0	0	0	0	0	0	0	0	
N108	0.142417	0.183028	0.219094	0.208342	0.144849	0.0710595	0.0243091	0.00580176	0.000973044	0.000115945	9.94303e-06	6.221e-07	2.879e-08	9.9883e-10	2.6315e-11	5.32971e-13	8.39533e-15	1.03995e-16	1.02407e-18	8.11059e-21	5.25575e-23	2.93651e-25	2.36587e-27	
N109	0.12366	0.162794	0.202677	0.205896	0.159331	0.0914627	0.0386895	0.0120995	0.00282113	0.000495798	6.64664e-05	6.87953e-06	5.56258e-07	3.55313e-08	1.81194e-09	7.45036e-11	2.49327e-12	6.85217e-14	1.56118e-15	2.98723e-17	4.94442e-19	7.83816e-21	1.79487e-22	
POCHCH_Chrysolina_bicolor	0	1	0	0	0	0	0	0	0	0	0	0	0	0	0	0	0	0	0	0	0	0	0	
N110	3.07895e-07	2.84984e-06	2.96588e-05	0.000248888	0.00162727	0.00815102	0.030711	0.0852301	0.170205	0.238623	0.229371	0.148442	0.0642453	0.018753	0.00376618	0.000533773	5.48178e-05	4.18333e-06	2.42733e-07	1.09358e-08	3.91619e-10	1.19959e-11	5.81449e-13	
POCHCH_Chrysolina_cerealis	0	0	0	0	0	0	0	0	0	0	0	1	0	0	0	0	0	0	0	0	0	0	0	
POCHCH_Chrysolina_fastuosa	0	0	0	0	0	0	0	0	0	0	0	1	0	0	0	0	0	0	0	0	0	0	0	
N111	0.105617	0.163632	0.233869	0.243009	0.164581	0.0689306	0.0174468	0.00265567	0.000244799	1.38668e-05	4.9213e-07	1.11848e-08	1.66561e-10	1.66275e-12	1.13764e-14	5.44783e-17	1.86229e-19	4.62859e-22	8.51127e-25	1.18473e-27	1.44183e-30	4.7369e-33	7.67606e-35	
N112	0.0573791	0.102212	0.182549	0.245964	0.222571	0.129227	0.047372	0.0109539	0.00161054	0.000152597	9.47273e-06	3.92332e-07	1.10474e-08	2.15512e-10	2.9667e-12	2.93328e-14	2.11855e-16	1.13574e-18	4.58853e-21	1.41784e-23	3.40427e-26	6.54651e-29	1.47485e-31	
N113	0.0496482	0.0867589	0.153636	0.215886	0.21998	0.157863	0.0793922	0.0281746	0.00714659	0.00131587	0.000178726	1.81902e-05	1.40797e-06	8.40338e-08	3.91737e-09	1.44346e-10	4.25154e-12	1.0117e-13	1.96609e-15	3.16217e-17	4.32014e-19	5.46358e-21	9.80359e-23	
POCHCH_Chrysolina_timarchoides	0	0	0	0	0	0	0	0	0	0	0	0	1	0	0	0	0	0	0	0	0	0	0	
POCHCH_Chrysolina_peregrina	0	1	0	0	0	0	0	0	0	0	0	0	0	0	0	0	0	0	0	0	0	0	0	
N114	0.0423168	0.0774815	0.147214	0.221545	0.23511	0.167544	0.078724	0.0243332	0.00498067	0.000683143	6.37228e-05	4.10908e-06	1.86322e-07	6.04353e-09	1.42602e-10	2.4878e-12	3.25901e-14	3.2531e-16	2.50861e-18	1.51399e-20	7.24414e-23	2.82657e-25	1.38527e-27	
N115	0.0241219	0.0453437	0.094868	0.167853	0.222582	0.210999	0.140654	0.0657887	0.0217068	0.00510097	0.000864105	0.000106949	9.80861e-06	6.76148e-07	3.55287e-08	1.44254e-09	4.58503e-11	1.15501e-12	2.33314e-14	3.82402e-16	5.1739e-18	6.18635e-20	1.08058e-21	
POCHCH_Chrysolina_curvilinea	0	0	0	0	0	0	0	0	1	0	0	0	0	0	0	0	0	0	0	0	0	0	0	
N116	4.31001e-06	5.51558e-05	0.000713158	0.00656614	0.0398421	0.147541	0.303845	0.312705	0.148555	0.0351828	0.00460673	0.000364012	1.85842e-05	6.4636e-07	1.59667e-08	2.89677e-10	3.96728e-12	4.19655e-14	3.49568e-16	2.33186e-18	1.26611e-20	5.80168e-23	3.45408e-25	
POCHCH_Chrysolina_marginata	0	0	0	0	0	0	0	1	0	0	0	0	0	0	0	0	0	0	0	0	0	0	0	
POCHCH_Chrysolina_carnifex	0	0	0	0	0	0	0	1	0	0	0	0	0	0	0	0	0	0	0	0	0	0	0	
N117	0.0822536	0.119838	0.175183	0.212541	0.194433	0.128672	0.0607203	0.0204284	0.00493822	0.000868339	0.000112708	1.09683e-05	8.12881e-07	4.65799e-08	2.09361e-09	7.48102e-11	2.15189e-12	5.04068e-14	9.71825e-16	1.55738e-17	2.0957e-19	2.45084e-21	4.28193e-23	
POCHCH_Chrysolina_varians	0	0	0	0	0	1	0	0	0	0	0	0	0	0	0	0	0	0	0	0	0	0	0	
POCHCH_Chrysolina_geminata	0	0	1	0	0	0	0	0	0	0	0	0	0	0	0	0	0	0	0	0	0	0	0	
N118	0.105856	0.163853	0.233939	0.242857	0.164363	0.0688086	0.0174139	0.00265147	0.000244617	1.38777e-05	4.93696e-07	1.1259e-08	1.68446e-10	1.69177e-12	1.16632e-14	5.63746e-17	1.94875e-19	4.90763e-22	9.16942e-25	1.34342e-27	4.07649e-30	1.23646e-31	7.22743e-33	
N119	0.154927	0.206256	0.247589	0.216078	0.122291	0.0426287	0.00898863	0.00114791	8.99649e-05	4.41651e-06	1.39176e-07	2.89002e-09	4.05996e-11	3.95807e-13	2.74295e-15	1.38171e-17	5.16396e-20	1.45895e-22	3.16947e-25	5.3776e-28	7.24053e-31	8.02088e-34	1.04493e-36	
N120	0.152044	0.204065	0.247627	0.218269	0.124323	0.043365	0.00907715	0.00113867	8.64751e-05	4.04458e-06	1.18995e-07	2.25363e-09	2.81307e-11	2.3687e-13	1.37578e-15	5.62928e-18	1.65491e-20	3.56011e-23	5.70001e-26	6.89939e-29	6.40703e-32	4.65187e-35	3.56669e-38	
N121	0.171212	0.212962	0.238339	0.202021	0.117511	0.0448578	0.0110988	0.00179124	0.000191755	1.39158e-05	7.00881e-07	2.50781e-08	6.51789e-10	1.2562e-11	1.82972e-13	2.04929e-15	1.79284e-17	1.2428e-19	6.91532e-22	3.12553e-24	1.16112e-26	3.6577e-29	1.50183e-31	
N122	0.202819	0.273417	0.278321	0.171128	0.0601276	0.0124453	0.00159928	0.000134224	7.68398e-06	3.11154e-07	9.18778e-09	2.02987e-10	3.43011e-12	4.51855e-14	4.71805e-16	3.9624e-18	2.71164e-20	1.52977e-22	7.18905e-25	2.84114e-27	9.53374e-30	2.78528e-32	1.05309e-34	
POCHCH_Chrysolina_grossa	0	0	0	1	0	0	0	0	0	0	0	0	0	0	0	0	0	0	0	0	0	0	0	
POCHCH_Chrysolina_polita	0	1	0	0	0	0	0	0	0	0	0	0	0	0	0	0	0	0	0	0	0	0	0	
N123	0.0897952	0.138513	0.201356	0.226893	0.184184	0.104555	0.0410735	0.0111817	0.00213021	0.000288346	2.82403e-05	2.03985e-06	1.10738e-07	4.60002e-09	1.48672e-10	3.79629e-12	7.76644e-14	1.28927e-15	1.75691e-17	1.98619e-19	1.88201e-21	1.5369e-23	1.78721e-25	
POCHCH_Chrysolina_americana	0	0	0	0	0	0	1	0	0	0	0	0	0	0	0	0	0	0	0	0	0	0	0	
POCHCH_Chrysolina_gemina	0	0	1	0	0	0	0	0	0	0	0	0	0	0	0	0	0	0	0	0	0	0	0	
N124	0.0837918	0.129714	0.197004	0.233712	0.194742	0.108978	0.0403467	0.00989239	0.00162265	0.000180817	1.39376e-05	7.57553e-07	2.96012e-08	8.47314e-10	1.80884e-11	2.92878e-13	3.65351e-15	3.56262e-17	2.7522e-19	1.70552e-21	8.59085e-24	3.63898e-26	1.97776e-28	
POCHCH_Oreina_intricata	0	0	0	0	0	1	0	0	0	0	0	0	0	0	0	0	0	0	0	0	0	0	0	
N125	0.0556996	0.0967703	0.166819	0.225938	0.218883	0.145629	0.0655346	0.0199363	0.00413419	0.000592409	5.96349e-05	4.29288e-06	2.2501e-07	8.74025e-09	2.55884e-10	5.73673e-12	9.99621e-14	1.37257e-15	1.50415e-17	1.33117e-19	9.62883e-22	5.88361e-24	4.87249e-26	
POCHCH_Oreina_elongata	0	0	0	1	0	0	0	0	0	0	0	0	0	0	0	0	0	0	0	0	0	0	0	
N126	2.37684e-05	0.000348203	0.00444402	0.0331338	0.129642	0.262471	0.290252	0.186209	0.0726203	0.0177741	0.00278227	0.000280642	1.81855e-05	7.47717e-07	1.91777e-08	3.05091e-10	3.11246e-12	2.13092e-14	1.02167e-16	3.55641e-19	9.26704e-22	1.88356e-24	4.48054e-27	
N127	5.04941e-05	0.000774877	0.0109426	0.0794389	0.252346	0.345134	0.222304	0.07388	0.0135813	0.00145095	9.32009e-05	3.6813e-06	9.06883e-08	1.40656e-09	1.38699e-11	8.84742e-14	3.75945e-16	1.10142e-18	2.30078e-21	3.53166e-24	4.08946e-27	3.66177e-30	3.35118e-33	
POCHCH_Oreina_ganglbaueri	0	0	0	1	0	0	0	0	0	0	0	0	0	0	0	0	0	0	0	0	0	0	0	
POCHCH_Oreina_alpestris	0	0	0	0	1	0	0	0	0	0	0	0	0	0	0	0	0	0	0	0	0	0	0	
POCHCH_Oreina_variabilis	0	0	0	0	0	0	0	0	0	0	0	0	0	0	1	0	0	0	0	0	0	0	0	
POCHCH_Oreina_cacaliae	0	1	0	0	0	0	0	0	0	0	0	0	0	0	0	0	0	0	0	0	0	0	0	
POCHCH_Oreina_virgulata	0	0	0	1	0	0	0	0	0	0	0	0	0	0	0	0	0	0	0	0	0	0	0	
POCHCH_Chrysolina_aurichalcea	0	0	0	1	0	0	0	0	0	0	0	0	0	0	0	0	0	0	0	0	0	0	0	
N128	0.195301	0.212943	0.207828	0.170881	0.11429	0.0611445	0.0259705	0.00873266	0.00232434	0.000490568	8.23612e-05	1.10467e-05	1.18978e-06	1.03496e-07	7.31617e-09	4.23004e-10	2.01347e-11	7.94206e-13	2.61308e-14	7.22194e-16	1.69677e-17	3.59679e-19	1.2137e-20	
N129	0.0850273	0.119185	0.162904	0.189469	0.178363	0.133273	0.0782948	0.0359886	0.0129186	0.00362285	0.000795483	0.000137265	1.87043e-05	2.02423e-06	1.75096e-07	1.21878e-08	6.87461e-10	3.16481e-11	1.1979e-12	3.76039e-14	9.95352e-16	2.37992e-17	8.86255e-19	
POCHCH_Platyphora_sp	0	0	0	0	1	0	0	0	0	0	0	0	0	0	0	0	0	0	0	0	0	0	0	
N130	0.0399037	0.0668616	0.113659	0.164649	0.192512	0.177774	0.12818	0.0717065	0.031033	0.0103872	0.00269396	0.000543325	8.56389e-05	1.06136e-05	1.04137e-06	8.14886e-08	5.12457e-09	2.61016e-10	1.08534e-11	3.71745e-13	1.06631e-14	2.75658e-16	1.12079e-17	
POCHCH_Leptinotarsa_haldemani	0	0	0	0	0	1	0	0	0	0	0	0	0	0	0	0	0	0	0	0	0	0	0	
N131	0.000410791	0.00163051	0.00729347	0.0263533	0.0719657	0.145171	0.213182	0.225367	0.170204	0.0915123	0.0350648	0.00962604	0.00190999	0.000277039	2.97559e-05	2.3991e-06	1.47216e-07	6.96927e-09	2.57905e-10	7.56049e-12	1.78824e-13	3.64192e-15	1.10478e-16	
POCHCH_Desmogramma_sp	0	0	0	0	0	0	0	0	0	0	1	0	0	0	0	0	0	0	0	0	0	0	0	
N132	4.80608e-05	0.000252829	0.00170409	0.0092952	0.0368524	0.102371	0.195085	0.251209	0.21642	0.124261	0.0476845	0.0123402	0.00218347	0.000268628	2.3404e-05	1.47123e-06	6.79637e-08	2.34794e-09	6.1668e-11	1.25052e-12	1.98853e-14	2.58125e-16	4.71208e-18	
N133	6.90358e-10	2.45018e-08	9.48483e-07	2.73017e-05	0.000534989	0.00668202	0.049401	0.196206	0.367296	0.279526	0.0865872	0.0126861	0.00100381	4.72978e-05	1.42577e-06	2.90272e-08	4.1635e-10	4.35224e-12	3.40908e-14	2.04814e-16	9.63792e-19	3.68129e-21	1.73066e-23	
POCHCH_Leptinotarsa_texana	0	0	0	0	0	0	0	0	1	0	0	0	0	0	0	0	0	0	0	0	0	0	0	
POCHCH_Doryphora_sp	0	0	0	0	0	0	0	0	0	1	0	0	0	0	0	0	0	0	0	0	0	0	0	
N134	3.93463e-07	5.18442e-06	8.35392e-05	0.00100898	0.0082821	0.0438287	0.142382	0.270597	0.28975	0.172851	0.0581965	0.0114987	0.00140002	0.000110143	5.83985e-06	2.16385e-07	5.77975e-09	1.1429e-10	1.71199e-12	1.98189e-14	1.80571e-16	1.3386e-18	1.31164e-20	
POCHCH_Leptinotarsa_juncta	0	0	0	0	0	0	0	0	0	1	0	0	0	0	0	0	0	0	0	0	0	0	0	
POCHCH_Labidomera_clivicollis	0	0	0	0	0	0	0	1	0	0	0	0	0	0	0	0	0	0	0	0	0	0	0	
N135	0.198918	0.223632	0.222239	0.177311	0.10776	0.0487944	0.0163724	0.00408573	0.000764869	0.00010863	1.18512e-05	1.00589e-06	6.72582e-08	3.58556e-09	1.54133e-10	5.39952e-12	1.55672e-13	3.72761e-15	7.47739e-17	1.26758e-18	1.84086e-20	2.41803e-22	4.76614e-24	
N136	0.0568596	0.114194	0.206045	0.258493	0.210566	0.109187	0.0359327	0.00757354	0.0010457	9.74642e-05	6.32741e-06	2.94668e-07	1.01075e-08	2.61382e-10	5.20118e-12	8.10804e-14	1.00597e-15	1.00737e-17	8.24414e-20	5.5758e-22	3.14919e-24	1.51795e-26	9.72814e-29	
POCHCH_Calligrapha_fulvipes	0	0	0	0	0	0	1	0	0	0	0	0	0	0	0	0	0	0	0	0	0	0	0	
POCHCH_Calligrapha_polyspila	0	0	1	0	0	0	0	0	0	0	0	0	0	0	0	0	0	0	0	0	0	0	0	
N137	0.197389	0.304584	0.312177	0.149049	0.0329228	0.00364852	0.000221409	7.93491e-06	1.78632e-07	2.65556e-09	2.71555e-11	1.97567e-13	1.05199e-15	4.19947e-18	1.28302e-20	3.05446e-23	5.75616e-26	8.70715e-29	1.0704e-31	1.08138e-34	9.07392e-38	6.46045e-41	5.29163e-44	
N138	0.172768	0.345854	0.35203	0.115438	0.013271	0.000625282	1.38542e-05	1.61066e-07	1.07092e-09	4.36015e-12	1.14832e-14	2.04585e-17	2.5586e-20	2.31692e-23	1.55958e-26	7.98118e-30	3.16617e-33	9.90317e-37	2.47886e-40	5.03133e-44	8.37818e-48	1.15716e-51	1.55868e-55	
N139	0.114724	0.414432	0.395728	0.0714336	0.00361416	6.79142e-05	5.74879e-07	2.51364e-09	6.27688e-12	9.65734e-15	9.71031e-18	6.68654e-21	3.27517e-24	1.17736e-27	3.18846e-31	6.65061e-35	1.0889e-38	1.42256e-42	1.50424e-46	1.30369e-50	9.36393e-55	5.63046e-59	3.21647e-63	
N140	0.0312561	0.611903	0.33686	0.0197954	0.000184984	2.84794e-07	1.39347e-10	2.89709e-14	3.01986e-18	1.75528e-22	6.11987e-27	1.3483e-31	1.94957e-36	1.08406e-38	4.18016e-41	3.51688e-44	2.17864e-47	1.11751e-50	4.81142e-54	1.75111e-57	5.4173e-61	1.43076e-64	3.36533e-68	
N141	0.0406194	0.705144	0.246543	0.00765609	3.77359e-05	4.59218e-08	2.14373e-11	4.83904e-15	6.06095e-19	4.60294e-23	2.25197e-27	7.41027e-32	1.69183e-36	2.77296e-41	3.90505e-45	1.16177e-47	1.48739e-50	1.23866e-53	8.7081e-57	5.43097e-60	3.02731e-63	1.51601e-66	7.17339e-70	
POCHCH_Calligrapha_alni	0	1	0	0	0	0	0	0	0	0	0	0	0	0	0	0	0	0	0	0	0	0	0	
POCHCH_Calligrapha_multipunctata	0	1	0	0	0	0	0	0	0	0	0	0	0	0	0	0	0	0	0	0	0	0	0	
N142	0.0129064	0.482321	0.44241	0.0606149	0.00174355	4.18715e-06	3.20462e-09	1.09799e-12	2.00296e-16	2.16668e-20	1.49643e-24	6.96298e-29	2.27341e-33	5.37583e-38	9.44043e-43	1.25624e-47	1.28757e-52	1.03007e-57	6.5043e-63	3.2796e-68	1.35682e-73	5.24002e-79	3.17478e-84	
POCHCH_Calligrapha_amator	0	0	0	0	1	0	0	0	0	0	0	0	0	0	0	0	0	0	0	0	0	0	0	
POCHCH_Calligrapha_scalaris	0	1	0	0	0	0	0	0	0	0	0	0	0	0	0	0	0	0	0	0	0	0	0	
POCHCH_Calligrapha_confluens	0	0	1	0	0	0	0	0	0	0	0	0	0	0	0	0	0	0	0	0	0	0	0	
N143	0.0237787	0.320664	0.486763	0.1643	0.00445534	3.81613e-05	1.44144e-07	2.85425e-10	3.30768e-13	2.42377e-16	1.18969e-19	4.09034e-23	1.02084e-26	1.90402e-30	2.71893e-34	3.03384e-38	2.6916e-42	1.92739e-46	1.12861e-50	5.46649e-55	2.21238e-59	7.5518e-64	2.45022e-68	
POCHCH_Calligrapha_rowena	0	1	0	0	0	0	0	0	0	0	0	0	0	0	0	0	0	0	0	0	0	0	0	
POCHCH_Calligrapha_philadelphica	0	0	0	1	0	0	0	0	0	0	0	0	0	0	0	0	0	0	0	0	0	0	0	
N144	0.0634269	0.258912	0.403216	0.226467	0.0451726	0.00273591	6.88687e-05	8.73223e-07	6.30176e-09	2.81663e-11	8.29721e-14	1.68976e-16	2.47107e-19	2.67624e-22	2.20227e-25	1.40703e-28	7.10958e-32	2.88684e-35	9.55179e-39	2.60708e-42	5.93402e-46	1.13811e-49	2.20372e-53	
N145	0.0280537	0.913341	0.057893	0.000709311	2.71915e-06	4.02744e-09	2.74189e-12	9.81456e-16	2.0408e-19	2.65547e-23	2.28818e-27	1.36457e-31	5.83283e-36	1.83841e-40	4.37308e-45	8.0039e-50	1.14558e-54	1.29988e-59	1.18303e-64	8.72203e-70	5.25359e-75	2.60453e-80	1.15005e-85	
POCHCH_Calligrapha_californica	0	1	0	0	0	0	0	0	0	0	0	0	0	0	0	0	0	0	0	0	0	0	0	
POCHCH_Calligrapha_bidenticola	0	1	0	0	0	0	0	0	0	0	0	0	0	0	0	0	0	0	0	0	0	0	0	
POCHCH_Zygogramma_sp	0	0	0	0	1	0	0	0	0	0	0	0	0	0	0	0	0	0	0	0	0	0	0	
N146	0.274391	0.27246	0.22231	0.139571	0.0643169	0.0211579	0.00489954	0.000795104	9.06272e-05	7.30649e-06	4.20962e-07	1.7548e-08	5.36465e-10	1.21974e-11	2.09165e-13	2.74256e-15	2.78602e-17	2.22028e-19	1.4046e-21	7.13241e-24	2.93864e-26	1.00373e-28	4.26058e-31	
N147	0.223921	0.246446	0.231265	0.167035	0.0879702	0.0329123	0.0086416	0.00158584	0.000203674	1.84031e-05	1.17927e-06	5.41291e-08	1.79984e-09	4.38766e-11	7.93962e-13	1.07976e-14	1.11722e-16	8.90059e-19	5.52289e-21	2.69904e-23	1.05113e-25	3.35711e-28	1.30702e-30	
N148	0.176376	0.194323	0.197321	0.174461	0.128163	0.0758619	0.0355651	0.013103	0.00378688	0.000860228	0.000154255	2.19614e-05	2.49884e-06	2.28851e-07	1.69928e-08	1.03052e-09	5.14127e-11	2.1251e-12	7.32814e-14	2.12341e-15	5.23063e-17	1.16197e-18	4.1525e-20	
N149	0.0830676	0.138838	0.205467	0.227316	0.182065	0.104618	0.0429559	0.0125904	0.00263878	0.000397137	4.31934e-05	3.42298e-06	1.99577e-07	8.65407e-09	2.8231e-10	7.01094e-12	1.34134e-13	2.00034e-15	2.35182e-17	2.20412e-19	1.66743e-21	1.06127e-23	9.14965e-26	
N150	0.00209985	0.007953	0.0274573	0.0729527	0.144832	0.211096	0.223189	0.169787	0.0924468	0.0359285	0.00996518	0.0019779	0.000282531	2.92929e-05	2.22849e-06	1.25971e-07	5.36342e-09	1.74422e-10	4.39351e-12	8.69158e-14	1.37235e-15	1.81705e-17	3.43742e-19	
POCHGA_Pyrrhalta_viburni	0	0	0	0	1	0	0	0	0	0	0	0	0	0	0	0	0	0	0	0	0	0	0	
N151	2.16223e-06	2.23005e-05	0.000238068	0.00188467	0.010617	0.0417071	0.112431	0.205406	0.252169	0.207137	0.11384	0.042025	0.0104976	0.00179232	0.000211702	1.7533e-05	1.033e-06	4.39886e-08	1.3791e-09	3.26147e-11	6.03248e-13	9.25084e-15	1.5771e-16	
POCHGA_Galerucella_lineola	0	0	0	0	0	0	0	0	0	0	0	0	0	0	0	0	0	0	1	0	0	0	0	
N152	4.15528e-07	5.06829e-06	7.40345e-05	0.000804594	0.00597496	0.0294747	0.0950183	0.197973	0.26478	0.226623	0.124134	0.0436345	0.00989406	0.00145834	0.000141189	9.09871e-06	3.96618e-07	1.19098e-08	2.51258e-10	3.80095e-12	4.2119e-14	3.55e-16	3.73905e-18	
N153	1.32538e-06	2.7608e-05	0.000597005	0.00781265	0.0544021	0.188784	0.32381	0.277279	0.118583	0.0255395	0.00295658	0.000198036	8.17756e-06	2.19218e-07	3.97938e-09	5.06561e-11	4.65736e-13	3.17191e-15	1.63571e-17	6.51156e-20	2.03818e-22	5.19257e-25	1.58024e-27	
N154	1.38679e-17	2.28819e-14	2.91817e-11	2.08036e-08	7.27559e-06	0.00106424	0.0493834	0.353547	0.50883	0.0842515	0.00289989	1.67343e-05	3.33895e-08	3.05794e-11	1.50046e-14	4.34343e-18	7.90919e-22	9.49398e-26	9.73836e-30	1.88358e-32	1.42023e-34	9.41691e-37	6.35875e-39	
POCHGA_Galerucella_tenella	0	0	0	0	0	0	0	0	1	0	0	0	0	0	0	0	0	0	0	0	0	0	0	
N155	1.21821e-18	3.32244e-15	6.87972e-12	7.62819e-09	3.96586e-06	0.000812109	0.0483063	0.351662	0.506117	0.0897845	0.00329876	1.59394e-05	2.44241e-08	1.61776e-11	5.48276e-15	1.0599e-18	1.26163e-22	9.78875e-27	5.21408e-31	3.14242e-35	2.81414e-38	5.30734e-41	9.52693e-44	
POCHGA_Trirhabda_canadensis	0	0	0	0	0	0	0	0	0	0	1	0	0	0	0	0	0	0	0	0	0	0	0	
POCHGA_Xanthogaleruca_luteola	0	0	0	0	0	0	1	0	0	0	0	0	0	0	0	0	0	0	0	0	0	0	0	
N156	1.20265e-06	8.2204e-05	0.00407159	0.0777028	0.366826	0.426134	0.114168	0.0105838	0.000421731	8.21246e-06	8.57859e-08	5.18478e-10	1.93127e-12	4.67371e-15	7.67926e-18	8.88896e-21	7.47786e-24	4.69449e-27	2.24969e-30	8.39224e-34	2.47887e-37	5.89641e-41	1.39609e-44	
N157	4.3926e-10	2.67151e-07	9.44258e-05	0.0117377	0.331761	0.581004	0.0744091	0.000989667	3.98705e-06	6.73912e-09	5.69703e-12	2.70072e-15	7.7911e-19	1.45471e-22	1.84467e-26	1.65112e-30	1.07655e-34	5.24855e-39	1.95583e-43	5.67565e-48	1.30328e-52	2.4013e-57	3.90985e-62	
N158	6.33635e-14	2.26114e-10	4.38409e-07	0.000316112	0.0547304	0.767974	0.17613	0.000847712	9.77271e-07	4.28148e-10	8.95421e-14	1.02709e-17	7.09687e-22	3.16025e-26	9.54146e-31	2.03166e-35	3.14789e-40	3.64007e-45	3.20735e-50	2.19088e-55	1.17704e-60	5.0344e-66	1.81346e-71	
POCHGA_Galerucella_calmariensis	0	0	0	0	0	0	1	0	0	0	0	0	0	0	0	0	0	0	0	0	0	0	0	
POCHGA_Trirhabda_virgata	0	0	0	0	0	1	0	0	0	0	0	0	0	0	0	0	0	0	0	0	0	0	0	
POCHGA_Galeruca_sp	0	0	0	0	1	0	0	0	0	0	0	0	0	0	0	0	0	0	0	0	0	0	0	
POCHGA_Galerucella_pusilla	0	0	0	1	0	0	0	0	0	0	0	0	0	0	0	0	0	0	0	0	0	0	0	
N159	5.51898e-09	1.10915e-07	2.57181e-06	4.51428e-05	0.000547368	0.00442964	0.0234911	0.0808184	0.179599	0.257621	0.238742	0.143044	0.055378	0.0138208	0.00221683	0.000228288	1.51739e-05	6.60847e-07	1.93122e-08	3.89581e-10	5.59105e-12	6.01085e-14	8.13721e-16	
POCHGA_Lochmaea_capreae	0	0	0	0	0	1	0	0	0	0	0	0	0	0	0	0	0	0	0	0	0	0	0	
N160	9.86324e-17	8.58407e-15	8.46475e-13	6.42311e-11	3.53905e-09	1.37863e-07	3.72177e-06	6.84401e-05	0.000843733	0.00686028	0.0361064	0.120173	0.245493	0.296448	0.202523	0.0750548	0.0147668	0.00156094	9.28308e-05	3.29382e-06	7.40181e-08	1.14725e-09	2.11438e-11	
N161	1.32706e-25	5.54494e-23	2.42769e-20	8.21041e-18	2.088e-15	3.90615e-13	5.24697e-11	4.92531e-09	3.13314e-07	1.30361e-05	0.000340116	0.00528115	0.0455883	0.199159	0.385084	0.278791	0.077224	0.00812078	0.000388238	9.76e-06	1.43135e-07	1.33956e-09	1.33794e-11	
POCHGA_Galerucella_nympheae	0	0	0	0	0	0	0	0	0	0	0	0	0	0	1	0	0	0	0	0	0	0	0	
POCHGA_Galerucella_birmanica	0	0	0	0	0	0	0	0	0	0	0	0	0	0	0	0	1	0	0	0	0	0	0	
POCHGA_Galerucella_placida	0	0	0	0	0	0	0	0	0	0	0	0	0	0	0	0	1	0	0	0	0	0	0	
N162	0.144671	0.198394	0.236359	0.209267	0.131553	0.0577965	0.0176276	0.00372572	0.000546831	5.60287e-05	4.03937e-06	2.06963e-07	7.62322e-09	2.04403e-10	4.04219e-12	5.97428e-14	6.68649e-16	5.74006e-18	3.82638e-20	2.00408e-22	8.34087e-25	2.81081e-27	1.14152e-29	
N163	0.215419	0.241175	0.230495	0.170008	0.0927487	0.0368786	0.0106501	0.00223884	0.000344683	3.92104e-05	3.33172e-06	2.14015e-07	1.05243e-08	4.01257e-10	1.20095e-11	2.85554e-13	5.45554e-15	8.4647e-17	1.07735e-18	1.13554e-20	1.00211e-22	7.70073e-25	8.40293e-27	
N164	0.312635	0.288991	0.211585	0.11844	0.0492975	0.0150526	0.00336748	0.000555677	6.83943e-05	6.36315e-06	4.53791e-07	2.51538e-08	1.09828e-09	3.82529e-11	1.07541e-12	2.4672e-14	4.66614e-16	7.34365e-18	9.70139e-20	1.08448e-21	1.03435e-23	8.65261e-26	1.05267e-27	
POCHGA_Oides_sp	0	1	0	0	0	0	0	0	0	0	0	0	0	0	0	0	0	0	0	0	0	0	0	
POCHGA_Paridea_sp	0	0	1	0	0	0	0	0	0	0	0	0	0	0	0	0	0	0	0	0	0	0	0	
POCHGA_Agelastica_coerulea	0	1	0	0	0	0	0	0	0	0	0	0	0	0	0	0	0	0	0	0	0	0	0	
N165	0.204116	0.230063	0.22871	0.178971	0.102512	0.0414089	0.0116197	0.00226091	0.00030692	2.93876e-05	2.01206e-06	9.99973e-08	3.66398e-09	1.00514e-10	2.0955e-12	3.36754e-14	4.22791e-16	4.19927e-18	3.3384e-20	2.14754e-22	1.12946e-24	4.95291e-27	2.77843e-29	
N166	0.134764	0.180234	0.22055	0.210873	0.14736	0.0731663	0.0255428	0.00627067	0.00109047	0.000135957	1.23344e-05	8.27549e-07	4.17428e-08	1.60869e-09	4.80981e-11	1.13185e-12	2.1245e-14	3.22015e-16	3.98632e-18	4.07278e-20	3.47091e-22	2.54418e-24	2.6156e-26	
POCHGA_Ophraella_notulata_M	0	0	0	0	0	0	1	0	0	0	0	0	0	0	0	0	0	0	0	0	0	0	0	
POCHGA_Ophraella_communa	0	0	1	0	0	0	0	0	0	0	0	0	0	0	0	0	0	0	0	0	0	0	0	
N167	0.253053	0.258951	0.22407	0.152017	0.0762253	0.0273337	0.0069289	0.00124457	0.000160058	1.49532e-05	1.03149e-06	5.34212e-08	2.11129e-09	6.46693e-11	1.55761e-12	2.99001e-14	4.63158e-16	5.85574e-18	6.10639e-20	5.30307e-22	3.87152e-24	2.43384e-26	2.11481e-28	
POCHGA_Monoxia_sp	0	0	1	0	0	0	0	0	0	0	0	0	0	0	0	0	0	0	0	0	0	0	0	
POCHGA_Apophylia_sp	0	0	1	0	0	0	0	0	0	0	0	0	0	0	0	0	0	0	0	0	0	0	0	
N168	0.0632118	0.0897169	0.129676	0.166534	0.178881	0.156613	0.110472	0.0624739	0.028291	0.0102705	0.0029971	0.000705732	0.000134709	2.0951e-05	2.66965e-06	2.80317e-07	2.43992e-08	1.77148e-09	1.08046e-10	5.5935e-12	2.51715e-13	1.07563e-14	7.44357e-16	
POCHGA_Exora_sp	0	0	0	0	0	0	0	0	0	0	0	1	0	0	0	0	0	0	0	0	0	0	0	
N169	0.0731503	0.118018	0.186512	0.230933	0.203423	0.122265	0.0494104	0.0134449	0.00249143	0.000319798	2.8997e-05	1.89521e-06	9.10581e-08	3.27613e-09	8.97846e-11	1.90384e-12	3.16842e-14	4.19261e-16	4.46398e-18	3.86747e-20	2.76383e-22	1.70859e-24	1.45724e-26	
N170	0.0498701	0.0897129	0.166923	0.239764	0.233401	0.145997	0.0575612	0.0142792	0.00224819	0.000228075	1.51918e-05	6.78222e-07	2.07249e-08	4.42521e-10	6.73395e-12	7.44017e-14	6.07316e-16	3.72193e-18	1.73828e-20	6.27305e-23	1.77346e-25	4.04518e-28	1.12147e-30	
POCHGA_Monolepta_sp	0	0	0	0	0	0	1	0	0	0	0	0	0	0	0	0	0	0	0	0	0	0	0	
N171	0.0497531	0.0890839	0.165863	0.239192	0.233851	0.146906	0.0582225	0.0145537	0.00231828	0.000239309	1.63391e-05	7.54367e-07	2.40861e-08	5.43617e-10	8.85572e-12	1.06184e-13	9.5431e-16	6.53731e-18	3.46644e-20	1.44313e-22	4.7831e-25	1.30287e-27	4.46733e-30	
POCHGA_Aulacophora_sp	0	0	0	0	0	1	0	0	0	0	0	0	0	0	0	0	0	0	0	0	0	0	0	
POCHGA_Luperus_sp	0	0	0	1	0	0	0	0	0	0	0	0	0	0	0	0	0	0	0	0	0	0	0	
POCHGA_Diorhabda_sp	0	1	0	0	0	0	0	0	0	0	0	0	0	0	0	0	0	0	0	0	0	0	0	
N172	0.182624	0.221263	0.232862	0.187845	0.110764	0.0469037	0.0141662	0.00304773	0.000468175	5.161e-05	4.11107e-06	2.3858e-07	1.01785e-08	3.22284e-10	7.64758e-12	1.3734e-13	1.88489e-15	1.99606e-17	1.6468e-19	1.06946e-21	5.54724e-24	2.40898e-26	1.43182e-28	
N173	0.222684	0.237619	0.219457	0.163677	0.0950527	0.0423712	0.0144538	0.00378377	0.000764898	0.0001204	1.4897e-05	1.46341e-06	1.15289e-07	7.35606e-09	3.83735e-10	1.65133e-11	5.9118e-13	1.77497e-14	4.50603e-16	9.77438e-18	1.85372e-19	3.34878e-21	9.15714e-23	
POCHGA_Sermylassa_halensis	0	1	0	0	0	0	0	0	0	0	0	0	0	0	0	0	0	0	0	0	0	0	0	
N174	0.285187	0.265606	0.204168	0.130263	0.0690365	0.0303482	0.0110433	0.00332102	0.000824756	0.000169204	2.87162e-05	4.041e-06	4.72973e-07	4.62132e-08	3.78502e-09	2.61009e-10	1.52238e-11	7.54588e-13	3.19385e-14	1.16088e-15	3.6687e-17	1.08229e-18	5.38771e-20	
POCHGA_Gynandrobrotica_nigrofasciata	0	0	1	0	0	0	0	0	0	0	0	0	0	0	0	0	0	0	0	0	0	0	0	
N175	0.286081	0.266307	0.204407	0.129997	0.0685003	0.0298461	0.0107277	0.00317574	0.000773907	0.000155371	2.57461e-05	3.5315e-06	4.0242e-07	3.82549e-08	3.04761e-09	2.04446e-10	1.16061e-11	5.60319e-13	2.31208e-14	8.19941e-16	2.52677e-17	7.23837e-19	3.52636e-20	
POCHGA_Gynandrobrotica_lepida	0	0	1	0	0	0	0	0	0	0	0	0	0	0	0	0	0	0	0	0	0	0	0	
POCHGA_Cerotoma_sp	0	0	1	0	0	0	0	0	0	0	0	0	0	0	0	0	0	0	0	0	0	0	0	
N176	0.122129	0.16513	0.205497	0.204834	0.156359	0.0901742	0.0391631	0.0128287	0.00318362	0.000602295	8.75115e-05	9.84452e-06	8.6467e-07	5.98054e-08	3.28521e-09	1.44534e-10	5.13506e-12	1.48531e-13	3.52735e-15	6.95385e-17	1.16727e-18	1.8404e-20	4.24507e-22	
N177	0.0148299	0.0321039	0.0755868	0.145419	0.209278	0.219137	0.165438	0.0899958	0.0354505	0.0102015	0.00216898	0.00034507	4.16283e-05	3.85905e-06	2.78503e-07	1.58438e-08	7.18975e-10	2.63183e-11	7.85501e-13	1.93339e-14	3.99838e-16	7.45269e-18	2.10112e-19	
N178	0.0040138	0.0135577	0.0492846	0.133089	0.237339	0.267345	0.187316	0.0815491	0.0222153	0.00383233	0.000425092	3.08621e-05	1.49575e-06	4.94257e-08	1.1379e-09	1.86466e-11	2.21998e-13	1.9576e-15	1.30162e-17	6.63389e-20	2.63207e-22	8.3334e-25	3.12573e-27	
N179	0.00173403	0.00673206	0.0286435	0.0917742	0.196264	0.267703	0.229715	0.124108	0.0425285	0.00933722	0.00132867	0.000124179	7.74816e-06	3.2929e-07	9.75182e-09	2.06069e-10	3.17985e-12	3.6618e-14	3.21009e-16	2.18143e-18	1.16948e-20	5.12842e-23	2.85277e-25	
POCHGA_Diabrotica_limitata	0	0	0	0	0	0	0	0	0	0	0	1	0	0	0	0	0	0	0	0	0	0	0	
POCHGA_Diabrotica_undecimpunctata	0	0	0	1	0	0	0	0	0	0	0	0	0	0	0	0	0	0	0	0	0	0	0	
N180	0.0105301	0.0335997	0.1046	0.218788	0.282194	0.21818	0.0999346	0.0271895	0.00448737	0.000463798	3.10938e-05	1.39936e-06	4.3643e-08	9.70819e-10	1.58054e-11	1.9271e-13	1.79606e-15	1.30306e-17	7.47985e-20	3.44676e-22	1.29192e-24	4.01502e-27	1.53258e-29	
POCHGA_Diabrotica_speciosa	0	1	0	0	0	0	0	0	0	0	0	0	0	0	0	0	0	0	0	0	0	0	0	
POCHGA_Diabrotica_nummularis	0	0	0	0	0	0	1	0	0	0	0	0	0	0	0	0	0	0	0	0	0	0	0	
N181	0.000635682	0.00326619	0.016191	0.0580372	0.140888	0.228519	0.248026	0.180616	0.0881405	0.0286313	0.00611878	0.000849592	7.65112e-05	4.57868e-06	1.88642e-07	5.54344e-09	1.19897e-10	1.96061e-12	2.47997e-14	2.47426e-16	1.98212e-18	1.32142e-20	1.18187e-22	
POCHGA_Diabrotica_adelpha	0	0	0	0	0	0	0	0	0	0	0	1	0	0	0	0	0	0	0	0	0	0	0	
POCHGA_Diabrotica_tibialis	0	0	1	0	0	0	0	0	0	0	0	0	0	0	0	0	0	0	0	0	0	0	0	
N182	0.000407639	0.00150856	0.00632221	0.0217772	0.058122	0.118425	0.182876	0.212907	0.186151	0.121959	0.0598564	0.0220473	0.00611871	0.00128696	0.000206675	2.55582e-05	2.45656e-06	1.85311e-07	1.1083e-08	5.3172e-10	2.08901e-11	7.27878e-13	3.97352e-14	
N183	2.25547e-06	1.27716e-05	9.48292e-05	0.00061925	0.00323237	0.0130305	0.0399147	0.092123	0.159568	0.207265	0.202229	0.14875	0.0828984	0.0352154	0.0114811	0.00289459	0.000569157	8.81375e-05	1.08742e-05	1.08402e-06	8.89734e-08	6.30418e-09	5.59844e-10	
N184	6.84026e-06	3.8535e-05	0.000289183	0.00184605	0.00900997	0.032514	0.0854281	0.162027	0.220934	0.216558	0.153107	0.0785633	0.0294999	0.00818366	0.00169472	0.000264827	3.15765e-05	2.90557e-06	2.08766e-07	1.18657e-08	5.44636e-10	2.19509e-11	1.438e-12	
POCHGA_Acalymma_fairmairei	0	0	0	0	0	0	1	0	0	0	0	0	0	0	0	0	0	0	0	0	0	0	0	
N185	1.81062e-09	6.88511e-08	2.85625e-06	8.51262e-05	0.00164863	0.019057	0.117882	0.334025	0.355935	0.142553	0.0261073	0.00255036	0.000147765	5.4721e-06	1.36848e-07	2.41044e-09	3.09163e-11	2.96675e-13	2.17876e-15	1.24906e-17	5.71123e-20	2.19195e-22	1.04451e-24	
POCHGA_Acalymma_trivittatum	0	0	0	0	0	0	0	1	0	0	0	0	0	0	0	0	0	0	0	0	0	0	0	
POCHGA_Acalymma_vittatum	0	0	0	0	0	0	0	0	1	0	0	0	0	0	0	0	0	0	0	0	0	0	0	
POCHGA_Acalymma_blandulum	0	0	0	0	0	0	0	0	0	0	0	0	0	0	0	0	0	0	0	0	1	0	0	
N186	4.72262e-06	3.28305e-05	0.000276121	0.00193677	0.0101852	0.0384886	0.102402	0.189609	0.242557	0.213426	0.128906	0.0534542	0.0152553	0.00301003	0.00041333	3.98336e-05	2.72112e-06	1.33244e-07	4.73411e-09	1.23704e-10	2.42136e-12	3.76932e-14	8.5871e-16	
N187	6.41756e-05	0.000282205	0.00153915	0.00723873	0.0265095	0.0726536	0.146105	0.213123	0.223948	0.168941	0.0914724	0.0356473	0.0100545	0.00206897	0.000313687	3.54375e-05	3.01922e-06	1.96437e-07	9.88621e-09	3.90437e-10	1.23819e-11	3.40398e-13	1.38855e-14	
POCHGA_Diabrotica_porracea	0	0	0	0	0	0	0	0	0	0	1	0	0	0	0	0	0	0	0	0	0	0	0	
N188	0.00173176	0.00493734	0.0169023	0.0493092	0.110555	0.183841	0.223407	0.197246	0.126467	0.0590894	0.0202501	0.00513505	0.00097358	0.000139591	1.53172e-05	1.3019e-06	8.67426e-08	4.58335e-09	1.9421e-10	6.67123e-12	1.88303e-13	4.62603e-15	1.81417e-16	
POCHGA_Diabrotica_scutellata	0	0	0	0	0	0	0	1	0	0	0	0	0	0	0	0	0	0	0	0	0	0	0	
POCHGA_Diabrotica_longicornis	0	0	0	1	0	0	0	0	0	0	0	0	0	0	0	0	0	0	0	0	0	0	0	
N189	1.13777e-06	8.04897e-06	8.01716e-05	0.00067435	0.00425004	0.019305	0.0620518	0.139662	0.218745	0.237675	0.179061	0.0937117	0.0342052	0.00875934	0.00158582	0.000204835	1.90732e-05	1.29487e-06	6.48844e-08	2.43472e-09	7.0209e-11	1.70937e-12	5.81985e-14	
N190	4.01776e-07	2.56299e-06	2.3267e-05	0.000185171	0.00116794	0.00568429	0.021064	0.0588365	0.122866	0.190624	0.218836	0.185579	0.116336	0.0540733	0.018731	0.00486964	0.000958391	0.000144222	1.6783e-05	1.5318e-06	1.12696e-07	7.43449e-09	7.98309e-10	
POCHGA_Paratriarius_sp	0	0	0	0	0	0	0	0	0	1	0	0	0	0	0	0	0	0	0	0	0	0	0	
POCHGA_Diabrotica_cristata	0	0	0	0	0	0	0	0	0	0	0	0	0	0	1	0	0	0	0	0	0	0	0	
N191	7.57978e-11	1.38878e-09	3.27486e-08	6.3886e-07	9.60504e-06	0.000108439	0.000903356	0.00546773	0.0236992	0.0725846	0.155283	0.229981	0.234496	0.164322	0.079301	0.0265037	0.00618746	0.00102054	0.000120672	1.04417e-05	6.85657e-07	3.75936e-08	2.85402e-09	
N192	1.92471e-11	4.23277e-10	1.25105e-08	2.97197e-07	5.33844e-06	7.09396e-05	0.000684232	0.00469937	0.0225478	0.0742199	0.164969	0.244631	0.240343	0.156252	0.0675272	0.0195934	0.00387144	0.000529877	5.11919e-05	3.56352e-06	1.83744e-07	7.67557e-09	4.95204e-10	
POCHGA_Diabrotica_balteata	0	0	0	0	0	0	0	0	0	0	0	0	0	1	0	0	0	0	0	0	0	0	0	
POCHGA_Isotes_multipunctata	0	0	0	0	0	0	0	0	0	0	1	0	0	0	0	0	0	0	0	0	0	0	0	
POCHGA_Diabrotica_sexmaculata	0	0	0	0	0	0	0	0	0	0	0	0	0	0	0	0	0	1	0	0	0	0	0	
N193	0.2773	0.270614	0.218293	0.138379	0.0658587	0.0227959	0.00563625	0.000988457	0.000123067	1.09467e-05	7.02511e-07	3.29188e-08	1.14114e-09	2.96628e-11	5.86025e-13	8.91571e-15	1.05781e-16	9.90524e-19	7.40346e-21	4.46396e-23	2.19381e-25	8.97632e-28	4.66149e-30	
N194	0.224696	0.239625	0.222666	0.166233	0.0938686	0.0386815	0.0114249	0.00240291	0.000360155	3.86755e-05	3.00034e-06	1.69848e-07	7.09436e-09	2.21183e-10	5.20776e-12	9.36779e-14	1.30202e-15	1.41361e-17	1.21156e-19	8.28108e-22	4.56172e-24	2.07396e-26	1.20931e-28	
N195	0.0952722	0.158881	0.227865	0.234398	0.16693	0.0817022	0.0274619	0.0063523	0.00101534	0.000112799	8.7741e-06	4.82023e-07	1.88853e-08	5.33279e-10	1.09748e-11	1.66514e-13	1.88448e-15	1.60953e-17	1.04958e-19	5.2866e-22	2.08304e-24	6.62198e-27	2.60656e-29	
N196	0.0316078	0.0609932	0.12138	0.191487	0.222197	0.186785	0.113814	0.0505224	0.0164465	0.00395484	0.000707949	9.50956e-05	9.66415e-06	7.4927e-07	4.46949e-08	2.06883e-09	7.49464e-11	2.14325e-12	4.88134e-14	8.94732e-16	1.34702e-17	1.81246e-19	3.57125e-21	
N197	0.00962215	0.0181284	0.0399311	0.0808457	0.135662	0.181553	0.191224	0.157997	0.102506	0.0523816	0.0211719	0.0068017	0.00174616	0.000360275	6.00976e-05	8.15503e-06	9.05936e-07	8.29467e-08	6.31011e-09	4.04232e-10	2.25776e-11	1.23534e-12	1.04829e-13	
POCHGA_Chaetocnema_chlorophana	0	0	0	0	0	0	0	0	0	0	0	1	0	0	0	0	0	0	0	0	0	0	0	
N198	1.87525e-14	2.42563e-12	2.8146e-10	2.48102e-08	1.58737e-06	6.95703e-05	0.00192846	0.0299192	0.208505	0.390922	0.283222	0.0792661	0.00596184	0.000200962	3.77573e-06	4.45541e-08	3.56182e-10	2.03349e-12	8.62279e-15	2.80404e-17	7.23473e-20	1.5861e-22	4.07149e-25	
POCHGA_Chaetocnema_concinna	0	0	0	0	0	0	0	0	0	0	0	1	0	0	0	0	0	0	0	0	0	0	0	
POCHGA_Hypolampsis_sp	0	0	0	0	0	0	0	0	1	0	0	0	0	0	0	0	0	0	0	0	0	0	0	
N199	8.91686e-05	0.000425506	0.00225394	0.00998196	0.03419	0.0873542	0.163326	0.221189	0.215897	0.151635	0.0766752	0.0279679	0.0073804	0.00141423	0.000197669	2.02646e-05	1.53409e-06	8.64627e-08	3.66364e-09	1.18153e-10	2.96273e-12	6.23321e-14	1.85231e-15	
N200	0.000239402	0.000964541	0.00455131	0.0180944	0.0550544	0.123239	0.199248	0.230623	0.190451	0.112218	0.0472979	0.0143222	0.00313378	0.000498919	5.82598e-05	5.03498e-06	3.25263e-07	1.58766e-08	5.92293e-10	1.70957e-11	3.8791e-13	7.33117e-15	2.10281e-16	
POCHGA_Syphrea_sp	0	0	0	0	0	0	1	0	0	0	0	0	0	0	0	0	0	0	0	0	0	0	0	
POCHGA_Lysathia_ludoviciana	0	0	0	0	1	0	0	0	0	0	0	0	0	0	0	0	0	0	0	0	0	0	0	
N201	3.58514e-14	1.42627e-12	6.0758e-11	2.13164e-09	5.89249e-08	1.24734e-06	1.97586e-05	0.000229446	0.00191475	0.0112508	0.0455653	0.124454	0.224576	0.263266	0.198233	0.0951688	0.028986	0.00559143	0.000686398	5.43966e-05	2.86918e-06	1.1074e-07	5.83716e-09	
N202	2.38777e-21	2.99657e-19	4.44777e-17	5.31118e-15	4.90897e-13	3.44172e-11	1.79614e-09	6.84501e-08	1.86779e-06	3.57571e-05	0.000470236	0.00415586	0.0241199	0.0896698	0.207682	0.290448	0.237537	0.111062	0.0297363	0.00462337	0.000429468	2.61691e-05	1.72269e-06	
POCHGA_Macrohaltica_sp	0	0	0	0	0	0	0	0	0	0	0	0	0	0	0	0	0	0	0	0	1	0	0	
POCHGA_Aedmon_sp	0	0	0	0	0	0	0	0	0	0	0	0	0	0	0	0	1	0	0	0	0	0	0	
POCHAL_Altica_lythri	0	0	0	0	0	0	0	0	0	0	0	0	1	0	0	0	0	0	0	0	0	0	0	
N203	0.142595	0.203676	0.245309	0.21194	0.126693	0.0519676	0.0145997	0.00281168	0.00037233	3.40772e-05	2.17095e-06	9.71182e-08	3.08195e-09	7.01576e-11	1.15926e-12	1.40739e-14	1.27082e-16	8.63828e-19	4.47255e-21	1.78423e-23	5.55053e-26	1.38186e-28	4.15772e-31	
N204	0.168269	0.217857	0.240624	0.196383	0.113866	0.0464876	0.0133621	0.0027147	0.000392568	4.07939e-05	3.08158e-06	1.71422e-07	7.11922e-09	2.23841e-10	5.40235e-12	1.01428e-13	1.50032e-15	1.76951e-17	1.6828e-19	1.30451e-21	8.36189e-24	4.68403e-26	3.66217e-28	
N205	0.255853	0.249782	0.207526	0.14461	0.0830849	0.0388122	0.014608	0.00441085	0.00106802	0.000207887	3.26738e-05	4.1706e-06	4.35177e-07	3.73787e-08	2.66171e-09	1.58252e-10	7.9105e-12	3.34685e-13	1.2063e-14	3.7281e-16	9.98051e-18	2.45416e-19	1.01593e-20	
POCHGA_Psylliodes_napi	0	0	1	0	0	0	0	0	0	0	0	0	0	0	0	0	0	0	0	0	0	0	0	
POCHGA_Psylliodes_chrysocephalus	0	0	1	0	0	0	0	0	0	0	0	0	0	0	0	0	0	0	0	0	0	0	0	
N206	0.439308	0.338582	0.164135	0.0481821	0.00870439	0.00100699	7.78969e-05	4.19075e-06	1.62185e-07	4.64612e-09	1.00934e-10	1.69749e-12	2.24967e-14	2.38598e-16	2.05274e-18	1.44982e-20	8.49663e-23	4.17155e-25	1.73094e-27	6.12362e-30	1.87178e-32	5.18169e-35	1.87685e-37	
POCHGA_Psylliodes_marcidus_M	0	1	0	0	0	0	0	0	0	0	0	0	0	0	0	0	0	0	0	0	0	0	0	
N207	0.450028	0.375842	0.146443	0.0254216	0.00216338	9.97057e-05	2.70047e-06	4.58655e-08	5.14545e-10	3.97713e-12	2.19291e-14	8.87968e-17	2.70636e-19	6.34073e-22	1.16299e-24	1.69673e-27	1.9968e-30	1.91928e-33	1.52349e-36	1.00869e-39	5.62077e-43	2.66132e-46	1.34954e-49	
POCHGA_Psylliodes_cupreus	0	1	0	0	0	0	0	0	0	0	0	0	0	0	0	0	0	0	0	0	0	0	0	
POCHGA_Epitrix_fasciata	0	1	0	0	0	0	0	0	0	0	0	0	0	0	0	0	0	0	0	0	0	0	0	
N208	0.206027	0.228786	0.221737	0.172106	0.10293	0.0468582	0.0162274	0.00429539	0.000875749	0.000138816	1.72828e-05	1.70793e-06	1.35378e-07	8.69471e-09	4.56883e-10	1.98237e-11	7.16375e-13	2.17369e-14	5.5812e-16	1.22308e-17	2.32755e-19	4.16939e-21	1.17467e-22	
POCHGA_Psylliodes_affinis	0	1	0	0	0	0	0	0	0	0	0	0	0	0	0	0	0	0	0	0	0	0	0	
POCHGA_Psylliodes_dulcamarae	0	0	1	0	0	0	0	0	0	0	0	0	0	0	0	0	0	0	0	0	0	0	0	
N209	0.204711	0.221724	0.214413	0.172348	0.109032	0.0525248	0.0189549	0.00509635	0.00102227	0.000153813	1.74953e-05	1.51801e-06	1.01449e-07	5.27368e-09	2.15328e-10	6.97186e-12	1.80659e-13	3.78035e-15	6.4464e-17	9.05785e-19	1.07119e-20	1.14396e-22	1.69347e-24	
N210	0.200497	0.212832	0.203143	0.166913	0.113739	0.0626475	0.0274646	0.00950762	0.00259172	0.000556708	9.45171e-05	1.27419e-05	1.37163e-06	1.18639e-07	8.30003e-09	4.72857e-10	2.20867e-11	8.51547e-13	2.728e-14	7.31155e-16	1.65729e-17	3.36331e-19	1.08496e-20	
N211	0.100041	0.129185	0.162091	0.178132	0.164242	0.124959	0.0778693	0.0395973	0.0164046	0.00553683	0.00152442	0.00034318	6.33747e-05	9.63805e-06	1.21248e-06	1.26787e-07	1.10769e-08	8.12934e-10	5.04214e-11	2.66586e-12	1.2267e-13	5.36841e-15	3.92796e-16	
POCHGA_Aphthona_lutescens	0	0	0	0	0	0	0	0	0	0	1	0	0	0	0	0	0	0	0	0	0	0	0	
N212	0.149095	0.198366	0.23846	0.21289	0.129812	0.0531882	0.0148468	0.00289329	0.000404223	4.15225e-05	3.20837e-06	1.90283e-07	8.81767e-09	3.24303e-10	9.59846e-12	2.31444e-13	4.5968e-15	7.59501e-17	1.05341e-18	1.23755e-20	1.24813e-22	1.13643e-24	1.49222e-26	
POCHGA_Disonycha_sp	0	0	1	0	0	0	0	0	0	0	0	0	0	0	0	0	0	0	0	0	0	0	0	
POCHGA_Longitarsus_exsoletus	0	0	0	1	0	0	0	0	0	0	0	0	0	0	0	0	0	0	0	0	0	0	0	
N213	0.215603	0.227427	0.212253	0.165779	0.10353	0.0502077	0.0186177	0.00524801	0.00112511	0.000184288	2.32252e-05	2.27134e-06	1.73979e-07	1.05383e-08	5.09645e-10	1.98639e-11	6.29655e-13	1.63738e-14	3.52204e-16	6.31754e-18	9.54749e-20	1.26985e-21	2.5468e-23	
N214	0.190504	0.21524	0.21921	0.182055	0.115309	0.0538509	0.0183264	0.00454906	0.000830151	0.000112663	1.15215e-05	9.00055e-07	5.44423e-08	2.58328e-09	9.73526e-11	2.94786e-12	7.25037e-14	1.46316e-15	2.44552e-17	3.41501e-19	4.02038e-21	4.11416e-23	6.20051e-25	
POCHGA_Dibolia_sp	0	0	0	1	0	0	0	0	0	0	0	0	0	0	0	0	0	0	0	0	0	0	0	
POCHGA_Hermaeophaga_sp	0	0	0	1	0	0	0	0	0	0	0	0	0	0	0	0	0	0	0	0	0	0	0	
N215	0.123276	0.180395	0.231207	0.219489	0.147551	0.0692829	0.0226621	0.00518863	0.000840498	9.77677e-05	8.30676e-06	5.24739e-07	2.50778e-08	9.21821e-10	2.64669e-11	6.02031e-13	1.09912e-14	1.62983e-16	1.98443e-18	2.0038e-20	1.69448e-22	1.23185e-24	1.25424e-26	
POCHGA_Argopus_sp	0	1	0	0	0	0	0	0	0	0	0	0	0	0	0	0	0	0	0	0	0	0	0	
N216	2.47181e-05	0.000514475	0.00822358	0.0715907	0.283962	0.38153	0.205938	0.0447761	0.00332463	0.000114014	2.15665e-06	2.50759e-08	1.92715e-10	1.0314e-12	3.99924e-15	1.15903e-17	2.57483e-20	4.47768e-23	6.20453e-26	6.95549e-29	6.39347e-32	4.90538e-35	4.19943e-38	
POCHGA_Neocrepidodera_sp	0	0	0	0	0	0	0	1	0	0	0	0	0	0	0	0	0	0	0	0	0	0	0	
POCHGA_Asiorestia_sp	0	0	0	0	1	0	0	0	0	0	0	0	0	0	0	0	0	0	0	0	0	0	0	
N217	0.0011383	0.00371061	0.0135626	0.0410027	0.0953975	0.16673	0.216217	0.206423	0.144429	0.07398	0.0278129	0.00772016	0.00159607	0.000248426	2.94614e-05	2.69554e-06	1.92667e-07	1.08901e-08	4.92529e-10	1.80377e-11	5.44505e-13	1.45834e-14	6.1794e-16	
N218	0.000246209	0.000917383	0.00437396	0.0177569	0.0548642	0.124232	0.202321	0.234162	0.191165	0.109758	0.0444044	0.0127418	0.00262045	0.000391321	4.30562e-05	3.54375e-06	2.21491e-07	1.06668e-08	4.01333e-10	1.19541e-11	2.86292e-13	5.8305e-15	1.8131e-16	
POCHGA_Phyllotreta_sp	0	0	0	0	0	0	0	0	1	0	0	0	0	0	0	0	0	0	0	0	0	0	0	
POCHGA_Heikertingerella_sp	0	0	0	0	0	0	0	0	0	1	0	0	0	0	0	0	0	0	0	0	0	0	0	
POCHGA_Systena_sp	0	0	0	0	0	0	0	1	0	0	0	0	0	0	0	0	0	0	0	0	0	0	0	
N219	0.262097	0.257757	0.213934	0.144764	0.0772005	0.0316479	0.00983104	0.00230172	0.000406671	5.45278e-05	5.59491e-06	4.43633e-07	2.74694e-08	1.34234e-09	5.23095e-11	1.64192e-12	4.19106e-14	8.77898e-16	1.52245e-17	2.20715e-19	2.72037e-21	3.02826e-23	4.8264e-25	
N220	0.266439	0.268756	0.225179	0.145029	0.067431	0.0216983	0.00471401	0.000683492	6.60138e-05	4.26832e-06	1.86549e-07	5.58123e-09	1.1596e-10	1.69878e-12	1.78199e-14	1.35901e-16	7.64689e-19	3.21975e-21	1.02814e-23	2.5218e-26	4.8118e-29	7.30854e-32	1.28034e-34	
N221	0.245748	0.257618	0.228793	0.156915	0.0775018	0.0263743	0.00603306	0.000917614	9.26949e-05	6.2545e-06	2.84807e-07	8.86996e-09	1.91813e-10	2.92674e-12	3.20272e-14	2.55434e-16	1.50818e-18	6.69178e-21	2.26313e-23	5.91247e-26	1.20851e-28	1.96983e-31	3.60806e-34	
N222	0.230891	0.242242	0.220957	0.162941	0.0914697	0.0376242	0.0111256	0.00235164	0.000356303	3.90007e-05	3.11716e-06	1.84126e-07	8.13987e-09	2.72737e-10	7.01222e-12	1.39993e-13	2.19491e-15	2.73177e-17	2.72643e-19	2.20321e-21	1.45664e-23	8.14175e-26	6.12951e-28	
N223	0.128687	0.164682	0.198415	0.198506	0.155598	0.0931542	0.0421232	0.0143329	0.00367271	0.000711511	0.00010485	1.18431e-05	1.03425e-06	7.04823e-08	3.78424e-09	1.61622e-10	5.54327e-12	1.54096e-13	3.50328e-15	6.57384e-17	1.03202e-18	1.43037e-20	2.94098e-22	
POCHGA_Alagoasa_decemgutatta	0	0	0	0	0	0	0	0	1	0	0	0	0	0	0	0	0	0	0	0	0	0	0	
N224	0.160927	0.190603	0.209315	0.191042	0.135648	0.0726231	0.0289736	0.00859966	0.00190623	0.000317779	4.01966e-05	3.89679e-06	2.92593e-07	1.71999e-08	8.00066e-10	2.97564e-11	8.93804e-13	2.18912e-14	4.41171e-16	7.37936e-18	1.03447e-19	1.26159e-21	2.30091e-23	
POCHGA_Alagoasa_cf_arcifera	0	0	0	0	1	0	0	0	0	0	0	0	0	0	0	0	0	0	0	0	0	0	0	
POCHGA_Alagoasa_cruxnigra	0	1	0	0	0	0	0	0	0	0	0	0	0	0	0	0	0	0	0	0	0	0	0	
N225	0.201513	0.217776	0.210216	0.170386	0.111162	0.0570344	0.0227743	0.00706016	0.00170334	0.000321548	4.78341e-05	5.65288e-06	5.35207e-07	4.09467e-08	2.55295e-09	1.30792e-10	5.54993e-12	1.96561e-13	5.85455e-15	1.47938e-16	3.22884e-18	6.588e-20	2.10637e-21	
POCHGA_Capraita_sp	0	0	0	0	0	0	0	1	0	0	0	0	0	0	0	0	0	0	0	0	0	0	0	
N226	0.277944	0.558296	0.15041	0.0128353	0.000503923	1.10114e-05	1.49946e-07	1.37043e-09	8.85661e-12	4.20694e-14	1.51322e-16	4.22072e-19	9.30763e-22	1.64925e-24	2.38062e-27	2.83264e-30	2.80718e-33	2.33823e-36	1.65057e-39	9.95795e-43	5.20559e-46	2.47463e-49	1.39826e-52	
POCHGA_Walterianella_sp	0	1	0	0	0	0	0	0	0	0	0	0	0	0	0	0	0	0	0	0	0	0	0	
POCHGA_Glyptina_sp	0	1	0	0	0	0	0	0	0	0	0	0	0	0	0	0	0	0	0	0	0	0	0	
N227	0.141105	0.177304	0.209	0.201956	0.148504	0.0801288	0.0312154	0.00873786	0.00176159	0.000257556	2.75804e-05	2.18859e-06	1.30331e-07	5.90041e-09	2.05718e-10	5.59323e-12	1.20027e-13	2.05637e-15	2.84391e-17	3.21214e-19	3.01745e-21	2.49819e-23	2.80031e-25	
POCHGA_Alagoasa_extrema	0	0	0	0	0	0	1	0	0	0	0	0	0	0	0	0	0	0	0	0	0	0	0	
N228	0.0981069	0.140453	0.193205	0.215195	0.179831	0.108752	0.0467458	0.0141727	0.00302824	0.000457753	4.93078e-05	3.82117e-06	2.15422e-07	8.9416e-09	2.76681e-10	6.46289e-12	1.15378e-13	1.59326e-15	1.72157e-17	1.47188e-19	1.00753e-21	5.69642e-24	4.21365e-26	
N229	0.165959	0.208868	0.233151	0.198855	0.121557	0.0520863	0.0156318	0.00332176	0.000508183	5.7028e-05	4.78345e-06	3.0533e-07	1.50804e-08	5.85215e-10	1.80945e-11	4.51474e-13	9.19616e-15	1.54548e-16	2.16373e-18	2.54642e-20	2.54402e-22	2.23303e-24	2.8492e-26	
POCHGA_Omophoita_octoguttata	0	0	0	0	1	0	0	0	0	0	0	0	0	0	0	0	0	0	0	0	0	0	0	
POCHGA_Omophoita_personata	0	1	0	0	0	0	0	0	0	0	0	0	0	0	0	0	0	0	0	0	0	0	0	
N230	0.0694563	0.106245	0.163403	0.208221	0.201658	0.142952	0.0729515	0.0266414	0.00696538	0.00130988	0.00017854	1.78092e-05	1.31438e-06	7.26187e-08	3.03989e-09	9.75849e-11	2.43087e-12	4.75307e-14	7.37612e-16	9.18681e-18	9.32614e-20	8.16649e-22	9.96235e-24	
N231	0.0178958	0.0344248	0.073703	0.135802	0.19536	0.211555	0.169734	0.100199	0.0434639	0.0138953	0.00329498	0.000584747	7.84952e-05	8.06386e-06	6.41678e-07	4.00328e-08	1.98135e-09	7.86806e-11	2.53404e-12	6.68878e-14	1.4668e-15	2.8292e-17	8.50733e-19	
POCHGA_Paranaita_bilimbata	0	0	0	0	0	0	0	1	0	0	0	0	0	0	0	0	0	0	0	0	0	0	0	
POCHGA_Oedionychus_cinctus	0	0	0	0	0	0	0	1	0	0	0	0	0	0	0	0	0	0	0	0	0	0	0	
POCHGA_Hemipyxis_sp	0	0	0	0	0	0	1	0	0	0	0	0	0	0	0	0	0	0	0	0	0	0	0	
N232	0.270216	0.268225	0.221194	0.142457	0.0680076	0.0232493	0.00558975	0.000940318	0.000111135	9.32327e-06	5.62878e-07	2.48388e-08	8.14086e-10	2.01313e-11	3.81306e-13	5.6107e-15	6.49858e-17	5.99742e-19	4.46013e-21	2.70175e-23	1.35177e-25	5.89539e-28	3.54588e-30	
N233	0.309426	0.284685	0.20937	0.120483	0.053078	0.0176316	0.00438423	0.000815447	0.000113897	1.20312e-05	9.69768e-07	6.02457e-08	2.91492e-09	1.11006e-10	3.36191e-12	8.17908e-14	1.61389e-15	2.60651e-17	3.47549e-19	3.85796e-21	3.60175e-23	2.95003e-25	3.49179e-27	
POCHGA_Podagrica_malvae	0	0	0	1	0	0	0	0	0	0	0	0	0	0	0	0	0	0	0	0	0	0	0	
N234	0.317408	0.289765	0.209013	0.11614	0.0485501	0.0150388	0.00342994	0.000576243	7.16831e-05	6.65701e-06	4.66159e-07	2.4885e-08	1.02426e-09	3.28752e-11	8.32001e-13	1.67808e-14	2.72495e-16	3.59711e-18	3.89542e-20	3.49066e-22	2.61213e-24	1.67994e-26	1.49133e-28	
N235	0.415516	0.33313	0.176897	0.0596769	0.0128069	0.00179265	0.000168993	1.10726e-05	5.18888e-07	1.78379e-08	4.59979e-10	9.0739e-12	1.3934e-13	1.69168e-15	1.64648e-17	1.30083e-19	8.43756e-22	4.53938e-24	2.04463e-26	7.77643e-29	2.51815e-31	7.073e-34	2.54863e-36	
POCHGA_Sphaeroderma_sp	0	1	0	0	0	0	0	0	0	0	0	0	0	0	0	0	0	0	0	0	0	0	0	
POCHGA_Asphaera_abdominalis	0	1	0	0	0	0	0	0	0	0	0	0	0	0	0	0	0	0	0	0	0	0	0	
POCHGA_Asphaera_unicolor	0	0	0	1	0	0	0	0	0	0	0	0	0	0	0	0	0	0	0	0	0	0	0	
N236	0.138536	0.163729	0.184543	0.182399	0.149529	0.0987053	0.0517612	0.0214653	0.00704265	0.00183437	0.000381308	6.36641e-05	8.59883e-06	9.46598e-07	8.55835e-08	6.40342e-09	3.99453e-10	2.09258e-11	9.27018e-13	3.49744e-14	1.13667e-15	3.39775e-17	1.73818e-18	
POCHGA_Alagoasa_libentina	0	0	0	0	1	0	0	0	0	0	0	0	0	0	0	0	0	0	0	0	0	0	0	
POCHGA_Alagoasa_bicolor	0	0	0	0	0	1	0	0	0	0	0	0	0	0	0	0	0	0	0	0	0	0	0	
N237	0.0486469	0.0722304	0.112726	0.157444	0.182557	0.170574	0.127016	0.0751275	0.0353125	0.0132255	0.00396366	0.000955693	0.000186542	2.96758e-05	3.87485e-06	4.18258e-07	3.75895e-08	2.83244e-09	1.80181e-10	9.74775e-12	4.54937e-13	1.99061e-14	1.54586e-15	
POCHGA_Ophrida_sp	0	0	0	0	0	1	0	0	0	0	0	0	0	0	0	0	0	0	0	0	0	0	0	
N238	1.20304e-14	6.72421e-12	2.80148e-09	7.68475e-07	0.000126597	0.0107177	0.333781	0.479959	0.17254	0.00285773	1.7336e-05	5.36933e-08	9.90284e-11	1.19081e-13	9.91516e-17	5.96739e-20	2.68086e-23	9.21771e-27	2.47473e-30	5.27625e-34	9.09965e-38	1.33046e-41	2.12333e-45	
POCHGA_Podontia_sp	0	0	0	0	0	0	0	0	1	0	0	0	0	0	0	0	0	0	0	0	0	0	0	
POCHGA_Blepharida_rhois	0	0	0	0	0	0	1	0	0	0	0	0	0	0	0	0	0	0	0	0	0	0	0	
N239	0.251114	0.246482	0.206987	0.146516	0.0858379	0.0409701	0.0157591	0.00485706	0.00119769	0.000236685	3.76301e-05	4.83897e-06	5.0646e-07	4.34431e-08	3.07709e-09	1.81452e-10	8.99072e-12	3.78424e-13	1.3714e-14	4.35214e-16	1.23503e-17	3.23802e-19	1.06495e-20	
N240	0.216818	0.223919	0.204112	0.159275	0.103865	0.0557378	0.024396	0.00866869	0.00249622	0.000582659	0.000110433	1.70441e-05	2.14988e-06	2.22564e-07	1.89976e-08	1.34357e-09	7.91298e-11	3.90136e-12	1.61958e-13	5.70709e-15	1.73982e-16	4.96003e-18	2.23925e-19	
N241	0.23136	0.230636	0.200539	0.150827	0.0969683	0.0527044	0.0240128	0.00912007	0.0028788	0.000754515	0.000164296	2.97744e-05	4.50235e-06	5.69904e-07	6.06047e-08	5.4358e-09	4.12946e-10	2.66911e-11	1.4759e-12	7.04383e-14	2.96665e-15	1.20012e-16	7.94029e-18	
N242	0.199319	0.20955	0.197853	0.162674	0.11365	0.0664001	0.0321318	0.0128065	0.00419119	0.00112495	0.000247672	4.47823e-05	6.66392e-06	8.18384e-07	8.32211e-08	7.0337e-09	4.96095e-10	2.93243e-11	1.45916e-12	6.14286e-14	2.21084e-15	7.28153e-17	4.08329e-18	
N243	0.0923812	0.119678	0.153302	0.17468	0.168033	0.13322	0.0860267	0.0449743	0.0189828	0.00646482	0.00177817	0.000395874	7.15577e-05	1.05424e-05	1.27151e-06	1.26151e-07	1.0349e-08	7.05933e-10	4.03051e-11	1.94569e-12	8.13075e-14	3.20069e-15	2.00207e-16	
N244	0.0514613	0.079213	0.122941	0.165479	0.183832	0.165205	0.118746	0.067775	0.030584	0.0108893	0.00305839	0.000678439	0.000119152	1.66235e-05	1.8499e-06	1.64972e-07	1.18506e-08	6.8952e-10	3.26968e-11	1.27402e-12	4.15257e-14	1.21922e-15	5.55562e-17	
N245	0.0906313	0.117034	0.151064	0.175032	0.171091	0.13664	0.0877001	0.0448572	0.0182159	0.00586873	0.00150216	0.000306373	4.99952e-05	6.55987e-06	6.95926e-07	6.00504e-08	4.24077e-09	2.46659e-10	1.18918e-11	4.7849e-13	1.62617e-14	4.99242e-16	2.55602e-17	
N246	0.0880338	0.177863	0.293955	0.270839	0.129243	0.0340814	0.0053953	0.000549945	3.81362e-05	1.87844e-06	6.80116e-08	1.86097e-09	3.93734e-11	6.56602e-13	8.77254e-15	9.52328e-17	8.50401e-19	6.3148e-21	3.93823e-23	2.08396e-25	9.51288e-28	3.95508e-30	2.17185e-32	
POCHCL_Smaragdina_sp	0	0	1	0	0	0	0	0	0	0	0	0	0	0	0	0	0	0	0	0	0	0	0	
POCHCL_Macrolenes_dentipes	0	0	0	1	0	0	0	0	0	0	0	0	0	0	0	0	0	0	0	0	0	0	0	
N247	0.0586456	0.0869734	0.134665	0.182458	0.197592	0.164306	0.103232	0.0488133	0.0174222	0.00472703	0.000984253	0.000158967	2.01388e-05	2.02359e-06	1.63029e-07	1.06401e-08	5.68065e-10	2.50385e-11	9.19003e-13	2.83238e-14	7.41452e-16	1.74478e-17	6.7337e-19	
POCHCL_Lachnaia_sp	0	0	0	0	0	1	0	0	0	0	0	0	0	0	0	0	0	0	0	0	0	0	0	
POCHCL_Coptocephala_sp	0	0	0	0	1	0	0	0	0	0	0	0	0	0	0	0	0	0	0	0	0	0	0	
N248	6.82997e-06	4.02156e-05	0.00027805	0.00158072	0.00703981	0.0242278	0.0638106	0.12749	0.19172	0.215622	0.18055	0.112297	0.0518787	0.0178406	0.00458627	0.000886616	0.000129868	1.45429e-05	1.25856e-06	8.54525e-08	4.69005e-09	2.28972e-10	1.68221e-11	
N249	2.54007e-06	1.4691e-05	0.000118834	0.000825818	0.00444557	0.0180402	0.0544158	0.120666	0.194905	0.227729	0.191662	0.11606	0.050668	0.0160271	0.00370091	0.000629795	7.9841e-05	7.62894e-06	5.56223e-07	3.1362e-08	1.39577e-09	5.32918e-11	3.29715e-12	
POCHCH_Exema_canadensis	0	0	0	0	0	0	0	0	1	0	0	0	0	0	0	0	0	0	0	0	0	0	0	
POCHCH_Chlamisus_sp	0	0	0	0	0	0	0	0	0	0	0	1	0	0	0	0	0	0	0	0	0	0	0	
POCHCR_Cryptocephalus_venustus	0	0	0	0	0	0	0	0	0	0	0	0	0	0	0	1	0	0	0	0	0	0	0	
POCHCR_Pachybrachis_sp	0	0	0	0	0	0	1	0	0	0	0	0	0	0	0	0	0	0	0	0	0	0	0	
N250	0.212877	0.216588	0.195581	0.155064	0.106507	0.0626193	0.0312237	0.0131203	0.00462829	0.00136815	0.000338849	7.03876e-05	1.22879e-05	1.80772e-06	2.24835e-07	2.37269e-08	2.13274e-09	1.63947e-10	1.08237e-11	6.16959e-13	3.07893e-14	1.4688e-15	1.25945e-16	
N251	0.103891	0.138333	0.181054	0.201206	0.175372	0.115621	0.0568189	0.0207329	0.0056297	0.00114421	0.000175491	2.05052e-05	1.84416e-06	1.29018e-07	7.09577e-09	3.09978e-10	1.08633e-11	3.08336e-13	7.15233e-15	1.36811e-16	2.18412e-18	3.05529e-20	6.37507e-22	
N252	0.0888304	0.123515	0.173402	0.206834	0.189637	0.127582	0.061917	0.0216354	0.00547691	0.00101504	0.000139482	1.44072e-05	1.13419e-06	6.89817e-08	3.28397e-09	1.23896e-10	3.74775e-12	9.18888e-14	1.84478e-15	3.06155e-17	4.24271e-19	5.08777e-21	9.07737e-23	
POCHEU_Paria_sp	0	0	0	0	1	0	0	0	0	0	0	0	0	0	0	0	0	0	0	0	0	0	0	
POCHEU_Basilepta_sp	0	0	0	0	1	0	0	0	0	0	0	0	0	0	0	0	0	0	0	0	0	0	0	
N253	0.0474856	0.0831682	0.143567	0.200512	0.21242	0.165879	0.0941107	0.0385605	0.0114116	0.00245116	0.000385506	4.49121e-05	3.92801e-06	2.61582e-07	1.34535e-08	5.41815e-10	1.73117e-11	4.44261e-13	9.26195e-15	1.58547e-16	2.2538e-18	2.76285e-20	5.02165e-22	
POCHEU_Bromius_obscurus	0	0	0	0	0	0	0	0	1	0	0	0	0	0	0	0	0	0	0	0	0	0	0	
POCHEU_Colasposoma_auripenne	0	0	1	0	0	0	0	0	0	0	0	0	0	0	0	0	0	0	0	0	0	0	0	
N254	0.188945	0.224562	0.231912	0.184168	0.1073	0.045345	0.0139684	0.00317761	0.000542727	7.08222e-05	7.18152e-06	5.74868e-07	3.68522e-08	1.91664e-09	8.18217e-11	2.89747e-12	8.59246e-14	2.1524e-15	4.59162e-17	8.41564e-19	1.34649e-20	1.99992e-22	4.52257e-24	
POCHCA_Hilarocassis_sp	0	0	0	0	1	0	0	0	0	0	0	0	0	0	0	0	0	0	0	0	0	0	0	
POCHCR_Lema_sp	0	1	0	0	0	0	0	0	0	0	0	0	0	0	0	0	0	0	0	0	0	0	0	
N255	0.245738	0.256216	0.225766	0.154823	0.0786568	0.029101	0.00786183	0.00157069	0.00023599	2.71423e-05	2.43131e-06	1.72365e-07	9.81394e-09	4.54756e-10	1.73556e-11	5.51446e-13	1.47308e-14	3.33898e-16	6.48392e-18	1.09278e-19	1.6403e-21	2.35357e-23	4.82457e-25	
POCHEU_Nodonota_sp	0	0	0	1	0	0	0	0	0	0	0	0	0	0	0	0	0	0	0	0	0	0	0	
N256	0.256856	0.29244	0.253455	0.139887	0.0465825	0.00945975	0.00121158	0.000101684	5.79935e-06	2.32214e-07	6.71758e-09	1.43951e-10	2.33558e-12	2.92469e-14	2.87489e-16	2.25178e-18	1.42429e-20	7.36247e-23	3.14398e-25	1.11994e-27	3.35837e-30	8.62272e-33	2.77258e-35	
POCHEU_Colaspis_sp	0	1	0	0	0	0	0	0	0	0	0	0	0	0	0	0	0	0	0	0	0	0	0	
N257	0.00841027	0.0990242	0.512008	0.348635	0.0309848	0.000924934	1.27402e-05	9.53986e-08	4.29951e-10	1.25126e-12	2.47699e-15	3.47282e-18	3.56186e-21	2.74455e-24	1.62462e-27	7.52941e-31	2.77714e-34	8.26868e-38	2.01229e-41	4.04716e-45	6.79336e-49	9.62303e-53	1.39759e-56	
POCHEU_Eumolpus_sp	0	0	0	1	0	0	0	0	0	0	0	0	0	0	0	0	0	0	0	0	0	0	0	
POCHEU_Chalcophana_sp	0	0	1	0	0	0	0	0	0	0	0	0	0	0	0	0	0	0	0	0	0	0	0	
N258	0.00935947	0.0183831	0.041206	0.0829793	0.137696	0.182609	0.191127	0.156962	0.100892	0.0507426	0.0199964	0.00619157	0.0015123	0.000292811	4.51946e-05	5.59533e-06	5.59404e-07	4.55036e-08	3.03992e-09	1.69316e-10	8.12868e-12	3.71594e-13	2.53118e-14	
N259	0.00714104	0.0149277	0.035737	0.0765997	0.134394	0.186092	0.199888	0.165095	0.104391	0.0504502	0.0186412	0.00527598	0.00114739	0.000192537	2.50552e-05	2.54306e-06	2.02594e-07	1.27554e-08	6.39578e-10	2.5789e-11	8.51683e-13	2.50026e-14	1.25434e-15	
N260	0.0322087	0.0498891	0.0845678	0.131935	0.173326	0.184181	0.155415	0.10326	0.0538466	0.022039	0.00709623	0.00180453	0.000364265	5.87173e-05	7.6073e-06	7.97598e-07	6.81508e-08	4.77921e-09	2.77025e-10	1.33762e-11	5.45978e-13	2.03713e-14	1.28389e-15	
POCHCA_Octotoma_scabripennis	0	0	0	1	0	0	0	0	0	0	0	0	0	0	0	0	0	0	0	0	0	0	0	
N261	0.0181809	0.0318577	0.063614	0.1158	0.172609	0.201091	0.179413	0.121549	0.0623899	0.0243029	0.00721559	0.00164316	0.000289194	3.96713e-05	4.27989e-06	3.66466e-07	2.51332e-08	1.39307e-09	6.29506e-11	2.33958e-12	7.2415e-14	1.98541e-15	8.87792e-17	
POCHCA_Baliosus_sp	0	0	0	0	0	0	1	0	0	0	0	0	0	0	0	0	0	0	0	0	0	0	0	
N262	0.00126571	0.00480138	0.0203815	0.0672767	0.155828	0.242202	0.247351	0.164627	0.0714204	0.0203805	0.00390041	0.000513664	4.784e-05	3.23451e-06	1.62587e-07	6.20675e-09	1.83371e-10	4.26314e-12	7.91596e-14	1.18974e-15	1.46741e-17	1.54576e-19	2.33806e-21	
POCHCA_Microrhopala_vittata	0	0	0	0	0	0	0	0	1	0	0	0	0	0	0	0	0	0	0	0	0	0	0	
POCHCA_Chalepus_sp	0	0	0	0	1	0	0	0	0	0	0	0	0	0	0	0	0	0	0	0	0	0	0	
N263	0.00162328	0.00401436	0.012305	0.0343872	0.0785604	0.140814	0.194376	0.20467	0.163597	0.0990826	0.0454851	0.01586	0.00421545	0.000858136	0.000134562	1.63591e-05	1.55285e-06	1.15949e-07	6.86405e-09	3.25036e-10	1.25102e-11	4.21782e-13	2.25245e-14	
N264	0.00102274	0.00264448	0.00859632	0.0257146	0.063205	0.122177	0.182144	0.207423	0.179584	0.118011	0.0588899	0.0223669	0.00648959	0.00144543	0.000248587	3.32305e-05	3.47776e-06	2.87144e-07	1.88598e-08	9.95559e-10	4.31031e-11	1.66303e-12	1.00981e-13	
N265	0.00387159	0.00887198	0.0240052	0.0580211	0.113705	0.174165	0.205126	0.184344	0.126048	0.0655978	0.0260531	0.00793265	0.00186275	0.00033972	4.84952e-05	5.46369e-06	4.90001e-07	3.52848e-08	2.05786e-09	9.8087e-11	3.87606e-12	1.36511e-13	8.01506e-15	
POCHCA_Coptocycla_adamantina	0	0	0	1	0	0	0	0	0	0	0	0	0	0	0	0	0	0	0	0	0	0	0	
POCHCA_Aspidomorpha_sp	0	0	0	0	0	0	0	1	0	0	0	0	0	0	0	0	0	0	0	0	0	0	0	
N266	1.64441e-09	2.37287e-08	4.01564e-07	5.69564e-06	6.43429e-05	0.000560873	0.00366857	0.0175312	0.0596314	0.1409	0.226824	0.246097	0.179494	0.0881751	0.0292841	0.00661465	0.00102731	0.000111694	8.69784e-06	4.97364e-07	2.15302e-08	7.69844e-10	4.18098e-11	
POCHCA_Charidotella_sexpunctata	0	0	0	0	0	0	0	0	0	0	0	0	0	0	0	1	0	0	0	0	0	0	0	
N267	1.93833e-21	1.46149e-18	1.08478e-15	5.96898e-13	2.28775e-10	5.78832e-08	9.01065e-06	0.000778001	0.0313834	0.417294	0.496102	0.0525827	0.00182166	2.9086e-05	2.52979e-07	1.32477e-09	4.46846e-12	1.01987e-14	1.63639e-17	1.90448e-20	1.65599e-23	1.13465e-26	8.29488e-30	
POCHCA_Stolas_sp	0	0	0	0	0	0	0	0	0	1	0	0	0	0	0	0	0	0	0	0	0	0	0	
POCHCA_Chelymorpha_sp	0	0	0	0	0	0	0	0	0	0	1	0	0	0	0	0	0	0	0	0	0	0	0	
N268	3.52567e-05	0.000136654	0.000697575	0.00320657	0.0120353	0.0356741	0.0821474	0.145518	0.197096	0.20344	0.159864	0.0957348	0.0438129	0.0153884	0.00417061	0.000877836	0.000144548	1.87787e-05	1.94533e-06	1.63306e-07	1.1471e-08	7.39349e-10	7.2228e-11	
POCHCA_Deloyala_guttata	0	0	0	0	0	0	0	0	0	0	0	0	0	0	0	1	0	0	0	0	0	0	0	
N269	9.41343e-06	4.99916e-05	0.000364701	0.00227361	0.0108266	0.0380707	0.0971426	0.177667	0.230953	0.212492	0.138437	0.064171	0.0213443	0.00515109	0.000913496	0.00012066	1.2034e-05	9.18547e-07	5.43664e-08	2.52808e-09	9.40071e-11	3.00225e-12	1.52201e-13	
POCHCA_Laccoptera_sp	0	0	0	0	0	0	0	0	1	0	0	0	0	0	0	0	0	0	0	0	0	0	0	
N270	9.77447e-08	1.33174e-06	2.30093e-05	0.000306164	0.00286124	0.0179635	0.0728118	0.183445	0.278903	0.25263	0.136348	0.0444215	0.00899888	0.00117697	0.000103217	6.28277e-06	2.73646e-07	8.75743e-09	2.10731e-10	3.89089e-12	5.62102e-14	6.64381e-16	1.09105e-17	
POCHCA_Cassida_rubiginosa	0	0	0	0	0	0	0	0	0	0	1	0	0	0	0	0	0	0	0	0	0	0	0	
POCHCA_Cassida_fuscorufa	0	0	0	0	0	0	0	1	0	0	0	0	0	0	0	0	0	0	0	0	0	0	0	
N271	1.4611e-06	8.14142e-06	5.55393e-05	0.000333412	0.00166179	0.00673265	0.0218418	0.0560038	0.11219	0.173845	0.206676	0.18735	0.12898	0.0673303	0.0266801	0.00805659	0.00186636	0.000334676	4.69681e-05	5.23232e-06	4.76392e-07	4.00043e-08	5.72351e-09	
N272	3.23018e-17	2.06075e-15	1.48296e-13	9.0845e-12	4.48629e-10	1.73089e-08	5.0916e-07	1.11482e-05	0.000176857	0.00196862	0.0147764	0.0711063	0.205492	0.327876	0.261562	0.0969988	0.0180441	0.00186526	0.0001169	4.75645e-06	1.32971e-07	2.7773e-09	7.72575e-11	
POCHCA_Dicladispa_testacea	0	0	0	0	0	0	0	0	0	0	0	0	0	0	1	0	0	0	0	0	0	0	0	
POCHCA_Dactylispa_sp	0	0	0	0	0	0	0	0	0	0	0	0	0	0	1	0	0	0	0	0	0	0	0	
POCHCA_Notosacantha_sp	0	0	0	0	0	0	0	0	0	1	0	0	0	0	0	0	0	0	0	0	0	0	0	
POCHCA_Agroiconota_propinqua	0	0	0	0	0	0	0	0	0	0	0	1	0	0	0	0	0	0	0	0	0	0	0	
