NODE	11	12	13	14	15	16	17	18	19	20	21	22	23	24	25	26	27	28	29	30	31	32	33	34	35	36	37	38	39	40	41	42	43	44	45	
N1	0.116084	0.139588	0.166158	0.175235	0.156664	0.116652	0.0717068	0.0361894	0.0149384	0.00503059	0.00137997	0.000308174	5.60343e-05	8.302e-06	1.00358e-06	9.91556e-08	8.02432e-09	5.33203e-10	2.91728e-11	1.31827e-12	6.65602e-17	1.17491e-17	1.89592e-18	2.80421e-19	3.81398e-20	4.78964e-21	5.58322e-22	6.08302e-23	6.24909e-24	6.11737e-25	5.77221e-26	5.30515e-27	4.78311e-28	4.24539e-29	4.1936e-30	
N2	2.41584e-15	2.76141e-14	3.62996e-13	4.30911e-12	4.56504e-11	4.32131e-10	3.65781e-09	2.7681e-08	1.87118e-07	1.12828e-06	6.05778e-06	2.88994e-05	0.000122213	0.00045695	0.00150639	0.00436553	0.0110875	0.0246003	0.0475289	0.0797027	0.115638	0.144713	0.155756	0.143813	0.113668	0.0767858	0.0442989	0.0218358	0.0092191	0.00335513	0.00106802	0.000307634	8.70285e-05	2.95641e-05	1.81544e-05	
ADCACI_Omus_californicus	0	0	0	0	0	0	0	0	0	0	0	0	0	0	0	0	0	0	0	0	0	0	0	0	0	1	0	0	0	0	0	0	0	0	0	
N3	8.02588e-41	1.17227e-38	1.9544e-36	3.03453e-34	4.25886e-32	5.34493e-30	5.96579e-28	5.89769e-26	5.14366e-24	3.94142e-22	2.64189e-20	1.54167e-18	7.79187e-17	3.39167e-15	1.26362e-13	4.00209e-12	1.06937e-10	2.39034e-09	4.42734e-08	6.72177e-07	8.26277e-06	8.10795e-05	0.00062478	0.00370968	0.0166057	0.0546765	0.128989	0.212727	0.241253	0.187764	0.101138	0.0383773	0.0106885	0.00250429	0.000852826	
ADCACI_Amblycheila_baroni	0	0	0	0	0	0	0	0	0	0	0	0	0	0	0	0	0	0	0	0	0	0	0	0	0	0	0	0	0	0	0	0	0	1	0	
ADCACI_Mantichora_amygdaloides	0	0	0	0	0	0	0	0	0	0	0	0	0	0	0	0	0	0	0	0	0	0	0	0	0	0	0	1	0	0	0	0	0	0	0	
N4	0.116764	0.150025	0.171742	0.174037	0.151751	0.111543	0.0683077	0.0346145	0.0144556	0.0049636	0.00139987	0.000324268	6.17451e-05	9.6792e-06	1.25174e-06	1.33884e-07	1.1878e-08	8.76896e-10	5.40437e-11	2.78348e-12	1.17969e-13	4.02787e-15	1.09593e-16	2.3896e-18	4.3539e-20	8.13995e-22	2.70974e-23	1.68367e-24	1.19325e-25	8.14225e-27	5.26345e-28	3.25396e-29	1.96869e-30	1.29e-31	1.62738e-32	
N5	0.0533591	0.0766876	0.101872	0.123679	0.136007	0.134716	0.119798	0.0954622	0.0680919	0.0434509	0.0248002	0.0126618	0.00578435	0.00236566	0.000866724	0.000284708	8.39311e-05	2.22285e-05	5.29495e-06	1.13582e-06	2.19693e-07	3.83671e-08	6.05816e-09	8.6611e-10	1.12275e-10	1.32164e-11	1.41494e-12	1.38008e-13	1.22906e-14	1.00298e-15	7.55608e-17	5.35468e-18	3.75942e-19	3.05751e-20	5.14491e-21	
N6	0.0102646	0.020886	0.0407875	0.0695549	0.10258	0.13132	0.146486	0.142748	0.121716	0.0908973	0.0594922	0.0341409	0.0171858	0.00759143	0.00294409	0.00100302	0.000300412	7.91703e-05	1.83783e-05	3.76261e-06	6.80346e-07	1.08824e-07	1.54253e-08	1.94128e-09	2.17356e-10	2.16975e-11	1.93536e-12	1.54603e-13	1.10864e-14	7.15394e-16	4.16711e-17	2.20592e-18	1.0909e-19	5.83578e-21	7.04892e-22	
ADCACI_Megacephala_brasiliensis	0	1	0	0	0	0	0	0	0	0	0	0	0	0	0	0	0	0	0	0	0	0	0	0	0	0	0	0	0	0	0	0	0	0	0	
ADCACI_Megacephala_sobrina	0	0	0	0	0	0	0	0	0	0	0	0	0	0	0	0	0	0	1	0	0	0	0	0	0	0	0	0	0	0	0	0	0	0	0	
ADCACI_Megacephala_whelani	0	0	0	0	0	0	0	0	0	0	0	0	0	0	0	1	0	0	0	0	0	0	0	0	0	0	0	0	0	0	0	0	0	0	0	
N7	0.100664	0.135503	0.161179	0.168602	0.153422	0.120156	0.0803	0.0455103	0.0217851	0.00878705	0.0029835	0.000852766	0.000205363	4.1729e-05	7.16843e-06	1.04348e-06	1.29048e-07	1.35971e-08	1.22425e-09	9.44873e-11	6.27105e-12	3.59071e-13	1.77956e-14	7.6587e-16	2.87158e-17	9.41039e-19	2.70391e-20	6.83321e-22	1.52346e-23	3.00541e-25	5.26184e-27	8.20451e-29	1.14938e-30	1.53991e-32	3.88242e-34	
N8	0.0647844	0.0947242	0.127501	0.153147	0.160486	0.144714	0.111397	0.072871	0.0404062	0.0189667	0.00753342	0.00253247	0.000721048	0.000174085	3.5695e-05	6.22735e-06	9.26341e-07	1.17768e-07	1.28281e-08	1.20042e-09	9.67718e-11	6.73982e-12	4.06721e-13	2.13294e-14	9.74942e-16	3.89572e-17	1.36485e-18	4.20478e-20	1.14239e-21	2.74494e-23	5.84995e-25	1.10963e-26	1.891e-28	3.10435e-30	9.92055e-32	
N9	0.0052299	0.0111991	0.0250399	0.0505496	0.087671	0.12867	0.159011	0.165103	0.143846	0.105067	0.0643057	0.0329765	0.0141742	0.00511087	0.00154798	0.000394518	8.47893e-05	1.54056e-05	2.37305e-06	3.10859e-07	3.47432e-08	3.3244e-09	2.73293e-10	1.9372e-11	1.18829e-12	6.33051e-14	2.93957e-15	1.19397e-16	4.25669e-18	1.33659e-19	3.70872e-21	9.12747e-23	2.00993e-24	4.25815e-26	1.8453e-27	
N10	0.00113293	0.00284721	0.00795459	0.0204596	0.0453022	0.0842688	0.130276	0.166405	0.174974	0.1511	0.107015	0.0621332	0.0295867	0.0115697	0.00372305	0.000988654	0.000217386	3.97329e-05	6.06264e-06	7.75787e-07	8.36464e-08	7.63614e-09	5.93102e-10	3.93831e-11	2.24637e-12	1.10576e-13	4.71866e-15	1.75329e-16	5.69644e-18	1.62495e-19	4.08575e-21	9.09255e-23	1.80586e-24	3.42071e-26	1.3014e-27	
ADCACI_Taenidia_circumdata	0	0	0	0	0	0	0	0	0	0	0	1	0	0	0	0	0	0	0	0	0	0	0	0	0	0	0	0	0	0	0	0	0	0	0	
ADCACI_Cylindera_cognata	0	0	0	0	0	0	0	0	0	0	1	0	0	0	0	0	0	0	0	0	0	0	0	0	0	0	0	0	0	0	0	0	0	0	0	
N11	2.64655e-05	0.000110137	0.000521588	0.00217488	0.00760021	0.0219293	0.0517408	0.0989913	0.152411	0.18758	0.183524	0.142148	0.0869504	0.0419815	0.0160228	0.00485017	0.00117019	0.000226413	3.53783e-05	4.49797e-06	4.68913e-07	4.0394e-08	2.89722e-09	1.74289e-10	8.8559e-12	3.82623e-13	1.4146e-14	4.50215e-16	1.24043e-17	2.9744e-19	6.23836e-21	1.15004e-22	1.87759e-24	2.86797e-26	8.44551e-28	
ADCACI_Cicindela_marutha	0	0	0	0	0	0	0	0	0	0	0	0	1	0	0	0	0	0	0	0	0	0	0	0	0	0	0	0	0	0	0	0	0	0	0	
ADCACI_Ellipsoptera_marginata	0	0	0	0	0	0	0	0	0	0	0	0	1	0	0	0	0	0	0	0	0	0	0	0	0	0	0	0	0	0	0	0	0	0	0	
N12	0.0252769	0.0426542	0.0704615	0.105774	0.139027	0.157325	0.152095	0.125141	0.0874574	0.0518661	0.0260925	0.0111368	0.00403518	0.00124229	0.000325373	7.26105e-05	1.38308e-05	2.25319e-06	3.14629e-07	3.77463e-08	3.90041e-09	3.48046e-10	2.68919e-11	1.80411e-12	1.05385e-13	5.37522e-15	2.40074e-16	9.41577e-18	3.25199e-19	9.91834e-21	2.67879e-22	6.42783e-24	1.3825e-25	2.87001e-27	1.21154e-28	
N13	0.00435117	0.00932879	0.0210915	0.0435937	0.0781631	0.119301	0.15375	0.166558	0.15123	0.114875	0.0729255	0.0386806	0.0171507	0.00636429	0.00198006	0.000517709	0.000114075	2.12508e-05	3.35862e-06	4.52025e-07	5.20067e-08	5.13538e-09	4.3696e-10	3.21666e-11	2.05677e-12	1.14678e-13	5.59686e-15	2.39994e-16	9.07436e-18	3.03609e-19	9.01965e-21	2.38841e-22	5.69195e-24	1.31989e-25	6.38688e-27	
N14	6.92839e-06	4.10214e-05	0.00026951	0.00148589	0.0065718	0.0228749	0.0616248	0.126419	0.194446	0.221179	0.184097	0.111475	0.049113	0.0158386	0.00377899	0.000676183	9.20991e-05	9.69411e-06	8.00147e-07	5.2507e-08	2.77455e-09	1.19449e-10	4.23498e-12	1.24868e-13	3.08938e-15	6.46652e-17	1.15376e-18	1.76685e-20	2.33718e-22	2.68624e-24	2.69727e-26	2.37841e-28	1.85402e-30	1.32569e-32	1.60628e-34	
ADCACI_Cicindela_splendida	0	0	0	0	0	0	0	0	0	0	0	1	0	0	0	0	0	0	0	0	0	0	0	0	0	0	0	0	0	0	0	0	0	0	0	
ADCACI_Cicindela_sexguttata	0	0	0	0	0	0	0	0	0	0	1	0	0	0	0	0	0	0	0	0	0	0	0	0	0	0	0	0	0	0	0	0	0	0	0	
ADCACI_Cicindela_tranquebarica	0	0	0	0	0	0	0	0	0	0	1	0	0	0	0	0	0	0	0	0	0	0	0	0	0	0	0	0	0	0	0	0	0	0	0	
N15	0.00437356	0.00884408	0.0187786	0.0371149	0.0651395	0.0997695	0.132402	0.151691	0.149706	0.12709	0.0927222	0.058112	0.0312854	0.014473	0.00575738	0.00197144	0.000581859	0.000148261	3.26757e-05	6.24186e-06	1.03582e-06	1.4969e-07	1.88865e-08	2.086e-09	2.0224e-10	1.7259e-11	1.3001e-12	8.66906e-14	5.13118e-15	2.70366e-16	1.27229e-17	5.37839e-19	2.08869e-20	8.46856e-22	7.48388e-23	
ADCACI_Lophyra_sp	0	0	0	0	0	0	0	0	0	0	0	1	0	0	0	0	0	0	0	0	0	0	0	0	0	0	0	0	0	0	0	0	0	0	0	
ADCACI_Myriochile_undulata	0	0	0	0	0	0	0	0	0	0	0	0	0	0	1	0	0	0	0	0	0	0	0	0	0	0	0	0	0	0	0	0	0	0	0	
N16	0.0142711	0.027686	0.0534115	0.091328	0.133021	0.162823	0.166626	0.142233	0.101162	0.059931	0.0295811	0.0121755	0.00418511	0.0012038	0.000290489	5.89842e-05	1.01118e-05	1.4689e-06	1.8151e-07	1.91553e-08	1.73348e-09	1.35075e-10	9.09966e-12	5.32132e-13	2.71191e-14	1.20912e-15	4.73407e-17	1.63361e-18	4.98587e-20	1.35048e-21	3.2571e-23	7.02042e-25	1.36444e-26	2.56804e-28	9.76638e-30	
N17	0.000431032	0.00152564	0.0059993	0.0200959	0.0534763	0.110394	0.174619	0.209906	0.190657	0.130382	0.0670329	0.0259254	0.00756245	0.00167119	0.000281466	3.63934e-05	3.64228e-06	2.84636e-07	1.75274e-08	8.58294e-10	3.37266e-11	1.0729e-12	2.78666e-14	5.95772e-16	1.05659e-17	1.56583e-19	1.95256e-21	2.06216e-23	1.856e-25	1.43182e-27	9.5202e-30	5.48576e-32	2.76384e-34	1.28347e-36	9.79164e-39	
ADCACI_Cicindela_hybrida	0	0	0	0	0	0	0	0	0	0	0	1	0	0	0	0	0	0	0	0	0	0	0	0	0	0	0	0	0	0	0	0	0	0	0	
N18	0.000376995	0.00133479	0.00539867	0.0187653	0.0516165	0.109283	0.175764	0.21298	0.193356	0.131071	0.066251	0.0249863	0.00704984	0.00149472	0.00023959	2.92481e-05	2.74192e-06	1.9917e-07	1.13145e-08	5.07416e-10	1.81322e-11	5.21005e-13	1.21436e-14	2.31538e-16	3.64037e-18	4.75579e-20	5.19971e-22	4.79035e-24	3.74259e-26	2.49471e-28	1.42689e-30	7.0411e-33	3.01642e-35	1.15536e-37	6.8741e-40	
ADCACI_Cicindela_punctulata	0	0	0	0	0	0	0	0	0	0	0	1	0	0	0	0	0	0	0	0	0	0	0	0	0	0	0	0	0	0	0	0	0	0	0	
ADCACI_Ctenostoma_sp	0	0	0	0	0	0	1	0	0	0	0	0	0	0	0	0	0	0	0	0	0	0	0	0	0	0	0	0	0	0	0	0	0	0	0	
N19	0.000155013	0.000688997	0.00313087	0.0118142	0.0353635	0.0823479	0.147372	0.200847	0.206955	0.160381	0.0931824	0.0405565	0.0132439	0.00325737	0.00060692	8.62985e-05	9.44409e-06	8.02752e-07	5.35047e-08	2.82324e-09	1.19053e-10	4.04906e-12	1.12049e-13	2.54419e-15	4.77796e-17	7.47757e-19	9.82188e-21	1.09008e-22	1.02872e-24	8.30415e-27	5.76663e-29	3.46537e-31	1.82161e-33	8.89408e-36	7.1287e-38	
N20	4.58803e-05	0.000236195	0.0013119	0.00608382	0.0220661	0.0609589	0.126408	0.19478	0.221296	0.184307	0.112105	0.0497253	0.0160984	0.00381609	0.000665834	8.61087e-05	8.32246e-06	6.06681e-07	3.36813e-08	1.43832e-09	4.77182e-11	1.24205e-12	2.56074e-14	4.22046e-16	5.60991e-18	6.06468e-20	5.37515e-22	3.9355e-24	2.39751e-26	1.22356e-28	5.26519e-31	1.92293e-33	6.02002e-36	1.68926e-38	6.88696e-41	
N21	3.51507e-06	2.46757e-05	0.00020347	0.00137999	0.00712644	0.0272594	0.0760499	0.153071	0.220459	0.225847	0.163971	0.0842669	0.030693	0.0079525	0.00147424	0.000197027	1.9155e-05	1.36831e-06	7.25873e-08	2.8914e-09	8.74534e-11	2.0309e-12	3.66083e-14	5.17669e-16	5.80153e-18	5.20357e-20	3.77034e-22	2.22654e-24	1.08067e-26	4.34533e-29	1.45838e-31	4.11484e-34	9.841e-37	2.05421e-39	5.91741e-42	
N22	1.04871e-11	2.00544e-10	4.40097e-09	8.21101e-08	1.24317e-06	1.49443e-05	0.000140313	0.00101328	0.00553997	0.022554	0.0672058	0.144116	0.219109	0.233666	0.17387	0.090178	0.0326429	0.0082702	0.00147398	0.000186503	1.69952e-05	1.13585e-06	5.67882e-08	2.16598e-09	6.41979e-11	1.50376e-12	2.82647e-14	4.32158e-16	5.44112e-18	5.7036e-20	5.02705e-22	3.7589e-24	2.40557e-26	1.35547e-28	1.20189e-30	
ADCACI_Therates_sp	0	0	0	0	0	0	0	0	0	0	0	0	1	0	0	0	0	0	0	0	0	0	0	0	0	0	0	0	0	0	0	0	0	0	0	
ADCACI_Oxycheila_sp	0	0	0	0	0	0	0	0	0	0	0	0	0	0	0	0	0	0	1	0	0	0	0	0	0	0	0	0	0	0	0	0	0	0	0	
N23	1.50366e-06	1.1599e-05	0.000107822	0.000819257	0.00470525	0.0199148	0.061194	0.134941	0.211555	0.234154	0.182182	0.0995054	0.0382209	0.0103741	0.00200468	0.000278474	2.81236e-05	2.09056e-06	1.15867e-07	4.85103e-09	1.55416e-10	3.8583e-12	7.5124e-14	1.16046e-15	1.43771e-17	1.44324e-19	1.18522e-21	8.03435e-24	4.53361e-26	2.14628e-28	8.58742e-31	2.92413e-33	8.54158e-36	2.20481e-38	8.16108e-41	
ADCACI_Cicindela_dorsalis	0	0	0	0	0	0	0	0	0	0	0	1	0	0	0	0	0	0	0	0	0	0	0	0	0	0	0	0	0	0	0	0	0	0	0	
N24	2.0407e-07	1.98872e-06	2.35105e-05	0.000224547	0.00161617	0.00856873	0.0329308	0.0904292	0.175178	0.236871	0.221874	0.143421	0.064009	0.0198194	0.00429492	0.000659139	7.265e-05	5.83919e-06	3.47661e-07	1.55752e-08	5.33055e-10	1.41397e-11	2.94673e-13	4.88645e-15	6.52416e-17	7.09063e-19	6.33677e-21	4.70043e-23	2.9191e-25	1.52995e-27	6.81779e-30	2.60094e-32	8.5515e-35	2.46694e-37	1.01877e-39	
N25	2.62126e-11	7.23201e-10	2.26689e-08	5.64882e-07	1.05989e-05	0.000145657	0.0014283	0.00971115	0.0443377	0.131302	0.24379	0.276622	0.190065	0.0790904	0.0200323	0.00313199	0.000311456	2.04545e-05	9.21033e-07	2.94186e-08	6.86647e-10	1.20158e-11	1.61177e-13	1.68938e-15	1.40706e-17	9.45046e-20	5.18569e-22	2.35185e-24	8.90779e-27	2.8441e-29	7.71981e-32	1.7951e-34	3.60154e-37	6.31899e-40	1.48289e-42	
ADCACI_Prothyma_sp	0	0	0	0	0	0	0	0	0	0	0	0	0	0	1	0	0	0	0	0	0	0	0	0	0	0	0	0	0	0	0	0	0	0	0	
ADCACI_Pentacomia_sp	0	0	0	0	0	0	0	0	0	0	1	0	0	0	0	0	0	0	0	0	0	0	0	0	0	0	0	0	0	0	0	0	0	0	0	
N26	8.45896e-16	1.03085e-13	1.24384e-11	1.16282e-09	7.9599e-08	3.82508e-06	0.000123117	0.0024973	0.0293051	0.174804	0.42819	0.29985	0.0600639	0.00494962	0.000207926	5.07245e-06	7.83359e-08	8.14168e-10	5.9614e-12	3.18669e-14	1.27974e-16	3.95316e-19	9.58116e-22	1.85313e-24	2.90254e-27	3.72924e-30	3.97526e-33	3.55149e-36	2.68351e-39	1.72904e-42	9.57077e-46	4.58234e-49	1.91032e-52	7.04661e-56	3.17623e-59	
ADCACI_Cicindela_sedecimpunctata	0	0	0	0	0	0	0	0	0	0	1	0	0	0	0	0	0	0	0	0	0	0	0	0	0	0	0	0	0	0	0	0	0	0	0	
ADCACI_Cicindela_aurulenta	0	0	0	0	0	0	0	0	0	0	0	1	0	0	0	0	0	0	0	0	0	0	0	0	0	0	0	0	0	0	0	0	0	0	0	
ADCACI_Lophyridia_lunulata	0	0	0	0	0	0	0	0	0	0	0	1	0	0	0	0	0	0	0	0	0	0	0	0	0	0	0	0	0	0	0	0	0	0	0	
ADCACI_Cicindela_repanda	0	0	0	0	0	0	0	0	0	0	0	1	0	0	0	0	0	0	0	0	0	0	0	0	0	0	0	0	0	0	0	0	0	0	0	
