NODE	7	8	9	10	11	12	13	14	15	16	17	18	19	20	21	22	23	24	25	26	27	28	29	30	31	32	
N1	0.351675	0.285525	0.189686	0.103388	0.0462184	0.0169184	0.00506152	0.00123583	0.000246113	3.99921e-05	5.30951e-06	5.7718e-07	5.1521e-08	3.78917e-09	2.30481e-10	1.16418e-11	4.90377e-13	3.10567e-17	5.35031e-18	8.47343e-19	1.23684e-19	1.67003e-20	2.10118e-21	2.51197e-22	3.03052e-23	4.88908e-24	
N2	0.20323	0.198901	0.177699	0.145029	0.108049	0.073373	0.0453421	0.0254614	0.0129774	0.00599912	0.00251418	0.000955144	0.000328977	0.000102764	2.91284e-05	7.49695e-06	1.75338e-06	3.72963e-07	7.22213e-08	1.27451e-08	2.05263e-09	3.02527e-10	4.11544e-11	5.34834e-12	7.66701e-13	1.98942e-13	
N3	0.104494	0.117668	0.132747	0.142655	0.140662	0.124291	0.0970154	0.0663068	0.0394658	0.0203891	0.00912657	0.00353704	0.00118698	0.000345177	8.70928e-05	1.90976e-05	3.64652e-06	6.07626e-07	8.85708e-08	1.13233e-08	1.27347e-09	1.26545e-10	1.12178e-11	9.14692e-13	7.69925e-14	1.08394e-14	
POCUBR_Notaris_sp	0	0	0	0	1	0	0	0	0	0	0	0	0	0	0	0	0	0	0	0	0	0	0	0	0	0	
N4	0.0745337	0.088825	0.110205	0.132413	0.145803	0.142061	0.119948	0.0866983	0.0532625	0.0276969	0.012164	0.00450756	0.00140931	0.000372002	8.29951e-05	1.56748e-05	2.51082e-06	3.41841e-07	3.96516e-08	3.92854e-09	3.33373e-10	2.43053e-11	1.52941e-12	8.42614e-14	4.44851e-15	4.15185e-16	
N5	0.0490319	0.0609137	0.0812686	0.107194	0.131409	0.144075	0.138162	0.114432	0.0812854	0.0493343	0.0255377	0.0112695	0.00424127	0.00136276	0.000374418	8.81381e-05	1.78167e-05	3.1006e-06	4.65802e-07	6.05846e-08	6.84418e-09	6.7434e-10	5.84214e-11	4.57013e-12	3.61337e-13	4.84692e-14	
N6	1.44953e-11	9.46512e-10	5.66542e-08	2.5161e-06	7.9121e-05	0.0016569	0.0211648	0.144076	0.415689	0.334697	0.0751352	0.00712916	0.000358851	1.09486e-05	2.207e-07	3.12085e-09	3.23497e-11	2.5421e-13	1.55512e-15	7.56715e-18	2.9819e-20	9.66709e-23	2.62037e-25	6.08723e-28	1.28804e-30	3.24083e-33	
POCUDR_Sphenophorus_sp	0	0	0	0	0	0	0	0	0	1	0	0	0	0	0	0	0	0	0	0	0	0	0	0	0	0	
POCUDR_Metamasius_hemipterus	0	0	0	0	0	0	0	0	1	0	0	0	0	0	0	0	0	0	0	0	0	0	0	0	0	0	
POCUDR_Diocalandra_sp	0	0	0	0	0	0	0	1	0	0	0	0	0	0	0	0	0	0	0	0	0	0	0	0	0	0	
N7	0.0578979	0.0704536	0.090874	0.11528	0.135826	0.143242	0.132227	0.105454	0.0721252	0.0421395	0.0209948	0.00891703	0.00323076	0.000999914	0.00026486	6.01809e-05	1.17601e-05	1.98195e-06	2.88933e-07	3.6549e-08	4.02484e-09	3.8731e-10	3.27781e-11	2.49219e-12	1.89823e-13	2.55366e-14	
POCUDR_Rhynchophorus_ferrugineus	0	0	0	0	0	0	0	0	1	0	0	0	0	0	0	0	0	0	0	0	0	0	0	0	0	0	
POCUDR_Cosmopolites_sordidus	0	0	0	0	0	1	0	0	0	0	0	0	0	0	0	0	0	0	0	0	0	0	0	0	0	0	
N8	0.2343	0.222881	0.188588	0.142441	0.0962291	0.0582063	0.0315341	0.0153014	0.0066487	0.00258635	0.000900546	0.000280648	7.82879e-05	1.95534e-05	4.37459e-06	8.77224e-07	1.57791e-07	2.54831e-08	3.69908e-09	4.83231e-10	5.69058e-11	6.059e-12	5.88094e-13	5.36037e-14	5.17693e-15	8.73566e-16	
N9	0.234421	0.223224	0.189136	0.14294	0.0964193	0.0580284	0.0311307	0.0148712	0.00631945	0.00238703	0.00080107	0.000238808	6.32493e-05	1.48894e-05	3.11755e-06	5.8111e-07	9.6536e-08	1.43105e-08	1.89564e-09	2.2473e-10	2.38841e-11	2.28099e-12	1.96812e-13	1.56867e-14	1.29729e-15	1.96084e-16	
POCUBR_Echinocnemus_sp	0	0	0	1	0	0	0	0	0	0	0	0	0	0	0	0	0	0	0	0	0	0	0	0	0	0	
POCUER_Tanysphyrus_lemnae	0	0	1	0	0	0	0	0	0	0	0	0	0	0	0	0	0	0	0	0	0	0	0	0	0	0	
POCUER_Procas_sp	0	0	1	0	0	0	0	0	0	0	0	0	0	0	0	0	0	0	0	0	0	0	0	0	0	0	
N10	0.312254	0.277167	0.202536	0.120453	0.0575094	0.0217777	0.00648131	0.00150657	0.000272501	3.82884e-05	4.17894e-06	3.54757e-07	2.34805e-08	1.21572e-09	4.94385e-11	1.58639e-12	4.03712e-14	8.19209e-16	1.33297e-17	1.74919e-19	1.86185e-21	1.61667e-23	1.15161e-25	6.7702e-28	3.34665e-30	2.13061e-32	
N11	0.303087	0.27144	0.202334	0.124474	0.0624856	0.0253244	0.00821709	0.00212258	0.000435136	7.07236e-05	9.11975e-06	9.34881e-07	7.64186e-08	4.99989e-09	2.62985e-10	1.11733e-11	3.85379e-13	1.08471e-14	2.50471e-16	4.77011e-18	7.53255e-20	9.91595e-22	1.09461e-23	1.02364e-25	8.52319e-28	1.00207e-29	
N12	0.201408	0.200277	0.182997	0.15174	0.112588	0.073806	0.0423114	0.0210523	0.00904358	0.00334297	0.00106138	0.000289238	6.76624e-05	1.35985e-05	2.35096e-06	3.502e-07	4.50355e-08	5.01116e-09	4.83754e-10	4.06536e-11	2.9892e-12	1.94035e-13	1.13329e-14	6.24457e-16	3.70352e-17	3.72473e-18	
N13	0.160416	0.163343	0.157192	0.142193	0.120002	0.0937308	0.0672512	0.0440392	0.0261844	0.0140797	0.00682725	0.00297966	0.00116908	0.000412137	0.000130532	3.71542e-05	9.50995e-06	2.19087e-06	4.54829e-07	8.52388e-08	1.44638e-08	2.23622e-09	3.19958e-10	4.41804e-11	6.63847e-12	1.61408e-12	
N14	0.0850725	0.0966841	0.111368	0.124132	0.129528	0.124064	0.107859	0.0845572	0.0595389	0.0375592	0.0211938	0.0106874	0.00481388	0.00193659	0.000695955	0.000223523	6.42031e-05	1.65078e-05	3.8043e-06	7.87268e-07	1.4676e-07	2.48033e-08	3.85758e-09	5.74404e-10	9.22918e-11	2.41294e-11	
N15	0.113127	0.123207	0.132957	0.137875	0.133456	0.117884	0.0935521	0.0660313	0.0411956	0.0226352	0.0109324	0.00463762	0.00172787	0.000565701	0.000162899	4.13074e-05	9.23724e-06	1.82459e-06	3.18912e-07	4.94212e-08	6.8059e-09	8.35645e-10	9.21779e-11	9.39702e-12	1.00765e-12	1.95015e-13	
POCUMO_Ruteria_hypocrita	0	0	0	0	0	0	1	0	0	0	0	0	0	0	0	0	0	0	0	0	0	0	0	0	0	0	
N16	0.16598	0.198535	0.218391	0.192643	0.128704	0.0639441	0.0236202	0.00654624	0.00137986	0.000224614	2.86716e-05	2.91209e-06	2.38529e-07	1.59514e-08	8.80656e-10	4.05446e-11	1.57083e-12	5.1638e-14	1.45116e-15	3.51035e-17	7.35684e-19	1.34473e-20	2.16317e-22	3.12221e-24	4.30088e-26	8.50807e-28	
POCUCU_Cionus_sp	0	1	0	0	0	0	0	0	0	0	0	0	0	0	0	0	0	0	0	0	0	0	0	0	0	0	
POCUMO_Adexius_scrobipennis	0	0	0	0	1	0	0	0	0	0	0	0	0	0	0	0	0	0	0	0	0	0	0	0	0	0	
POCUTY_Tychius_sp	0	0	0	0	0	0	0	0	0	0	0	0	1	0	0	0	0	0	0	0	0	0	0	0	0	0	
N17	0.0569975	0.0678417	0.0840971	0.102129	0.116902	0.12356	0.119307	0.104623	0.0830337	0.059516	0.0384779	0.0224226	0.0117745	0.00557194	0.00237696	0.000914591	0.000317643	9.96672e-05	2.82846e-05	7.27062e-06	1.69691e-06	3.61506e-07	7.13582e-08	1.36882e-08	2.96946e-09	1.088e-09	
POCUBA_Metialma_sp	0	0	0	0	0	0	0	0	0	0	0	1	0	0	0	0	0	0	0	0	0	0	0	0	0	0	
POCUSC_Scolytus_sp	0	0	0	0	1	0	0	0	0	0	0	0	0	0	0	0	0	0	0	0	0	0	0	0	0	0	
N18	0.184665	0.186352	0.175179	0.151371	0.118488	0.0829363	0.0513821	0.0279672	0.0133066	0.00551705	0.00198999	0.000624109	0.000170239	4.04238e-05	8.36738e-06	1.51239e-06	2.3919e-07	3.31779e-08	4.04778e-09	4.36e-10	4.17062e-11	3.58086e-12	2.82e-13	2.13163e-14	1.69247e-15	1.81303e-16	
N19	0.0656293	0.0756889	0.0897562	0.104502	0.115603	0.119181	0.113277	0.0986519	0.0784364	0.0568073	0.0374251	0.0224099	0.0121914	0.00602504	0.00270537	0.00110413	0.00040984	0.000138485	4.26569e-05	1.20058e-05	3.10126e-06	7.42172e-07	1.68088e-07	3.78815e-08	9.61513e-09	3.79898e-09	
N20	0.0163581	0.022824	0.0348679	0.0519851	0.0724469	0.0931032	0.109828	0.118669	0.117275	0.10588	0.087247	0.0655708	0.0449263	0.0280582	0.0159761	0.00829793	0.00393526	0.00170644	0.000677878	0.000247307	8.31298e-05	2.58682e-05	7.52162e-06	2.10033e-06	6.22211e-07	2.70006e-07	
POCUCE_Rhinoncus_sp	0	0	0	1	0	0	0	0	0	0	0	0	0	0	0	0	0	0	0	0	0	0	0	0	0	0	
POCUCE_Nedyus_quadrimaculatus	0	0	0	0	0	0	0	0	0	0	0	0	0	0	0	0	0	0	0	0	0	1	0	0	0	0	
POCUCE_Zacladus_geranii	0	0	0	0	0	0	0	1	0	0	0	0	0	0	0	0	0	0	0	0	0	0	0	0	0	0	
N21	0.0549256	0.0641454	0.0777904	0.0933121	0.106992	0.114935	0.114382	0.104779	0.0880135	0.0676336	0.047477	0.0304181	0.0177791	0.0094786	0.0046096	0.00204541	0.000828488	0.000306521	0.000103686	3.21184e-05	9.14001e-06	2.40733e-06	5.98468e-07	1.48299e-07	4.24604e-08	1.94851e-08	
POCUMO_Acalles_camelus	0	0	0	0	0	0	0	0	0	0	0	0	1	0	0	0	0	0	0	0	0	0	0	0	0	0	
POCUMO_Acalles_echinatus	0	0	0	0	0	1	0	0	0	0	0	0	0	0	0	0	0	0	0	0	0	0	0	0	0	0	
N22	0.285351	0.258842	0.199207	0.130302	0.0723853	0.0340861	0.0135775	0.00456711	0.00129607	0.000310269	6.27043e-05	1.07141e-05	1.5511e-06	1.90761e-07	1.99901e-08	1.79077e-09	1.37616e-10	9.10444e-12	5.20445e-13	2.58002e-14	1.11334e-15	4.19953e-17	1.39343e-18	4.136e-20	1.18284e-21	5.38406e-23	
N23	0.244189	0.232504	0.195729	0.144617	0.0928887	0.0513934	0.0243116	0.00977963	0.00333361	0.000961134	0.00023427	4.83026e-05	8.43692e-06	1.25109e-06	1.57923e-07	1.7021e-08	1.57172e-09	1.24797e-10	8.55428e-12	5.08445e-13	2.63501e-14	1.20024e-15	4.87109e-17	1.80805e-18	6.52722e-20	3.39023e-21	
N24	0.224863	0.220033	0.194091	0.151638	0.102938	0.0597156	0.0292262	0.0119582	0.00406568	0.00114443	0.000266229	5.11649e-05	8.12933e-06	1.06949e-06	1.16757e-07	1.06054e-08	8.03913e-10	5.10208e-11	2.72047e-12	1.22317e-13	4.6557e-15	1.50705e-16	4.17571e-18	1.00475e-19	2.244e-21	8.19753e-23	
N25	0.182086	0.189727	0.185489	0.163202	0.124809	0.0809799	0.0438898	0.0196804	0.00726078	0.00219809	0.000545704	0.000111207	1.86422e-05	2.57851e-06	2.95358e-07	2.81352e-08	2.23887e-09	1.49537e-10	8.42458e-12	4.02426e-13	1.63941e-14	5.73905e-16	1.74804e-17	4.75274e-19	1.22994e-20	4.49739e-22	
POCUSC_Ips_acuminatus	0	1	0	0	0	0	0	0	0	0	0	0	0	0	0	0	0	0	0	0	0	0	0	0	0	0	
N26	0.149261	0.163134	0.1731	0.168114	0.14221	0.101243	0.0593609	0.0282946	0.0108837	0.00336622	0.000836194	0.000166938	2.68371e-05	3.48422e-06	3.66629e-07	3.13966e-08	2.19791e-09	1.26373e-10	5.99704e-12	2.36075e-13	7.74991e-15	2.1345e-16	4.97546e-18	1.00056e-19	1.85392e-21	4.97826e-23	
N27	0.1295	0.146865	0.164992	0.17049	0.152816	0.114189	0.0693528	0.0337056	0.0129878	0.00394823	0.000944893	0.000178	2.64282e-05	3.09978e-06	2.881e-07	2.12958e-08	1.25707e-09	5.95222e-11	2.2715e-12	7.02189e-14	1.76798e-15	3.64844e-17	6.22331e-19	8.9186e-21	1.14166e-22	2.25926e-24	
N28	0.10824	0.124713	0.145322	0.159473	0.155464	0.129423	0.0897925	0.0511863	0.0237916	0.00898563	0.00275572	0.00068706	0.000139602	2.31934e-05	3.16305e-06	3.55617e-07	3.3111e-08	2.56533e-09	1.66208e-10	9.05299e-12	4.17045e-13	1.638e-14	5.56411e-16	1.69408e-17	5.1546e-19	2.28816e-20	
N29	0.029238	0.0425215	0.0663354	0.0967423	0.126039	0.144561	0.144995	0.126616	0.0959324	0.0628968	0.0356157	0.0173969	0.00732603	0.00265975	0.000832973	0.000225258	5.26755e-05	1.06705e-05	1.87633e-06	2.87076e-07	3.83191e-08	4.47842e-09	4.61661e-10	4.30725e-11	4.09884e-12	6.85485e-13	
N30	0.000244077	0.000708007	0.00236619	0.00722426	0.0191084	0.0428478	0.0805319	0.125999	0.163334	0.17481	0.154048	0.111551	0.0662917	0.0323131	0.0129219	0.00424363	0.00114647	0.000255424	4.70712e-05	7.2013e-06	9.18365e-07	9.81048e-08	8.84434e-09	6.87299e-10	5.12188e-11	6.57141e-12	
POCUSC_Ips_montanus	0	0	0	0	0	0	0	0	1	0	0	0	0	0	0	0	0	0	0	0	0	0	0	0	0	0	
N31	4.49856e-06	1.78931e-05	9.54227e-05	0.000474535	0.0020235	0.00719437	0.0210212	0.0500067	0.0961989	0.148881	0.184628	0.182904	0.14445	0.0908436	0.0454878	0.0181509	0.00578243	0.0014748	0.000302224	4.99798e-05	6.70428e-06	7.3412e-07	6.62809e-08	5.0604e-09	3.61727e-10	4.14201e-11	
POCUSC_Ips_paraconfusus	0	0	0	0	0	0	0	0	0	0	0	0	0	0	1	0	0	0	0	0	0	0	0	0	0	0	
N32	1.80689e-08	1.18206e-07	1.14425e-06	1.02798e-05	7.74939e-05	0.000475828	0.00234572	0.00918883	0.0283504	0.068351	0.127885	0.184631	0.204812	0.174116	0.113339	0.0565435	0.0216779	0.00641471	0.00147369	0.000264728	3.74868e-05	4.22244e-06	3.82554e-07	2.8515e-08	1.93198e-09	2.14122e-10	
POCUSC_Ips_confusus	0	0	0	0	0	0	0	0	0	0	0	1	0	0	0	0	0	0	0	0	0	0	0	0	0	0	
POCUSC_Ips_hoppingi	0	0	0	0	0	0	0	0	0	0	0	0	0	0	0	0	1	0	0	0	0	0	0	0	0	0	
POCUSC_Ips_lecontei	0	0	0	1	0	0	0	0	0	0	0	0	0	0	0	0	0	0	0	0	0	0	0	0	0	0	
N33	0.0728248	0.0844537	0.101126	0.118692	0.130908	0.131787	0.118852	0.0949058	0.0666354	0.040979	0.0220339	0.0103548	0.00425595	0.00153188	0.000483741	0.000134307	3.2866e-05	7.10835e-06	1.3633e-06	2.32841e-07	3.56398e-08	4.94285e-09	6.34432e-10	7.86716e-11	1.03046e-11	1.91141e-12	
POCUSC_Ips_cribricollis	0	0	0	0	0	0	0	1	0	0	0	0	0	0	0	0	0	0	0	0	0	0	0	0	0	0	
POCUSC_Ips_calligraphus	0	0	0	0	0	0	0	0	0	0	0	0	0	1	0	0	0	0	0	0	0	0	0	0	0	0	
N34	0.165082	0.176336	0.180024	0.166903	0.134438	0.0911592	0.0509828	0.0232267	0.00855936	0.00254289	0.000608557	0.000117439	1.83184e-05	2.31731e-06	2.3871e-07	2.01159e-08	1.39361e-09	7.97847e-11	3.79473e-12	1.50747e-13	5.02884e-15	1.41666e-16	3.39343e-18	7.01174e-20	1.32699e-21	3.75006e-23	
N35	0.162323	0.174145	0.178853	0.166858	0.135384	0.0927027	0.0525471	0.0243646	0.00917562	0.00279568	0.000688003	0.000136747	2.19771e-05	2.86183e-06	3.02792e-07	2.61164e-08	1.84319e-09	1.06874e-10	5.1129e-12	2.0271e-13	6.69063e-15	1.84699e-16	4.28598e-18	8.42812e-20	1.46925e-21	3.9239e-23	
N36	0.0963925	0.113148	0.135133	0.152195	0.15329	0.133793	0.0994062	0.0622476	0.0326734	0.0143372	0.00525489	0.00160942	0.000412446	8.86218e-05	1.60069e-05	2.43762e-06	3.14018e-07	3.43433e-08	3.20151e-09	2.55542e-10	1.75651e-11	1.04839e-12	5.50978e-14	2.6171e-15	1.19569e-16	7.89325e-18	
POCUSC_Ips_bonanseai	0	0	0	0	0	0	0	0	0	0	0	0	0	1	0	0	0	0	0	0	0	0	0	0	0	0	
N37	0.0993613	0.115512	0.13642	0.152374	0.152597	0.132548	0.0979498	0.0609075	0.0316755	0.0137345	0.00495962	0.00149193	0.000374351	7.85135e-05	1.38012e-05	2.0397e-06	2.54338e-07	2.68582e-08	2.41137e-09	1.84807e-10	1.21404e-11	6.86629e-13	3.36326e-14	1.44836e-15	5.93101e-17	4.06717e-18	
POCUSC_Ips_pini	0	0	0	1	0	0	0	0	0	0	0	0	0	0	0	0	0	0	0	0	0	0	0	0	0	0	
N38	0.042044	0.0614078	0.0961462	0.137856	0.16919	0.172218	0.142829	0.0954641	0.0510836	0.0218077	0.00741823	0.00201185	0.000435852	7.56536e-05	1.05615e-05	1.1911e-06	1.09049e-07	8.14731e-09	4.99431e-10	2.52589e-11	1.0599e-12	3.71111e-14	1.09113e-15	2.72551e-17	6.15557e-19	2.22508e-20	
POCUSC_Ips_avulsus	0	0	0	1	0	0	0	0	0	0	0	0	0	0	0	0	0	0	0	0	0	0	0	0	0	0	
N39	0.0305775	0.0467638	0.0786258	0.122108	0.162309	0.178306	0.158907	0.113661	0.0648456	0.029417	0.0106013	0.00303734	0.000693242	0.000126434	1.84972e-05	2.18047e-06	2.08131e-07	1.61717e-08	1.02848e-09	5.38415e-11	2.33368e-12	8.42704e-14	2.55602e-15	6.6299e-17	1.58131e-18	5.69152e-20	
N40	0.0206081	0.0400653	0.086895	0.158544	0.217801	0.215462	0.151	0.0748747	0.0264893	0.00678152	0.00127778	0.000180354	1.93998e-05	1.61611e-06	1.05827e-07	5.52155e-09	2.32391e-10	7.97892e-12	2.25776e-13	5.31471e-15	1.0497e-16	1.75335e-18	2.49553e-20	3.05578e-22	3.34914e-24	5.38011e-26	
POCUSC_Ips_plastographus	0	0	0	0	0	0	1	0	0	0	0	0	0	0	0	0	0	0	0	0	0	0	0	0	0	0	
POCUSC_Ips_integer	0	0	0	1	0	0	0	0	0	0	0	0	0	0	0	0	0	0	0	0	0	0	0	0	0	0	
POCUSC_Orthotomicus_suturalis	0	0	0	0	0	0	0	0	0	0	0	0	1	0	0	0	0	0	0	0	0	0	0	0	0	0	
N41	0.186678	0.191137	0.182671	0.158331	0.12119	0.0802719	0.0453647	0.0216704	0.00869883	0.0029246	0.000822404	0.000193444	3.8107e-05	6.29996e-06	8.76473e-07	1.02944e-07	1.02438e-08	8.6689e-10	6.2635e-11	3.87964e-12	2.06909e-13	9.5515e-15	3.85015e-16	1.38605e-17	4.8429e-19	2.62557e-20	
N42	0.213435	0.208425	0.184801	0.148082	0.10647	0.0681524	0.038558	0.0191641	0.00832866	0.00315459	0.00103921	0.000297459	7.3975e-05	1.59939e-05	3.01004e-06	4.93937e-07	7.08172e-08	8.89152e-09	9.80102e-10	9.50986e-11	8.14519e-12	6.17815e-13	4.17277e-14	2.55699e-15	1.57104e-16	1.70514e-17	
N43	5.51401e-05	0.00328027	0.100705	0.812915	0.080903	0.00211718	2.44339e-05	1.55518e-07	6.18649e-10	1.666e-12	3.21018e-15	4.60944e-18	5.08755e-21	4.42318e-24	3.08962e-27	1.76235e-30	8.32178e-34	3.29088e-37	1.10081e-40	3.14192e-44	7.712e-48	1.64044e-51	3.05367e-55	5.07461e-59	7.96554e-63	1.41075e-66	
POCUSC_Ips_perturbatus	0	0	0	1	0	0	0	0	0	0	0	0	0	0	0	0	0	0	0	0	0	0	0	0	0	0	
POCUSC_Ips_hunteri	0	0	0	1	0	0	0	0	0	0	0	0	0	0	0	0	0	0	0	0	0	0	0	0	0	0	
N44	0.129006	0.207757	0.278463	0.232493	0.113308	0.0325184	0.00574284	0.000658106	5.14125e-05	2.85571e-06	1.16785e-07	3.61917e-09	8.70518e-11	1.65811e-12	2.5439e-14	3.18978e-16	3.31027e-18	2.8746e-20	2.10915e-22	1.31884e-24	7.08314e-27	3.29214e-29	1.33619e-31	4.82076e-34	1.63479e-36	7.13643e-39	
POCUSC_Ips_pilifrons	0	0	0	0	1	0	0	0	0	0	0	0	0	0	0	0	0	0	0	0	0	0	0	0	0	0	
N45	0.166672	0.31394	0.34617	0.145106	0.0257812	0.00222378	0.000103533	2.82339e-06	4.81115e-08	5.39737e-10	4.16051e-12	2.28326e-14	9.19052e-17	2.78268e-19	6.47601e-22	1.18025e-24	1.71207e-27	2.0051e-30	1.91996e-33	1.52004e-36	1.00501e-39	5.59959e-43	2.65063e-46	1.0739e-49	3.75469e-53	1.39737e-56	
POCUSC_Ips_borealis	0	0	1	0	0	0	0	0	0	0	0	0	0	0	0	0	0	0	0	0	0	0	0	0	0	0	
POCUSC_Ips_tridens	0	1	0	0	0	0	0	0	0	0	0	0	0	0	0	0	0	0	0	0	0	0	0	0	0	0	
POCUSC_Ips_woodi	0	0	0	0	1	0	0	0	0	0	0	0	0	0	0	0	0	0	0	0	0	0	0	0	0	0	
N46	0.250021	0.235491	0.194873	0.141528	0.0898779	0.0496752	0.0237847	0.0098278	0.00349478	0.00106783	0.00028022	6.31856e-05	1.22579e-05	2.04981e-06	2.96172e-07	3.70756e-08	4.03304e-09	3.82414e-10	3.17091e-11	2.30678e-12	1.47721e-13	8.35746e-15	4.20013e-16	1.90574e-17	8.50749e-19	6.52587e-20	
N47	0.246137	0.237947	0.203102	0.148781	0.0911345	0.0458415	0.0187456	0.00620766	0.00166537	0.000363074	6.46306e-05	9.44723e-06	1.14094e-06	1.14567e-07	9.62584e-09	6.80912e-10	4.0797e-11	2.08239e-12	9.10544e-14	3.42879e-15	1.11756e-16	3.16794e-18	7.84769e-20	1.71144e-21	3.44219e-23	1.1244e-24	
POCUSC_Orthotomicus_caelatus	0	0	1	0	0	0	0	0	0	0	0	0	0	0	0	0	0	0	0	0	0	0	0	0	0	0	
POCUSC_Ips_perroti	0	0	0	1	0	0	0	0	0	0	0	0	0	0	0	0	0	0	0	0	0	0	0	0	0	0	
POCUSC_Ips_typographus	0	0	1	0	0	0	0	0	0	0	0	0	0	0	0	0	0	0	0	0	0	0	0	0	0	0	
N48	0.0843535	0.0962451	0.111969	0.126619	0.133913	0.12901	0.111324	0.0851421	0.0573478	0.0338921	0.0175418	0.00794646	0.00315139	0.00109505	0.000333845	8.94417e-05	2.10978e-05	4.39087e-06	8.08186e-07	1.31939e-07	1.91837e-08	2.50278e-09	2.97865e-10	3.37036e-11	4.04732e-12	7.52583e-13	
POCUSC_Ips_sexdentatus	0	0	0	0	0	0	0	0	1	0	0	0	0	0	0	0	0	0	0	0	0	0	0	0	0	0	
N49	0.0172766	0.0234039	0.0357528	0.0551939	0.0804528	0.10698	0.127656	0.135612	0.127727	0.106411	0.0783095	0.0508667	0.0291539	0.014744	0.00658175	0.00259504	0.0009045	0.000279015	7.62775e-05	1.85125e-05	3.99865e-06	7.72341e-07	1.35112e-07	2.23226e-08	4.02902e-09	1.23881e-09	
POCUSC_Ips_emarginatus	0	0	0	0	0	0	0	0	0	1	0	0	0	0	0	0	0	0	0	0	0	0	0	0	0	0	
POCUSC_Ips_knausi	0	0	0	0	0	0	0	0	0	0	0	1	0	0	0	0	0	0	0	0	0	0	0	0	0	0	
N50	0.203644	0.201639	0.183083	0.150906	0.111492	0.0729246	0.0417865	0.0208097	0.00895743	0.00332165	0.0010595	0.000290631	6.86163e-05	1.39646e-05	2.45496e-06	3.73707e-07	4.93915e-08	5.68382e-09	5.71203e-10	5.02919e-11	3.89437e-12	2.6682e-13	1.63907e-14	9.36954e-16	5.56191e-17	4.98492e-18	
N51	0.143761	0.149215	0.148382	0.139713	0.123079	0.100454	0.0754138	0.0518158	0.0324734	0.0185212	0.00959936	0.00451702	0.00192879	0.000747254	0.000262694	8.38256e-05	2.42934e-05	6.39912e-06	1.53373e-06	3.3504e-07	6.69081e-08	1.22955e-08	2.1134e-09	3.55101e-10	6.63041e-11	2.03111e-11	
POCUSC_Orthotomicus_erosus	0	0	0	1	0	0	0	0	0	0	0	0	0	0	0	0	0	0	0	0	0	0	0	0	0	0	
POCUSC_Pityogenes_chalcographus	0	0	0	0	0	0	0	0	0	1	0	0	0	0	0	0	0	0	0	0	0	0	0	0	0	0	
N52	0.0578959	0.073982	0.098341	0.123007	0.138772	0.139191	0.123563	0.0969474	0.0672057	0.0411635	0.022282	0.0106634	0.00451397	0.00169135	0.00056139	0.000165222	4.31634e-05	1.00217e-05	2.07077e-06	3.8137e-07	6.27156e-08	9.23575e-09	1.22749e-09	1.51935e-10	2.0153e-11	4.81874e-12	
N53	0.00457386	0.00781148	0.0160782	0.0324632	0.0589474	0.0934184	0.127902	0.150709	0.152567	0.13257	0.098832	0.0632109	0.0346951	0.0163541	0.00662725	0.00231208	0.000695657	0.000180884	4.07405e-05	7.96876e-06	1.35768e-06	2.02337e-07	2.662e-08	3.19113e-09	3.98271e-10	8.68142e-11	
POCUSC_Ips_latidens	0	0	0	0	0	0	0	0	0	0	0	1	0	0	0	0	0	0	0	0	0	0	0	0	0	0	
POCUSC_Ips_spinifer	0	0	0	0	0	0	0	0	0	0	0	1	0	0	0	0	0	0	0	0	0	0	0	0	0	0	
POCUSC_Orthotomicus_laricis	0	1	0	0	0	0	0	0	0	0	0	0	0	0	0	0	0	0	0	0	0	0	0	0	0	0	
POCUSC_Pityogenes_hopkinsi_M	0	0	1	0	0	0	0	0	0	0	0	0	0	0	0	0	0	0	0	0	0	0	0	0	0	0	
N54	0.237392	0.22521	0.189545	0.142033	0.0949479	0.05668	0.0302258	0.0143988	0.00612641	0.00232772	0.000789652	0.00023917	6.46824e-05	1.56234e-05	3.37166e-06	6.50455e-07	1.12248e-07	1.7341e-08	2.40045e-09	2.98063e-10	3.32453e-11	3.339e-12	3.03975e-13	2.57644e-14	2.31611e-15	3.92328e-16	
N55	0.19033	0.189388	0.174165	0.147289	0.113805	0.0798373	0.050588	0.0288391	0.0147509	0.00675755	0.00276987	0.00101544	0.000332956	9.76868e-05	2.5662e-05	6.04141e-06	1.27597e-06	2.42061e-07	4.13019e-08	6.34787e-09	8.80462e-10	1.1055e-10	1.26665e-11	1.36422e-12	1.57036e-13	3.2425e-14	
N56	0.183863	0.193892	0.191317	0.167152	0.124233	0.0767608	0.0389994	0.0162355	0.00554359	0.00155818	0.000362405	7.01676e-05	1.13819e-05	1.55684e-06	1.80713e-07	1.79117e-08	1.52496e-09	1.1215e-10	7.16265e-12	3.99289e-13	1.95241e-14	8.41726e-16	3.22296e-17	1.11572e-18	3.76438e-20	2.08144e-21	
POCUSC_Xylosandrus_germanus	0	0	1	0	0	0	0	0	0	0	0	0	0	0	0	0	0	0	0	0	0	0	0	0	0	0	
POCUSC_Xylosandrus_compactus	0	0	0	0	1	0	0	0	0	0	0	0	0	0	0	0	0	0	0	0	0	0	0	0	0	0	
POCUSC_Xyleborus_sp	0	0	0	0	0	0	1	0	0	0	0	0	0	0	0	0	0	0	0	0	0	0	0	0	0	0	
N57	0.232049	0.221111	0.187732	0.142562	0.0970587	0.0593284	0.0325871	0.0160907	0.00714409	0.00285242	0.0010243	0.000330868	9.61638e-05	2.51567e-05	5.92642e-06	1.25803e-06	2.40806e-07	4.15999e-08	6.49255e-09	9.16685e-10	1.17342e-10	1.36822e-11	1.47191e-12	1.51824e-13	1.69298e-14	3.11863e-15	
POCUSC_Dryocoetes_affaber	0	1	0	0	0	0	0	0	0	0	0	0	0	0	0	0	0	0	0	0	0	0	0	0	0	0	
POCUSC_Dryocoetes_autographus	0	0	0	1	0	0	0	0	0	0	0	0	0	0	0	0	0	0	0	0	0	0	0	0	0	0	
N58	0.274934	0.257488	0.206347	0.13783	0.0750668	0.0328587	0.0114642	0.00317435	0.000696353	0.000121015	1.668e-05	1.82732e-06	1.59566e-07	1.11451e-08	6.25121e-10	2.82792e-11	1.03657e-12	3.09357e-14	7.55444e-16	1.51711e-17	2.51834e-19	3.47301e-21	4.00024e-23	3.8767e-25	3.27314e-27	3.85391e-29	
N59	0.275742	0.25406	0.200659	0.135068	0.0768378	0.0366402	0.014548	0.00478703	0.0013017	0.000292148	5.41231e-05	8.28595e-06	1.05033e-06	1.10522e-07	9.68345e-09	7.08809e-10	4.35026e-11	2.24711e-12	9.80692e-14	3.63029e-15	1.14437e-16	3.08441e-18	7.14334e-20	1.43736e-21	2.66697e-23	7.61764e-25	
N60	0.245009	0.232354	0.194587	0.143405	0.092432	0.0517411	0.0249879	0.0103537	0.00366533	0.00110547	0.000283595	6.18503e-05	1.14716e-05	1.81136e-06	2.43883e-07	2.80569e-08	2.76444e-09	2.33893e-10	1.70404e-11	1.07216e-12	5.84345e-14	2.76777e-15	1.14452e-16	4.18762e-18	1.46446e-19	8.50989e-21	
N61	0.159684	0.164946	0.162057	0.148968	0.125853	0.0961838	0.065674	0.039697	0.0211058	0.00982761	0.00399651	0.00141702	0.000437699	0.000117757	2.76023e-05	5.64108e-06	1.0063e-06	1.56935e-07	2.14435e-08	2.57525e-09	2.73168e-10	2.58126e-11	2.20999e-12	1.78526e-13	1.54296e-14	2.37173e-15	
N62	0.135269	0.142115	0.14439	0.139643	0.126446	0.105673	0.0805991	0.0556438	0.0345701	0.0192521	0.00958669	0.00426241	0.00169111	0.000598721	0.000189244	5.34509e-05	1.35079e-05	3.05977e-06	6.22801e-07	1.1435e-07	1.90618e-08	2.91919e-09	4.20042e-10	5.92459e-11	8.86741e-12	1.83427e-12	
POCUSC_Crypturgus_pusillus	0	0	0	0	0	0	0	0	0	0	0	1	0	0	0	0	0	0	0	0	0	0	0	0	0	0	
POCUCU_Rhynchaenus_sp	0	0	0	0	0	0	1	0	0	0	0	0	0	0	0	0	0	0	0	0	0	0	0	0	0	0	
N63	0.148944	0.154999	0.154543	0.145286	0.126612	0.100778	0.0724192	0.0465842	0.0266632	0.0135241	0.00606303	0.00239874	0.000836894	0.000257454	6.98614e-05	1.67352e-05	3.54328e-06	6.64167e-07	1.10468e-07	1.63573e-08	2.16716e-09	2.59061e-10	2.8358e-11	2.92895e-12	3.10341e-13	4.99911e-14	
N64	0.163257	0.167541	0.162739	0.147581	0.123187	0.0935262	0.0640102	0.0392417	0.0214541	0.0104287	0.0044983	0.00171963	0.00058226	0.000174591	4.63706e-05	1.09147e-05	2.27861e-06	4.22341e-07	6.95847e-08	1.02054e-08	1.33457e-09	1.56018e-10	1.64127e-11	1.5949e-12	1.62152e-13	2.96295e-14	
POCUSC_Polygraphus_poligraphus_M	0	0	1	0	0	0	0	0	0	0	0	0	0	0	0	0	0	0	0	0	0	0	0	0	0	0	
N65	0.124667	0.136778	0.147184	0.148701	0.136874	0.112876	0.0826776	0.0535429	0.0305813	0.0153824	0.00680859	0.00265098	0.000908003	0.000273689	7.26446e-05	1.69952e-05	3.50856e-06	6.40036e-07	1.03329e-07	1.47893e-08	1.88054e-09	2.13096e-10	2.16759e-11	2.03201e-12	1.97915e-13	3.42287e-14	
POCUEN_Tanymecus_sp	0	0	1	0	0	0	0	0	0	0	0	0	0	0	0	0	0	0	0	0	0	0	0	0	0	0	
POCUSC_Polygraphus_grandiclava	0	0	0	0	0	0	0	0	0	1	0	0	0	0	0	0	0	0	0	0	0	0	0	0	0	0	
POCUCU_Anthonomus_sp	0	0	0	0	0	0	0	0	0	0	0	1	0	0	0	0	0	0	0	0	0	0	0	0	0	0	
N66	0.210544	0.208164	0.187612	0.151848	0.108754	0.0681406	0.0370603	0.0174104	0.00704415	0.00245058	0.000732559	0.000188175	4.15595e-05	7.89956e-06	1.29404e-06	1.82989e-07	2.23805e-08	2.37247e-09	2.18485e-10	1.75228e-11	1.22721e-12	7.52951e-14	4.06926e-15	1.97026e-16	9.32939e-18	7.59355e-19	
N67	0.276666	0.253017	0.198012	0.133003	0.0767397	0.0380227	0.0161671	0.00589532	0.001843	0.000494004	0.000113601	2.24359e-05	3.81118e-06	5.57874e-07	7.052e-08	7.7167e-09	7.32858e-10	6.05706e-11	4.36905e-12	2.75844e-13	1.52907e-14	7.46907e-16	3.23475e-17	1.2643e-18	4.83215e-20	3.04261e-21	
N68	0.29594	0.264957	0.199005	0.125918	0.0672502	0.0303392	0.0115641	0.00372455	0.00101403	0.00023355	4.556e-05	7.54047e-06	1.06106e-06	1.27259e-07	1.30453e-08	1.14643e-09	8.66496e-11	5.65133e-12	3.19136e-13	1.56579e-14	6.6976e-16	2.5063e-17	8.2362e-19	2.39595e-20	6.53335e-22	2.99655e-23	
N69	0.286728	0.267269	0.210073	0.133745	0.0667895	0.0257136	0.00759784	0.00172962	0.000305915	4.2485e-05	4.68558e-06	4.15016e-07	2.98414e-08	1.75967e-09	8.59009e-11	3.50202e-12	1.202e-13	3.49942e-15	8.70161e-17	1.85991e-18	3.43761e-20	5.52455e-22	7.76128e-24	9.59922e-26	1.08319e-27	1.84971e-29	
POCUSC_Phloeotribus_sp	0	0	1	0	0	0	0	0	0	0	0	0	0	0	0	0	0	0	0	0	0	0	0	0	0	0	
POCUMO_Lepyrus_sp	0	0	1	0	0	0	0	0	0	0	0	0	0	0	0	0	0	0	0	0	0	0	0	0	0	0	
POCUSC_Cryphalus_abietis	0	1	0	0	0	0	0	0	0	0	0	0	0	0	0	0	0	0	0	0	0	0	0	0	0	0	
N70	0.229793	0.224707	0.197222	0.151895	0.100349	0.0558798	0.0259375	0.00997876	0.00317684	0.000837866	0.000183604	3.35632e-05	5.14228e-06	6.63662e-07	7.25259e-08	6.74622e-09	5.36893e-10	3.67418e-11	2.17269e-12	1.11542e-13	4.99403e-15	1.95849e-16	6.75774e-18	2.06891e-19	5.95912e-21	2.9269e-22	
POCUCO_Telephae_sp	0	0	0	1	0	0	0	0	0	0	0	0	0	0	0	0	0	0	0	0	0	0	0	0	0	0	
POCUSC_Trypodendron_lineatum	0	0	0	1	0	0	0	0	0	0	0	0	0	0	0	0	0	0	0	0	0	0	0	0	0	0	
N71	0.181488	0.186811	0.179943	0.157469	0.122222	0.0828281	0.0485536	0.0244876	0.0105935	0.00392471	0.00124445	0.000337734	7.85005e-05	1.56438e-05	2.67685e-06	3.94007e-07	4.99909e-08	5.48035e-09	5.20477e-10	4.29538e-11	3.09254e-12	1.95422e-13	1.09638e-14	5.60399e-16	2.81353e-17	2.17522e-18	
POCUSC_Hylurgops_sp	0	0	0	0	1	0	0	0	0	0	0	0	0	0	0	0	0	0	0	0	0	0	0	0	0	0	
N72	0.116147	0.133583	0.152467	0.160579	0.149385	0.120006	0.0822598	0.0477905	0.02344	0.00968489	0.00336797	0.000985882	0.000243142	5.06006e-05	8.90483e-06	1.32853e-06	1.68518e-07	1.82313e-08	1.68801e-09	1.34259e-10	9.21407e-12	5.49026e-13	2.87209e-14	1.35267e-15	6.18431e-17	4.33871e-18	
POCUSC_Hylastes_sp	0	0	0	0	0	1	0	0	0	0	0	0	0	0	0	0	0	0	0	0	0	0	0	0	0	0	
N73	0.0681947	0.0876168	0.117756	0.14772	0.162567	0.152103	0.118973	0.0770559	0.0410959	0.0179928	0.00645827	0.00190013	0.000458614	9.09449e-05	1.48496e-05	2.00175e-06	2.23458e-07	2.07276e-08	1.60343e-09	1.03841e-10	5.65249e-12	2.59703e-13	1.01199e-14	3.37856e-16	1.0286e-17	5.10393e-19	
N74	0.0306824	0.043477	0.068793	0.104945	0.142239	0.164537	0.159178	0.127381	0.0837952	0.0451563	0.0199012	0.00717052	0.00211356	0.000510387	0.000101185	1.65118e-05	2.22462e-06	2.4829e-07	2.30403e-08	1.78459e-09	1.15868e-10	6.33906e-12	2.94716e-13	1.18921e-14	4.50809e-16	2.65672e-17	
N75	0.000890773	0.00196415	0.00549599	0.0147288	0.0344564	0.0682847	0.113127	0.155392	0.175946	0.163557	0.124529	0.0775995	0.0396054	0.0165907	0.00572245	0.0016319	0.000386607	7.64865e-05	1.27065e-05	1.78253e-06	2.1237e-07	2.16167e-08	1.89479e-09	1.4608e-10	1.10338e-11	1.46724e-12	
POCUSC_Dendroctonus_jeffreyi	0	0	0	0	0	0	0	0	0	1	0	0	0	0	0	0	0	0	0	0	0	0	0	0	0	0	
POCUSC_Dendroctonus_ponderosae	0	0	0	0	0	0	0	0	0	0	1	0	0	0	0	0	0	0	0	0	0	0	0	0	0	0	
N76	0.0217836	0.0324599	0.0544312	0.0878967	0.126717	0.157171	0.164375	0.14324	0.103267	0.0613393	0.0299571	0.0120227	0.00396719	0.00107788	0.000241646	4.48193e-05	6.89877e-06	8.84274e-07	9.47364e-08	8.51667e-09	6.45186e-10	4.13946e-11	2.26746e-12	1.08346e-13	4.93804e-15	3.58746e-16	
POCUSC_Dendroctonus_frontalis	0	0	0	0	0	1	0	0	0	0	0	0	0	0	0	0	0	0	0	0	0	0	0	0	0	0	
N77	0.0057024	0.00975308	0.0199688	0.0401883	0.0727836	0.113991	0.151313	0.168331	0.155909	0.11976	0.0761363	0.0400296	0.0174096	0.00627014	0.00187327	0.000465317	9.63655e-05	1.66907e-05	2.42606e-06	2.97039e-07	3.0759e-08	2.70713e-09	2.04157e-10	1.3499e-11	8.6421e-13	9.15945e-14	
POCUSC_Dendroctonus_adjunctus	0	0	0	0	0	0	0	0	0	1	0	0	0	0	0	0	0	0	0	0	0	0	0	0	0	0	
N78	0.00107787	0.0021211	0.00537364	0.0136758	0.0314007	0.0622367	0.104336	0.146355	0.170691	0.164875	0.131607	0.0867267	0.0471847	0.0212144	0.00789562	0.00243838	0.000626699	0.000134507	2.41999e-05	3.6648e-06	4.69226e-07	5.1058e-08	4.76114e-09	3.89857e-10	3.13193e-11	4.28469e-12	
POCUSC_Dendroctonus_approximatus	0	0	0	0	0	0	0	0	0	0	0	0	1	0	0	0	0	0	0	0	0	0	0	0	0	0	
POCUSC_Dendroctonus_brevicomis	0	0	0	0	0	0	0	0	0	1	0	0	0	0	0	0	0	0	0	0	0	0	0	0	0	0	
N79	0.0569837	0.0739788	0.1025	0.13519	0.158394	0.158648	0.132917	0.0919885	0.0522234	0.0242384	0.00918828	0.00284695	0.000722437	0.000150569	2.58646e-05	3.67649e-06	4.34292e-07	4.28256e-08	3.54167e-09	2.46794e-10	1.45592e-11	7.30675e-13	3.13831e-14	1.17025e-15	4.09252e-17	2.33833e-18	
N80	0.00298011	0.00619656	0.0153836	0.0356011	0.0708331	0.117664	0.160987	0.180006	0.163669	0.120638	0.0719738	0.0347514	0.0135948	0.0043189	0.00111794	0.000236772	4.12323e-05	5.93598e-06	7.10551e-07	7.11434e-08	5.99421e-09	4.27619e-10	2.60131e-11	1.37031e-12	6.80555e-14	5.80278e-15	
POCUSC_Dendroctonus_simplex	0	0	0	0	0	0	1	0	0	0	0	0	0	0	0	0	0	0	0	0	0	0	0	0	0	0	
POCUSC_Dendroctonus_pseudotsugae	0	0	0	0	0	0	0	0	0	0	0	0	1	0	0	0	0	0	0	0	0	0	0	0	0	0	
N81	0.0792802	0.0989254	0.129609	0.15961	0.170716	0.151291	0.10819	0.0615368	0.0276355	0.00977032	0.00271923	0.000596947	0.000103717	1.43253e-05	1.58091e-06	1.40181e-07	1.00463e-08	5.85446e-10	2.79123e-11	1.09544e-12	3.56033e-14	9.64013e-16	2.18752e-17	4.19341e-19	7.08034e-21	1.81573e-22	
N82	0.109924	0.129089	0.153354	0.168801	0.161134	0.127906	0.0823772	0.0424753	0.0174256	0.00567902	0.00147235	0.000304714	5.05819e-05	6.7729e-06	7.36088e-07	6.53575e-08	4.77276e-09	2.88573e-10	1.4542e-11	6.14725e-13	2.19358e-14	6.64781e-16	1.72152e-17	3.8442e-19	7.78057e-21	2.4934e-22	
POCUSC_Dendroctonus_punctatus	0	0	0	0	1	0	0	0	0	0	0	0	0	0	0	0	0	0	0	0	0	0	0	0	0	0	
N83	0.0239091	0.119512	0.378904	0.363321	0.101472	0.0120904	0.000762059	2.88536e-05	7.127e-07	1.21659e-08	1.4976e-10	1.37374e-12	9.63867e-15	5.28447e-17	2.30464e-19	8.11718e-22	2.33932e-24	5.57978e-27	1.11269e-29	1.87181e-32	2.67793e-35	3.28238e-38	3.47207e-41	3.20346e-44	2.67989e-47	2.71215e-50	
POCUSC_Dendroctonus_rufipennis	0	0	1	0	0	0	0	0	0	0	0	0	0	0	0	0	0	0	0	0	0	0	0	0	0	0	
POCUSC_Dendroctonus_murrayanae	0	0	0	1	0	0	0	0	0	0	0	0	0	0	0	0	0	0	0	0	0	0	0	0	0	0	
N84	0.0400141	0.0583839	0.0944279	0.141648	0.178942	0.181936	0.145778	0.0911923	0.044405	0.0168498	0.00500167	0.00116812	0.000216142	3.19323e-05	3.79743e-06	3.66522e-07	2.89481e-08	1.88592e-09	1.02133e-10	4.63202e-12	1.77173e-13	5.75392e-15	1.597e-16	3.82134e-18	8.26797e-20	2.87489e-21	
POCUSC_Dendroctonus_valens	0	0	0	0	0	0	1	0	0	0	0	0	0	0	0	0	0	0	0	0	0	0	0	0	0	0	
POCUSC_Dendroctonus_terebrans	0	0	0	0	0	1	0	0	0	0	0	0	0	0	0	0	0	0	0	0	0	0	0	0	0	0	
N85	0.231547	0.221273	0.188676	0.143746	0.0978052	0.0593441	0.0320516	0.0153817	0.00654928	0.00247149	0.000826111	0.000244548	6.4128e-05	1.49057e-05	3.0738e-06	5.63008e-07	9.17192e-08	1.33099e-08	1.7234e-09	1.99494e-10	2.06942e-11	1.93155e-12	1.63846e-13	1.30446e-14	1.09441e-15	1.53976e-16	
N86	0.196728	0.195034	0.177903	0.148386	0.112308	0.0765908	0.0467997	0.0255174	0.0123811	0.00533651	0.00204134	0.000692742	0.000208571	5.5737e-05	1.32293e-05	2.79142e-06	5.2418e-07	8.77076e-08	1.30944e-08	1.74692e-09	2.08608e-10	2.23503e-11	2.16066e-12	1.92905e-13	1.79271e-14	3.03046e-15	
N87	0.231105	0.22127	0.189204	0.144458	0.0982618	0.0593657	0.0317602	0.0150083	0.0062529	0.00229434	0.000741109	0.000210781	5.28206e-05	1.16754e-05	2.2796e-06	3.93809e-07	6.03068e-08	8.20306e-09	9.93191e-10	1.07273e-10	1.03596e-11	8.96889e-13	6.99414e-14	5.00429e-15	3.65763e-16	4.90109e-17	
POCUMO_Magdalis_sp	0	0	0	1	0	0	0	0	0	0	0	0	0	0	0	0	0	0	0	0	0	0	0	0	0	0	
POCUCU_Dorytomus_sp	0	1	0	0	0	0	0	0	0	0	0	0	0	0	0	0	0	0	0	0	0	0	0	0	0	0	
N88	0.129909	0.140776	0.149303	0.149316	0.136511	0.111697	0.0807264	0.0511421	0.0282826	0.0136262	0.00571583	0.00208812	0.000664958	0.000184826	4.49129e-05	9.55914e-06	1.7856e-06	2.93362e-07	4.24868e-08	5.43702e-09	6.16378e-10	6.21116e-11	5.60124e-12	4.62791e-13	3.91939e-14	5.90366e-15	
POCUCU_Curculio_dentipes	0	0	0	0	0	0	0	0	1	0	0	0	0	0	0	0	0	0	0	0	0	0	0	0	0	0	
N89	0.0657007	0.0992919	0.153739	0.199681	0.20045	0.150411	0.0833619	0.0341209	0.0103874	0.00237845	0.000415098	5.59929e-05	5.9188e-06	4.96794e-07	3.35214e-08	1.83923e-09	8.29239e-11	3.10204e-12	9.71353e-14	2.56683e-15	5.76731e-17	1.10978e-18	1.84394e-20	2.68694e-22	3.64423e-24	7.24903e-26	
N90	0.0186075	0.0428516	0.106534	0.200909	0.256598	0.212702	0.112924	0.038675	0.00871895	0.00132811	0.000140499	1.05986e-05	5.8415e-07	2.40462e-08	7.53981e-10	1.83271e-11	3.50807e-13	5.36277e-15	6.63046e-17	6.7063e-19	5.60642e-21	3.91043e-23	2.29516e-25	1.14278e-27	4.91181e-30	2.75133e-32	
POCUCU_Curculio_nucum_M	0	0	0	0	0	1	0	0	0	0	0	0	0	0	0	0	0	0	0	0	0	0	0	0	0	0	
N91	1.6173e-07	1.65084e-05	0.00119065	0.0421576	0.495348	0.432816	0.0278863	0.000578719	5.52242e-06	2.87935e-08	9.10132e-11	1.87136e-13	2.63518e-16	2.64392e-19	1.95065e-22	1.08603e-25	4.66264e-29	1.57235e-32	4.23135e-36	9.21337e-40	1.64299e-43	2.42544e-47	2.99251e-51	3.11287e-55	2.76587e-59	2.56711e-63	
POCUEN_Scepticus_griseus	0	0	0	0	1	0	0	0	0	0	0	0	0	0	0	0	0	0	0	0	0	0	0	0	0	0	
POCUEN_Scepticus_insularis	0	0	0	0	0	1	0	0	0	0	0	0	0	0	0	0	0	0	0	0	0	0	0	0	0	0	
POCUCU_Curculio_distinguendus	0	0	0	1	0	0	0	0	0	0	0	0	0	0	0	0	0	0	0	0	0	0	0	0	0	0	
N92	0.161633	0.164582	0.158181	0.142543	0.119526	0.092637	0.0660151	0.0430949	0.0257069	0.0139904	0.00694022	0.00313676	0.00129155	0.000484537	0.000165687	5.16687e-05	1.4705e-05	3.82322e-06	9.09336e-07	1.98294e-07	3.98006e-08	7.41114e-09	1.30263e-09	2.25351e-10	4.30492e-11	1.31284e-11	
N93	0.117075	0.150825	0.187067	0.19453	0.161422	0.105208	0.053636	0.0214211	0.00673649	0.00168081	0.000335765	5.42303e-05	7.15266e-06	7.77959e-07	7.0432e-08	5.35469e-09	3.44689e-10	1.89316e-11	8.93597e-13	3.65003e-14	1.29942e-15	4.06653e-17	1.13371e-18	2.89073e-20	7.19494e-22	2.57928e-23	
POCUMO_Pissodes_schwarzi_M	0	1	0	0	0	0	0	0	0	0	0	0	0	0	0	0	0	0	0	0	0	0	0	0	0	0	
N94	0.0271615	0.0584553	0.127952	0.212436	0.244672	0.189309	0.097412	0.0334466	0.00776269	0.00124119	0.000139733	1.13264e-05	6.7539e-07	3.02256e-08	1.03396e-09	2.74878e-11	5.76489e-13	9.66765e-15	1.31229e-16	1.45787e-18	1.33888e-20	1.02582e-22	6.61243e-25	3.61607e-27	1.71632e-29	1.0843e-31	
N95	0.00561675	0.0176197	0.0612115	0.156001	0.258271	0.263682	0.162012	0.0598719	0.0135716	0.00194655	0.000182904	1.16488e-05	5.18878e-07	1.66259e-08	3.92884e-10	6.99948e-12	9.58593e-14	1.02673e-15	8.73348e-18	5.98098e-20	3.33843e-22	1.53568e-24	5.88015e-27	1.89148e-29	5.18767e-32	1.7484e-34	
POCUMO_Pissodes_strobi	0	0	0	0	0	1	0	0	0	0	0	0	0	0	0	0	0	0	0	0	0	0	0	0	0	0	
POCUBA_Limnobaris_sp	0	0	0	0	0	0	1	0	0	0	0	0	0	0	0	0	0	0	0	0	0	0	0	0	0	0	
POCUMO_Pissodes_nemorensis	0	0	0	0	1	0	0	0	0	0	0	0	0	0	0	0	0	0	0	0	0	0	0	0	0	0	
N96	6.15308e-20	3.16894e-17	1.37038e-14	4.51102e-12	1.09148e-09	1.85182e-07	2.06089e-05	0.00135969	0.0447872	0.513127	0.416301	0.0239213	0.000478385	4.78121e-06	2.83704e-08	1.10646e-10	3.03379e-13	6.13539e-16	9.48732e-19	1.154e-21	1.1306e-24	9.11987e-28	6.20654e-31	3.68798e-34	2.02056e-37	1.15623e-40	
POCUMO_Hylobius_piceus	0	0	0	0	0	0	0	0	0	1	0	0	0	0	0	0	0	0	0	0	0	0	0	0	0	0	
POCUMO_Hylobius_abietis	0	0	0	0	0	0	0	0	0	0	1	0	0	0	0	0	0	0	0	0	0	0	0	0	0	0	
N97	0.164125	0.178225	0.183412	0.16811	0.132411	0.0881715	0.0493109	0.0231099	0.00907405	0.0029876	0.000826068	0.00019219	3.77111e-05	6.25662e-06	8.8012e-07	1.05278e-07	1.07407e-08	9.375e-10	7.02322e-11	4.5307e-12	2.52616e-13	1.22335e-14	5.19223e-16	1.97745e-17	7.34096e-19	4.18805e-20	
N98	0.186259	0.188018	0.176726	0.152385	0.118568	0.0820523	0.0499469	0.0265383	0.0122472	0.004895	0.00169211	0.000505746	0.000130755	2.92715e-05	5.68192e-06	9.57947e-07	1.40543e-07	1.79803e-08	2.01025e-09	1.96861e-10	1.69271e-11	1.2817e-12	8.59233e-14	5.19867e-15	3.13482e-16	3.27757e-17	
N99	0.136117	0.145884	0.151837	0.148588	0.133209	0.107531	0.0773251	0.0492041	0.0275886	0.0135929	0.00587478	0.00222498	0.000738123	0.000214492	5.46202e-05	1.21979e-05	2.39141e-06	4.12112e-07	6.25202e-08	8.36392e-09	9.88663e-10	1.03543e-10	9.66561e-12	8.22958e-13	7.17978e-14	1.12209e-14	
N100	0.173277	0.175621	0.167	0.147595	0.119909	0.0886334	0.0591037	0.0353233	0.0188298	0.00892281	0.00375012	0.001396	0.000459977	0.00013414	3.46345e-05	7.9232e-06	1.60759e-06	2.89653e-07	4.64125e-08	6.62451e-09	8.43837e-10	9.6193e-11	9.87825e-12	9.3785e-13	9.3136e-14	1.66311e-14	
POCUEN_Liophloeus_tessulatus	0	0	1	0	0	0	0	0	0	0	0	0	0	0	0	0	0	0	0	0	0	0	0	0	0	0	
N101	0.129546	0.141565	0.151479	0.15195	0.13829	0.111883	0.079513	0.0492976	0.0265602	0.0124097	0.0050242	0.00176268	0.000536287	0.000141668	3.25465e-05	6.51524e-06	1.13892e-06	1.74265e-07	2.3397e-08	2.7635e-09	2.87923e-10	2.65417e-11	2.17585e-12	1.61624e-13	1.21186e-14	1.64997e-15	
POCUEN_Phyllobius_argentatus	0	0	0	0	0	0	0	1	0	0	0	0	0	0	0	0	0	0	0	0	0	0	0	0	0	0	
POCUEN_Phyllobius_pyri	0	0	0	1	0	0	0	0	0	0	0	0	0	0	0	0	0	0	0	0	0	0	0	0	0	0	
N102	0.0658904	0.0787701	0.0980946	0.118798	0.133495	0.135472	0.122322	0.0974732	0.0682358	0.0418596	0.0224734	0.0105538	0.00433545	0.00155866	0.000490843	0.000135565	3.28927e-05	7.02684e-06	1.32562e-06	2.21745e-07	3.30795e-08	4.43711e-09	5.41514e-10	6.13076e-11	6.86031e-12	1.15217e-12	
N103	0.071068	0.0840208	0.103338	0.123961	0.137976	0.137989	0.121623	0.0934097	0.0621018	0.0356064	0.0175715	0.00745759	0.00272207	0.000855002	0.000231342	5.39969e-05	1.08903e-05	1.90153e-06	2.88065e-07	3.79498e-08	4.35883e-09	4.37829e-10	3.867e-11	3.06338e-12	2.43156e-13	3.46843e-14	
N104	0.00293371	0.00647734	0.0172231	0.0421415	0.0863901	0.142888	0.187257	0.192542	0.154478	0.0964453	0.0468289	0.0177042	0.0052254	0.00120876	0.000220227	3.17811e-05	3.65549e-06	3.37337e-07	2.51468e-08	1.52473e-09	7.57188e-11	3.10179e-12	1.05745e-13	3.06016e-15	8.22639e-17	3.65343e-18	
POCUEN_Eudiagogus_sp	0	0	0	0	0	1	0	0	0	0	0	0	0	0	0	0	0	0	0	0	0	0	0	0	0	0	
N105	0.00223018	0.00488226	0.0135455	0.0352557	0.0768156	0.134256	0.184686	0.197988	0.1645	0.105646	0.0524155	0.0201145	0.00598622	0.00138702	0.000251431	3.58604e-05	4.04919e-06	3.64371e-07	2.63088e-08	1.53477e-09	7.28443e-11	2.83306e-12	9.10686e-14	2.46465e-15	6.12456e-17	2.58881e-18	
N106	7.15842e-32	7.80716e-32	8.5554e-32	9.30066e-32	9.9059e-32	1.02336e-31	1.01815e-31	9.70957e-32	8.84945e-32	3.79356e-10	3.94719e-05	0.99994	2.02714e-05	1.00077e-10	1.85887e-32	1.21257e-32	7.55066e-33	4.49154e-33	2.55434e-33	1.38993e-33	7.24297e-34	3.61824e-34	1.73596e-34	8.05579e-35	3.75935e-35	2.13976e-35	
POCUEN_Hypera_nigrirostris	0	0	0	0	0	0	0	0	0	0	0	1	0	0	0	0	0	0	0	0	0	0	0	0	0	0	
POCUEN_Hypera_postica	0	0	0	0	0	0	0	0	0	0	0	1	0	0	0	0	0	0	0	0	0	0	0	0	0	0	
N107	7.70211e-05	0.000343522	0.00199662	0.0098241	0.0366252	0.0987855	0.187199	0.24417	0.216702	0.130751	0.0541362	0.0156365	0.00321459	0.000480387	5.32646e-05	4.46678e-06	2.88333e-07	1.45571e-08	5.83185e-10	1.87832e-11	4.92161e-13	1.06046e-14	1.89785e-16	2.85275e-18	3.74879e-20	7.23147e-22	
POCUEN_Barypeithes_sp	0	0	0	0	0	0	0	0	1	0	0	0	0	0	0	0	0	0	0	0	0	0	0	0	0	0	
POCUEN_Polydrusus_mollis_M	0	0	0	0	0	0	0	1	0	0	0	0	0	0	0	0	0	0	0	0	0	0	0	0	0	0	
N108	0.106995	0.118502	0.131232	0.139669	0.137846	0.122878	0.0972224	0.0675393	0.040929	0.0215578	0.00985117	0.00390331	0.00134143	0.000400218	0.000103805	2.34474e-05	4.62171e-06	7.96726e-07	1.20406e-07	1.59921e-08	1.8717e-09	1.9364e-10	1.78089e-11	1.48718e-12	1.26514e-13	1.95127e-14	
POCUEN_Hypomeces_squamosus	0	0	1	0	0	0	0	0	0	0	0	0	0	0	0	0	0	0	0	0	0	0	0	0	0	0	
POCUEN_Sympiezomias_cribricollis	0	0	0	0	0	0	1	0	0	0	0	0	0	0	0	0	0	0	0	0	0	0	0	0	0	0	
POCUEN_Bothrometopus_sp	0	0	0	0	0	0	0	0	0	0	0	0	0	0	0	0	1	0	0	0	0	0	0	0	0	0	
N109	0.189369	0.187952	0.172337	0.145689	0.113111	0.080287	0.0518729	0.0303896	0.0160932	0.00768525	0.00330381	0.00127706	0.00044356	0.000138391	3.87884e-05	9.76937e-06	2.21227e-06	4.50753e-07	8.27143e-08	1.36866e-08	2.04589e-09	2.77262e-10	3.43928e-11	4.03358e-12	5.08314e-13	1.12875e-13	
POCUEN_Foucartia_squamulata	0	0	1	0	0	0	0	0	0	0	0	0	0	0	0	0	0	0	0	0	0	0	0	0	0	0	
N110	0.157937	0.163	0.159789	0.146507	0.123842	0.0954779	0.0666633	0.0419679	0.0237611	0.0120805	0.00551103	0.00225506	0.000827662	0.000272528	8.05397e-05	2.13749e-05	5.09818e-06	1.09379e-06	2.11325e-07	3.68217e-08	5.79979e-09	8.29607e-10	1.08997e-10	1.36092e-11	1.82535e-12	4.20579e-13	
POCUEN_Sitona_lineatus	0	0	0	0	0	0	0	0	0	1	0	0	0	0	0	0	0	0	0	0	0	0	0	0	0	0	
N111	0.223604	0.22698	0.206541	0.159486	0.101042	0.051709	0.0212607	0.00702292	0.00186905	0.00040258	7.05715e-05	1.01309e-05	1.19879e-06	1.17713e-07	9.65555e-09	6.65951e-10	3.8866e-11	1.9311e-12	8.21647e-14	3.0106e-15	9.55309e-17	2.64169e-18	6.42652e-20	1.40597e-21	2.97988e-23	9.40768e-25	
POCUCL_Cleonus_sp	0	0	0	0	0	1	0	0	0	0	0	0	0	0	0	0	0	0	0	0	0	0	0	0	0	0	
N112	0.29245	0.269176	0.207769	0.130455	0.0649935	0.0253138	0.00765998	0.00180052	0.000329959	4.74263e-05	5.38596e-06	4.87176e-07	3.5392e-08	2.08231e-09	1.00039e-10	3.95578e-12	1.29731e-13	3.5544e-15	8.19234e-17	1.59888e-18	2.65882e-20	3.78955e-22	4.65554e-24	4.96134e-26	4.71188e-28	6.57816e-30	
POCUMO_Larinus_sp	0	1	0	0	0	0	0	0	0	0	0	0	0	0	0	0	0	0	0	0	0	0	0	0	0	0	
POCUMO_Lixus_sp	0	1	0	0	0	0	0	0	0	0	0	0	0	0	0	0	0	0	0	0	0	0	0	0	0	0	
N113	0.00635922	0.0102969	0.0197958	0.0375925	0.0648762	0.0985836	0.130356	0.149275	0.147711	0.126157	0.0929439	0.0590527	0.0323591	0.015298	0.00624326	0.00220139	0.000671399	0.000177381	4.0676e-05	8.1195e-06	1.41758e-06	2.18441e-07	3.0304e-08	3.97556e-09	5.67601e-10	1.38614e-10	
N114	0.000609583	0.00124325	0.00296403	0.0068375	0.0145785	0.0282413	0.0492036	0.0765632	0.105882	0.129689	0.140356	0.134003	0.112754	0.0835815	0.054586	0.0314277	0.015971	0.00717785	0.0028616	0.00101659	0.000324065	9.37461e-05	2.51116e-05	6.50758e-06	1.83706e-06	7.84981e-07	
POCUEN_Chlorophanus_sp	0	0	0	0	1	0	0	0	0	0	0	0	0	0	0	0	0	0	0	0	0	0	0	0	0	0	
N115	3.43693e-05	7.58192e-05	0.000222545	0.000670103	0.00189166	0.00485983	0.0112253	0.0231568	0.0424725	0.0690336	0.0991896	0.125757	0.140509	0.138237	0.119718	0.0912833	0.0613327	0.0363763	0.0191025	0.00892664	0.00374219	0.00142547	0.000503248	0.000169849	5.83672e-05	2.58525e-05	
N116	1.1838e-19	3.61049e-18	1.32642e-16	4.46819e-15	1.34434e-13	3.55194e-12	8.12436e-11	1.58851e-09	2.62368e-08	3.61754e-07	4.11268e-06	3.80427e-05	0.000282214	0.001653	0.00752069	0.0261542	0.0685564	0.13417	0.195363	0.211953	0.172168	0.1056	0.049688	0.0185612	0.00600282	0.00228485	
POCUEN_Strophosoma_melanogrammum	0	0	0	0	0	0	0	0	0	0	0	0	0	0	0	0	0	0	0	0	0	0	0	0	1	0	
POCUEN_Strophosoma_capitatum	0	0	0	0	0	0	0	0	0	0	0	0	0	0	0	0	1	0	0	0	0	0	0	0	0	0	
POCUEN_Brachyderes_incanus	0	0	0	0	0	0	0	0	0	0	0	0	0	0	0	0	0	1	0	0	0	0	0	0	0	0	
N117	0.00473899	0.00782582	0.0153321	0.0297685	0.053021	0.0839872	0.116745	0.141483	0.148962	0.135975	0.107476	0.073511	0.0434989	0.0222714	0.00987091	0.00378993	0.0012619	0.000364878	9.17985e-05	2.01524e-05	3.87891e-06	6.60771e-07	1.01683e-07	1.48336e-08	2.31553e-09	5.65579e-10	
POCUEN_Otiorhynchus_armadillo	0	0	0	0	0	0	1	0	0	0	0	0	0	0	0	0	0	0	0	0	0	0	0	0	0	0	
N118	0.000413355	0.000780181	0.00190276	0.00478974	0.0112841	0.023943	0.0450081	0.0743414	0.107391	0.135286	0.148353	0.141455	0.117205	0.0843704	0.0527706	0.0286899	0.0135675	0.0055865	0.00200579	0.00062937	0.000173274	4.22038e-05	9.2708e-06	1.92706e-06	4.30103e-07	1.47794e-07	
N119	3.27936e-06	9.07467e-06	3.55309e-05	0.000142452	0.000527552	0.00174339	0.00506507	0.0128322	0.0282027	0.0535749	0.0877262	0.123565	0.149486	0.155163	0.138107	0.105401	0.0690016	0.0387863	0.0187512	0.00781796	0.0028241	0.000891654	0.000250796	6.59429e-05	1.85672e-05	7.97606e-06	
N120	6.45694e-14	1.82961e-12	6.41157e-11	1.95344e-09	4.84104e-08	9.43359e-07	1.41014e-05	0.000158128	0.00130137	0.00769235	0.0320058	0.092162	0.181484	0.243001	0.221425	0.138221	0.0597634	0.0181467	0.00392963	0.000616875	7.14272e-05	6.22047e-06	4.18273e-07	2.27823e-08	1.12728e-09	7.21184e-11	
N121	2.3729e-16	1.87333e-14	1.78826e-12	1.30443e-10	6.9022e-09	2.58021e-07	6.64952e-06	0.000115328	0.00131575	0.009678	0.0451653	0.132184	0.240747	0.271711	0.189892	0.08245	0.022413	0.00386087	0.000428236	3.11697e-05	1.52056e-06	5.08794e-08	1.19969e-09	2.07356e-11	2.88343e-13	5.43773e-15	
N122	5.8446e-12	2.43512e-10	1.25212e-08	4.80858e-07	1.29926e-05	0.000237502	0.00281197	0.0205473	0.0882919	0.215122	0.294844	0.232086	0.108472	0.0311612	0.0056792	0.000675571	5.38336e-05	2.94494e-06	1.13226e-07	3.12944e-09	6.3529e-11	9.6658e-13	1.12315e-14	1.01506e-16	7.38694e-19	6.84246e-21	
POCUCU_Gymnetron_antirhini	0	0	0	0	0	0	0	0	1	0	0	0	0	0	0	0	0	0	0	0	0	0	0	0	0	0	
POCUEN_Naupactus_xanthographus	0	0	0	0	0	0	0	0	0	1	0	0	0	0	0	0	0	0	0	0	0	0	0	0	0	0	
N123	1.28865e-16	9.43772e-15	8.48149e-13	5.92014e-11	3.07056e-09	1.15581e-07	3.08337e-06	5.68706e-05	0.000707375	0.00579358	0.0305835	0.102223	0.213457	0.276111	0.220586	0.109168	0.0337699	0.00662493	0.000840264	7.04766e-05	4.00517e-06	1.58077e-07	4.44113e-09	9.13522e-11	1.47546e-12	3.14163e-14	
POCUCU_Gymnetron_tetrum	0	0	0	0	0	0	0	0	0	0	0	0	0	1	0	0	0	0	0	0	0	0	0	0	0	0	
POCUCE_Phytobius_sp	0	0	0	0	0	0	0	0	0	0	0	0	0	0	0	0	1	0	0	0	0	0	0	0	0	0	
POCUEN_Sitona_hispidulus	0	0	0	0	0	0	0	0	0	0	0	0	0	0	0	0	0	0	1	0	0	0	0	0	0	0	
POCUEN_Dyslobus_sp	0	0	0	0	0	0	0	0	0	0	0	0	0	0	0	0	0	1	0	0	0	0	0	0	0	0	
N124	6.76152e-07	2.51969e-06	1.31145e-05	6.68352e-05	0.000304877	0.001208	0.00409761	0.0117947	0.0286358	0.0583769	0.0995825	0.141769	0.168106	0.165817	0.135969	0.0926881	0.0525621	0.0248288	0.00978886	0.00323009	0.000895801	0.00021035	4.25303e-05	7.75206e-06	1.46366e-06	4.3799e-07	
N125	1.17765e-07	4.99375e-07	3.27385e-06	2.1288e-05	0.000121411	0.000586561	0.0023691	0.00794112	0.0219728	0.0499706	0.0930726	0.141569	0.17548	0.177012	0.145222	0.0969144	0.0526616	0.0233403	0.00845897	0.0025153	0.000616439	0.000125383	2.14686e-05	3.22411e-06	4.92295e-07	1.26821e-07	
POCUDR_Sitophilus_oryzae	0	0	0	0	0	0	0	0	0	0	1	0	0	0	0	0	0	0	0	0	0	0	0	0	0	0	
N126	1.36354e-39	2.12643e-36	3.36302e-33	4.72364e-30	5.60568e-27	5.46268e-24	4.28336e-21	2.65184e-18	1.26955e-15	4.58435e-13	1.21037e-10	2.2439e-08	2.76502e-06	0.0002093	0.00860833	0.154801	0.745591	0.0879673	0.00278202	3.85313e-05	2.90738e-07	1.35371e-09	4.22888e-12	9.51399e-15	1.69177e-17	3.07134e-20	
POCUDR_Sitophilus_granarius	0	0	0	0	0	0	0	0	0	0	0	0	0	0	0	0	1	0	0	0	0	0	0	0	0	0	
POCUDR_Sitophilus_zeamais	0	0	0	0	0	0	0	0	0	0	0	0	0	0	0	0	1	0	0	0	0	0	0	0	0	0	
POCUMO_Pachylobius_picivorus	0	0	0	0	0	0	0	0	0	0	0	0	0	0	0	1	0	0	0	0	0	0	0	0	0	0	
