NODE	7	8	9	10	11	12	13	14	15	16	17	18	19	20	21	22	23	24	25	26	27	28	29	30	31	32	33	
N1	0.281579	0.246841	0.190648	0.129965	0.0781852	0.0414555	0.0193396	0.00792388	0.00284672	0.000895541	0.000246448	5.92889e-05	1.24644e-05	2.28973e-06	3.67609e-07	5.1601e-08	6.33722e-09	6.81649e-10	6.43182e-11	5.33742e-12	3.91263e-13	4.23274e-17	1.0281e-17	2.40741e-18	5.57896e-19	1.35712e-19	4.43702e-20	
N2	0.0237243	0.0341431	0.0531026	0.0782867	0.104742	0.125637	0.134621	0.128695	0.109707	0.0833783	0.0565014	0.0341498	0.0184197	0.00887315	0.00382127	0.00147297	0.000508913	0.000157849	4.40317e-05	1.10697e-05	2.51505e-06	5.18647e-07	9.7889e-08	1.72343e-08	2.96699e-09	5.65181e-10	1.71828e-10	
ADCANE_Nebria_brevicollis	0	0	1	0	0	0	0	0	0	0	0	0	0	0	0	0	0	0	0	0	0	0	0	0	0	0	0	
N3	0.00173806	0.00355682	0.00893464	0.0214643	0.0452618	0.0813857	0.123404	0.157018	0.167274	0.149067	0.111122	0.0693315	0.0362449	0.0159003	0.00586471	0.00182304	0.000478957	0.000106724	2.02559e-05	3.29253e-06	4.61616e-07	5.63609e-08	6.07463e-09	5.89955e-10	5.35217e-11	4.94944e-12	6.75735e-13	
N4	0.00021721	0.000414729	0.00104582	0.00277144	0.0069367	0.0156948	0.0315152	0.0557038	0.0863364	0.117141	0.139055	0.144442	0.13138	0.104752	0.0733235	0.0451441	0.0245064	0.0117653	0.005015	0.00190776	0.000652158	0.000202203	5.75716e-05	1.52954e-05	3.86761e-06	9.60594e-07	2.86178e-07	
N5	9.92171e-13	9.11326e-12	1.12469e-10	1.30236e-09	1.35915e-08	1.26003e-07	1.02616e-06	7.27008e-06	4.44168e-05	0.000232106	0.00102927	0.00384323	0.0119901	0.0310149	0.0660186	0.11482	0.162123	0.18486	0.169591	0.124963	0.0740177	0.0353856	0.0137827	0.00446809	0.00127354	0.000371847	0.000162206	
ADCATR_Perileptus_areolatus	0	0	0	0	0	0	0	0	0	0	0	0	0	0	0	0	0	0	1	0	0	0	0	0	0	0	0	
ADCATR_Bembidion_ruficorne	0	0	0	0	0	0	0	0	0	0	0	0	0	0	0	0	0	0	0	1	0	0	0	0	0	0	0	
N6	6.2211e-12	4.1763e-11	3.86705e-10	3.44855e-09	2.81318e-08	2.06756e-07	1.35581e-06	7.87132e-06	4.01965e-05	0.000179553	0.000698099	0.00235193	0.00683848	0.0170977	0.0366405	0.0671173	0.104859	0.139508	0.157922	0.152093	0.124737	0.0873257	0.0524652	0.0274103	0.0129161	0.00609237	0.00369762	
ADCATR_Trechus_quadristriatus	0	0	0	0	0	0	0	0	0	0	0	0	0	0	0	0	0	0	0	0	0	0	0	0	0	1	0	
ADCATR_Trechus_obtusus	0	0	0	0	0	0	0	0	0	0	0	0	0	0	0	0	1	0	0	0	0	0	0	0	0	0	0	
N7	0.00189691	0.00383406	0.00954923	0.0227975	0.0477393	0.0850898	0.127605	0.160184	0.167911	0.146832	0.1071	0.0651936	0.0331521	0.0141035	0.00502864	0.00150611	0.00037995	8.10007e-05	1.46526e-05	2.26087e-06	2.99651e-07	3.44547e-08	3.48892e-09	3.18815e-10	2.7481e-11	2.47244e-12	3.42581e-13	
N8	0.0393741	0.0614885	0.0992141	0.140744	0.168367	0.167803	0.138525	0.0943472	0.0528677	0.0243295	0.00918713	0.00284643	0.000724072	0.000151417	2.60773e-05	3.70701e-06	4.36125e-07	4.25915e-08	3.46414e-09	2.35503e-10	1.34353e-11	6.46154e-13	2.63586e-14	9.22568e-16	2.86317e-17	8.97695e-19	5.35648e-20	
N9	0.0415864	0.0641367	0.102143	0.143184	0.169321	0.166787	0.136013	0.0914471	0.0505418	0.0229191	0.00851903	0.00259522	0.000648352	0.000132993	2.24386e-05	3.12084e-06	3.58749e-07	3.41851e-08	2.70911e-09	1.79186e-10	9.9303e-12	4.63158e-13	1.82868e-14	6.17742e-16	1.8416e-17	5.53279e-19	3.35096e-20	
N10	0.152768	0.170074	0.183535	0.177443	0.144441	0.0949624	0.0491492	0.019741	0.00611433	0.00145924	0.000269187	3.86018e-05	4.33497e-06	3.84421e-07	2.71576e-08	1.54209e-09	7.1006e-11	2.67399e-12	8.30368e-14	2.14301e-15	4.63062e-17	8.43673e-19	1.30509e-20	1.72847e-22	1.99753e-24	2.19025e-26	3.51528e-28	
ADCATR_Bembidion_rapidum	0	0	0	1	0	0	0	0	0	0	0	0	0	0	0	0	0	0	0	0	0	0	0	0	0	0	0	
N11	0.147955	0.168514	0.186949	0.183711	0.148892	0.0949754	0.046312	0.016968	0.00462871	0.000936841	0.000140747	1.57458e-05	1.31845e-06	8.31605e-08	3.97991e-09	1.45649e-10	4.10885e-12	9.00838e-14	1.54744e-15	2.09938e-17	2.26712e-19	1.96365e-21	1.37434e-23	7.83284e-26	3.6748e-28	1.47432e-30	8.24895e-33	
N12	0.139712	0.161368	0.182973	0.184373	0.153535	0.100889	0.0508685	0.0193672	0.00552377	0.00117735	0.000187805	2.25143e-05	2.04074e-06	1.40891e-07	7.4694e-09	3.06722e-10	9.84261e-12	2.49026e-13	5.01159e-15	8.09171e-17	1.05699e-18	1.12608e-20	9.86085e-23	7.15368e-25	4.34797e-27	2.31636e-29	1.66514e-31	
N13	0.0558426	0.0834573	0.130814	0.178459	0.195732	0.166714	0.10846	0.0534872	0.0199528	0.00563999	0.00121347	0.000200029	2.54628e-05	2.52522e-06	1.9693e-07	1.21917e-08	6.04869e-10	2.42727e-11	7.94913e-13	2.14282e-14	4.79357e-16	8.9681e-18	1.41346e-19	1.88979e-21	2.15936e-23	2.1693e-25	3.16386e-27	
N14	0.00578997	0.0255415	0.106761	0.260196	0.323774	0.200912	0.0645098	0.0112962	0.00114496	7.12216e-05	2.86469e-06	7.78999e-08	1.48675e-09	2.05498e-11	2.11231e-13	1.65155e-15	1.00148e-17	4.78996e-20	1.83391e-22	5.69438e-25	1.45072e-27	3.0641e-30	5.41601e-33	8.08061e-36	1.02703e-38	1.14219e-41	1.56361e-44	
N15	0.0049524	0.027238	0.132768	0.324225	0.336651	0.144172	0.0273574	0.00251196	0.000121112	3.29506e-06	5.38142e-08	5.55983e-10	3.79819e-12	1.78118e-14	5.91959e-17	1.43282e-19	2.58619e-22	3.55321e-25	3.7836e-28	3.17272e-31	2.12494e-34	1.1512e-37	5.10252e-41	1.86944e-44	5.71463e-48	1.47131e-51	3.85632e-55	
N16	0.00120922	0.0117772	0.0975343	0.343789	0.393241	0.134804	0.0167251	0.000896623	2.37813e-05	3.45871e-07	2.98709e-09	1.63149e-11	5.92836e-14	1.4938e-16	2.7014e-19	3.60875e-22	3.64963e-25	2.85368e-28	1.7569e-31	8.65342e-35	3.4579e-38	1.13504e-41	3.09447e-45	7.07693e-49	1.36982e-52	2.26334e-56	3.75103e-60	
N17	1.53642e-05	0.000983478	0.0391548	0.454141	0.463711	0.0409926	0.000991695	9.47211e-06	4.35941e-08	1.09978e-10	1.66559e-13	1.62021e-16	1.06649e-19	4.951e-23	1.67625e-26	4.2552e-30	8.28927e-34	1.26382e-37	1.53378e-41	1.50355e-45	1.20587e-49	8.00206e-54	4.43759e-58	2.07488e-62	8.24494e-67	2.80487e-71	9.08253e-76	
ADCATR_Bembidion_obtusum	0	0	0	0	1	0	0	0	0	0	0	0	0	0	0	0	0	0	0	0	0	0	0	0	0	0	0	
ADCATR_Bembidion_properans	0	0	0	1	0	0	0	0	0	0	0	0	0	0	0	0	0	0	0	0	0	0	0	0	0	0	0	
ADCATR_Bembidion_inaequale	0	0	0	0	1	0	0	0	0	0	0	0	0	0	0	0	0	0	0	0	0	0	0	0	0	0	0	
ADCATR_Bembidion_levettei_carrianum	0	0	1	0	0	0	0	0	0	0	0	0	0	0	0	0	0	0	0	0	0	0	0	0	0	0	0	
ADCATR_Bembidion_levettei	0	0	0	0	0	0	1	0	0	0	0	0	0	0	0	0	0	0	0	0	0	0	0	0	0	0	0	
N18	0.00242874	0.00797668	0.0284805	0.0797633	0.161717	0.230537	0.228121	0.156031	0.0738932	0.0243666	0.00564085	0.00092577	0.000108882	9.28297e-06	5.80654e-07	2.69817e-08	9.43444e-10	2.51484e-11	5.17712e-13	8.33634e-15	1.06292e-16	1.08577e-18	8.98408e-21	6.08402e-23	3.4057e-25	1.60826e-27	9.74219e-30	
N19	0.000210936	0.00101725	0.005404	0.0229588	0.0707871	0.152498	0.226895	0.233182	0.166365	0.0829451	0.0290839	0.00721038	0.00126892	0.000158977	1.42185e-05	9.11624e-07	4.22204e-08	1.42965e-09	3.59522e-11	6.83197e-13	9.9837e-15	1.14085e-16	1.03535e-18	7.56917e-21	4.52047e-23	2.27445e-25	1.47529e-27	
ADCATR_Bembidion_planatum	0	0	0	1	0	0	0	0	0	0	0	0	0	0	0	0	0	0	0	0	0	0	0	0	0	0	0	
ADCATR_Bembidion_lampros	0	0	0	0	0	0	0	0	0	0	0	0	0	0	0	1	0	0	0	0	0	0	0	0	0	0	0	
N20	0.000819439	0.0046686	0.0296787	0.12232	0.277032	0.316869	0.181909	0.0557443	0.0098197	0.00106152	7.42927e-05	3.51607e-06	1.16625e-07	2.79332e-09	4.95523e-11	6.65445e-13	6.89514e-15	5.60589e-17	3.62987e-19	1.89701e-21	8.09805e-24	2.85448e-26	8.39019e-29	2.07494e-31	4.35396e-34	7.87107e-37	1.71469e-39	
ADCATR_Bembidion_concolor	0	0	0	0	1	0	0	0	0	0	0	0	0	0	0	0	0	0	0	0	0	0	0	0	0	0	0	
ADCATR_Bembidion_californicum	0	0	0	0	0	1	0	0	0	0	0	0	0	0	0	0	0	0	0	0	0	0	0	0	0	0	0	
N21	0.00124395	0.00798985	0.0460217	0.157463	0.297426	0.296957	0.150241	0.0375382	0.00477384	0.000332039	1.36321e-05	3.52946e-07	6.08301e-09	7.29114e-11	6.29799e-13	4.03711e-15	1.968e-17	7.44804e-20	2.22742e-22	5.34497e-25	1.04295e-27	1.6744e-30	2.23506e-33	2.5052e-36	2.38802e-39	2.01628e-42	2.07019e-45	
N22	0.00117431	0.00813195	0.0488277	0.167742	0.308687	0.293221	0.137836	0.0308855	0.00330769	0.000181852	5.57942e-06	1.02772e-07	1.20642e-09	9.47125e-12	5.17197e-14	2.02918e-16	5.87732e-19	1.28593e-21	2.16777e-24	2.86418e-27	3.01092e-30	2.55192e-33	1.76456e-36	1.00605e-39	4.77583e-43	1.90889e-46	8.03127e-50	
ADCATR_Bembidion_confusum	0	0	0	0	0	0	0	1	0	0	0	0	0	0	0	0	0	0	0	0	0	0	0	0	0	0	0	
ADCATR_Bembidion_lapponicum	0	1	0	0	0	0	0	0	0	0	0	0	0	0	0	0	0	0	0	0	0	0	0	0	0	0	0	
ADCATR_Bembidion_balli	0	0	0	0	0	0	1	0	0	0	0	0	0	0	0	0	0	0	0	0	0	0	0	0	0	0	0	
N23	0.185384	0.199875	0.202591	0.177749	0.126067	0.069017	0.0283764	0.00863902	0.00193736	0.000320251	3.92011e-05	3.57872e-06	2.45791e-07	1.28236e-08	5.13404e-10	1.59361e-11	3.87445e-13	7.4519e-15	1.14482e-16	1.41785e-18	1.42813e-20	1.17972e-22	8.05566e-25	4.58128e-27	2.18641e-29	8.93942e-32	4.74807e-34	
N24	0.176045	0.192651	0.20008	0.180576	0.131887	0.0744158	0.0315938	0.00996515	0.00232611	0.000402567	5.1941e-05	5.03579e-06	3.70301e-07	2.08624e-08	9.09995e-10	3.1056e-11	8.37866e-13	1.80503e-14	3.13517e-16	4.43094e-18	5.14017e-20	4.93502e-22	3.95196e-24	2.65952e-26	1.51767e-28	7.60331e-31	5.17081e-33	
N25	0.0500396	0.0972252	0.184617	0.252985	0.226725	0.128977	0.0466231	0.0109126	0.00169947	0.000181355	1.36434e-05	7.42719e-07	2.99512e-08	9.13598e-10	2.14737e-11	3.95408e-13	5.78875e-15	6.82773e-17	6.566e-19	5.20407e-21	3.43286e-23	1.90159e-25	8.918e-28	3.56754e-30	1.22635e-32	3.68853e-35	1.42276e-37	
N26	0.00421841	0.0194352	0.0865358	0.235011	0.335577	0.230055	0.0752754	0.0126381	0.001185	6.68125e-05	2.40594e-06	5.81018e-08	9.7922e-10	1.19037e-11	1.07304e-13	7.34353e-16	3.89337e-18	1.62745e-20	5.44664e-23	1.4794e-25	3.30083e-28	6.11544e-31	9.49985e-34	1.24825e-36	1.39849e-39	1.34908e-42	1.47318e-45	
ADCATR_Bembidion_bellorum	0	0	0	0	0	1	0	0	0	0	0	0	0	0	0	0	0	0	0	0	0	0	0	0	0	0	0	
ADCATR_Bembidion_louisella	0	0	0	0	1	0	0	0	0	0	0	0	0	0	0	0	0	0	0	0	0	0	0	0	0	0	0	
N27	0.0004657	0.0112029	0.160862	0.666508	0.15134	0.0093734	0.000244437	3.2915e-06	2.5798e-08	1.2745e-10	4.20342e-13	9.66911e-16	1.60608e-18	1.98178e-21	1.86e-24	1.35474e-27	7.79072e-31	3.59074e-34	1.34396e-37	4.1326e-41	1.05483e-44	2.25561e-48	4.07446e-52	6.26396e-56	8.25268e-60	9.41762e-64	1.1375e-67	
ADCATR_Bembidion_rothfelsi	0	0	0	1	0	0	0	0	0	0	0	0	0	0	0	0	0	0	0	0	0	0	0	0	0	0	0	
ADCATR_Bembidion_chalceum	0	0	0	1	0	0	0	0	0	0	0	0	0	0	0	0	0	0	0	0	0	0	0	0	0	0	0	
N28	3.16165e-12	5.82538e-09	6.34504e-06	0.00330796	0.552692	0.442297	0.00169424	2.07624e-06	1.21499e-09	4.05097e-13	8.4932e-17	1.19114e-20	1.16471e-24	8.17252e-29	4.19954e-33	1.60293e-37	4.5875e-42	9.89738e-47	1.61246e-51	1.97992e-56	1.82163e-61	1.24279e-66	6.18627e-72	2.19374e-77	5.36145e-83	8.77015e-89	1.07792e-94	
ADCATR_Bembidion_americanum	0	0	0	0	1	0	0	0	0	0	0	0	0	0	0	0	0	0	0	0	0	0	0	0	0	0	0	
ADCATR_Bembidion_bifossulatum	0	0	0	0	0	1	0	0	0	0	0	0	0	0	0	0	0	0	0	0	0	0	0	0	0	0	0	
N29	0.223093	0.238778	0.226819	0.169631	0.092992	0.0363098	0.010061	0.001996	0.000287666	3.06213e-05	2.44842e-06	1.49469e-07	7.0743e-09	2.63316e-10	7.8101e-12	1.86849e-13	3.64606e-15	5.86291e-17	7.84254e-19	8.80303e-21	8.35839e-23	6.76314e-25	4.69557e-27	2.81524e-29	1.46702e-31	6.77747e-34	4.24109e-36	
N30	0.0895063	0.336054	0.438405	0.126848	0.00896179	0.000221916	2.43511e-06	1.37484e-08	4.42151e-11	8.71771e-14	1.11403e-16	9.63656e-20	5.84226e-23	2.55392e-26	8.359e-30	7.86241e-33	1.31657e-34	1.76756e-36	1.89169e-38	1.76196e-40	1.45521e-42	1.07247e-44	7.08726e-47	4.21808e-49	2.27048e-51	1.11473e-53	5.96129e-56	
N31	0.147601	0.605609	0.22961	0.0168293	0.000347965	2.74185e-06	1.01026e-08	2.00022e-11	2.34786e-14	1.75665e-17	8.85389e-21	3.13978e-24	8.1129e-28	1.57195e-31	2.33936e-35	2.72877e-39	2.5386e-43	1.9121e-47	1.18148e-51	6.05843e-56	2.60497e-60	9.48342e-65	2.95808e-69	8.15826e-74	2.29833e-78	1.02823e-82	1.05858e-86	
ADCATR_Bembidion_honestum	0	1	0	0	0	0	0	0	0	0	0	0	0	0	0	0	0	0	0	0	0	0	0	0	0	0	0	
ADCATR_Bembidion_integrum	0	1	0	0	0	0	0	0	0	0	0	0	0	0	0	0	0	0	0	0	0	0	0	0	0	0	0	
N32	0.0743884	0.306398	0.463258	0.145466	0.0102506	0.000236826	2.29504e-06	1.09362e-08	2.85937e-11	4.44442e-14	4.36619e-17	2.8455e-20	1.27946e-23	4.10092e-27	9.78432e-31	3.18452e-34	9.96386e-37	5.22055e-39	2.42195e-41	9.90881e-44	3.60439e-46	1.17332e-48	3.43758e-51	9.1108e-54	2.1945e-56	4.82497e-59	1.06387e-61	
ADCATR_Bembidion_rufotinctum	0	0	1	0	0	0	0	0	0	0	0	0	0	0	0	0	0	0	0	0	0	0	0	0	0	0	0	
ADCATR_Bembidion_arenobilis	0	0	0	1	0	0	0	0	0	0	0	0	0	0	0	0	0	0	0	0	0	0	0	0	0	0	0	
ADCATR_Bembidion_antiquum	0	0	0	1	0	0	0	0	0	0	0	0	0	0	0	0	0	0	0	0	0	0	0	0	0	0	0	
N33	0.128893	0.147873	0.167806	0.173055	0.152895	0.112012	0.0669715	0.0324533	0.0127168	0.00403016	0.00103464	0.000215711	3.66393e-05	5.08856e-06	5.80173e-07	5.45377e-08	4.24585e-09	2.75024e-10	1.48923e-11	6.77334e-13	2.59987e-14	8.4616e-16	2.34601e-17	5.56764e-19	1.13972e-20	2.10722e-22	6.0963e-24	
N34	0.0675827	0.0895739	0.123646	0.156306	0.170046	0.154469	0.115206	0.0698336	0.0341992	0.0134902	0.00428262	0.00109506	0.000225993	3.77564e-05	5.12564e-06	5.67837e-07	5.15755e-08	3.85968e-09	2.392e-10	1.23404e-11	5.32739e-13	1.93451e-14	5.93916e-16	1.54978e-17	3.46521e-19	6.95779e-21	2.19215e-22	
N35	0.00201515	0.00471115	0.0136704	0.0361188	0.0786771	0.136647	0.186409	0.198029	0.162966	0.103578	0.0507883	0.0192225	0.00562702	0.00127824	0.00022633	3.14054e-05	3.43606e-06	2.98405e-07	2.07154e-08	1.15789e-09	5.24933e-11	1.94433e-12	5.92714e-14	1.49919e-15	3.19225e-17	6.10021e-19	1.75482e-20	
ADCATR_Bembidion_quadrimaculatum	0	0	0	0	0	0	0	0	0	0	0	0	1	0	0	0	0	0	0	0	0	0	0	0	0	0	0	
N36	0.00197509	0.00451906	0.0130895	0.0350816	0.0777787	0.137006	0.188386	0.200358	0.163995	0.103055	0.0496966	0.0184133	0.00525602	0.00116046	0.000199184	2.67382e-05	2.8259e-06	2.36831e-07	1.58569e-08	8.54677e-10	3.73687e-11	1.33542e-12	3.9298e-14	9.59716e-16	1.96876e-17	3.59175e-19	1.00741e-20	
ADCATR_Bembidion_tairuense	0	0	0	0	0	0	0	0	0	0	1	0	0	0	0	0	0	0	0	0	0	0	0	0	0	0	0	
ADCATR_Bembidion_articulatum	0	0	0	0	1	0	0	0	0	0	0	0	0	0	0	0	0	0	0	0	0	0	0	0	0	0	0	
N37	0.0926	0.110636	0.135632	0.156361	0.159365	0.13842	0.100358	0.0600539	0.0294873	0.0118522	0.00389932	0.00105159	0.000233083	4.26077e-05	6.44976e-06	8.12129e-07	8.54676e-08	7.55468e-09	5.63697e-10	3.56838e-11	1.926e-12	8.90703e-14	3.54663e-15	1.22255e-16	3.68998e-18	1.04206e-19	4.83648e-21	
N38	0.00859724	0.0234731	0.0676565	0.14896	0.229467	0.240234	0.169204	0.0800766	0.0256607	0.00567345	0.000887646	0.000100941	8.55699e-06	5.53202e-07	2.78265e-08	1.1083e-09	3.54928e-11	9.26315e-13	1.99379e-14	3.57683e-16	5.39909e-18	6.91586e-20	7.57624e-22	7.15251e-24	5.88428e-26	4.40489e-28	4.64563e-30	
ADCATR_Bembidion_umbratum	0	0	0	1	0	0	0	0	0	0	0	0	0	0	0	0	0	0	0	0	0	0	0	0	0	0	0	
ADCATR_Bembidion_insulatum	0	0	0	0	0	0	0	1	0	0	0	0	0	0	0	0	0	0	0	0	0	0	0	0	0	0	0	
ADCATR_Bembidion_punctulatum	0	0	0	1	0	0	0	0	0	0	0	0	0	0	0	0	0	0	0	0	0	0	0	0	0	0	0	
N39	0.231296	0.228717	0.202173	0.154088	0.098518	0.0519757	0.0224334	0.00789165	0.00226062	0.00052779	0.000100637	1.5717e-05	2.01741e-06	2.13664e-07	1.87505e-08	1.36954e-09	8.3641e-11	4.29122e-12	1.8583e-13	6.82448e-15	2.13538e-16	5.71922e-18	1.31728e-19	2.62319e-21	4.56643e-23	7.34131e-25	1.79736e-26	
N40	0.0202243	0.963609	0.0161009	6.59496e-05	1.16842e-07	1.12791e-10	6.70954e-14	2.6506e-17	7.3035e-21	1.45157e-24	2.13031e-28	2.34659e-32	1.96142e-36	1.25228e-40	6.12421e-45	2.2923e-49	6.53771e-54	1.40857e-58	2.26164e-63	2.65231e-68	2.2062e-73	1.24652e-78	4.47706e-84	9.16826e-90	8.75543e-96	2.37656e-102	1.59588e-35	
ADCATR_Bembidion_tibiale	0	1	0	0	0	0	0	0	0	0	0	0	0	0	0	0	0	0	0	0	0	0	0	0	0	0	0	
ADCATR_Bembidion_tetracolum	0	1	0	0	0	0	0	0	0	0	0	0	0	0	0	0	0	0	0	0	0	0	0	0	0	0	0	
N41	0.27708	0.256502	0.203128	0.135675	0.0753369	0.0343939	0.0128177	0.0038841	0.000955544	0.000190884	3.10082e-05	4.1059e-06	4.44546e-07	3.9499e-08	2.89189e-09	1.75224e-10	8.82678e-12	3.71401e-13	1.31152e-14	3.90543e-16	9.85313e-18	2.11601e-19	3.88588e-21	6.13045e-23	8.36076e-25	1.02007e-26	1.86241e-28	
N42	0.296832	0.266135	0.200017	0.126088	0.0665376	0.0293125	0.0107543	0.00328094	0.00083203	0.000175517	3.08515e-05	4.53008e-06	5.57425e-07	5.7691e-08	5.04216e-09	3.73735e-10	2.35973e-11	1.27484e-12	5.91959e-14	2.37301e-15	8.24855e-17	2.49678e-18	6.60881e-20	1.5364e-21	3.16174e-23	6.0572e-25	1.87416e-26	
N43	0.20842	0.379981	0.315446	0.0853886	0.0101015	0.000637134	2.42701e-05	6.06722e-07	1.05558e-08	1.33499e-10	1.26909e-12	9.31254e-15	5.38979e-17	2.50481e-19	9.48923e-22	2.9686e-24	7.75533e-27	1.7086e-29	3.20216e-32	5.14487e-35	7.13607e-38	8.59878e-41	9.05372e-44	8.37796e-47	6.87486e-50	5.18655e-53	4.79188e-56	
ADCATR_Bembidion_sejunctum	0	1	0	0	0	0	0	0	0	0	0	0	0	0	0	0	0	0	0	0	0	0	0	0	0	0	0	
ADCATR_Bembidion_transversale	0	0	1	0	0	0	0	0	0	0	0	0	0	0	0	0	0	0	0	0	0	0	0	0	0	0	0	
ADCATR_Bembidion_mexicanum	0	1	0	0	0	0	0	0	0	0	0	0	0	0	0	0	0	0	0	0	0	0	0	0	0	0	0	
N44	0.274795	0.257928	0.207065	0.138069	0.0747077	0.0323699	0.0111744	0.0030747	0.000676951	0.000119957	1.72273e-05	2.02012e-06	1.949e-07	1.55884e-08	1.04122e-09	5.84935e-11	2.78249e-12	1.128e-13	3.92084e-15	1.17527e-16	3.05455e-18	6.91877e-20	1.37243e-21	2.39545e-23	3.70333e-25	5.2694e-27	1.17674e-28	
ADCATR_Bembidion_decorum	0	1	0	0	0	0	0	0	0	0	0	0	0	0	0	0	0	0	0	0	0	0	0	0	0	0	0	
ADCATR_Bembidion_levigatum	0	0	0	1	0	0	0	0	0	0	0	0	0	0	0	0	0	0	0	0	0	0	0	0	0	0	0	
ADCATR_Bembidion_coxendix	0	1	0	0	0	0	0	0	0	0	0	0	0	0	0	0	0	0	0	0	0	0	0	0	0	0	0	
N45	0.00194006	0.00363496	0.00848418	0.0195604	0.0405168	0.0727942	0.111842	0.146018	0.16153	0.151253	0.119902	0.0805455	0.0459245	0.0222713	0.00920948	0.00325661	0.000987949	0.000258042	5.82584e-05	1.14209e-05	1.95469e-06	2.94141e-07	3.93167e-08	4.74448e-09	5.30932e-10	5.75585e-11	7.13667e-12	
ADCATR_Bembidion_aenulum	0	0	0	0	0	0	0	0	0	0	0	0	0	0	0	0	0	0	0	0	0	0	0	0	1	0	0	
ADCATR_Pogonus_chalceus	0	0	0	0	0	0	0	0	0	0	1	0	0	0	0	0	0	0	0	0	0	0	0	0	0	0	0	
N46	0.269336	0.245543	0.193292	0.133246	0.081	0.043527	0.0206836	0.00868776	0.00322361	0.00105609	0.000305366	7.79187e-05	1.75468e-05	3.48839e-06	6.12566e-07	9.50829e-08	1.30583e-08	1.58862e-09	1.71449e-10	1.64415e-11	1.40162e-12	1.05494e-13	6.9308e-15	3.96148e-16	2.01092e-17	9.87505e-19	7.36737e-20	
N47	0.152638	0.156874	0.153421	0.141557	0.121979	0.097225	0.0711086	0.047424	0.028707	0.0157199	0.00776959	0.003461	0.00138835	0.000501357	0.000162991	4.77202e-05	1.259e-05	2.99559e-06	6.4345e-07	1.24929e-07	2.19611e-08	3.50446e-09	5.10297e-10	6.86813e-11	8.86846e-12	1.24312e-12	2.94793e-13	
N48	0.116987	0.126836	0.135735	0.139217	0.133104	0.116111	0.0910468	0.06355	0.0392415	0.0213561	0.0102214	0.0042979	0.00158723	0.000514975	0.000146897	3.6879e-05	8.15947e-06	1.59341e-06	2.75116e-07	4.20754e-08	5.71112e-09	6.8953e-10	7.42701e-11	7.1833e-12	6.39243e-13	5.892e-14	9.75105e-15	
N49	0.0379954	0.0548191	0.0838103	0.118003	0.14593	0.155954	0.142926	0.111799	0.074407	0.0420542	0.0201669	0.00820536	0.00283468	0.000832625	0.000208335	4.45103e-05	8.14197e-06	1.27902e-06	1.73106e-07	2.0254e-08	2.05593e-09	1.81716e-10	1.40427e-11	9.54996e-13	5.83176e-14	3.5354e-15	3.70969e-16	
N50	0.103235	0.18341	0.285256	0.263099	0.127172	0.0326621	0.00472999	0.000412071	2.28806e-05	8.50018e-07	2.19927e-08	4.09671e-10	5.64809e-12	5.89897e-14	4.76039e-16	3.01904e-18	1.52702e-20	6.23976e-23	2.08339e-25	5.74176e-28	1.31804e-30	2.54092e-33	4.14567e-36	5.77347e-39	6.96889e-42	7.67501e-45	1.03329e-47	
ADCACA_Pamborus_alternans	0	0	0	1	0	0	0	0	0	0	0	0	0	0	0	0	0	0	0	0	0	0	0	0	0	0	0	
N51	0.107852	0.197681	0.302606	0.257964	0.108341	0.0228191	0.00256657	0.000165003	6.44518e-06	1.611e-07	2.69098e-09	3.11486e-11	2.57603e-13	1.56218e-15	7.10323e-18	2.46897e-20	6.67183e-23	1.42268e-25	2.42577e-28	3.34666e-31	3.77593e-34	3.51788e-37	2.73029e-40	1.77968e-43	9.81893e-47	4.63037e-50	2.3474e-53	
ADCACA_Pamborus_opacus	0	1	0	0	0	0	0	0	0	0	0	0	0	0	0	0	0	0	0	0	0	0	0	0	0	0	0	
ADCACA_Pamborus_tropicus	0	0	0	1	0	0	0	0	0	0	0	0	0	0	0	0	0	0	0	0	0	0	0	0	0	0	0	
ADCACA_Cychrus_caraboides	0	0	0	0	0	0	0	0	0	0	0	0	1	0	0	0	0	0	0	0	0	0	0	0	0	0	0	
N52	0.0772316	0.0961635	0.125057	0.152968	0.164344	0.149193	0.112025	0.068769	0.0343056	0.0138724	0.00454675	0.00120974	0.000262009	4.63603e-05	6.72998e-06	8.0525e-07	7.9804e-08	6.58395e-09	4.545e-10	2.63863e-11	1.29482e-12	5.39751e-14	1.92108e-15	5.87553e-17	1.56799e-18	3.93371e-20	1.54946e-21	
N53	0.0830876	0.101933	0.130305	0.156921	0.165629	0.146799	0.106717	0.0628542	0.0298201	0.0113745	0.00349029	0.000863509	0.000172831	2.81023e-05	3.72982e-06	4.06143e-07	3.64777e-08	2.71708e-09	1.68765e-10	8.78888e-12	3.85822e-13	1.43525e-14	4.54783e-16	1.23419e-17	2.89584e-19	6.21012e-21	2.1588e-22	
ADCACA_Carabus_punctatoauratus	0	0	0	0	0	1	0	0	0	0	0	0	0	0	0	0	0	0	0	0	0	0	0	0	0	0	0	
ADCACA_Carabus_granulatus	0	0	0	1	0	0	0	0	0	0	0	0	0	0	0	0	0	0	0	0	0	0	0	0	0	0	0	
N54	7.98149e-05	0.000569215	0.0041907	0.0222238	0.0784893	0.177797	0.257681	0.240739	0.145397	0.0564527	0.0139469	0.00219102	0.000225753	1.59099e-05	7.98132e-07	2.94912e-08	8.25809e-10	1.79438e-11	3.0861e-13	4.2724e-15	4.8302e-17	4.51567e-19	3.52957e-21	2.32984e-23	1.31424e-25	6.57973e-28	4.41651e-30	
ADCACA_Carabus_nemoralis	0	0	0	0	0	0	0	0	0	0	1	0	0	0	0	0	0	0	0	0	0	0	0	0	0	0	0	
ADCACA_Carabus_auronitens	0	0	0	0	1	0	0	0	0	0	0	0	0	0	0	0	0	0	0	0	0	0	0	0	0	0	0	
N55	0.123662	0.134339	0.143243	0.144724	0.134709	0.113377	0.0852858	0.0569271	0.0335643	0.0174298	0.00795724	0.00319021	0.00112261	0.000346695	9.39916e-05	2.23823e-05	4.68573e-06	8.63448e-07	1.40279e-07	2.01385e-08	2.56309e-09	2.90666e-10	2.96131e-11	2.74884e-12	2.38886e-13	2.09475e-14	2.72196e-15	
ADCANE_Notiophilus_sp	0	0	0	0	0	0	0	0	0	0	0	0	0	0	1	0	0	0	0	0	0	0	0	0	0	0	0	
N56	0.139255	0.148155	0.152794	0.148504	0.132572	0.106632	0.0762705	0.0480999	0.0265992	0.0128531	0.00541497	0.00198632	0.000633931	0.000175972	4.24895e-05	8.92708e-06	1.63305e-06	2.6034e-07	3.62109e-08	4.40113e-09	4.68398e-10	4.37824e-11	3.61238e-12	2.65845e-13	1.80021e-14	1.28217e-15	1.77136e-16	
N57	0.220909	0.214243	0.187438	0.147312	0.103317	0.0641977	0.0351108	0.0168121	0.00702042	0.00255004	0.000804571	0.000220411	5.24458e-05	1.08499e-05	1.95438e-06	3.07085e-07	4.21783e-08	5.07576e-09	5.36486e-10	4.99304e-11	4.10257e-12	2.98402e-13	1.92711e-14	1.11029e-15	5.7961e-17	2.99671e-18	2.73292e-19	
N58	0.176583	0.187099	0.187188	0.167538	0.128501	0.08222	0.0432692	0.0186199	0.00654683	0.00188499	0.000446214	8.72786e-05	1.41845e-05	1.92659e-06	2.19977e-07	2.12377e-08	1.74359e-09	1.22398e-10	7.38574e-12	3.85033e-13	1.74256e-14	6.878e-16	2.37818e-17	7.23648e-19	1.95424e-20	4.95182e-22	2.10067e-23	
ADCACA_Calosoma_inquistor	0	0	0	0	1	0	0	0	0	0	0	0	0	0	0	0	0	0	0	0	0	0	0	0	0	0	0	
ADCABR_Promecoderus_sp	0	0	0	1	0	0	0	0	0	0	0	0	0	0	0	0	0	0	0	0	0	0	0	0	0	0	0	
N59	0.31462	0.290292	0.21425	0.11775	0.0466033	0.0132571	0.00274894	0.000423852	4.96155e-05	4.49652e-06	3.21127e-07	1.83588e-08	8.51951e-10	3.24874e-11	1.02913e-12	2.73461e-14	6.14836e-16	1.17885e-17	1.9412e-19	2.76309e-21	3.4198e-23	3.70047e-25	3.5192e-27	2.95922e-29	2.22706e-31	1.5757e-33	1.57147e-35	
ADCAPS_Mecyclothorax_sp	0	1	0	0	0	0	0	0	0	0	0	0	0	0	0	0	0	0	0	0	0	0	0	0	0	0	0	
ADCAPS_Amblytelus_curtus	0	0	1	0	0	0	0	0	0	0	0	0	0	0	0	0	0	0	0	0	0	0	0	0	0	0	0	
N60	0.13808	0.145775	0.149009	0.14439	0.129811	0.106365	0.0784008	0.0515229	0.0300139	0.0154423	0.0070023	0.00279518	0.000981817	0.000303481	8.25861e-05	1.98009e-05	4.187e-06	7.81788e-07	1.29082e-07	1.88783e-08	2.45075e-09	2.83292e-10	2.93324e-11	2.75964e-12	2.45345e-13	2.30569e-14	3.39595e-15	
ADCASC_Clivina_sp	0	0	0	0	0	0	0	0	1	0	0	0	0	0	0	0	0	0	0	0	0	0	0	0	0	0	0	
ADCAPA_Penetretus_sp	0	0	0	1	0	0	0	0	0	0	0	0	0	0	0	0	0	0	0	0	0	0	0	0	0	0	0	
N61	0.247595	0.232321	0.191548	0.139551	0.0902305	0.0519552	0.0267114	0.0122856	0.00506228	0.0018707	0.000620493	0.000184871	4.95133e-05	1.19301e-05	2.58838e-06	5.06223e-07	8.93607e-08	1.42606e-08	2.06161e-09	2.70739e-10	3.24221e-11	3.56016e-12	3.61327e-13	3.42875e-14	3.09854e-15	2.82276e-16	3.88673e-17	
ADCASC_Dyschirius_sp	0	0	0	0	1	0	0	0	0	0	0	0	0	0	0	0	0	0	0	0	0	0	0	0	0	0	0	
N62	0.247951	0.23311	0.192681	0.140465	0.0904333	0.0514319	0.0258303	0.0114487	0.00447555	0.00154236	0.000468437	0.000125379	2.95794e-05	6.15381e-06	1.12973e-06	1.83168e-07	2.62556e-08	3.33123e-09	3.74597e-10	3.73869e-11	3.31689e-12	2.62003e-13	1.84612e-14	1.16427e-15	6.66387e-17	3.79762e-18	3.90748e-19	
N63	0.243817	0.230942	0.193214	0.142648	0.0926671	0.0527839	0.0262776	0.0114035	0.00430556	0.00141263	0.0004025	9.95862e-05	2.14029e-05	3.99843e-06	6.49969e-07	9.20551e-08	1.13773e-08	1.22935e-09	1.16392e-10	9.68221e-12	7.1021e-13	4.61736e-14	2.68281e-15	1.41433e-16	6.98437e-18	3.52493e-19	2.84999e-20	
N64	0.188512	0.187991	0.17346	0.147225	0.114183	0.0804667	0.0513213	0.0295524	0.015346	0.00718448	0.00303357	0.00115618	0.00039819	0.000124087	3.50418e-05	8.98234e-06	2.09382e-06	4.44801e-07	8.63373e-08	1.53649e-08	2.51948e-09	3.83629e-10	5.49433e-11	7.56546e-12	1.03914e-12	1.51468e-13	2.9378e-14	
N65	0.00036348	0.000734404	0.00186085	0.00469506	0.0109002	0.0226916	0.0419604	0.0686383	0.0990959	0.126082	0.141219	0.139139	0.120537	0.0918006	0.0614738	0.0362123	0.0187793	0.00858284	0.003462	0.00123471	0.000390342	0.00010983	2.77244e-05	6.39915e-06	1.42112e-06	3.50085e-07	1.37726e-07	
ADCACA_Carabus_problematicus	0	0	0	0	0	0	0	0	0	1	0	0	0	0	0	0	0	0	0	0	0	0	0	0	0	0	0	
ADCALO_Loricera_pilicornis	0	0	0	0	0	0	0	0	0	0	0	0	0	0	0	0	1	0	0	0	0	0	0	0	0	0	0	
ADCAHA_Demetrias_atricapillus	0	1	0	0	0	0	0	0	0	0	0	0	0	0	0	0	0	0	0	0	0	0	0	0	0	0	0	
N66	0.251559	0.236192	0.194459	0.140515	0.0889952	0.0492843	0.0237988	0.00999518	0.00364332	0.00115082	0.000314704	7.44762e-05	1.52545e-05	2.70573e-06	4.15979e-07	5.55003e-08	6.43587e-09	6.49776e-10	5.72302e-11	4.40742e-12	2.97606e-13	1.76861e-14	9.30678e-16	4.38906e-17	1.90721e-18	8.27747e-20	5.72356e-21	
N67	0.154902	0.157569	0.151572	0.137528	0.117267	0.0936087	0.0697198	0.048322	0.0311052	0.0185707	0.0102742	0.00526463	0.00249793	0.00109742	0.000446483	0.000168266	5.87671e-05	1.90315e-05	5.71991e-06	1.59765e-06	4.15727e-07	1.01256e-07	2.33119e-08	5.18221e-09	1.16655e-09	2.98224e-10	1.18009e-10	
ADCABR_Brachinus_sp	0	0	0	1	0	0	0	0	0	0	0	0	0	0	0	0	0	0	0	0	0	0	0	0	0	0	0	
ADCABR_Pheropsophus_sp	0	0	0	0	0	0	0	0	0	1	0	0	0	0	0	0	0	0	0	0	0	0	0	0	0	0	0	
N68	0.255766	0.238966	0.194978	0.139201	0.0869406	0.0474385	0.0225723	0.00934935	0.00336613	0.00105251	0.000285705	6.73434e-05	1.37933e-05	2.45776e-06	3.81561e-07	5.17053e-08	6.12845e-09	6.36806e-10	5.81571e-11	4.68141e-12	3.33296e-13	2.10864e-14	1.19432e-15	6.13691e-17	2.93502e-18	1.39123e-19	9.89448e-21	
ADCABR_Aptinus_displosor	0	1	0	0	0	0	0	0	0	0	0	0	0	0	0	0	0	0	0	0	0	0	0	0	0	0	0	
N69	0.260115	0.246358	0.20319	0.142947	0.0840302	0.0406284	0.0159934	0.00509791	0.00131315	0.000273474	4.61471e-05	6.33079e-06	7.09008e-07	6.51242e-08	4.93035e-09	3.09225e-10	1.61498e-11	7.0597e-13	2.5961e-14	8.07109e-16	2.13178e-17	4.8074e-19	9.30649e-21	1.55804e-22	2.29391e-24	3.19904e-26	6.97029e-28	
N70	0.250433	0.23627	0.195793	0.141999	0.0896207	0.0489555	0.0230517	0.00933516	0.00324938	0.000972942	0.000251067	5.59817e-05	1.08198e-05	1.8189e-06	2.66925e-07	3.43214e-08	3.88094e-09	3.87336e-10	3.42433e-11	2.69128e-12	1.88744e-13	1.18659e-14	6.73525e-16	3.5044e-17	1.73772e-18	9.11272e-20	7.04564e-21	
N71	0.183938	0.186767	0.177103	0.153952	0.120305	0.0831231	0.0501586	0.0262123	0.0118009	0.00456357	0.00151402	0.000430911	0.000105303	2.21283e-05	4.00645e-06	6.26445e-07	8.48073e-08	9.96785e-09	1.02007e-09	9.11594e-11	7.13561e-12	4.90827e-13	2.97913e-14	1.60863e-15	7.93198e-17	3.96309e-18	3.20875e-19	
ADCAHA_Galerita_sp	0	0	0	0	0	0	1	0	0	0	0	0	0	0	0	0	0	0	0	0	0	0	0	0	0	0	0	
N72	0.189857	0.192146	0.180879	0.155225	0.118845	0.0796853	0.0461352	0.0228395	0.00960719	0.00342111	0.00102955	0.000261756	5.62644e-05	1.024e-05	1.58118e-06	2.07653e-07	2.32577e-08	2.22816e-09	1.83156e-10	1.29592e-11	7.91817e-13	4.19184e-14	1.92951e-15	7.75878e-17	2.75981e-18	9.3628e-20	5.51131e-21	
ADCAHA_Anthia_sp	0	0	1	0	0	0	0	0	0	0	0	0	0	0	0	0	0	0	0	0	0	0	0	0	0	0	0	
N73	0.150054	0.161618	0.168332	0.161847	0.138031	0.101559	0.0633677	0.0332042	0.0145397	0.00531086	0.00161851	0.000412188	8.79432e-05	1.57696e-05	2.38524e-06	3.05527e-07	3.32788e-08	3.0955e-09	2.46943e-10	1.69675e-11	1.00838e-12	5.20501e-14	2.34307e-15	9.23999e-17	3.22313e-18	1.06189e-19	5.98621e-21	
ADCAHA_Drypta_sp	0	0	0	0	0	1	0	0	0	0	0	0	0	0	0	0	0	0	0	0	0	0	0	0	0	0	0	
ADCAHA_Macrocheilus_sp	0	0	0	0	1	0	0	0	0	0	0	0	0	0	0	0	0	0	0	0	0	0	0	0	0	0	0	
ADCAHA_Sphallomorpha_sp	0	1	0	0	0	0	0	0	0	0	0	0	0	0	0	0	0	0	0	0	0	0	0	0	0	0	0	
N74	0.24204	0.237539	0.206663	0.152841	0.0926038	0.0448037	0.0170454	0.00505746	0.00116598	0.000208703	2.90336e-05	3.14629e-06	2.66438e-07	1.76987e-08	9.26176e-10	3.83578e-11	1.26338e-12	3.32603e-14	7.03501e-16	1.2018e-17	1.66707e-19	1.88827e-21	1.75728e-23	1.35411e-25	8.75103e-28	4.94773e-30	3.94296e-32	
N75	0.223353	0.223174	0.201246	0.157388	0.103263	0.0556143	0.0242924	0.00856049	0.00243132	0.000557505	0.000103561	1.56536e-05	1.93516e-06	1.96732e-07	1.65398e-08	1.15651e-09	6.76355e-11	3.3267e-12	1.38363e-13	4.89237e-15	1.47869e-16	3.84334e-18	8.65869e-20	1.71372e-21	3.06874e-23	5.39651e-25	1.32292e-26	
N76	0.145255	0.160555	0.171094	0.165139	0.139241	0.100861	0.0623327	0.0327858	0.0146724	0.00559144	0.00181726	0.000504716	0.000120068	2.45283e-05	4.3147e-06	6.55401e-07	8.62178e-08	9.85158e-09	9.80736e-10	8.53343e-11	6.51296e-12	4.3803e-13	2.61422e-14	1.40265e-15	6.96208e-17	3.46172e-18	2.5626e-19	
N77	0.196155	0.194425	0.17743	0.148283	0.11263	0.0771439	0.0473114	0.0258312	0.0125006	0.0053452	0.00201532	0.000669187	0.000195593	5.03245e-05	1.14033e-05	2.27754e-06	4.01375e-07	6.24957e-08	8.60999e-09	1.05127e-09	1.1397e-10	1.09962e-11	9.47849e-13	7.36752e-14	5.32674e-15	4.07369e-16	5.81968e-17	
N78	0.191994	0.190646	0.174769	0.147322	0.113476	0.0793082	0.0499565	0.0281977	0.0141964	0.00635323	0.0025214	0.000886114	0.000275573	7.58301e-05	1.847e-05	3.98512e-06	7.62456e-07	1.2952e-07	1.95634e-08	2.63173e-09	3.15911e-10	3.39274e-11	3.27567e-12	2.87843e-13	2.3896e-14	2.11069e-15	3.05813e-16	
ADCAHA_Dicrochile_sp	0	0	0	0	1	0	0	0	0	0	0	0	0	0	0	0	0	0	0	0	0	0	0	0	0	0	0	
ADCAHA_Sarothrocrepis_sp	0	0	0	0	0	1	0	0	0	0	0	0	0	0	0	0	0	0	0	0	0	0	0	0	0	0	0	
ADCAHA_Lebia_sp	0	1	0	0	0	0	0	0	0	0	0	0	0	0	0	0	0	0	0	0	0	0	0	0	0	0	0	
N79	2.14517e-07	1.33229e-06	1.00989e-05	6.67847e-05	0.000367516	0.00166448	0.00616768	0.0186061	0.0454888	0.0897598	0.142444	0.181276	0.184616	0.15028	0.0977493	0.0508382	0.0211748	0.00708069	0.0019072	0.000415485	7.35597e-05	1.06436e-05	1.26744e-06	1.25606e-07	1.06684e-08	8.73624e-10	1.18796e-10	
N80	1.25628e-08	6.79913e-08	5.72902e-07	4.62972e-06	3.21748e-05	0.000187366	0.000905323	0.00360585	0.0117712	0.0313293	0.0676548	0.118038	0.165801	0.187011	0.169111	0.122551	0.0712257	0.0332639	0.0125211	0.00381399	0.000944637	0.000191293	3.18829e-05	4.41945e-06	5.24716e-07	6.07081e-08	1.19089e-08	
ADCAHA_Diplocheila_sp	0	0	0	0	0	0	0	0	0	0	0	0	0	0	0	1	0	0	0	0	0	0	0	0	0	0	0	
ADCAHA_Dromius_sp	0	0	0	0	0	0	0	0	0	0	0	0	0	0	1	0	0	0	0	0	0	0	0	0	0	0	0	
N81	8.45744e-09	6.60427e-08	7.19193e-07	7.11337e-06	5.78462e-05	0.000375861	0.00193042	0.00779068	0.0246025	0.0606014	0.116167	0.173039	0.200157	0.17981	0.125554	0.0682472	0.0289423	0.00960369	0.00250267	0.000514573	8.39765e-05	1.0965e-05	1.15888e-06	1.01048e-07	7.54364e-09	5.32689e-10	5.83487e-11	
N82	1.17699e-09	8.44223e-09	9.70325e-08	1.04346e-06	9.39682e-06	6.90342e-05	0.000409628	0.00195143	0.00743062	0.0225391	0.0543269	0.103892	0.157518	0.189372	0.18069	0.137054	0.082833	0.0400132	0.0155088	0.00484695	0.00122934	0.00025528	4.39712e-05	6.41638e-06	8.23528e-07	9.99259e-08	1.46067e-08	
ADCAHA_Apenes_sp	0	0	0	0	0	0	0	0	0	0	0	0	0	0	0	0	0	0	0	0	0	0	1	0	0	0	0	
ADCAPS_Olisthopus_sp	0	0	0	0	0	0	0	0	0	0	0	0	0	0	0	0	0	1	0	0	0	0	0	0	0	0	0	
N83	6.09953e-07	5.19628e-06	5.578e-05	0.000499517	0.00339116	0.0167326	0.0583077	0.140107	0.227662	0.247233	0.179447	0.0881208	0.0298712	0.00715282	0.00123792	0.000158172	1.52093e-05	1.1196e-06	6.40662e-08	2.88901e-09	1.03942e-10	3.01765e-12	7.14525e-14	1.39589e-15	2.29396e-17	3.3901e-19	7.09875e-21	
ADCAHA_Syntomus_sp	0	0	0	0	0	1	0	0	0	0	0	0	0	0	0	0	0	0	0	0	0	0	0	0	0	0	0	
N84	2.38423e-10	9.49344e-09	4.33359e-07	1.41255e-05	0.00029995	0.00392744	0.0300383	0.126857	0.280892	0.315528	0.179592	0.0533306	0.0086614	0.000810925	4.60425e-05	1.65935e-06	3.95045e-08	6.43133e-10	7.37715e-12	6.11921e-14	3.75474e-16	1.73866e-18	6.18402e-21	1.71633e-23	3.77145e-26	6.71346e-29	1.37481e-31	
N85	2.30445e-13	2.91131e-11	3.79742e-09	3.31837e-07	1.79968e-05	0.000567416	0.00960755	0.0791462	0.281767	0.386276	0.198304	0.0404657	0.00367635	0.00016634	4.1178e-06	6.01681e-08	5.51621e-10	3.33492e-12	1.38513e-14	4.08986e-17	8.83625e-20	1.43175e-22	1.7771e-25	1.7211e-28	1.32189e-31	8.2066e-35	5.45946e-38	
ADCAHA_Calathus_freyi	0	0	0	0	0	0	0	0	0	1	0	0	0	0	0	0	0	0	0	0	0	0	0	0	0	0	0	
N86	4.03295e-14	7.02501e-12	1.23187e-09	1.40412e-07	9.70827e-06	0.000379888	0.00771978	0.0731356	0.28349	0.396345	0.198412	0.0374053	0.00298591	0.000113825	2.29421e-06	2.65446e-08	1.88361e-10	8.6493e-13	2.68586e-15	5.85075e-18	9.2206e-21	1.07925e-23	9.59601e-27	6.60926e-30	3.587e-33	1.56004e-36	6.84313e-40	
N87	2.32317e-21	5.18598e-18	9.86107e-15	1.22208e-11	9.1586e-09	3.77197e-06	0.000739773	0.0540658	0.851466	0.091642	0.00206575	1.65594e-05	5.99711e-08	1.13468e-10	1.24049e-13	8.44402e-17	3.79114e-20	1.17514e-23	2.60952e-27	4.27963e-31	5.31702e-35	5.11315e-39	3.87667e-43	2.35438e-47	1.16133e-51	4.71513e-56	1.8247e-60	
ADCAHA_Calathus_auctus	0	0	0	0	0	0	0	0	1	0	0	0	0	0	0	0	0	0	0	0	0	0	0	0	0	0	0	
ADCAHA_Calathus_ascendens	0	0	0	0	0	0	0	0	1	0	0	0	0	0	0	0	0	0	0	0	0	0	0	0	0	0	0	
ADCAHA_Calathus_circumseptus	0	0	0	0	0	0	0	0	0	0	1	0	0	0	0	0	0	0	0	0	0	0	0	0	0	0	0	
N88	5.58896e-12	5.14265e-10	4.85082e-08	2.929e-06	0.000105573	0.00213899	0.0228368	0.120399	0.297264	0.335123	0.173763	0.04278	0.00523887	0.000336664	1.19964e-05	2.49889e-07	3.19395e-09	2.61578e-11	1.42609e-13	5.35193e-16	1.42373e-18	2.75469e-21	3.96542e-24	4.33282e-27	3.65797e-30	2.42847e-33	1.61805e-36	
N89	4.27626e-12	2.52094e-10	1.70156e-08	8.12003e-07	2.5831e-05	0.000522396	0.0063659	0.0440791	0.163599	0.310334	0.293971	0.140748	0.0351731	0.00478855	0.00037415	1.77173e-05	5.35086e-07	1.07829e-08	1.50749e-10	1.51162e-12	1.1186e-14	6.26013e-17	2.70612e-19	9.20354e-22	2.50304e-24	5.55976e-27	1.43108e-29	
ADCAHA_Colliuris_pennsylvanica	0	0	0	0	0	0	0	0	0	0	0	0	1	0	0	0	0	0	0	0	0	0	0	0	0	0	0	
N90	6.07586e-20	4.74387e-17	3.4764e-14	1.75135e-11	5.68803e-09	1.11306e-06	0.000119741	0.006188	0.123108	0.61111	0.241354	0.0176672	0.000446795	5.13164e-06	3.12406e-08	1.11525e-10	2.5096e-13	3.7601e-16	3.9167e-19	2.93749e-22	1.63291e-25	6.89404e-29	2.25706e-32	5.83389e-36	1.20928e-39	2.04516e-43	3.48068e-47	
ADCAHA_Calathus_brevis	0	0	0	0	0	0	0	0	0	1	0	0	0	0	0	0	0	0	0	0	0	0	0	0	0	0	0	
N91	3.9528e-28	4.68374e-24	4.23536e-20	2.48425e-16	8.85772e-13	1.75827e-09	1.71154e-06	0.000668488	0.0719574	0.67082	0.252854	0.00368635	1.27094e-05	1.62487e-08	9.68719e-12	3.10275e-15	5.8811e-19	7.07744e-23	5.70428e-27	3.21094e-31	1.30556e-35	3.94171e-40	9.04218e-45	1.60684e-49	2.24881e-54	2.51413e-59	2.42772e-64	
N92	1.65364e-34	1.60464e-29	1.10132e-24	4.8161e-20	1.25651e-15	1.78167e-11	1.19268e-07	0.000297669	0.16987	0.816071	0.0137453	1.58148e-05	4.67128e-09	5.4016e-13	3.03487e-17	9.4485e-22	1.77969e-26	2.15839e-31	1.7646e-36	1.00682e-41	4.11702e-47	1.23143e-52	2.73644e-58	4.56996e-64	5.78145e-70	5.57257e-76	5.15147e-82	
N93	2.31383e-48	1.18453e-41	3.26771e-35	4.84808e-29	3.80481e-23	1.49676e-17	2.64295e-12	1.70453e-07	0.00252191	0.997105	0.000372539	1.61463e-08	1.93463e-13	9.03952e-19	1.95599e-24	2.15896e-30	1.2743e-36	4.07407e-43	6.9137e-50	5.78264e-57	2.03035e-64	1.88918e-72	1.49268e-51	1.51995e-53	1.39271e-55	1.14911e-57	8.591e-60	
ADCAHA_Calathus_rectus	0	0	0	0	0	0	0	0	0	1	0	0	0	0	0	0	0	0	0	0	0	0	0	0	0	0	0	
ADCAHA_Calathus_asturiensis	0	0	0	0	0	0	0	0	0	1	0	0	0	0	0	0	0	0	0	0	0	0	0	0	0	0	0	
ADCAHA_Calathus_ambiguus	0	0	0	0	0	0	0	0	1	0	0	0	0	0	0	0	0	0	0	0	0	0	0	0	0	0	0	
ADCAHA_Calathus_micropterus	0	0	0	0	0	0	0	0	0	0	1	0	0	0	0	0	0	0	0	0	0	0	0	0	0	0	0	
N94	4.91914e-12	6.82195e-10	8.74955e-08	6.62592e-06	0.000273165	0.00567216	0.0546122	0.225788	0.379994	0.255369	0.069703	0.0081334	0.000435984	1.16065e-05	1.65315e-07	1.34671e-09	6.64852e-12	2.09024e-14	4.36571e-17	6.28055e-20	6.41949e-23	4.78842e-26	2.66792e-29	1.13311e-32	3.7346e-36	9.71104e-40	2.40201e-43	
N95	2.03651e-11	1.7444e-09	1.53358e-07	8.66924e-06	0.000289186	0.00527528	0.0483044	0.203373	0.366983	0.275091	0.0872737	0.012491	0.000877178	3.28747e-05	7.08829e-07	9.37382e-09	8.02146e-11	4.6448e-13	1.88935e-15	5.57172e-18	1.22356e-20	2.04727e-23	2.66204e-26	2.73648e-29	2.25766e-32	1.52201e-35	1.11659e-38	
N96	1.43582e-24	6.19499e-21	2.34904e-17	6.02483e-14	9.68014e-11	8.99677e-08	4.31566e-05	0.0088496	0.519449	0.465261	0.0063721	2.51224e-05	4.26793e-08	3.77608e-11	1.94997e-14	6.35038e-18	1.38002e-21	2.08949e-25	2.28066e-29	1.84462e-33	1.13087e-37	5.35519e-42	1.99019e-46	5.88355e-51	1.39974e-55	2.71516e-60	5.05236e-65	
ADCAHA_Calathus_erratus	0	0	0	0	0	0	0	0	1	0	0	0	0	0	0	0	0	0	0	0	0	0	0	0	0	0	0	
ADCAHA_Calathus_rotundatus	0	0	0	0	0	0	0	0	0	1	0	0	0	0	0	0	0	0	0	0	0	0	0	0	0	0	0	
ADCAHA_Calathus_melanocephalus	0	0	0	0	0	0	0	0	0	1	0	0	0	0	0	0	0	0	0	0	0	0	0	0	0	0	0	
N97	1.775e-09	9.40681e-08	5.1401e-06	0.000175509	0.00340076	0.0343616	0.165272	0.348705	0.309423	0.117097	0.0198618	0.00162692	7.00251e-05	1.7153e-06	2.5619e-08	2.47092e-10	1.61366e-12	7.42092e-15	2.48313e-17	6.21443e-20	1.19079e-22	1.78253e-25	2.12114e-28	2.03724e-31	1.60057e-34	1.0429e-37	7.21365e-41	
ADCAHA_Orthomus_velocissimus	0	0	0	0	0	0	0	1	0	0	0	0	0	0	0	0	0	0	0	0	0	0	0	0	0	0	0	
N98	5.2887e-12	2.42464e-09	8.60029e-07	0.000154949	0.0109202	0.155208	0.50016	0.311438	0.0216485	0.000465174	4.22744e-06	1.92146e-08	4.87727e-11	7.49089e-14	7.40226e-17	4.94011e-20	2.31555e-23	7.8717e-27	1.99335e-30	3.84557e-34	5.76094e-38	6.81217e-42	6.44869e-46	4.94741e-50	3.10931e-54	1.61798e-58	8.11882e-63	
N99	4.47113e-15	2.61177e-11	9.06302e-08	0.000136459	0.0606671	0.422585	0.503033	0.0135284	5.04879e-05	5.43547e-08	2.36646e-11	5.05055e-15	5.98407e-19	4.29382e-23	1.98923e-27	6.24828e-32	1.38276e-36	2.22339e-41	2.66358e-46	2.42717e-51	1.71169e-56	9.47884e-62	4.17277e-67	1.47558e-72	4.22876e-78	9.89579e-84	1.98285e-89	
N100	2.75926e-17	1.64865e-12	4.83185e-08	0.000497345	0.94984	0.0493345	0.000327561	1.30257e-07	1.04347e-11	2.99753e-16	3.99204e-21	2.85011e-26	1.19659e-31	3.1463e-37	5.4168e-43	6.30419e-49	5.07353e-55	2.86747e-61	1.14882e-67	3.27492e-74	6.63038e-81	9.45745e-88	9.35756e-95	6.26053e-102	2.72039e-109	7.19904e-117	1.05251e-124	
ADCAHA_Calathus_abaxoides	0	0	0	0	1	0	0	0	0	0	0	0	0	0	0	0	0	0	0	0	0	0	0	0	0	0	0	
ADCAHA_Calathus_fuscipes	0	0	0	0	1	0	0	0	0	0	0	0	0	0	0	0	0	0	0	0	0	0	0	0	0	0	0	
ADCAHA_Calathus_mollis	0	0	0	0	0	0	1	0	0	0	0	0	0	0	0	0	0	0	0	0	0	0	0	0	0	0	0	
ADCAHA_Calathus_granatensis	0	0	0	0	0	0	0	1	0	0	0	0	0	0	0	0	0	0	0	0	0	0	0	0	0	0	0	
ADCAHA_Cymindis_sp	0	1	0	0	0	0	0	0	0	0	0	0	0	0	0	0	0	0	0	0	0	0	0	0	0	0	0	
N101	0.231499	0.230742	0.205884	0.15696	0.0983398	0.0493195	0.0194868	0.00601292	0.00144301	0.000269066	3.90252e-05	4.41447e-06	3.90923e-07	2.72258e-08	1.49902e-09	6.56187e-11	2.2974e-12	6.47303e-14	1.47695e-15	2.74628e-17	4.18756e-19	5.26867e-21	5.50294e-23	4.79991e-25	3.52007e-27	2.22773e-29	1.9112e-31	
N102	0.265644	0.247984	0.200582	0.13928	0.0820052	0.040445	0.0165402	0.00556658	0.00153414	0.000345321	6.34365e-05	9.51822e-06	1.16877e-06	1.17788e-07	9.77714e-09	6.71124e-10	3.82613e-11	1.81993e-12	7.25628e-14	2.43657e-15	6.92296e-17	1.6722e-18	3.45051e-20	6.11977e-22	9.45455e-24	1.34597e-25	2.80803e-27	
N103	0.264636	0.246996	0.19994	0.139306	0.0826294	0.0412567	0.0171709	0.00591235	0.00167564	0.000389757	7.43285e-05	1.16274e-05	1.49455e-06	1.58264e-07	1.38528e-08	1.00608e-09	6.08801e-11	3.08297e-12	1.31244e-13	4.71831e-15	1.43907e-16	3.74068e-18	8.32571e-20	1.59577e-21	2.66658e-23	4.1145e-25	9.50425e-27	
N104	0.213433	0.215015	0.197757	0.159857	0.109568	0.0619278	0.0283038	0.0103281	0.00298622	0.000681629	0.000122732	1.74562e-05	1.9671e-06	1.76361e-07	1.26433e-08	7.2882e-10	3.39839e-11	1.28971e-12	4.0085e-14	1.02671e-15	2.18052e-17	3.86302e-19	5.74236e-21	7.20407e-23	7.68552e-25	7.22615e-27	9.73405e-29	
N105	0.180281	0.186343	0.180703	0.159159	0.12385	0.0834986	0.0481573	0.0235707	0.00974355	0.00339277	0.000994073	0.000245103	5.0905e-05	8.9199e-06	1.32151e-06	1.6595e-07	1.77132e-08	1.61186e-09	1.2544e-10	8.37588e-12	4.81465e-13	2.39084e-14	1.02963e-15	3.86742e-17	1.28638e-18	4.1074e-20	2.26121e-21	
N106	0.148273	0.159348	0.165085	0.158018	0.135358	0.101709	0.0662495	0.0371466	0.0178571	0.00734394	0.0025818	0.000776025	0.000199616	4.40093e-05	8.33258e-06	1.35801e-06	1.90999e-07	2.32466e-08	2.45553e-09	2.25785e-10	1.81299e-11	1.27592e-12	7.91094e-14	4.36806e-15	2.21616e-16	1.14752e-17	9.20775e-19	
ADCAHA_Platyderus_lusitanicus	0	0	0	0	1	0	0	0	0	0	0	0	0	0	0	0	0	0	0	0	0	0	0	0	0	0	0	
ADCAHA_Platyderus_varians	0	0	0	0	0	0	0	0	0	0	1	0	0	0	0	0	0	0	0	0	0	0	0	0	0	0	0	
N107	0.257336	0.243114	0.200622	0.142615	0.0859903	0.0434251	0.0182184	0.00632592	0.00181737	0.000432917	8.58306e-05	1.42305e-05	1.98354e-06	2.33728e-07	2.34131e-08	2.00486e-09	1.47544e-10	9.38036e-12	5.17765e-13	2.49298e-14	1.05181e-15	3.90545e-17	1.28169e-18	3.73725e-20	9.80051e-22	2.46274e-23	1.01616e-24	
ADCAHA_Amara_sp	0	0	1	0	0	0	0	0	0	0	0	0	0	0	0	0	0	0	0	0	0	0	0	0	0	0	0	
ADCAHA_Zabrus_sp	0	0	1	0	0	0	0	0	0	0	0	0	0	0	0	0	0	0	0	0	0	0	0	0	0	0	0	
N108	0.188536	0.19759	0.193827	0.168533	0.123804	0.0741761	0.0353945	0.0132467	0.0038526	0.000866408	0.000150392	2.01598e-05	2.09166e-06	1.68578e-07	1.06022e-08	5.23093e-10	2.03639e-11	6.29369e-13	1.55405e-14	3.08557e-16	4.95821e-18	6.48997e-20	6.96524e-22	6.17418e-24	4.57591e-26	2.96874e-28	2.5505e-30	
N109	0.140265	0.1503	0.156472	0.15291	0.135941	0.107377	0.0741496	0.0443084	0.0227744	0.0100394	0.00379235	0.00122835	0.000341716	8.1838e-05	1.69201e-05	3.02933e-06	4.71197e-07	6.38888e-08	7.57681e-09	7.88632e-10	7.2297e-11	5.86072e-12	4.22515e-13	2.74159e-14	1.657e-15	1.04062e-16	1.02477e-17	
ADCAHA_Pterostichus_herculeanus	0	0	0	0	0	0	0	0	0	1	0	0	0	0	0	0	0	0	0	0	0	0	0	0	0	0	0	
ADCAHA_Pterostichus_angustus	0	0	0	0	0	1	0	0	0	0	0	0	0	0	0	0	0	0	0	0	0	0	0	0	0	0	0	
N110	0.177279	0.189681	0.191766	0.171942	0.129924	0.0798574	0.0390037	0.0149109	0.00442034	0.00101087	0.000177936	2.41085e-05	2.51864e-06	2.03493e-07	1.27655e-08	6.24682e-10	2.39699e-11	7.25213e-13	1.74009e-14	3.33089e-16	5.11722e-18	6.34777e-20	6.39762e-22	5.27624e-24	3.60515e-26	2.14964e-28	1.90698e-30	
N111	0.101391	0.119992	0.144604	0.162555	0.160042	0.13297	0.0913676	0.0513742	0.0235149	0.00874398	0.00264163	0.000649361	0.000130215	2.13719e-05	2.88221e-06	3.20761e-07	2.9594e-08	2.27441e-09	1.46316e-10	7.91781e-12	3.62192e-13	1.40734e-14	4.66771e-16	1.32873e-17	3.28356e-19	7.50274e-21	2.71304e-22	
N112	0.0567923	0.0730477	0.100073	0.130994	0.153431	0.155176	0.132893	0.0953284	0.0569439	0.0282485	0.0116302	0.00397713	0.00113176	0.000268708	5.3401e-05	8.91548e-06	1.25541e-06	1.49721e-07	1.51881e-08	1.31626e-09	9.78829e-11	6.27324e-12	3.48037e-13	1.68047e-14	7.15567e-16	2.90676e-17	2.01897e-18	
N113	0.00379544	0.0128008	0.0469375	0.127275	0.230312	0.265875	0.192636	0.0881389	0.0261789	0.00523813	0.00073287	7.41498e-05	5.58549e-06	3.21116e-07	1.43913e-08	5.11966e-10	1.4685e-11	3.44268e-13	6.67544e-15	1.08191e-16	1.47946e-18	1.72136e-20	1.71749e-22	1.48171e-24	1.12108e-26	7.82756e-29	7.53455e-31	
ADCAHA_Pterostichus_niger	0	0	0	0	0	0	1	0	0	0	0	0	0	0	0	0	0	0	0	0	0	0	0	0	0	0	0	
ADCAHA_Pterostichus_interruptus	0	0	0	0	1	0	0	0	0	0	0	0	0	0	0	0	0	0	0	0	0	0	0	0	0	0	0	
N114	2.2314e-07	3.802e-06	6.5598e-05	0.00081759	0.00691166	0.0378841	0.128511	0.257737	0.294625	0.188752	0.0683213	0.014382	0.00183295	0.000147688	7.84149e-06	2.8484e-07	7.31651e-09	1.36774e-10	1.90784e-12	2.02928e-14	1.67736e-16	1.09546e-18	5.73643e-21	2.44178e-23	8.59301e-26	2.63167e-28	1.03998e-30	
ADCAHA_Pterostichus_globosus	0	0	0	0	0	0	0	0	0	1	0	0	0	0	0	0	0	0	0	0	0	0	0	0	0	0	0	
N115	5.55702e-08	1.0926e-06	2.59924e-05	0.000434577	0.0046834	0.03101	0.120375	0.261916	0.308487	0.193808	0.0655549	0.0122861	0.00132734	8.62906e-05	3.51995e-06	9.36392e-08	1.68172e-09	2.10243e-11	1.87966e-13	1.23067e-15	6.0257e-18	2.24772e-20	6.49424e-23	1.47513e-25	2.67188e-28	3.94864e-31	6.76807e-34	
ADCAHA_Pterostichus_spinolae	0	0	0	0	0	0	0	0	0	1	0	0	0	0	0	0	0	0	0	0	0	0	0	0	0	0	0	
N116	1.97477e-08	5.11162e-07	1.55946e-05	0.000322993	0.00417132	0.0316956	0.133221	0.291217	0.316168	0.169374	0.0463587	0.00684647	0.000578539	2.9571e-05	9.60994e-07	2.07414e-08	3.08752e-10	3.27471e-12	2.54532e-14	1.48559e-16	6.65061e-19	2.32647e-21	6.46416e-24	1.44741e-26	2.64576e-29	4.00915e-32	6.87184e-35	
ADCAHA_Pterostichus_flavofemoratus	0	0	0	0	0	0	0	1	0	0	0	0	0	0	0	0	0	0	0	0	0	0	0	0	0	0	0	
ADCAHA_Pterostichus_ziegleri	0	0	0	0	0	0	0	0	1	0	0	0	0	0	0	0	0	0	0	0	0	0	0	0	0	0	0	
N117	0.00848072	0.0157767	0.0352459	0.0731694	0.126905	0.176596	0.193853	0.166538	0.111574	0.0582453	0.0237221	0.00755961	0.00189301	0.000374477	5.888e-05	7.40751e-06	7.50889e-07	6.17715e-08	4.15366e-09	2.29929e-10	1.05512e-11	4.04106e-13	1.30031e-14	3.54043e-16	8.26556e-18	1.7682e-19	5.86839e-21	
N118	0.00699524	0.0131384	0.0306643	0.0677087	0.124293	0.180111	0.201836	0.173465	0.114009	0.0573155	0.0220922	0.0065551	0.00150523	0.000269184	3.77552e-05	4.18457e-06	3.69364e-07	2.6171e-08	1.50027e-09	7.01239e-11	2.69271e-12	8.55682e-14	2.2662e-15	5.03724e-17	9.48764e-19	1.58525e-20	4.04822e-22	
ADCAHA_Pterostichus_aterrimus	0	0	0	0	0	0	0	0	1	0	0	0	0	0	0	0	0	0	0	0	0	0	0	0	0	0	0	
N119	0.000347734	0.00225316	0.0159405	0.0768699	0.218293	0.327413	0.242122	0.09333	0.0204317	0.00274323	0.000240274	1.44141e-05	6.15633e-07	1.93158e-08	4.56833e-10	8.3221e-12	1.18938e-13	1.3549e-15	1.24739e-17	9.39532e-20	5.85274e-22	3.04498e-24	1.33482e-26	4.97102e-29	1.58781e-31	4.48579e-34	1.62353e-36	
ADCAHA_Pterostichus_nigrita	0	0	0	0	0	1	0	0	0	0	0	0	0	0	0	0	0	0	0	0	0	0	0	0	0	0	0	
ADCAHA_Pterostichus_anthracinus	0	0	0	0	0	1	0	0	0	0	0	0	0	0	0	0	0	0	0	0	0	0	0	0	0	0	0	
ADCAHA_Pterostichus_alacer	0	0	0	0	0	0	0	0	0	1	0	0	0	0	0	0	0	0	0	0	0	0	0	0	0	0	0	
N120	0.18192	0.19215	0.190887	0.168779	0.126867	0.0784868	0.0391175	0.0154957	0.00484095	0.00118837	0.000229115	3.47551e-05	4.16277e-06	3.95577e-07	2.9994e-08	1.82607e-09	8.98601e-11	3.59865e-12	1.1809e-13	3.19693e-15	7.18779e-17	1.351e-18	2.13738e-20	2.87187e-22	3.34559e-24	3.66994e-26	5.75423e-28	
N121	0.167422	0.172636	0.168663	0.153028	0.126149	0.0926693	0.0597544	0.0334607	0.0161595	0.00670397	0.00238509	0.000727633	0.000190559	4.29231e-05	8.33644e-06	1.40008e-06	2.03972e-07	2.58622e-08	2.86353e-09	2.77817e-10	2.36989e-11	1.78382e-12	1.18983e-13	7.08789e-15	3.86538e-16	2.14124e-17	1.98273e-18	
ADCAHA_Stomis_sp	0	0	0	0	1	0	0	0	0	0	0	0	0	0	0	0	0	0	0	0	0	0	0	0	0	0	0	
ADCAHA_Pterostichus_nemoralis	0	0	0	0	0	0	1	0	0	0	0	0	0	0	0	0	0	0	0	0	0	0	0	0	0	0	0	
ADCAHA_Pterostichus_melanarius	0	1	0	0	0	0	0	0	0	0	0	0	0	0	0	0	0	0	0	0	0	0	0	0	0	0	0	
N122	0.211119	0.206557	0.183804	0.148056	0.107221	0.0693107	0.0397393	0.0201048	0.00894039	0.00348518	0.001189	0.000354714	9.25259e-05	2.11124e-05	4.21799e-06	7.38802e-07	1.13631e-07	1.53744e-08	1.83362e-09	1.93177e-10	1.80184e-11	1.49154e-12	1.09888e-13	7.24213e-15	4.34605e-16	2.61616e-17	2.79469e-18	
N123	0.173239	0.178566	0.173585	0.155307	0.124921	0.0886969	0.0548969	0.0293825	0.0135366	0.00535527	0.00181785	0.000529621	0.000132573	2.85579e-05	5.30454e-06	8.51575e-07	1.18454e-07	1.43151e-08	1.50721e-09	1.38654e-10	1.11775e-11	7.9193e-13	4.94658e-14	2.73534e-15	1.35639e-16	6.55984e-18	5.62526e-19	
ADCAHA_Poecilus_cupreus	0	0	0	0	1	0	0	0	0	0	0	0	0	0	0	0	0	0	0	0	0	0	0	0	0	0	0	
N124	0.0500118	0.0787392	0.126506	0.173325	0.191631	0.167503	0.114659	0.0612171	0.025485	0.00829437	0.00212114	0.000429201	6.9286e-05	9.00379e-06	9.50646e-07	8.23018e-08	5.89458e-09	3.52226e-10	1.77001e-11	7.53629e-13	2.73775e-14	8.54096e-16	2.30223e-17	5.39503e-19	1.11004e-20	2.11191e-22	6.38869e-24	
ADCAHA_Poecilus_versicolor	0	0	0	0	0	0	0	0	1	0	0	0	0	0	0	0	0	0	0	0	0	0	0	0	0	0	0	
ADCAHA_Poecilus_lucublandus	0	0	1	0	0	0	0	0	0	0	0	0	0	0	0	0	0	0	0	0	0	0	0	0	0	0	0	
ADCAHA_Poecilus_chalcites	0	0	0	1	0	0	0	0	0	0	0	0	0	0	0	0	0	0	0	0	0	0	0	0	0	0	0	
N125	0.199948	0.198279	0.18064	0.149856	0.112042	0.0748056	0.044281	0.0231211	0.0106132	0.00427426	0.00150886	0.000466833	0.000126653	3.01617e-05	6.31366e-06	1.16367e-06	1.89209e-07	2.71974e-08	3.46381e-09	3.9177e-10	3.94459e-11	3.54454e-12	2.85109e-13	2.06407e-14	1.37121e-15	9.26538e-17	1.12523e-17	
N126	0.0917027	0.119005	0.159321	0.189283	0.182276	0.135865	0.0767103	0.03252	0.0103345	0.0024685	0.000445581	6.12217e-05	6.45663e-06	5.27423e-07	3.36853e-08	1.69806e-09	6.81956e-11	2.20188e-12	5.76596e-14	1.23489e-15	2.18035e-17	3.19782e-19	3.92429e-21	4.05987e-23	3.58278e-25	2.82415e-27	3.071e-29	
N127	0.0748014	0.100492	0.143263	0.183935	0.191816	0.153948	0.0926632	0.0413726	0.0136631	0.00334379	0.000609415	8.32813e-05	8.60351e-06	6.77919e-07	4.11272e-08	1.93947e-09	7.17782e-11	2.10444e-12	4.93277e-14	9.32582e-16	1.43417e-17	1.8086e-19	1.88479e-21	1.63554e-23	1.19335e-25	7.58852e-28	6.48697e-30	
N128	0.073077	0.0979733	0.139412	0.179597	0.189707	0.155978	0.097348	0.0456391	0.0160393	0.00423791	0.000847023	0.000129105	1.51477e-05	1.38181e-06	9.9016e-08	5.63077e-09	2.56682e-10	9.47114e-12	2.85512e-13	7.09412e-15	1.46505e-16	2.53459e-18	3.70071e-20	4.59266e-22	4.8857e-24	4.61915e-26	6.34084e-28	
ADCAHA_Microlestes_sp	0	0	0	1	0	0	0	0	0	0	0	0	0	0	0	0	0	0	0	0	0	0	0	0	0	0	0	
ADCAHA_Chlaenius_sp	0	0	0	0	0	0	1	0	0	0	0	0	0	0	0	0	0	0	0	0	0	0	0	0	0	0	0	
ADCAHA_Loxandrus_sp	0	0	0	0	0	0	0	1	0	0	0	0	0	0	0	0	0	0	0	0	0	0	0	0	0	0	0	
N129	0.0849713	0.116938	0.163598	0.196336	0.186631	0.135558	0.0740256	0.0302081	0.00921107	0.00210659	0.000363653	4.77697e-05	4.8193e-06	3.77126e-07	2.31258e-08	1.12271e-09	4.35893e-11	1.36674e-12	3.49355e-14	7.34522e-16	1.28109e-17	1.86837e-19	2.29573e-21	2.39379e-23	2.13607e-25	1.68388e-27	1.871e-29	
ADCAHA_Agonum_marginatum	0	0	0	0	0	0	0	0	1	0	0	0	0	0	0	0	0	0	0	0	0	0	0	0	0	0	0	
N130	0.210981	0.242051	0.243448	0.179308	0.088515	0.0286142	0.00610882	0.000879295	8.74139e-05	6.14712e-06	3.12702e-07	1.17456e-08	3.31905e-10	7.17673e-12	1.20593e-13	1.59705e-15	1.6885e-17	1.44206e-19	1.00568e-21	5.78418e-24	2.76882e-26	1.11245e-28	3.78076e-31	1.09478e-33	2.71999e-36	5.89199e-39	1.59156e-41	
ADCAHA_Oodes_sp	0	1	0	0	0	0	0	0	0	0	0	0	0	0	0	0	0	0	0	0	0	0	0	0	0	0	0	
N131	0.160541	0.24481	0.298612	0.20623	0.0739579	0.014197	0.00154731	0.000101518	4.22086e-06	1.16189e-07	2.19776e-09	2.94864e-11	2.88364e-13	2.10482e-15	1.17064e-17	5.05199e-20	1.71923e-22	4.68025e-25	1.03239e-27	1.86674e-30	2.79589e-33	3.50164e-36	3.69899e-39	3.32188e-42	2.55458e-45	1.69658e-48	1.24467e-51	
N132	0.0212051	0.132552	0.449426	0.339237	0.0543949	0.00310265	8.11395e-05	1.12876e-06	9.22282e-09	4.75463e-11	1.63328e-13	3.9032e-16	6.72046e-19	8.58184e-22	8.32839e-25	6.27161e-28	3.73105e-31	1.78118e-34	6.91789e-38	2.21261e-41	5.8912e-45	1.31849e-48	2.50216e-52	4.05835e-56	5.66627e-60	6.85901e-64	8.404e-68	
ADCAHA_Percus_politus	0	0	0	1	0	0	0	0	0	0	0	0	0	0	0	0	0	0	0	0	0	0	0	0	0	0	0	
ADCAHA_Notagonum_sp	0	0	1	0	0	0	0	0	0	0	0	0	0	0	0	0	0	0	0	0	0	0	0	0	0	0	0	
ADCAHA_Agonum_muelleri	0	0	1	0	0	0	0	0	0	0	0	0	0	0	0	0	0	0	0	0	0	0	0	0	0	0	0	
ADCAHA_Pterostichus_oblongopunctatus	0	0	0	1	0	0	0	0	0	0	0	0	0	0	0	0	0	0	0	0	0	0	0	0	0	0	0	
N133	0.12558	0.144999	0.16573	0.172275	0.153915	0.114424	0.0695383	0.0342229	0.0135799	0.0043397	0.00111799	0.000232765	3.93052e-05	5.40635e-06	6.08637e-07	5.63671e-08	4.31712e-09	2.74903e-10	1.46318e-11	6.5441e-13	2.47242e-14	7.93378e-16	2.17603e-17	5.15092e-19	1.07523e-20	2.11137e-22	5.90855e-24	
N134	0.00347722	0.00654169	0.0140594	0.0285997	0.0522802	0.0842425	0.118456	0.144465	0.15223	0.138271	0.108102	0.0726896	0.0420283	0.0208988	0.00894252	0.00329576	0.00104749	0.000287561	6.83146e-05	1.40757e-05	2.52204e-06	3.94277e-07	5.40505e-08	6.56698e-09	7.30593e-10	8.45087e-11	1.68966e-11	
N135	0.000338482	0.00072589	0.00200947	0.00552754	0.013778	0.0301511	0.0571565	0.0931823	0.130059	0.154952	0.157281	0.135864	0.0998345	0.0624084	0.0332078	0.0150565	0.00582581	0.00192765	0.000546904	0.000133516	2.81771e-05	5.17152e-06	8.32014e-07	1.18567e-07	1.52208e-08	1.86982e-09	3.30906e-10	
ADCAHA_Craspedophorus_sp	0	0	0	0	0	0	0	0	0	0	0	0	0	0	0	0	0	0	0	0	0	1	0	0	0	0	0	
N136	0.000252995	0.00054416	0.00157318	0.00464641	0.0124799	0.0291276	0.057969	0.0975168	0.138029	0.163963	0.163223	0.136082	0.0950199	0.0556012	0.027296	0.0112606	0.00391161	0.00114696	0.00028467	5.99906e-05	1.07703e-05	1.65337e-06	2.17969e-07	2.48626e-08	2.51599e-09	2.55797e-10	4.61098e-11	
N137	9.20522e-10	1.1407e-08	1.78779e-07	2.44585e-06	2.74158e-05	0.00024331	0.00166362	0.00855112	0.0322971	0.0878609	0.16966	0.23082	0.220701	0.148262	0.0700199	0.023311	0.00551225	0.000939233	0.000117554	1.10356e-05	7.93108e-07	4.44713e-08	1.97966e-09	7.11695e-11	2.11619e-12	5.60519e-14	2.21626e-15	
ADCAHA_Stenolophus_mixtus	0	0	0	0	0	0	0	0	0	1	0	0	0	0	0	0	0	0	0	0	0	0	0	0	0	0	0	
ADCAHA_Stenolophus_lecontei	0	0	0	0	0	0	0	0	0	0	0	0	0	0	0	1	0	0	0	0	0	0	0	0	0	0	0	
ADCAHA_Stenolophus_teutonus	0	0	0	0	0	0	0	1	0	0	0	0	0	0	0	0	0	0	0	0	0	0	0	0	0	0	0	
N138	7.26667e-07	1.03927e-05	0.000151929	0.00160041	0.0110444	0.0468266	0.125057	0.217946	0.253479	0.198014	0.102916	0.0346766	0.00727742	0.000922013	7.44569e-05	4.08721e-06	1.60807e-07	4.72456e-09	1.07017e-10	1.91679e-12	2.77155e-14	3.293e-16	3.26945e-18	2.76619e-20	2.05685e-22	1.4271e-24	1.21517e-26	
ADCAHA_Egadroma_marginatum	0	0	0	0	1	0	0	0	0	0	0	0	0	0	0	0	0	0	0	0	0	0	0	0	0	0	0	
ADCAHA_Amphasia_sericea	0	0	0	0	0	0	0	0	0	0	0	0	1	0	0	0	0	0	0	0	0	0	0	0	0	0	0	
N139	0.129792	0.146402	0.164039	0.16997	0.153098	0.114812	0.0698032	0.0338948	0.0130478	0.00397139	0.00095618	0.000182553	2.77416e-05	3.37124e-06	3.29336e-07	2.60078e-08	1.66993e-09	8.76923e-11	3.78826e-12	1.35409e-13	4.02763e-15	1.00246e-16	2.0994e-18	3.72181e-20	5.64486e-22	7.69204e-24	1.53627e-25	
N140	0.0896775	0.102127	0.118624	0.133778	0.140183	0.132155	0.109723	0.0791741	0.0492658	0.0263225	0.0120522	0.00472674	0.00158877	0.000458271	0.000113637	2.42761e-05	4.47866e-06	7.15405e-07	9.92175e-08	1.19823e-08	1.26426e-09	1.17024e-10	9.56244e-12	6.98098e-13	4.68334e-14	3.15244e-15	3.36536e-16	
ADCAHA_Amblystomus_sp	0	0	0	0	0	0	0	0	0	0	1	0	0	0	0	0	0	0	0	0	0	0	0	0	0	0	0	
N141	0.0750025	0.0881028	0.106726	0.125283	0.136391	0.13409	0.117179	0.0901487	0.0606867	0.0356126	0.0181764	0.00805946	0.00310353	0.00103826	0.000302007	7.64788e-05	1.68874e-05	3.25747e-06	5.50027e-07	8.14761e-08	1.06133e-08	1.21898e-09	1.2389e-10	1.1229e-11	9.32238e-13	7.95971e-14	1.17765e-14	
ADCAHA_Platymetopus_sp	0	0	0	1	0	0	0	0	0	0	0	0	0	0	0	0	0	0	0	0	0	0	0	0	0	0	0	
N142	0.000460973	0.00122532	0.00407896	0.0124192	0.0318979	0.067577	0.11691	0.164035	0.185666	0.168874	0.123166	0.0720055	0.0337944	0.0127737	0.00390666	0.000972333	0.000198237	3.33391e-05	4.65842e-06	5.44699e-07	5.36736e-08	4.48771e-09	3.20566e-10	1.97242e-11	1.06471e-12	5.51563e-14	4.89062e-15	
ADCAHA_Anisodactylus_virens	0	0	0	0	0	0	0	0	1	0	0	0	0	0	0	0	0	0	0	0	0	0	0	0	0	0	0	
ADCAHA_Anisodactylus_hispanus	0	0	0	0	0	0	0	0	0	0	0	1	0	0	0	0	0	0	0	0	0	0	0	0	0	0	0	
N143	0.131482	0.152306	0.174419	0.179725	0.155813	0.109064	0.0601647	0.025803	0.00854379	0.0021787	0.000428133	6.50165e-05	7.66419e-06	7.05241e-07	5.0982e-08	2.91546e-09	1.32843e-10	4.85846e-12	1.43672e-13	3.46023e-15	6.83547e-17	1.11519e-18	1.51278e-20	1.71856e-22	1.65423e-24	1.41537e-26	1.67772e-28	
N144	0.167096	0.171312	0.166033	0.149856	0.123874	0.0923815	0.0614174	0.0360819	0.0186201	0.00840924	0.00331708	0.0011421	0.000343375	9.0247e-05	2.07694e-05	4.19411e-06	7.44903e-07	1.16655e-07	1.61514e-08	1.98245e-09	2.16328e-10	2.10515e-11	1.83452e-12	1.4443e-13	1.05716e-14	8.05614e-16	1.0464e-16	
ADCAHA_Notiobia_sp	0	0	0	0	0	1	0	0	0	0	0	0	0	0	0	0	0	0	0	0	0	0	0	0	0	0	0	
ADCAHA_Parophonus_hespericus	0	0	0	1	0	0	0	0	0	0	0	0	0	0	0	0	0	0	0	0	0	0	0	0	0	0	0	
N145	0.113146	0.138984	0.171394	0.187446	0.168356	0.118982	0.0646002	0.0265803	0.00822497	0.00190668	0.000330703	4.2943e-05	4.18357e-06	3.06761e-07	1.69996e-08	7.15409e-10	2.29863e-11	5.67134e-13	1.08101e-14	1.60181e-16	1.85694e-18	1.69508e-20	1.22644e-22	7.08397e-25	3.30139e-27	1.28944e-29	6.92419e-32	
N146	0.106716	0.132742	0.166219	0.184906	0.169971	0.124218	0.0706694	0.0309393	0.0103635	0.00265079	0.000518132	7.76077e-05	8.94593e-06	7.97896e-07	5.54068e-08	3.01587e-09	1.29593e-10	4.42832e-12	1.21219e-13	2.67759e-15	4.80695e-17	7.06303e-19	8.55327e-21	8.60447e-23	7.30553e-25	5.62769e-27	6.09525e-29	
N147	0.186637	0.190043	0.18071	0.156773	0.121024	0.0813556	0.0468443	0.0228405	0.00936268	0.00321389	0.000922496	0.000221495	4.45623e-05	7.53237e-06	1.07326e-06	1.29398e-07	1.32551e-08	1.15854e-09	8.67773e-11	5.59443e-12	3.11773e-13	1.50839e-14	6.36297e-16	2.35273e-17	7.72267e-19	2.41677e-20	1.25972e-21	
N148	0.162028	0.175607	0.182607	0.171157	0.13738	0.0912304	0.0490863	0.0211505	0.00725769	0.00198035	0.000430225	7.46506e-05	1.03919e-05	1.16679e-06	1.06289e-07	7.90446e-09	4.82947e-10	2.43968e-11	1.02543e-12	3.60825e-14	1.0693e-15	2.68427e-17	5.73977e-19	1.05116e-20	1.66022e-22	2.34606e-24	5.05506e-26	
N149	0.101476	0.132188	0.173656	0.197086	0.177813	0.12239	0.0629745	0.0240011	0.00675918	0.00140946	0.000218748	2.54525e-05	2.23964e-06	1.50456e-07	7.79372e-09	3.14446e-10	9.9803e-12	2.51628e-13	5.08709e-15	8.3211e-17	1.11074e-18	1.21983e-20	1.11067e-22	8.44647e-25	5.41126e-27	3.01759e-29	2.29003e-31	
ADCAHA_Abacetus_sp	0	0	0	0	0	0	0	1	0	0	0	0	0	0	0	0	0	0	0	0	0	0	0	0	0	0	0	
N150	0.108913	0.138891	0.178255	0.197884	0.174109	0.116226	0.0576591	0.0210787	0.00567096	0.00112643	0.00016622	1.83723e-05	1.53553e-06	9.80413e-08	4.83272e-09	1.85869e-10	5.63621e-12	1.36122e-13	2.644e-15	4.16891e-17	5.38326e-19	5.74056e-21	5.09532e-23	3.79266e-25	2.38651e-27	1.30502e-29	9.72003e-32	
ADCAHA_Bradybaenus_sp	0	0	0	0	1	0	0	0	0	0	0	0	0	0	0	0	0	0	0	0	0	0	0	0	0	0	0	
ADCAHA_Ophonus_azureus	0	0	1	0	0	0	0	0	0	0	0	0	0	0	0	0	0	0	0	0	0	0	0	0	0	0	0	
N151	0.0909458	0.123151	0.169459	0.199373	0.184234	0.128998	0.0675627	0.0264367	0.0077697	0.00173082	0.000295514	3.91365e-05	4.06936e-06	3.36158e-07	2.23121e-08	1.20265e-09	5.31711e-11	1.94617e-12	5.94853e-14	1.53055e-15	3.3399e-17	6.22414e-19	9.9699e-21	1.38107e-22	1.6661e-24	1.80658e-26	2.92875e-28	
ADCAHA_Graphipterus_sp	0	0	0	1	0	0	0	0	0	0	0	0	0	0	0	0	0	0	0	0	0	0	0	0	0	0	0	
ADCAHA_Ophonus_longicollis	0	0	0	0	0	1	0	0	0	0	0	0	0	0	0	0	0	0	0	0	0	0	0	0	0	0	0	
ADCAHA_Ophonus_stictus	0	0	0	1	0	0	0	0	0	0	0	0	0	0	0	0	0	0	0	0	0	0	0	0	0	0	0	
N152	0.0320517	0.0490818	0.0793781	0.116274	0.147673	0.160434	0.148159	0.115858	0.0765483	0.0426976	0.0201136	0.00801256	0.00270492	0.000775866	0.000189667	3.96468e-05	7.11139e-06	1.09848e-06	1.46657e-07	1.69855e-08	1.71279e-09	1.50928e-10	1.16642e-11	7.93569e-13	4.7769e-14	2.6064e-15	1.80972e-16	
ADCAHA_Licinus_sp	0	0	0	0	0	0	0	0	0	0	0	0	0	0	0	0	0	0	0	0	0	0	0	0	0	1	0	
N153	0.116421	0.132501	0.150415	0.15929	0.149897	0.121696	0.0838236	0.0485379	0.023517	0.009515	0.00321421	0.000907425	0.000214499	4.25596e-05	7.109e-06	1.00297e-06	1.19942e-07	1.2203e-08	1.06029e-09	7.89798e-11	5.06322e-12	2.80435e-13	1.34719e-14	5.63893e-16	2.0791e-17	7.24183e-19	4.27611e-20	
N154	0.114216	0.12932	0.147031	0.157764	0.151401	0.125156	0.0870896	0.0503657	0.024059	0.00947322	0.00307603	0.000825366	0.000183568	3.39678e-05	5.2513e-06	6.81277e-07	7.45139e-08	6.90302e-09	5.44208e-10	3.66806e-11	2.12347e-12	1.06058e-13	4.59035e-15	1.72989e-16	5.73018e-18	1.77636e-19	9.3104e-21	
ADCAHA_Abax_parallelepipedus	0	0	0	0	0	1	0	0	0	0	0	0	0	0	0	0	0	0	0	0	0	0	0	0	0	0	0	
N155	0.00291451	0.02008	0.105756	0.262248	0.325196	0.207949	0.065781	0.00933772	0.000705231	3.22136e-05	9.69141e-07	2.03717e-08	3.12366e-10	3.61023e-12	3.2275e-14	2.27907e-16	1.29346e-18	5.98734e-21	2.28912e-23	7.30832e-26	1.96728e-28	4.50333e-31	8.83469e-34	1.49677e-36	2.21504e-39	2.98315e-42	4.97065e-45	
ADCAHA_Dixus_capito	0	0	1	0	0	0	0	0	0	0	0	0	0	0	0	0	0	0	0	0	0	0	0	0	0	0	0	
ADCAHA_Abax_ovalis	0	0	0	0	0	0	1	0	0	0	0	0	0	0	0	0	0	0	0	0	0	0	0	0	0	0	0	
N156	0.293824	0.289309	0.227139	0.126511	0.0480502	0.0125313	0.00229861	0.00030485	3.0008e-05	2.24435e-06	1.30179e-07	5.96126e-09	2.18892e-10	6.53329e-12	1.60417e-13	3.27495e-15	5.61198e-17	8.14112e-19	1.00752e-20	1.07116e-22	9.84623e-25	7.87154e-27	5.50407e-29	3.38812e-31	1.85977e-33	9.56146e-36	6.68447e-38	
ADCAHA_Carterus_rotundicollis_M	0	0	1	0	0	0	0	0	0	0	0	0	0	0	0	0	0	0	0	0	0	0	0	0	0	0	0	
ADCAHA_Carterus_fulvipes	0	1	0	0	0	0	0	0	0	0	0	0	0	0	0	0	0	0	0	0	0	0	0	0	0	0	0	
N157	0.121241	0.144308	0.171538	0.182633	0.161976	0.114925	0.0638634	0.0275005	0.00913453	0.00233855	0.000462289	7.08267e-05	8.45304e-06	7.90708e-07	5.83667e-08	3.42463e-09	1.60922e-10	6.10191e-12	1.88119e-13	4.75043e-15	9.89723e-17	1.71355e-18	2.48428e-20	3.04687e-22	3.22816e-24	3.15331e-26	4.15927e-28	
ADCAHA_Harpalus_pennsylvanicus	0	0	1	0	0	0	0	0	0	0	0	0	0	0	0	0	0	0	0	0	0	0	0	0	0	0	0	
N158	0.113999	0.135079	0.160631	0.173839	0.160556	0.122211	0.0753401	0.0373184	0.0148122	0.00471276	0.00120478	0.000248373	4.14798e-05	5.64074e-06	6.28059e-07	5.75864e-08	4.37344e-09	2.76719e-10	1.46712e-11	6.55463e-13	2.48125e-14	8.00099e-16	2.2093e-17	5.25531e-19	1.09063e-20	2.10982e-22	6.34493e-24	
N159	0.282669	0.257222	0.199119	0.131294	0.0736683	0.0351137	0.0141969	0.00486548	0.00141382	0.000348771	7.31922e-05	1.31028e-05	2.00746e-06	2.64164e-07	2.99711e-08	2.94333e-09	2.51192e-10	1.87034e-11	1.21977e-12	6.99404e-14	3.53907e-15	1.58612e-16	6.31938e-18	2.24888e-19	7.23613e-21	2.2557e-22	1.19214e-23	
ADCAHA_Acinopus_picipes	0	1	0	0	0	0	0	0	0	0	0	0	0	0	0	0	0	0	0	0	0	0	0	0	0	0	0	
ADCAHA_Nesarpalus_sp	0	1	0	0	0	0	0	0	0	0	0	0	0	0	0	0	0	0	0	0	0	0	0	0	0	0	0	
N160	0.0331761	0.0474094	0.0754235	0.114164	0.151179	0.16869	0.156013	0.118703	0.0740598	0.0378574	0.0158663	0.00546227	0.00154894	0.000363031	7.0598e-05	1.14401e-05	1.55167e-06	1.76976e-07	1.70537e-08	1.39505e-09	9.7357e-11	5.82752e-12	3.01242e-13	1.36017e-14	5.49901e-16	2.14105e-17	1.26169e-18	
ADCAHA_Harpalus_serripes	0	0	0	0	0	0	0	0	0	0	0	0	0	1	0	0	0	0	0	0	0	0	0	0	0	0	0	
N161	0.0176922	0.0326688	0.0659721	0.117442	0.171165	0.197383	0.176714	0.121526	0.0638451	0.0255735	0.00781419	0.00182585	0.000327525	4.53391e-05	4.87333e-06	4.0955e-07	2.71113e-08	1.42475e-09	5.99127e-11	2.03213e-12	5.60336e-14	1.26575e-15	2.35982e-17	3.65775e-19	4.75501e-21	5.3702e-23	8.70723e-25	
N162	0.00506141	0.0130358	0.034319	0.0755646	0.133755	0.186428	0.201653	0.167566	0.106246	0.0511917	0.0187061	0.0051835	0.00109102	0.000175003	2.1496e-05	2.03455e-06	1.49479e-07	8.59552e-09	3.90276e-10	1.41202e-11	4.10833e-13	9.70017e-15	1.87504e-16	2.99291e-18	3.98459e-20	4.59661e-22	7.62344e-24	
N163	6.3016e-07	5.94847e-06	5.69194e-05	0.000445554	0.00269427	0.012252	0.0412172	0.101336	0.180296	0.23024	0.209598	0.135259	0.0616072	0.0197484	0.00445059	0.000706052	7.91616e-05	6.31614e-06	3.62148e-07	1.51043e-08	4.64665e-10	1.07023e-11	1.87385e-13	2.53194e-15	2.68096e-17	2.2985e-19	2.5803e-21	
N164	1.31554e-09	1.17688e-07	1.00184e-05	0.000538253	0.0152714	0.176128	0.432624	0.321424	0.0506765	0.00321983	0.000105811	2.05434e-06	2.56071e-08	2.16994e-10	1.30381e-12	5.73819e-15	1.89865e-17	4.82583e-20	9.5954e-23	1.51612e-25	1.92996e-28	2.00351e-31	1.7148e-34	1.22249e-37	7.34893e-41	3.86418e-44	2.34473e-47	
ADCAHA_Harpalus_attenuatus	0	0	0	0	0	0	0	1	0	0	0	0	0	0	0	0	0	0	0	0	0	0	0	0	0	0	0	
ADCAHA_Harpalus_rubripes	0	0	0	0	0	1	0	0	0	0	0	0	0	0	0	0	0	0	0	0	0	0	0	0	0	0	0	
N165	7.30105e-10	1.22792e-08	2.46073e-07	4.07363e-06	5.14238e-05	0.000479223	0.00323575	0.0156168	0.0532885	0.127376	0.211637	0.242904	0.191681	0.103683	0.0383909	0.00973519	0.00169486	0.000203552	1.69876e-05	9.94771e-07	4.13634e-08	1.23814e-09	2.70853e-11	4.40086e-13	5.41398e-15	5.30933e-17	6.77022e-19	
N166	5.04973e-15	1.88112e-13	9.21215e-12	3.71448e-10	1.15846e-08	2.7311e-07	4.79036e-06	6.16759e-05	0.00057584	0.00385531	0.0183135	0.0610811	0.141548	0.225517	0.244572	0.179131	0.0882807	0.0293229	0.00660266	0.00101604	0.000107857	7.985e-06	4.17989e-07	1.57648e-08	4.41865e-10	9.9888e-12	2.89495e-13	
ADCAHA_Harpalus_ebeninus	0	0	0	0	0	0	0	0	0	0	0	0	0	0	0	0	0	0	0	0	0	1	0	0	0	0	0	
N167	1.76351e-32	1.56746e-29	1.50485e-26	1.18138e-23	7.3194e-21	3.51205e-18	1.27987e-15	3.46323e-13	6.77379e-11	9.26743e-09	8.50904e-07	4.96516e-05	0.00170692	0.0308597	0.242684	0.569474	0.14397	0.0108887	0.000360027	6.30593e-06	6.5672e-08	4.39349e-10	1.99627e-12	6.42725e-15	1.51897e-17	2.76709e-20	5.48044e-23	
ADCAHA_Harpalus_decipiens	0	0	0	0	0	0	0	0	0	0	0	0	0	0	0	1	0	0	0	0	0	0	0	0	0	0	0	
ADCAHA_Harpalus_wagneri	0	0	0	0	0	0	0	0	0	0	0	0	0	0	0	1	0	0	0	0	0	0	0	0	0	0	0	
ADCAHA_Harpalus_honestus	0	0	0	0	0	0	0	0	0	0	0	1	0	0	0	0	0	0	0	0	0	0	0	0	0	0	0	
ADCAHA_Harpalus_dimidiatus	0	1	0	0	0	0	0	0	0	0	0	0	0	0	0	0	0	0	0	0	0	0	0	0	0	0	0	
N168	0.0688973	0.101353	0.155407	0.201302	0.200489	0.14823	0.0804505	0.0320332	0.00940367	0.00205201	0.000336225	4.1829e-05	3.99689e-06	2.96738e-07	1.73116e-08	8.02329e-10	2.985e-11	9.00362e-13	2.22247e-14	4.52932e-16	7.68444e-18	1.09385e-19	1.31596e-21	1.34733e-23	1.18287e-25	9.16441e-28	1.00698e-29	
N169	0.0268759	0.0594952	0.134553	0.226504	0.255218	0.184435	0.0840118	0.0240303	0.00433772	0.000499924	3.74141e-05	1.85585e-06	6.23799e-08	1.45291e-09	2.39607e-11	2.85526e-13	2.50527e-15	1.64683e-17	8.23981e-20	3.18393e-22	9.62845e-25	2.30699e-27	4.44321e-30	7.46342e-33	2.72848e-35	5.44773e-37	1.87708e-38	
N170	0.0258321	0.0574528	0.131539	0.22454	0.256412	0.187624	0.0864656	0.0250028	0.00455925	0.000530411	4.00418e-05	2.00228e-06	6.78153e-08	1.59109e-09	2.64281e-11	3.172e-13	2.80374e-15	1.85721e-17	9.36928e-20	3.66164e-22	1.17769e-24	6.03561e-27	1.6155e-28	6.54781e-30	2.45969e-31	8.44524e-33	3.60399e-34	
ADCAHA_Harpalus_contemptus	0	0	0	0	1	0	0	0	0	0	0	0	0	0	0	0	0	0	0	0	0	0	0	0	0	0	0	
N171	1.73292e-20	2.82813e-17	3.45559e-14	2.90068e-11	1.57178e-08	5.04286e-06	0.000839978	0.0574898	0.925002	0.0165928	7.01573e-05	1.22444e-07	1.11507e-10	6.03462e-14	2.10885e-17	5.04166e-21	8.60418e-25	1.08299e-28	1.03161e-32	7.59352e-37	4.39409e-41	2.02775e-45	7.55311e-50	2.29439e-54	5.73489e-59	1.19501e-63	2.48787e-68	
ADCAHA_Harpalus_affinis	0	0	0	0	0	0	0	0	1	0	0	0	0	0	0	0	0	0	0	0	0	0	0	0	0	0	0	
ADCAHA_Harpalus_distinguendus	0	0	0	0	0	0	0	0	1	0	0	0	0	0	0	0	0	0	0	0	0	0	0	0	0	0	0	
ADCAHA_Harpalus_aesculanus	0	1	0	0	0	0	0	0	0	0	0	0	0	0	0	0	0	0	0	0	0	0	0	0	0	0	0	
ADCAHA_Harpalus_anxius	0	1	0	0	0	0	0	0	0	0	0	0	0	0	0	0	0	0	0	0	0	0	0	0	0	0	0	
N172	0.201485	0.198577	0.179279	0.147637	0.110251	0.0742334	0.0448475	0.024221	0.0116628	0.00499787	0.00190392	0.000644351	0.000193695	5.17228e-05	1.22737e-05	2.58971e-06	4.86233e-07	8.13117e-08	1.21237e-08	1.61361e-09	1.91955e-10	2.044e-11	1.95228e-12	1.68105e-13	1.33319e-14	1.0906e-15	1.61288e-16	
N173	0.19875	0.195148	0.175502	0.144711	0.109335	0.075577	0.0477023	0.0274362	0.0143524	0.00681764	0.00293693	0.00114625	0.000405053	0.000129546	3.74948e-05	9.82195e-06	2.3294e-06	5.0042e-07	9.74544e-08	1.72234e-08	2.7671e-09	4.0534e-10	5.44604e-11	6.80186e-12	8.17855e-13	1.06343e-13	2.36742e-14	
ADCAPA_Mystropomus_subcostatus	0	0	1	0	0	0	0	0	0	0	0	0	0	0	0	0	0	0	0	0	0	0	0	0	0	0	0	
N174	0.185749	0.184686	0.169981	0.144624	0.113426	0.0817286	0.0539291	0.0324973	0.0178427	0.00891038	0.00404196	0.001664	0.000621341	0.000210377	6.45854e-05	1.79811e-05	4.54165e-06	1.04136e-06	2.16966e-07	4.11358e-08	7.11393e-09	1.12672e-09	1.64631e-10	2.25078e-11	2.9711e-12	4.17636e-13	9.5069e-14	
ADCAPA_Arthropterus_sp	0	0	0	0	0	0	0	0	0	1	0	0	0	0	0	0	0	0	0	0	0	0	0	0	0	0	0	
N175	0.198159	0.195414	0.176875	0.146598	0.110798	0.0760089	0.0471242	0.0263077	0.0131861	0.00592099	0.00237809	0.000853405	0.000273464	7.82246e-05	1.99756e-05	4.55506e-06	9.28007e-07	1.69036e-07	2.75521e-08	4.02272e-09	5.2672e-10	6.1934e-11	6.55333e-12	6.27305e-13	5.55793e-14	5.13624e-15	8.6609e-16	
N176	0.212118	0.206323	0.182051	0.145734	0.10564	0.0691337	0.0407086	0.0214985	0.010154	0.00427971	0.00160713	0.000537191	0.00015976	4.22772e-05	9.95979e-06	2.09053e-06	3.91383e-07	6.54418e-08	9.78719e-09	1.31133e-09	1.57674e-10	1.70455e-11	1.66056e-12	1.46479e-13	1.1942e-14	1.01064e-15	1.58214e-16	
N177	0.032133	0.137046	0.377995	0.34172	0.0978734	0.0123535	0.000842795	3.52392e-05	9.81281e-07	1.92941e-08	2.79693e-10	3.08994e-12	2.67048e-14	1.84415e-16	1.03551e-18	4.79772e-21	1.85719e-23	6.07139e-26	1.69201e-28	4.05304e-31	8.40648e-34	1.51992e-36	2.41153e-39	3.38656e-42	4.28655e-45	5.16832e-48	7.5636e-51	
ADCASC_Scarites_terricola	0	0	0	1	0	0	0	0	0	0	0	0	0	0	0	0	0	0	0	0	0	0	0	0	0	0	0	
ADCASC_Scarites_laevigatus	0	0	1	0	0	0	0	0	0	0	0	0	0	0	0	0	0	0	0	0	0	0	0	0	0	0	0	
ADCASC_Scarites_eurytus	0	0	0	1	0	0	0	0	0	0	0	0	0	0	0	0	0	0	0	0	0	0	0	0	0	0	0	
N178	0.139408	0.149403	0.155108	0.150699	0.133411	0.105829	0.0744988	0.0462895	0.0253108	0.0121603	0.00513006	0.00190036	0.000618425	0.000176945	4.45637e-05	9.89252e-06	1.93863e-06	3.35961e-07	5.15808e-08	7.02963e-09	8.52113e-10	9.20669e-11	8.88874e-12	7.70547e-13	6.11691e-14	4.97964e-15	7.44096e-16	
N179	0.0406213	0.118172	0.249089	0.30063	0.202484	0.0735758	0.0138303	0.00149134	0.000101677	4.71013e-06	1.5627e-07	3.86294e-09	7.33556e-11	1.09642e-12	1.31565e-14	1.28842e-16	1.04411e-18	7.08549e-21	4.06821e-23	1.99424e-25	8.41364e-28	3.07768e-30	9.83279e-33	2.76979e-35	7.01436e-38	1.69007e-40	5.07361e-43	
ADCASC_Carenum_interruptum	0	0	0	0	0	1	0	0	0	0	0	0	0	0	0	0	0	0	0	0	0	0	0	0	0	0	0	
ADCASC_Scarites_hespericus	0	1	0	0	0	0	0	0	0	0	0	0	0	0	0	0	0	0	0	0	0	0	0	0	0	0	0	
N180	0.00468762	0.010784	0.028799	0.0669685	0.124769	0.181312	0.203209	0.174734	0.115096	0.0581665	0.0226532	0.00684603	0.0016198	0.000303122	4.53511e-05	5.4839e-06	5.41644e-07	4.41397e-08	2.99595e-09	1.70861e-10	8.2544e-12	3.40354e-13	1.20636e-14	3.70389e-16	9.99091e-18	2.52605e-19	1.02634e-20	
ADCASC_Scarites_buparius	0	0	0	0	0	1	0	0	0	0	0	0	0	0	0	0	0	0	0	0	0	0	0	0	0	0	0	
ADCASC_Scarites_occidentalis_M	0	0	0	0	0	0	0	0	0	1	0	0	0	0	0	0	0	0	0	0	0	0	0	0	0	0	0	
N181	0.107097	0.117613	0.128545	0.135216	0.13292	0.1195	0.0968372	0.0700639	0.0449881	0.0255394	0.0127895	0.00564313	0.00219295	0.000750682	0.000226507	6.03043e-05	1.41858e-05	2.95367e-06	5.45538e-07	8.96371e-08	1.31536e-08	1.73354e-09	2.0693e-10	2.26688e-11	2.33264e-12	2.417e-13	3.80301e-14	
N182	3.68829e-06	1.24299e-05	5.50433e-05	0.000231051	0.000858816	0.00278361	0.00782324	0.0189931	0.039699	0.0712163	0.109329	0.143264	0.159899	0.151757	0.122344	0.0837453	0.0486832	0.0240562	0.0101197	0.00363206	0.00111543	0.000294319	6.7186e-05	1.34767e-05	2.48375e-06	4.85636e-07	1.55262e-07	
ADCACI_Omus_californicus	0	0	0	0	0	0	0	0	0	0	0	0	0	0	1	0	0	0	0	0	0	0	0	0	0	0	0	
N183	1.1663e-09	8.32369e-09	8.66764e-08	8.50905e-07	7.22486e-06	5.16026e-05	0.000305621	0.00148561	0.00587419	0.0187342	0.0478008	0.0968349	0.154695	0.193798	0.189649	0.144687	0.0860727	0.0400189	0.0146046	0.00420839	0.00096442	0.000177206	2.6348e-05	3.20974e-06	3.29799e-07	3.22988e-08	5.33388e-09	
ADCACI_Amblycheila_baroni	0	0	0	0	0	0	0	0	0	0	0	0	0	1	0	0	0	0	0	0	0	0	0	0	0	0	0	
ADCACI_Mantichora_amygdaloides	0	0	0	0	0	0	0	0	0	0	0	0	0	0	0	0	1	0	0	0	0	0	0	0	0	0	0	
N184	0.111611	0.121657	0.131748	0.13764	0.134591	0.120053	0.0957748	0.0673743	0.0413873	0.0220578	0.0101582	0.00403283	0.00137871	0.000405825	0.000102905	2.25024e-05	4.2496e-06	6.9434e-07	9.83535e-08	1.21058e-08	1.29804e-09	1.21611e-10	9.99576e-12	7.26574e-13	4.78546e-14	3.16796e-15	3.58701e-16	
N185	0.0914496	0.0998596	0.10912	0.116824	0.119885	0.115718	0.103525	0.08492	0.0633857	0.0428268	0.0261013	0.0143171	0.00705847	0.00312557	0.00124288	0.000443904	0.000142469	4.11174e-05	1.06809e-05	2.50003e-06	5.28041e-07	1.00858e-07	1.74985e-08	2.79128e-09	4.26102e-10	7.17023e-11	2.08423e-11	
N186	0.0231537	0.0327467	0.0521766	0.0814641	0.11543	0.14329	0.153405	0.140625	0.110009	0.0733394	0.0416632	0.020185	0.00835304	0.00295897	0.00089963	0.000235464	5.32287e-05	1.04288e-05	1.77724e-06	2.64399e-07	3.44656e-08	3.95194e-09	4.00488e-10	3.61716e-11	2.98635e-12	2.51918e-13	3.73371e-14	
ADCACI_Megacephala_brasiliensis	0	0	0	0	0	0	1	0	0	0	0	0	0	0	0	0	0	0	0	0	0	0	0	0	0	0	0	
ADCACI_Megacephala_sobrina	0	0	0	0	0	0	0	0	1	0	0	0	0	0	0	0	0	0	0	0	0	0	0	0	0	0	0	
ADCACI_Megacephala_whelani	0	0	0	0	0	0	0	1	0	0	0	0	0	0	0	0	0	0	0	0	0	0	0	0	0	0	0	
N187	0.100209	0.112381	0.127346	0.139576	0.141903	0.129418	0.103339	0.0710388	0.0415696	0.0205538	0.00854727	0.0029814	0.000871236	0.000213257	4.37534e-05	7.5339e-06	1.0907e-06	1.3305e-07	1.37096e-08	1.19654e-09	8.87113e-11	5.60425e-12	3.02662e-13	1.40299e-14	5.64099e-16	2.11096e-17	1.32865e-18	
N188	0.0891458	0.101409	0.117825	0.1334	0.140826	0.133856	0.111673	0.0803317	0.0492298	0.025499	0.0111069	0.00405659	0.00124054	0.00031754	6.80695e-05	1.22341e-05	1.8466e-06	2.34549e-07	2.51289e-08	2.27671e-09	1.74926e-10	1.14325e-11	6.37919e-13	3.05765e-14	1.28144e-15	5.1113e-17	3.40155e-18	
N189	0.0802867	0.092261	0.109176	0.126658	0.137674	0.135393	0.117533	0.088581	0.0573345	0.0316505	0.0148391	0.00589508	0.00198253	0.00056445	0.000136164	2.78703e-05	4.84917e-06	7.18784e-07	9.0994e-08	9.86479e-09	9.18545e-10	7.37054e-11	5.11958e-12	3.10534e-13	1.68801e-14	9.08035e-16	7.7877e-17	
N190	0.00135727	0.00303447	0.00848144	0.0221763	0.049508	0.0918206	0.139983	0.174421	0.176993	0.14596	0.0977461	0.0531831	0.0235494	0.00850928	0.00251805	0.000612845	0.000123265	2.0596e-05	2.87425e-06	3.36874e-07	3.33453e-08	2.80337e-09	2.01413e-10	1.24789e-11	6.82682e-13	3.64091e-14	3.17956e-15	
N191	0.000608487	0.00152674	0.00514763	0.016473	0.0438899	0.0929846	0.153835	0.197087	0.194755	0.148264	0.0870532	0.0395456	0.0139656	0.00385775	0.000839433	0.000144995	2.00404e-05	2.23441e-06	2.02589e-07	1.50548e-08	9.23954e-10	4.71762e-11	2.01816e-12	7.28503e-14	2.24283e-15	6.24213e-17	2.8351e-18	
ADCACI_Cicindela_splendida	0	0	0	0	0	0	0	0	0	1	0	0	0	0	0	0	0	0	0	0	0	0	0	0	0	0	0	
ADCACI_Cicindela_sexguttata	0	0	0	0	0	0	1	0	0	0	0	0	0	0	0	0	0	0	0	0	0	0	0	0	0	0	0	
ADCACI_Cicindela_tranquebarica	0	0	0	0	0	0	0	0	0	0	0	1	0	0	0	0	0	0	0	0	0	0	0	0	0	0	0	
N192	0.0538964	0.0671999	0.0887194	0.11378	0.134468	0.142229	0.132371	0.107257	0.0751465	0.045323	0.0234683	0.0104177	0.00396256	0.00129185	0.000361285	8.67886e-05	1.79386e-05	3.19667e-06	4.92226e-07	6.56525e-08	7.60495e-09	7.6727e-10	6.76645e-11	5.25049e-12	3.66271e-13	2.54602e-14	3.05792e-15	
N193	4.75242e-07	3.66097e-06	3.36934e-05	0.000258216	0.00157803	0.00754393	0.0276664	0.0761904	0.154035	0.223589	0.22866	0.162884	0.0807945	0.0282089	0.00706061	0.0012947	0.000177821	1.86815e-05	1.53037e-06	9.94546e-08	5.20674e-09	2.22621e-10	7.87118e-12	2.33075e-13	5.89448e-15	1.36203e-16	4.78008e-18	
ADCACI_Cicindela_marutha	0	0	0	0	0	0	0	0	0	0	0	1	0	0	0	0	0	0	0	0	0	0	0	0	0	0	0	
ADCACI_Cylindera_cognata	0	0	0	0	0	0	0	0	0	0	1	0	0	0	0	0	0	0	0	0	0	0	0	0	0	0	0	
N194	0.0818335	0.0961209	0.116531	0.136296	0.145924	0.138326	0.113878	0.0805528	0.0486757	0.0250537	0.0109717	0.00408843	0.00129755	0.000351285	8.12925e-05	1.61194e-05	2.74616e-06	4.03131e-07	5.11488e-08	5.62688e-09	5.38446e-10	4.49657e-11	3.28831e-12	2.11555e-13	1.21452e-14	6.815e-16	6.83489e-17	
ADCACI_Taenidia_circumdata	0	0	0	0	0	0	1	0	0	0	0	0	0	0	0	0	0	0	0	0	0	0	0	0	0	0	0	
ADCACI_Ellipsoptera_marginata	0	0	1	0	0	0	0	0	0	0	0	0	0	0	0	0	0	0	0	0	0	0	0	0	0	0	0	
N195	0.0829651	0.0927282	0.105162	0.11716	0.124358	0.122741	0.110677	0.0900674	0.0656093	0.0425523	0.0244899	0.0124828	0.00562975	0.00224611	0.000793022	0.000247959	6.87358e-05	1.69148e-05	3.70081e-06	7.2112e-07	1.2538e-07	1.94973e-08	2.72204e-09	3.44447e-10	4.08434e-11	5.18409e-12	1.15778e-12	
ADCACI_Myriochile_undulata	0	0	0	0	0	0	0	0	1	0	0	0	0	0	0	0	0	0	0	0	0	0	0	0	0	0	0	
ADCACI_Lophyra_sp	0	0	0	0	0	1	0	0	0	0	0	0	0	0	0	0	0	0	0	0	0	0	0	0	0	0	0	
N196	0.0656339	0.0832338	0.109661	0.135611	0.149919	0.145023	0.121437	0.0874512	0.053922	0.028382	0.0127277	0.00485765	0.00157743	0.000435997	0.000102668	2.06267e-05	3.54211e-06	5.21047e-07	6.58174e-08	7.15832e-09	6.7223e-10	5.46703e-11	3.86268e-12	2.38106e-13	1.29723e-14	6.80915e-16	6.30777e-17	
N197	0.164569	0.169633	0.165691	0.150605	0.125075	0.0934766	0.0621642	0.036498	0.0188203	0.00849593	0.00335169	0.00115478	0.00034753	9.14308e-05	2.10551e-05	4.25108e-06	7.53971e-07	1.17719e-07	1.62169e-08	1.97585e-09	2.13438e-10	2.0494e-11	1.75403e-12	1.34434e-13	9.38807e-15	6.63573e-16	8.5938e-17	
ADCACI_Cicindela_hybrida	0	0	0	1	0	0	0	0	0	0	0	0	0	0	0	0	0	0	0	0	0	0	0	0	0	0	0	
ADCACI_Ctenostoma_sp	0	0	1	0	0	0	0	0	0	0	0	0	0	0	0	0	0	0	0	0	0	0	0	0	0	0	0	
N198	0.00966708	0.0175784	0.0354694	0.065714	0.105879	0.145205	0.167455	0.161123	0.128681	0.0850244	0.0463929	0.0208917	0.0077678	0.00238788	0.000608202	0.000128712	2.27078e-05	3.35236e-06	4.15825e-07	4.35228e-08	3.86099e-09	2.91657e-10	1.88585e-11	1.05187e-12	5.16095e-14	2.42513e-15	1.87042e-16	
ADCACI_Therates_sp	0	0	0	0	0	0	0	1	0	0	0	0	0	0	0	0	0	0	0	0	0	0	0	0	0	0	0	
N199	0.000647474	0.00171572	0.00567985	0.0170793	0.0428257	0.0872266	0.142503	0.185179	0.190246	0.15387	0.0977225	0.0486848	0.0190339	0.00584974	0.00141729	0.00027174	4.14211e-05	5.04586e-06	4.94053e-07	3.91188e-08	2.52123e-09	1.33243e-10	5.8281e-12	2.14057e-13	6.78817e-15	1.99097e-16	7.97594e-18	
ADCACI_Oxycheila_sp	0	0	0	0	0	0	0	0	0	0	0	0	0	0	0	0	1	0	0	0	0	0	0	0	0	0	0	
N200	0.000437467	0.00134664	0.00496198	0.016072	0.0425257	0.0897588	0.1493	0.194045	0.195758	0.152502	0.0914012	0.0420488	0.0148359	0.00401688	0.000836261	0.000134307	1.67145e-05	1.62063e-06	1.23189e-07	7.39133e-09	3.52602e-10	1.3476e-11	4.15937e-13	1.04613e-14	2.17416e-16	3.95007e-18	1.08581e-19	
ADCACI_Lophyridia_lunulata	0	0	1	0	0	0	0	0	0	0	0	0	0	0	0	0	0	0	0	0	0	0	0	0	0	0	0	
N201	5.00615e-05	0.000238109	0.0012064	0.00518106	0.0179063	0.048656	0.102624	0.166572	0.206676	0.194936	0.139122	0.0748514	0.0302788	0.00919516	0.00209597	0.000359074	4.63687e-05	4.53404e-06	3.37767e-07	1.93135e-08	8.54907e-10	2.95678e-11	8.06811e-13	1.7544e-14	3.077e-16	4.54238e-18	9.55355e-20	
ADCACI_Cicindela_repanda	0	1	0	0	0	0	0	0	0	0	0	0	0	0	0	0	0	0	0	0	0	0	0	0	0	0	0	
N202	1.37058e-07	1.18935e-06	1.13483e-05	9.48954e-05	0.000644516	0.00341994	0.01389	0.0426695	0.0983649	0.169174	0.216059	0.204105	0.142147	0.072783	0.027341	0.00752571	0.00151771	0.000224565	2.44566e-05	1.97062e-06	1.18324e-07	5.34176e-09	1.83234e-10	4.83513e-12	9.99691e-14	1.72696e-15	4.28454e-17	
N203	6.37e-11	9.43447e-10	1.81053e-08	3.04014e-07	4.12314e-06	4.36412e-05	0.000353601	0.00216605	0.00994203	0.0339528	0.0857611	0.159379	0.216872	0.215129	0.154965	0.0808096	0.0304465	0.00828517	0.00163109	0.000233233	2.4378e-05	1.87871e-06	1.07935e-07	4.69303e-09	1.5893e-10	4.59733e-12	1.81278e-13	
ADCACI_Cicindela_punctulata	0	0	0	0	0	0	0	0	0	0	0	0	0	0	0	0	0	1	0	0	0	0	0	0	0	0	0	
N204	1.16286e-15	3.57994e-14	1.52855e-12	5.53011e-11	1.60252e-09	3.65627e-08	6.48714e-07	8.84921e-06	9.18007e-05	0.000716589	0.00416559	0.0178506	0.055829	0.126201	0.204272	0.234745	0.190177	0.108103	0.0430492	0.0120382	0.00237884	0.000335501	3.42121e-05	2.56408e-06	1.45146e-07	6.81862e-09	4.61637e-10	
N205	7.31806e-46	2.41294e-42	8.51468e-39	2.56051e-35	6.3081e-32	1.25304e-28	1.97884e-25	2.44596e-22	2.32385e-19	1.66096e-16	8.70173e-14	3.23523e-11	8.18824e-09	1.33405e-06	0.00012918	0.0065684	0.140791	0.771578	0.0788445	0.00206406	2.28684e-05	1.33812e-07	4.68887e-10	1.06821e-12	1.68585e-15	1.99894e-18	2.4185e-21	
ADCACI_Cicindela_sedecimpunctata	0	0	0	0	0	0	0	0	0	0	0	0	0	0	0	0	0	1	0	0	0	0	0	0	0	0	0	
ADCACI_Cicindela_aurulenta	0	0	0	0	0	0	0	0	0	0	0	0	0	0	0	0	0	1	0	0	0	0	0	0	0	0	0	
N206	5.67446e-29	1.21213e-26	3.12066e-24	6.82854e-22	1.22822e-19	1.79218e-17	2.09612e-15	1.9397e-13	1.39993e-11	7.75476e-10	3.2378e-08	9.97992e-07	2.21642e-05	0.00034452	0.00361729	0.0245407	0.101762	0.24155	0.310033	0.216141	0.0826227	0.0172568	0.00197183	0.000131227	5.47665e-06	1.58929e-07	5.81066e-09	
ADCACI_Prothyma_sp	0	0	0	0	0	0	0	0	0	0	0	0	0	0	0	0	0	0	0	0	0	1	0	0	0	0	0	
ADCACI_Pentacomia_sp	0	0	0	0	0	0	0	0	0	0	0	0	0	0	0	0	0	1	0	0	0	0	0	0	0	0	0	
ADCACI_Cicindela_dorsalis	0	0	0	0	0	0	0	1	0	0	0	0	0	0	0	0	0	0	0	0	0	0	0	0	0	0	0	
