NODE	7	8	9	10	11	12	13	14	15	16	17	18	19	20	21	22	23	24	25	
N1	1.46437e-51	2.42731e-48	4.09246e-45	5.87233e-42	7.08441e-39	7.09037e-36	5.79596e-33	3.79892e-30	1.95303e-27	7.66847e-25	2.22592e-22	4.58698e-20	6.37671e-18	1.6508e-11	4.31097e-08	3.09643e-05	0.00488464	0.145812	0.849273	
N2	6.97496e-47	4.0964e-43	4.54667e-39	4.05947e-35	2.76659e-31	1.40409e-27	5.1673e-24	1.33637e-20	2.33933e-17	2.64908e-14	1.83648e-11	7.284e-09	1.52032e-06	0.00015043	0.00617283	0.0880317	0.358149	0.398157	0.149337	
N3	2.65471e-29	1.34662e-26	1.06917e-23	6.688e-21	3.15712e-18	1.09717e-15	2.73055e-13	4.71352e-11	5.43853e-09	4.0187e-07	1.81113e-05	0.000471527	0.00669885	0.0492513	0.180496	0.324688	0.285098	0.123185	0.0300934	
N4	2.39236e-28	1.80962e-25	1.84851e-22	1.41878e-19	7.92042e-17	3.12388e-14	8.41915e-12	1.49175e-09	1.6609e-07	1.10111e-05	0.000407138	0.00774515	0.0686951	0.254909	0.369181	0.225318	0.063789	0.0091469	0.00079708	
POSCSC_Cheironitis_sp	0	0	0	0	0	0	0	0	0	0	0	0	0	1	0	0	0	0	0	
N5	8.63806e-27	1.69655e-23	3.80874e-20	5.62202e-17	4.9316e-14	2.24626e-11	4.39685e-09	4.25018e-07	2.20057e-05	0.000627403	0.00973635	0.0782884	0.295329	0.431682	0.162063	0.0210512	0.00116816	3.19058e-05	5.33268e-07	
POSCSC_Phanaeus_chalcomelas	0	0	0	0	0	1	0	0	0	0	0	0	0	0	0	0	0	0	0	
N6	5.99022e-35	3.36957e-31	1.8982e-27	7.5961e-24	2.07934e-20	3.73476e-17	4.20635e-14	2.8332e-11	1.0843e-08	2.21807e-06	0.000223548	0.00984762	0.155819	0.604996	0.210426	0.0181064	0.000571122	8.20004e-06	7.29845e-08	
POSCSC_Bubas_bubalus	0	0	0	0	0	0	0	0	0	0	0	0	0	1	0	0	0	0	0	
POSCSC_Bubas_bison	0	0	0	0	0	0	0	0	0	0	0	0	0	1	0	0	0	0	0	
N7	5.55571e-27	1.53933e-23	4.68233e-20	9.50212e-17	1.17039e-13	7.6136e-11	2.08605e-08	2.4323e-06	0.000126644	0.00304904	0.0343823	0.178749	0.402153	0.328126	0.0503775	0.00295069	8.27644e-05	1.24039e-06	1.10486e-08	
N8	1.95325e-52	3.7573e-47	5.99557e-42	6.49611e-37	4.65493e-32	2.13396e-27	5.99754e-23	9.79763e-19	8.71946e-15	3.91596e-11	8.09665e-08	6.80039e-05	0.0186415	0.966216	0.0150273	4.64938e-05	5.16689e-08	2.65786e-11	7.95898e-15	
POSCSC_Onitis_sp	0	0	0	0	0	0	0	0	0	0	0	0	0	1	0	0	0	0	0	
POSCSC_Malagoniella_sp	0	0	0	0	0	0	0	0	0	0	0	0	0	1	0	0	0	0	0	
N9	4.23337e-24	3.04411e-20	1.85789e-16	6.46501e-13	1.10981e-09	7.12826e-07	6.10629e-05	0.00180119	0.0223515	0.125005	0.317888	0.353396	0.155917	0.0227569	0.000813494	9.87273e-06	5.11313e-08	1.3108e-10	2.0563e-13	
POSCSC_Phanaeus_igneus	0	0	0	0	0	1	0	0	0	0	0	0	0	0	0	0	0	0	0	
N10	1.41353e-30	2.60586e-25	3.38663e-20	2.46046e-15	8.66561e-11	1.07739e-06	8.8016e-05	0.00236913	0.0269902	0.140137	0.333111	0.34482	0.137094	0.015381	9.33998e-06	1.72772e-09	1.39822e-13	5.88421e-18	1.50501e-22	
POSCSC_Bolbites_onitoides	0	0	0	0	0	0	0	0	0	0	0	0	0	1	0	0	0	0	0	
POSCSC_Phanaeus_vindex	0	0	0	0	0	1	0	0	0	0	0	0	0	0	0	0	0	0	0	
N11	2.12108e-39	2.1173e-37	2.91545e-35	3.52459e-33	3.58385e-31	3.84946e-29	9.19116e-26	6.11668e-22	2.54731e-18	6.15659e-15	8.10534e-12	5.3955e-09	1.66141e-06	0.000211947	0.00969806	0.131268	0.43402	0.341325	0.083476	
N12	5.88837e-47	3.84135e-44	3.14087e-41	3.01566e-38	3.12717e-34	6.19101e-30	7.95424e-26	6.20117e-22	2.81767e-18	7.12909e-15	9.52262e-12	6.29921e-09	1.90572e-06	0.000237687	0.0106047	0.139282	0.443348	0.330752	0.0757747	
N13	1.64732e-16	1.0597e-14	8.6165e-13	5.75053e-11	2.94433e-09	1.10222e-07	2.91923e-06	5.34242e-05	0.000662327	0.00545729	0.0293044	0.10049	0.215619	0.283918	0.225356	0.105793	0.0286155	0.00432744	0.000399685	
POSCSC_Eurysternus_caribaeus	0	1	0	0	0	0	0	0	0	0	0	0	0	0	0	0	0	0	0	
N14	6.8093e-20	1.57348e-17	5.86906e-15	1.59356e-12	2.95611e-10	3.54005e-08	2.53526e-06	9.77922e-05	0.00181002	0.0170939	0.0862901	0.234937	0.335608	0.235748	0.0752374	0.0120527	0.00106444	5.62656e-05	2.19439e-06	
POSCSC_Deltochilum_amazonicum	0	0	0	0	0	0	0	1	0	0	0	0	0	0	0	0	0	0	0	
POSCSC_Ontherus_sp	0	0	0	0	0	0	0	0	0	0	0	0	0	1	0	0	0	0	0	
N15	6.71241e-56	5.54321e-51	4.10554e-46	2.27243e-41	9.1949e-37	2.64971e-32	5.26809e-28	6.94991e-24	5.79638e-20	2.87586e-16	7.85513e-13	1.06865e-09	6.35318e-07	0.000139105	0.00904705	0.13958	0.453553	0.325388	0.0722922	
N16	1.78882e-43	1.96093e-39	2.26205e-35	1.98234e-31	1.28588e-27	6.00161e-24	1.94788e-20	4.21704e-17	5.78426e-14	4.71274e-11	2.10186e-08	4.6241e-06	0.000439577	0.0152606	0.157645	0.427814	0.31885	0.0730467	0.00693932	
N17	8.38065e-29	7.87138e-26	9.83366e-23	9.27699e-20	6.37956e-17	3.09188e-14	1.01402e-11	2.14142e-09	2.73945e-07	1.96947e-05	0.000727068	0.0124719	0.0915358	0.281633	0.360724	0.198312	0.0485145	0.00565614	0.00040528	
N18	1.59102e-27	4.7734e-24	1.55591e-20	3.48332e-17	5.0453e-14	4.38249e-11	2.04245e-08	4.27322e-06	0.000299496	0.00825825	0.0914949	0.363474	0.38486	0.132821	0.0177211	0.00103701	2.91171e-05	4.2832e-07	3.96896e-09	
POSCSC_Copris_sinicus	0	0	0	0	0	0	0	1	0	0	0	0	0	0	0	0	0	0	0	
N19	1.88091e-30	1.1868e-26	7.04197e-23	2.7846e-19	6.93906e-16	1.01677e-12	8.02661e-10	3.06601e-07	5.02991e-05	0.00319027	0.069365	0.418142	0.402279	0.099321	0.00744082	0.000208156	2.55141e-06	1.55594e-08	6.03327e-11	
POSCSC_Paracopris_sp	0	0	0	0	0	0	0	0	0	0	0	1	0	0	0	0	0	0	0	
N20	1.61622e-35	1.06838e-30	5.9226e-26	2.22887e-21	5.36194e-17	7.55079e-13	5.37474e-09	1.40567e-05	0.000897105	0.0184882	0.145562	0.413919	0.348059	0.0727591	0.000300779	3.88317e-07	2.23386e-10	6.81778e-14	1.33145e-17	
POSCSC_Copris_lugubris	0	0	0	0	0	0	0	1	0	0	0	0	0	0	0	0	0	0	0	
POSCSC_Microcopris_sp	0	0	0	0	0	0	0	0	0	0	0	0	0	1	0	0	0	0	0	
POSCSC_Heliocopris_sp	0	0	0	0	0	0	0	0	0	0	0	0	0	1	0	0	0	0	0	
N21	1.2243e-49	7.85574e-45	4.40456e-40	1.78676e-35	5.09028e-31	9.82616e-27	1.23006e-22	9.45505e-19	4.16548e-15	9.62781e-12	1.04052e-08	4.52316e-06	0.00065353	0.0254399	0.228709	0.469685	0.23915	0.0342925	0.00206564	
N22	3.69989e-37	1.44914e-33	6.5869e-30	2.28086e-26	5.83754e-23	1.07188e-19	1.36249e-16	1.14779e-13	6.07149e-11	1.88422e-08	3.14568e-06	0.000252687	0.0084733	0.100235	0.360668	0.385833	0.128353	0.0152213	0.000960925	
N23	1.72952e-36	7.29865e-33	3.45969e-29	1.2414e-25	3.2741e-22	6.15095e-19	7.92272e-16	6.67298e-13	3.46117e-10	1.02273e-07	1.55213e-05	0.00105162	0.0264915	0.206427	0.434367	0.270681	0.0561886	0.00456619	0.000211313	
POSCSC_Sulcophanaeus_sp	0	0	0	0	0	0	0	0	0	0	0	0	0	1	0	0	0	0	0	
N24	4.20192e-34	1.31853e-30	4.76013e-27	1.30351e-23	2.62792e-20	3.77427e-17	3.70771e-14	2.36597e-11	9.16658e-09	1.96685e-06	0.000204917	0.00849917	0.105174	0.386679	0.372959	0.113288	0.0125749	0.000601314	1.76696e-05	
POSCSC_Paragymnopleurus_sp	0	0	0	0	0	0	0	0	0	0	0	1	0	0	0	0	0	0	0	
POSCSC_Gymnopleurus_sp	0	0	0	0	0	0	0	0	0	0	0	0	0	1	0	0	0	0	0	
N25	3.2244e-38	2.82511e-34	2.70168e-30	1.97991e-26	1.07974e-22	4.24498e-19	1.15626e-15	2.07248e-12	2.27964e-09	1.39089e-06	0.000399833	0.0390177	0.31132	0.565279	0.0803389	0.0035742	6.75728e-05	6.41581e-07	3.7211e-09	
POSCSC_Scarabaeus_sp	0	0	0	0	0	0	0	0	0	0	0	0	0	1	0	0	0	0	0	
POSCSC_Canthidium_sp	0	0	0	0	0	0	0	0	0	0	0	1	0	0	0	0	0	0	0	
N26	1.12719e-43	1.86286e-39	3.19869e-35	4.03341e-31	3.62804e-27	2.2552e-23	9.3176e-20	2.4379e-16	3.80074e-13	3.26698e-10	1.40136e-07	2.64161e-05	0.00187502	0.0426181	0.271719	0.454193	0.201589	0.026414	0.00156575	
N27	2.02027e-33	4.72194e-30	1.31391e-26	2.76983e-23	4.2917e-20	4.73375e-17	3.57459e-14	1.76026e-11	5.31373e-09	9.07298e-07	7.87683e-05	0.00302398	0.0438552	0.225153	0.403038	0.258132	0.0606362	0.00576333	0.000318109	
N28	1.62015e-37	9.35932e-34	5.9875e-30	2.94174e-26	1.08036e-22	2.87997e-19	5.3756e-16	6.7144e-13	5.29169e-10	2.43002e-07	5.79714e-05	0.0059848	0.188395	0.59949	0.188483	0.016971	0.000607185	1.04282e-05	1.10785e-07	
POSCSC_Oxysternon_sp	0	0	0	0	0	0	0	0	0	0	0	0	1	0	0	0	0	0	0	
POSCSC_Coprophanaeus_sp	0	0	0	0	0	0	0	0	0	0	0	0	0	1	0	0	0	0	0	
N29	1.02803e-29	1.79077e-26	3.75053e-23	5.89526e-20	6.7274e-17	5.37219e-14	2.86635e-11	9.624e-09	1.87588e-06	0.000189383	0.00833616	0.120864	0.371231	0.351401	0.126961	0.0195736	0.00139083	5.02012e-05	1.20187e-06	
POSCSC_Eucranium_arachnoides	0	0	0	0	0	0	0	0	0	0	0	1	0	0	0	0	0	0	0	
POSCSC_Glyphoderus_sterquilinus	0	0	0	0	0	0	0	0	0	0	0	1	0	0	0	0	0	0	0	
N30	1.18072e-29	1.18508e-26	1.58276e-23	1.63105e-20	1.25824e-17	7.0519e-15	2.76801e-12	7.26715e-10	1.20264e-07	1.1593e-05	0.000583887	0.0131938	0.110866	0.339157	0.359092	0.148243	0.0264378	0.00228664	0.000128428	
POSCSC_Gromphas_sp	0	0	0	0	0	0	0	0	0	0	0	0	0	1	0	0	0	0	0	
POSCSC_Canthon_indigaceus	0	0	0	0	0	0	0	0	0	0	0	1	0	0	0	0	0	0	0	
N31	5.71171e-52	1.93942e-47	6.72893e-43	1.76852e-38	3.43318e-34	4.79875e-30	4.68521e-26	3.08074e-22	1.30512e-18	3.37306e-15	4.96872e-12	3.82802e-09	1.38155e-06	0.000202592	0.0100684	0.137211	0.434821	0.330064	0.0876313	
N32	3.93451e-47	4.27275e-43	5.84202e-39	6.25062e-35	5.02124e-31	2.95781e-27	1.24364e-23	3.61337e-20	6.97459e-17	8.52085e-14	6.20342e-11	2.49438e-08	5.02715e-06	0.000448029	0.0150401	0.157305	0.43333	0.310792	0.0830804	
N33	1.63516e-43	1.28796e-39	1.11804e-35	7.49736e-32	3.78901e-28	1.40739e-24	3.72913e-21	6.79927e-18	8.16289e-15	6.10938e-12	2.66064e-09	6.17463e-07	6.82391e-05	0.00312372	0.0508749	0.264196	0.420438	0.213485	0.0478138	
N34	2.39209e-42	2.10517e-38	1.95148e-34	1.3637e-30	6.99824e-27	2.56427e-23	6.48764e-20	1.08842e-16	1.15249e-13	7.24592e-11	2.50626e-08	4.33404e-06	0.00033302	0.0099308	0.101657	0.340646	0.375234	0.14496	0.0272344	
N35	4.94729e-35	7.48013e-32	1.61979e-28	2.7583e-25	3.56746e-22	3.41906e-19	2.359e-16	1.13172e-13	3.61911e-11	7.32461e-09	8.79711e-07	5.78882e-05	0.00189382	0.0276007	0.162254	0.366828	0.314014	0.107332	0.0200191	
POSCSC_Onthophagus_taurus	0	0	0	0	0	0	0	0	0	0	0	0	0	1	0	0	0	0	0	
POSCSC_Caccobius_schreberi	0	0	0	0	0	0	0	0	0	0	0	0	0	1	0	0	0	0	0	
N36	1.60105e-36	4.83582e-33	1.72495e-29	4.80528e-26	1.02062e-22	1.61125e-19	1.83356e-16	1.44828e-13	7.57115e-11	2.46246e-08	4.58323e-06	0.000433294	0.0173171	0.213571	0.446127	0.260482	0.0563919	0.00538368	0.000288984	
N37	1.5463e-43	2.50229e-39	4.00101e-35	4.91762e-31	4.53585e-27	3.05186e-23	1.44675e-19	4.62702e-16	9.44284e-13	1.14205e-09	7.38602e-07	0.000219271	0.0232247	0.527076	0.389421	0.057315	0.0026909	5.18025e-05	5.56278e-07	
POSCSC_Onthophagus_fracticornis	0	0	0	0	0	0	0	0	0	0	0	0	0	1	0	0	0	0	0	
POSCSC_Onthophagus_similis	0	0	0	0	0	0	0	0	0	0	0	0	0	1	0	0	0	0	0	
POSCSC_Onthophagus_nuchicornis_M	0	0	0	0	0	0	0	0	0	0	0	0	0	1	0	0	0	0	0	
N38	2.39882e-37	8.46525e-34	3.5392e-30	1.15081e-26	2.83875e-23	5.17781e-20	6.77018e-17	6.10758e-14	3.62208e-11	1.32609e-08	2.75345e-06	0.000287484	0.0125772	0.17076	0.435833	0.299034	0.0733622	0.00770557	0.000437561	
N39	2.79931e-40	2.30656e-36	1.98741e-32	1.312e-28	6.47282e-25	2.31904e-21	5.826e-18	9.82506e-15	1.05204e-11	6.64753e-09	2.2422e-06	0.000349319	0.0200718	0.288093	0.481781	0.185336	0.0231637	0.00116996	3.3257e-05	
POSCSC_Onthophagus_marginicollis	0	0	0	0	0	0	0	0	0	0	0	0	0	1	0	0	0	0	0	
POSCSC_Onthophagus_hecate	0	0	0	0	0	0	0	0	0	0	0	0	0	1	0	0	0	0	0	
POSCSC_Onthophagus_pennsylvannicus	0	0	0	0	0	0	0	0	0	0	0	0	0	1	0	0	0	0	0	
POSCSC_Digitonthophagus_gazella	0	0	0	0	0	0	0	0	0	0	0	0	0	1	0	0	0	0	0	
N40	5.45938e-33	4.57602e-30	5.43234e-27	5.14932e-24	3.80077e-21	2.13861e-18	8.94843e-16	2.70345e-13	5.69181e-11	7.99809e-09	7.1115e-07	3.74365e-05	0.00107431	0.0152463	0.0977108	0.277068	0.347918	0.199594	0.0613509	
N41	1.72864e-44	1.42655e-40	1.29713e-36	9.35403e-33	5.24289e-29	2.23559e-25	7.06923e-22	1.6072e-18	2.52838e-15	2.6213e-12	1.67913e-09	6.07113e-07	0.000107718	0.00721287	0.0805769	0.298396	0.409135	0.187978	0.0165939	
POSCSC_Oruscatus_davus	0	0	0	0	0	0	0	0	0	0	0	0	0	1	0	0	0	0	0	
POSCSC_Tiniocellus_spinipes	0	0	0	0	0	0	0	0	0	0	0	0	0	0	0	0	0	1	0	
POSCSC_Oniticellus_fulvus	0	0	0	0	0	0	0	0	0	0	0	0	0	1	0	0	0	0	0	
POSCSC_Sisyphus_sp	0	0	0	0	0	0	0	0	0	0	0	0	0	1	0	0	0	0	0	
N42	7.14231e-57	1.94091e-52	5.34922e-48	1.15737e-43	1.93212e-39	2.44321e-35	2.29102e-31	1.55425e-27	7.41183e-24	2.40183e-20	5.0816e-17	6.69391e-14	5.18743e-11	2.2088e-08	4.75314e-06	0.000465173	0.018028	0.230111	0.751391	
N43	1.63659e-33	7.38685e-31	5.95245e-28	4.02568e-25	2.15126e-22	8.90574e-20	2.80172e-17	6.55579e-15	1.11367e-12	1.33665e-10	1.09977e-08	6.00199e-07	2.09808e-05	0.00045329	0.00584326	0.0433865	0.178322	0.383865	0.388109	
POSCHY_Hybosorus_sp	0	0	0	0	0	0	0	0	0	0	0	0	0	1	0	0	0	0	0	
N44	5.90887e-27	1.27014e-24	5.01364e-22	1.6176e-19	4.09699e-17	7.98407e-15	1.17052e-12	1.25757e-10	9.60005e-09	5.02101e-07	1.72376e-05	0.000369674	0.00468986	0.033393	0.128755	0.267713	0.303364	0.190407	0.071292	
POSCAP_Ataenius_sp	0	0	0	0	0	0	0	0	0	0	0	0	0	1	0	0	0	0	0	
POSCAP_Psammodius_sp	0	0	0	0	0	0	0	0	0	0	0	0	0	1	0	0	0	0	0	
N45	2.71639e-58	1.17993e-53	4.83925e-49	1.55964e-44	3.88491e-40	7.3374e-36	1.02749e-31	1.0389e-27	7.34777e-24	3.49817e-20	1.06932e-16	1.97816e-13	2.05339e-10	1.08341e-07	2.54564e-05	0.00222835	0.0578941	0.366026	0.573826	
N46	2.14417e-48	1.33974e-44	1.14202e-40	8.00165e-37	4.38364e-33	1.84139e-29	5.81166e-26	1.34595e-22	2.22438e-19	2.53747e-16	1.91963e-13	9.17193e-11	2.60483e-08	4.0687e-06	0.00031514	0.0104744	0.122516	0.423854	0.442836	
N47	4.04896e-55	1.52119e-50	5.38791e-46	1.48446e-41	3.12368e-37	4.91441e-33	5.63693e-29	4.57386e-25	2.53115e-21	9.13286e-18	2.03082e-14	2.58949e-11	1.723e-08	5.27376e-06	0.000626204	0.0231381	0.213234	0.465808	0.297188	
N48	1.17883e-46	9.8595e-43	1.03379e-38	8.59634e-35	5.45615e-31	2.58432e-27	8.90262e-24	2.16306e-20	3.5719e-17	3.83126e-14	2.5239e-11	9.51926e-09	1.88033e-06	0.00017353	0.00647706	0.0832471	0.330646	0.40252	0.176934	
POSCSE_Serica_sp	0	0	0	0	0	0	0	0	0	0	0	0	0	1	0	0	0	0	0	
N49	3.28175e-48	6.30559e-44	1.18549e-39	1.69062e-35	1.7872e-31	1.36426e-27	7.2905e-24	2.6282e-20	6.11136e-17	8.67741e-14	7.03022e-11	2.98648e-08	5.98701e-06	0.00049806	0.0148551	0.139194	0.390433	0.341112	0.113902	
N50	1.09482e-47	2.92213e-43	7.36317e-39	1.38347e-34	1.88989e-30	1.82226e-26	1.19668e-22	5.12353e-19	1.35472e-15	2.06624e-12	1.66583e-09	6.33967e-07	9.84175e-05	0.00521467	0.0794488	0.331621	0.401761	0.156044	0.025811	
N51	3.9097e-43	3.54659e-39	3.61748e-35	2.80333e-31	1.60936e-27	6.6698e-24	1.93388e-20	3.77443e-17	4.72581e-14	3.57121e-11	1.50567e-08	3.19596e-06	0.000298533	0.0103637	0.112643	0.366302	0.367892	0.123647	0.0188502	
N52	3.46238e-38	1.49859e-34	7.33507e-31	2.79286e-27	8.07778e-24	1.72908e-20	2.65423e-17	2.81068e-14	1.95508e-11	8.38188e-09	2.03203e-06	0.000246349	0.0123621	0.185753	0.44935	0.284048	0.062299	0.0056601	0.000278642	
POSCME_Phyllophaga_delata_M	0	0	0	0	0	0	0	0	0	0	0	0	0	1	0	0	0	0	0	
N53	8.37681e-43	1.16063e-38	1.60316e-34	1.70198e-30	1.35571e-26	7.87561e-23	3.2226e-19	8.8935e-16	1.56563e-12	1.63294e-09	9.1078e-07	0.000233479	0.0214872	0.438062	0.44367	0.0906487	0.00575087	0.000144671	2.00655e-06	
POSCME_Phyllophaga_drakii	0	0	0	0	0	0	0	0	0	0	0	0	0	1	0	0	0	0	0	
POSCME_Phyllophaga_fusca	0	0	0	0	0	0	0	0	0	0	0	0	0	1	0	0	0	0	0	
N54	1.78121e-37	6.79884e-34	2.99361e-30	1.03167e-26	2.71828e-23	5.33969e-20	7.58466e-17	7.50088e-14	4.92204e-11	2.01169e-08	4.6942e-06	0.000550386	0.0263606	0.347107	0.451606	0.153711	0.0195113	0.00111334	3.59497e-05	
POSCME_Amphimallon_solstitiale	0	0	0	0	0	0	0	0	0	0	0	0	0	1	0	0	0	0	0	
POSCME_Melolontha_sp	0	0	0	0	0	0	0	0	0	0	0	0	0	1	0	0	0	0	0	
N55	3.81583e-34	5.49384e-31	1.06526e-27	1.62371e-24	1.89001e-21	1.63852e-18	1.0269e-15	4.48723e-13	1.30742e-10	2.40157e-08	2.58915e-06	0.000149461	0.00412067	0.0480982	0.22267	0.387704	0.257232	0.0696922	0.0103312	
POSCME_Schizonycha_sp	0	0	0	0	0	0	0	0	0	0	0	0	0	0	1	0	0	0	0	
POSCME_Haplidia_sp	0	0	0	0	0	0	0	0	0	0	0	0	1	0	0	0	0	0	0	
N56	4.42058e-33	3.54082e-30	4.41341e-27	4.41405e-24	3.41299e-21	1.99485e-18	8.58933e-16	2.6425e-13	5.60047e-11	7.82513e-09	6.83494e-07	3.5015e-05	0.00097683	0.0137117	0.0905045	0.270651	0.35647	0.205883	0.0617669	
POSCME_Apogonia_sp	0	0	0	0	0	0	0	0	0	0	0	0	0	1	0	0	0	0	0	
POSCME_Hoplia_sp	0	0	0	0	0	0	0	0	0	0	0	0	0	1	0	0	0	0	0	
N57	4.27069e-52	1.14934e-47	3.05301e-43	6.30058e-39	9.89943e-35	1.15728e-30	9.79498e-27	5.80776e-23	2.31739e-19	5.91989e-16	9.09055e-13	7.73778e-10	3.28317e-07	6.0357e-05	0.00400517	0.0769297	0.359012	0.411203	0.148789	
N58	7.3184e-56	5.47962e-51	3.64467e-46	1.83407e-41	6.83186e-37	1.83572e-32	3.4494e-28	4.36494e-24	3.55079e-20	1.75181e-16	4.86549e-13	6.90123e-10	4.38575e-07	0.000104287	0.00726681	0.117353	0.419291	0.359919	0.0960657	
N59	2.02365e-51	1.06933e-46	5.10622e-42	1.82782e-37	4.78422e-33	8.88929e-29	1.13092e-24	9.42144e-21	4.85835e-17	1.44236e-13	2.24041e-10	1.59988e-07	4.39969e-05	0.00369286	0.0750592	0.353483	0.417765	0.134792	0.0151639	
N60	5.6097e-45	8.77763e-41	1.44501e-36	1.79511e-32	1.636e-28	1.06185e-24	4.73496e-21	1.38781e-17	2.52968e-14	2.6726e-11	1.49401e-08	3.92298e-06	0.000415095	0.0147743	0.150184	0.420452	0.330664	0.0764892	0.00701798	
N61	1.62041e-38	8.60914e-35	5.26636e-31	2.43867e-27	8.27295e-24	1.99314e-20	3.28419e-17	3.53258e-14	2.33919e-11	8.84729e-09	1.73558e-06	0.000156422	0.0056564	0.0735599	0.306928	0.408383	0.177026	0.0263741	0.00191368	
POSCRU_Anomala_bengalensis	0	0	0	0	0	0	0	0	0	0	0	1	0	0	0	0	0	0	0	
N62	2.72371e-35	6.77104e-32	2.04216e-28	4.75607e-25	8.32458e-22	1.06532e-18	9.64363e-16	5.9307e-13	2.35637e-10	5.67401e-08	7.61806e-06	0.000509994	0.0145977	0.1448	0.395977	0.334467	0.097691	0.0112145	0.000735141	
N63	2.50678e-37	1.00473e-36	4.53801e-36	1.89675e-35	7.27514e-35	2.54277e-34	8.03324e-34	2.27237e-33	5.69161e-33	1.24575e-32	6.52786e-16	2.41413e-10	3.46083e-05	0.999626	0.000339505	2.2241e-08	5.2562e-13	5.37241e-33	1.74789e-33	
POSCRU_Anomala_polita	0	0	0	0	0	0	0	0	0	0	0	0	0	1	0	0	0	0	0	
POSCRU_Anomala_dorsalis	0	0	0	0	0	0	0	0	0	0	0	0	0	1	0	0	0	0	0	
POSCRU_Anomala_varicolor	0	0	0	0	0	0	0	0	0	0	0	0	0	1	0	0	0	0	0	
N64	9.98213e-39	6.8177e-35	5.10292e-31	2.94174e-27	1.27144e-23	3.99932e-20	8.82451e-17	1.30348e-13	1.21211e-10	6.52201e-08	1.79583e-05	0.00208463	0.0733575	0.537659	0.331581	0.0521869	0.00303236	7.8968e-05	1.15106e-06	
POSCRU_Mimela_sp	0	0	0	0	0	0	0	0	0	0	0	0	0	1	0	0	0	0	0	
N65	1.60729e-48	1.58955e-43	1.37083e-38	8.82581e-34	4.12824e-29	1.35618e-24	2.99664e-20	4.20683e-16	3.46904e-12	1.49764e-08	2.80507e-05	0.0155365	0.253964	0.689017	0.0409164	0.00053546	2.36897e-06	4.48621e-09	4.74434e-12	
POSCRU_Popillia_japonica	0	0	0	0	0	0	0	0	0	0	0	1	0	0	0	0	0	0	0	
POSCRU_Phyllopertha_sp	0	0	0	0	0	0	0	0	0	0	0	0	0	1	0	0	0	0	0	
N66	3.22867e-38	1.28593e-34	6.03245e-31	2.18343e-27	5.92619e-24	1.17321e-20	1.63869e-17	1.55053e-14	9.44789e-12	3.47631e-09	7.1056e-07	7.22761e-05	0.00316636	0.0502426	0.25349	0.415702	0.228849	0.0443739	0.00410217	
N67	1.18428e-35	4.50558e-32	1.9048e-28	6.09319e-25	1.4333e-21	2.40095e-18	2.75384e-15	2.05954e-12	9.43733e-10	2.4432e-07	3.2077e-05	0.00184707	0.0387103	0.245299	0.424918	0.236969	0.0480812	0.00396319	0.000179999	
N68	3.64748e-39	4.28006e-35	5.06212e-31	4.5343e-27	2.99077e-23	1.40491e-19	4.50716e-16	9.3542e-13	1.1673e-09	7.88479e-07	0.000243939	0.0249974	0.258469	0.58504	0.123568	0.00750419	0.000175262	1.87969e-06	1.20151e-08	
POSCDY_Phyllognathus_dionysius	0	0	0	0	0	0	0	0	0	0	0	0	0	1	0	0	0	0	0	
POSCDY_Oryctes_nasicornis	0	0	0	0	0	0	0	0	0	0	0	1	0	0	0	0	0	0	0	
N69	9.013e-41	1.52071e-36	2.54895e-32	3.23788e-28	3.03053e-24	2.02138e-20	9.21402e-17	2.7186e-13	4.8241e-10	4.63007e-07	0.000202681	0.0287887	0.286027	0.599893	0.0818589	0.00318097	4.803e-05	3.37658e-07	1.41077e-09	
POSCDY_Pentodon_sp	0	0	0	0	0	0	0	0	0	0	0	0	0	1	0	0	0	0	0	
POSCDY_Dynastes_sp	0	0	0	0	0	0	0	0	0	0	0	1	0	0	0	0	0	0	0	
POSCDY_Cyclocephala_sp	0	0	0	0	0	0	0	0	0	0	0	0	0	1	0	0	0	0	0	
N70	4.00977e-43	1.83075e-39	1.06376e-35	4.90049e-32	1.73819e-28	4.64594e-25	9.12654e-22	1.27899e-18	1.23368e-15	7.84081e-13	3.11198e-10	7.21597e-08	8.99722e-06	0.000544425	0.0141098	0.134486	0.396489	0.34241	0.111952	
N71	3.18373e-38	5.04884e-35	1.05385e-31	1.78e-28	2.38447e-25	2.48736e-22	1.97796e-19	1.16934e-16	4.98792e-14	1.48059e-11	2.92511e-09	3.63749e-07	2.65114e-05	0.00103211	0.0190045	0.141954	0.368732	0.332849	0.136401	
POSCRU_Adoretus_lasiopygus	0	0	0	0	0	0	0	0	0	0	0	0	0	0	0	1	0	0	0	
POSCRU_Adoretus_versutus	0	0	0	0	0	0	0	0	0	0	0	0	0	0	0	0	1	0	0	
POSCCE_Trichius_zonatus	0	0	0	0	0	0	0	0	0	0	0	0	0	1	0	0	0	0	0	
N72	6.14782e-38	1.83722e-34	6.6081e-31	1.84934e-27	3.92192e-24	6.14489e-21	6.90247e-18	5.36068e-15	2.7535e-12	8.85173e-10	1.66102e-07	1.66459e-05	0.000796197	0.0159276	0.11888	0.329322	0.351487	0.151485	0.0320854	
N73	3.04554e-34	4.63783e-31	9.42129e-28	1.49741e-24	1.80891e-21	1.61946e-18	1.04278e-15	4.65787e-13	1.38074e-10	2.57036e-08	2.80203e-06	0.000163541	0.00455827	0.052938	0.228006	0.375873	0.252101	0.0741516	0.0122065	
POSCCE_Protaetia_cuprea	0	0	0	0	0	0	0	0	0	0	0	0	0	1	0	0	0	0	0	
POSCCE_Cetonia_aurata	0	0	0	0	0	0	0	0	0	0	0	0	0	1	0	0	0	0	0	
N74	3.91684e-46	8.25106e-42	1.85483e-37	3.24312e-33	4.30858e-29	4.24741e-25	3.0178e-21	1.48987e-17	4.87502e-14	9.92373e-11	1.14919e-07	6.60216e-05	0.0148154	0.752776	0.21818	0.0138362	0.000322566	3.43062e-06	1.93593e-08	
N75	9.85037e-65	1.23288e-58	1.18956e-52	8.22647e-47	4.01873e-41	1.35846e-35	3.08859e-30	4.5437e-25	4.09987e-20	2.10319e-15	5.47909e-11	6.04862e-07	0.00203596	0.968307	0.0295414	0.000115169	1.22783e-07	4.9968e-11	1.01002e-14	
POSCCE_Cremastocheilus_sp	0	0	0	0	0	0	0	0	0	0	0	0	0	1	0	0	0	0	0	
POSCCE_Oxythyrea_sp	0	0	0	0	0	0	0	0	0	0	0	0	0	1	0	0	0	0	0	
POSCCE_Tropinota_sp	0	0	0	0	0	0	0	0	0	0	0	0	0	1	0	0	0	0	0	
POSCCH_Chiron_sp	0	0	0	0	0	0	0	0	0	0	0	0	0	1	0	0	0	0	0	
N76	1.5769e-49	1.53241e-45	1.72527e-41	1.54195e-37	1.0691e-33	5.64189e-30	2.21674e-26	6.31923e-23	1.26764e-19	1.72533e-16	1.52489e-13	8.29769e-11	2.60392e-08	4.34335e-06	0.000346789	0.0115125	0.131159	0.430633	0.426344	
N77	2.27161e-57	1.33727e-52	7.26389e-48	3.06227e-43	9.83494e-39	2.35455e-34	4.09446e-30	5.01256e-26	4.15811e-22	2.22876e-18	7.26758e-15	1.33325e-11	1.2398e-08	5.0663e-06	0.000745623	0.0302978	0.262152	0.470943	0.235857	
N78	5.23061e-57	3.78446e-52	2.49352e-47	1.25073e-42	4.68258e-38	1.27839e-33	2.47445e-29	3.28085e-25	2.85566e-21	1.54681e-17	4.87034e-14	8.15725e-11	6.46129e-08	2.06696e-05	0.00216786	0.0584284	0.340896	0.434749	0.163738	
N79	8.88514e-47	1.59109e-42	2.76224e-38	3.64744e-34	3.58055e-30	2.54426e-26	1.26736e-22	4.25609e-19	9.1818e-16	1.19755e-12	8.73682e-10	3.22185e-07	5.25551e-05	0.00319106	0.0591465	0.297723	0.421975	0.185216	0.0326958	
N80	2.76713e-35	4.28611e-32	9.28863e-29	1.58637e-25	2.0689e-22	2.01204e-19	1.41874e-16	7.01184e-14	2.33049e-11	4.94857e-09	6.29542e-07	4.4251e-05	0.00155419	0.0242771	0.151681	0.363397	0.326027	0.112984	0.0200342	
POSCAP_Aphodius_constans	0	0	0	0	0	0	0	0	0	0	0	0	0	1	0	0	0	0	0	
POSCAP_Aphodius_ater	0	0	0	0	0	0	0	0	0	0	0	0	0	1	0	0	0	0	0	
N81	1.89492e-45	3.34947e-41	5.73534e-37	7.40136e-33	7.02438e-29	4.76485e-25	2.2318e-21	6.91928e-18	1.34702e-14	1.53989e-11	9.47533e-09	2.79533e-06	0.000338246	0.0136679	0.147728	0.414634	0.330385	0.0838659	0.00937791	
N82	8.25397e-37	2.12559e-33	7.02225e-30	1.80804e-26	3.5265e-23	5.07949e-20	5.24051e-17	3.73097e-14	1.75019e-11	5.10239e-09	8.5736e-07	7.52153e-05	0.00302399	0.0472769	0.244796	0.414416	0.235764	0.0492552	0.00539231	
POSCAP_Aphodius_vittatus	0	0	0	0	0	0	0	0	0	0	0	0	0	1	0	0	0	0	0	
POSCAP_Aphodius_distinctus	0	0	0	0	0	0	0	0	0	0	0	0	0	1	0	0	0	0	0	
N83	1.34184e-40	9.82359e-37	7.75298e-33	4.70511e-29	2.14245e-25	7.12311e-22	1.67296e-18	2.66439e-15	2.73234e-12	1.68688e-09	5.72669e-07	9.40857e-05	0.00617935	0.11941	0.41889	0.354249	0.0919743	0.00877456	0.000427805	
N84	9.76671e-41	8.3638e-37	7.53387e-33	5.20788e-29	2.69516e-25	1.01502e-21	2.68721e-18	4.79005e-15	5.44139e-12	3.66458e-09	1.32556e-06	0.000223442	0.0140989	0.229524	0.487835	0.233068	0.0334196	0.00177822	5.1439e-05	
POSCAP_Aphodius_sphacelatus	0	0	0	0	0	0	0	0	0	0	0	0	0	1	0	0	0	0	0	
N85	2.86193e-39	3.43338e-61	3.02715e-54	7.41514e-48	7.91316e-42	4.31069e-36	1.29275e-30	2.18501e-25	2.07033e-20	1.06356e-15	2.75734e-11	3.19079e-07	0.00129398	0.982776	0.0158863	4.38147e-05	3.69736e-08	1.2314e-11	2.03438e-15	
POSCAP_Aphodius_sticticus	0	0	0	0	0	0	0	0	0	0	0	0	0	1	0	0	0	0	0	
POSCAP_Aphodius_prodromus	0	0	0	0	0	0	0	0	0	0	0	0	0	1	0	0	0	0	0	
POSCAP_Aphodius_consputus	0	0	0	0	0	0	0	0	0	0	0	0	0	1	0	0	0	0	0	
N86	1.69641e-49	2.66417e-45	4.95086e-41	7.12378e-37	7.676e-33	6.06376e-29	3.42521e-25	1.34198e-21	3.51282e-18	5.86407e-15	5.88812e-12	3.30133e-09	9.39316e-07	0.000119832	0.00584682	0.0903452	0.373829	0.39304	0.136819	
N87	1.61603e-48	3.08484e-44	5.83397e-40	8.43977e-36	9.13608e-32	7.21735e-28	4.03833e-24	1.54365e-20	3.85674e-17	5.96158e-14	5.31969e-11	2.50795e-08	5.57429e-06	0.00050611	0.0159523	0.15282	0.415472	0.322187	0.0930578	
N88	8.83122e-38	2.84517e-34	1.0916e-30	3.25991e-27	7.38345e-24	1.23616e-20	1.48365e-17	1.22977e-14	6.72181e-12	2.28518e-09	4.47944e-07	4.57808e-05	0.00212932	0.0376853	0.211564	0.394375	0.269807	0.0741385	0.0102557	
N89	2.20369e-36	6.34606e-33	2.18111e-29	5.81288e-26	1.17074e-22	1.73505e-19	1.83247e-16	1.32619e-13	6.26278e-11	1.81279e-08	2.96225e-06	0.000244366	0.00869787	0.106966	0.351817	0.36672	0.140896	0.022629	0.00202601	
POSCAP_Aphodius_luridus	0	0	0	0	0	0	0	0	0	0	0	0	0	1	0	0	0	0	0	
POSCAP_Aphodius_depressus	0	0	0	0	0	0	0	0	0	0	0	0	0	1	0	0	0	0	0	
POSCAP_Aphodius_borealis	0	0	0	0	0	0	0	0	0	0	0	0	0	1	0	0	0	0	0	
N90	5.56275e-42	2.95522e-38	1.82965e-34	8.80808e-31	3.21348e-27	8.67548e-24	1.68491e-20	2.27555e-17	2.0505e-14	1.17135e-11	3.97853e-09	7.40674e-07	6.8176e-05	0.00273702	0.0420863	0.227316	0.409892	0.250765	0.0671354	
N91	2.70378e-35	4.34576e-32	9.43145e-29	1.61362e-25	2.11476e-22	2.07252e-19	1.4762e-16	7.38387e-14	2.48695e-11	5.35284e-09	6.89151e-07	4.87635e-05	0.00170267	0.0258053	0.15179	0.349384	0.322528	0.123934	0.0248069	
POSCAP_Aphodius_erraticus	0	0	0	0	0	0	0	0	0	0	0	0	0	1	0	0	0	0	0	
POSCAP_Aphodius_haemorrhoidalis	0	0	0	0	0	0	0	0	0	0	0	0	0	1	0	0	0	0	0	
POSCAP_Aphodius_moestus	0	0	0	0	0	0	0	0	0	0	0	0	0	0	0	1	0	0	0	
POSCAP_Aphodius_rufus	0	0	0	0	0	0	0	0	0	0	0	0	0	1	0	0	0	0	0	
N92	1.75943e-48	2.95808e-44	5.04165e-40	6.59551e-36	6.48206e-32	4.67359e-28	2.40304e-24	8.51556e-21	1.99488e-17	2.93437e-14	2.54114e-11	1.19407e-08	2.74433e-06	0.000270731	0.00981796	0.112784	0.378583	0.36995	0.128591	
N93	9.80161e-47	1.63207e-42	2.70355e-38	3.39682e-34	3.16193e-30	2.12341e-26	9.96559e-23	3.14498e-19	6.36519e-16	7.78834e-13	5.34669e-10	1.87161e-07	2.95604e-05	0.00181215	0.0368542	0.227454	0.424048	0.250257	0.0595451	
N94	4.28818e-42	3.16577e-38	2.52216e-34	1.53373e-30	6.94695e-27	2.2823e-23	5.26869e-20	8.22449e-17	8.28189e-14	5.07316e-11	1.7553e-08	3.12064e-06	0.000252814	0.00808254	0.0889499	0.321923	0.387271	0.162531	0.0309864	
N95	4.65212e-34	7.87325e-31	1.67448e-27	2.7942e-24	3.57033e-21	3.40745e-18	2.35742e-15	1.13985e-12	3.67952e-10	7.47766e-08	8.8496e-06	0.000547636	0.0151604	0.148609	0.381728	0.325584	0.110099	0.0167854	0.00147838	
POSCAP_Aphodius_foetidus	0	0	0	0	0	0	0	0	0	0	0	0	0	1	0	0	0	0	0	
POSCAP_Aphodius_fossor	0	0	0	0	0	0	0	0	0	0	0	0	0	1	0	0	0	0	0	
N96	1.01363e-33	1.40826e-30	2.59052e-27	3.74274e-24	4.13401e-21	3.40587e-18	2.03242e-15	8.47759e-13	2.3656e-10	4.17872e-08	4.35296e-06	0.000243673	0.0064832	0.0702093	0.267916	0.379853	0.215062	0.05286	0.00736785	
POSCAP_Aphodius_coniugatus	0	0	0	0	0	0	0	0	0	0	0	0	0	1	0	0	0	0	0	
POSCAP_Aphodius_foetens	0	0	0	0	0	0	0	0	0	0	0	0	0	1	0	0	0	0	0	
N97	1.57281e-32	1.55083e-29	2.13608e-26	2.3284e-23	1.953e-20	1.23096e-17	5.66872e-15	1.84384e-12	4.0639e-10	5.76361e-08	4.92617e-06	0.000233232	0.00549074	0.056466	0.226965	0.367231	0.251891	0.0780152	0.0137023	
POSCAP_Aphodius_fimetarius	0	0	0	0	0	0	0	0	0	0	0	0	0	1	0	0	0	0	0	
POSCAP_Aphodius_pedellus	0	0	0	0	0	0	0	0	0	0	0	0	0	1	0	0	0	0	0	
N98	2.07758e-31	1.36031e-28	1.35356e-25	1.07725e-22	6.64145e-20	3.10141e-17	1.06865e-14	2.63357e-12	4.47032e-10	4.99198e-08	3.46574e-06	0.00013954	0.00299729	0.0313617	0.148872	0.319196	0.31394	0.145775	0.0377145	
POSCAP_Aphodius_elevatus	0	0	0	0	0	0	0	0	0	0	0	0	0	1	0	0	0	0	0	
POSCAP_Aphodius_paykulli	0	0	0	0	0	0	0	0	0	0	0	0	0	1	0	0	0	0	0	
N99	1.66264e-28	5.70647e-26	3.25208e-23	1.49733e-20	5.39111e-18	1.48617e-15	3.06091e-13	4.57501e-11	4.79194e-09	3.37104e-07	1.51207e-05	0.000405842	0.00604584	0.04616	0.170758	0.310289	0.286836	0.139577	0.0399126	
POSCAP_Aphodius_contaminatus	0	0	0	0	0	0	0	0	0	0	0	0	0	1	0	0	0	0	0	
POSCAP_Aphodius_obliteratus	0	0	0	0	0	0	0	0	0	0	0	0	0	1	0	0	0	0	0	
