NODE	7	8	9	10	11	12	13	14	15	16	17	18	19	20	21	22	23	24	25	26	27	
N1	0.612759	0.378449	0.00879199	3.40143e-22	1.99892e-33	3.50286e-45	1.5158e-57	6.89794e-71	1.6851e-93	1.65469e-116	9.00636e-140	3.13407e-163	7.58027e-187	1.3473e-210	1.83156e-234	1.9628e-258	1.69776e-282	1.20792e-306	0	0	0	
N2	0.400333	0.546866	0.0528015	4.32382e-13	6.28679e-25	2.14263e-37	1.57154e-50	2.78906e-73	1.43136e-96	3.13337e-120	3.53851e-144	2.31872e-168	9.55916e-193	2.63059e-217	5.05584e-242	7.03245e-267	7.28562e-292	5.75591e-317	0	0	0	
N3	0.181439	0.670561	0.148001	2.62024e-12	9.67818e-24	9.37676e-36	2.10992e-48	6.10957e-62	3.70022e-77	4.93218e-101	2.46888e-125	6.38818e-150	9.85887e-175	9.88108e-200	6.81379e-225	3.37244e-250	1.23763e-275	3.45592e-301	0	0	0	
N4	0.0700308	0.687448	0.242521	2.73087e-12	5.85344e-24	3.65088e-36	7.36669e-49	4.0724e-62	3.44713e-85	9.31406e-109	1.14473e-132	7.59546e-157	3.02481e-181	7.77827e-206	1.36287e-230	1.69565e-255	1.54778e-280	1.06431e-305	0	0	0	
N5	0.0495832	0.682973	0.267444	1.82769e-12	9.89804e-25	2.8355e-47	8.8028e-71	5.08334e-95	7.64533e-120	3.8704e-145	8.31789e-171	8.96311e-197	5.42247e-223	1.99106e-249	4.68841e-276	7.36531e-303	0	0	0	0	0	
N6	0.0456183	0.679164	0.275218	9.88407e-13	4.61278e-35	1.97266e-58	2.14793e-82	8.90109e-107	1.74428e-131	1.85141e-156	1.16752e-181	4.67543e-207	1.24967e-232	2.31612e-258	3.06653e-284	2.96897e-310	0	0	0	0	0	
N7	0.00939238	0.367893	0.554257	0.0684582	1.16196e-13	4.24346e-36	2.22991e-59	2.92734e-83	1.25465e-107	2.34211e-132	2.27467e-157	1.28774e-182	4.59148e-208	1.08971e-233	1.79334e-259	2.11079e-285	1.81945e-311	0	0	0	0	
N8	0.00363833	0.200513	0.529972	0.242494	0.0233825	1.12641e-13	1.32962e-25	4.11164e-38	7.94141e-61	5.1914e-84	1.6309e-107	2.89704e-131	3.2097e-155	2.37127e-179	1.22666e-203	4.61262e-228	1.29873e-252	2.80458e-277	4.73833e-302	0	0	
POSCAP_Aphodius_constans	0	0	0	0	1	0	0	0	0	0	0	0	0	0	0	0	0	0	0	0	0	
POSCAP_Aphodius_ater	0	0	0	0	0	0	0	1	0	0	0	0	0	0	0	0	0	0	0	0	0	
N9	0.00516944	0.279427	0.594982	0.120422	4.26437e-13	1.3624e-25	1.39746e-48	3.12016e-72	2.57636e-96	1.00628e-120	2.14769e-145	2.75372e-170	2.26707e-195	1.25842e-220	4.88675e-246	1.36568e-271	2.8075e-297	4.44659e-323	0	0	0	
N10	0.00010875	0.0180756	0.179901	0.435993	0.313545	0.0523765	1.47806e-13	7.43951e-36	1.03958e-58	6.21212e-82	1.94327e-105	3.59102e-129	4.25218e-153	3.42186e-177	1.9569e-201	8.23733e-226	2.6257e-250	6.48806e-275	1.26744e-299	0	0	
POSCAP_Aphodius_vittatus	0	0	0	0	0	0	1	0	0	0	0	0	0	0	0	0	0	0	0	0	0	
POSCAP_Aphodius_distinctus	0	0	0	0	0	1	0	0	0	0	0	0	0	0	0	0	0	0	0	0	0	
N11	0.000568936	0.0849153	0.530839	0.383677	3.12021e-12	3.48855e-34	7.49106e-57	5.44686e-80	3.87322e-103	5.44216e-126	5.38045e-149	2.95176e-172	9.34308e-196	1.7851e-219	2.13405e-243	1.6469e-267	8.468e-292	3.00603e-316	0	0	0	
N12	5.02936e-05	0.0197482	0.321922	0.658279	1.03208e-11	3.06253e-23	2.06229e-35	6.14393e-48	3.9712e-59	1.25743e-70	2.23075e-82	2.37809e-94	1.58053e-106	6.64818e-119	1.76752e-131	2.9378e-144	3.06269e-157	2.19536e-170	1.33184e-183	6.91263e-197	3.70003e-210	
POSCAP_Aphodius_sphacelatus	0	0	0	0	0	0	1	0	0	0	0	0	0	0	0	0	0	0	0	0	0	
N13	4.43592e-11	3.01017e-06	0.00627863	0.993718	3.62982e-24	1.93152e-48	3.0666e-73	1.94487e-98	5.74424e-124	8.65971e-150	6.98495e-176	3.06022e-202	7.16394e-229	8.35343e-256	4.15744e-283	5.64545e-311	6.67389e-37	9.88559e-38	1.35296e-38	1.72024e-39	2.29515e-40	
POSCAP_Aphodius_sticticus	0	0	0	1	0	0	0	0	0	0	0	0	0	0	0	0	0	0	0	0	0	
POSCAP_Aphodius_prodromus	0	0	0	1	0	0	0	0	0	0	0	0	0	0	0	0	0	0	0	0	0	
POSCAP_Aphodius_consputus	0	0	0	0	1	0	0	0	0	0	0	0	0	0	0	0	0	0	0	0	0	
N14	0.0298372	0.628823	0.34134	2.60971e-12	3.42601e-24	1.22986e-36	1.17067e-49	1.11896e-72	3.5908e-96	5.49549e-120	4.7257e-144	2.52248e-168	8.94845e-193	2.21838e-217	3.99474e-242	5.38857e-267	5.58332e-292	4.53747e-317	0	0	0	
N15	0.0180843	0.573415	0.408501	1.91176e-12	6.13987e-35	1.93925e-58	1.08314e-82	2.04516e-107	1.73139e-132	7.69963e-158	1.98928e-183	3.19893e-209	3.36368e-235	2.39798e-261	1.19052e-287	4.19784e-314	0	0	0	0	0	
N16	0.0143629	0.533437	0.452201	3.00983e-12	3.34892e-34	6.58645e-57	4.14638e-80	1.12056e-103	1.54725e-127	1.22312e-151	5.99256e-176	1.92796e-200	4.2541e-225	6.65667e-250	7.58124e-275	6.41313e-300	0	0	0	0	0	
N17	5.80304e-05	0.0182362	0.275007	0.706699	9.36561e-12	2.23469e-23	3.41238e-46	1.59481e-69	3.35353e-93	3.80809e-117	2.60868e-141	1.16258e-165	3.56159e-190	7.82332e-215	1.27389e-239	1.5798e-264	1.52582e-289	1.16948e-314	0	0	0	
POSCAP_Aphodius_luridus	0	0	0	0	0	1	0	0	0	0	0	0	0	0	0	0	0	0	0	0	0	
POSCAP_Aphodius_depressus	0	0	0	1	0	0	0	0	0	0	0	0	0	0	0	0	0	0	0	0	0	
POSCAP_Aphodius_borealis	0	0	1	0	0	0	0	0	0	0	0	0	0	0	0	0	0	0	0	0	0	
N18	0.0117941	0.46318	0.487808	0.0372179	7.74981e-14	2.31858e-26	2.82879e-49	9.40699e-73	1.29352e-96	8.98754e-121	3.56101e-145	8.72438e-170	1.40003e-194	1.53547e-219	1.18843e-244	6.65123e-270	2.74148e-295	8.4337e-321	0	0	0	
N19	0.000600064	0.0811266	0.472853	0.44542	5.00868e-12	1.00036e-23	2.99906e-46	2.7309e-69	1.11167e-92	2.43018e-116	3.18914e-140	2.7108e-164	1.57781e-188	6.56201e-213	2.01693e-237	4.70883e-262	8.54217e-287	1.22734e-311	0	0	0	
POSCAP_Aphodius_moestus	0	0	0	1	0	0	0	0	0	0	0	0	0	0	0	0	0	0	0	0	0	
POSCAP_Aphodius_haemorrhoidalis	0	0	0	0	0	1	0	0	0	0	0	0	0	0	0	0	0	0	0	0	0	
POSCAP_Aphodius_erraticus	0	0	0	0	0	1	0	0	0	0	0	0	0	0	0	0	0	0	0	0	0	
POSCAP_Aphodius_rufus	0	0	0	0	0	0	1	0	0	0	0	0	0	0	0	0	0	0	0	0	0	
N20	0.0227545	0.438747	0.441428	0.092726	0.00434529	1.94105e-14	1.5498e-26	3.17938e-39	1.85539e-52	2.43322e-66	3.70794e-90	1.62535e-114	3.17265e-139	3.32788e-164	2.08561e-189	8.35772e-215	2.24311e-240	4.16501e-266	5.47211e-292	5.16137e-318	0	
N21	0.000125008	0.0156805	0.18336	0.506785	0.29405	8.0254e-12	3.97751e-23	3.68937e-35	3.99755e-48	1.23374e-71	1.00808e-95	3.4003e-120	5.85991e-145	5.86215e-170	3.70693e-195	1.57461e-220	4.70188e-246	1.02229e-271	1.66416e-297	1.4822e-323	0	
N22	1.68656e-06	0.000583799	0.0192428	0.160429	0.401436	0.324894	0.0867581	0.00656828	8.73073e-05	1.59162e-17	4.18471e-41	3.17076e-65	1.05622e-89	1.88021e-114	2.00724e-139	1.38767e-164	6.56353e-190	2.21345e-215	5.49547e-241	1.03048e-266	1.92855e-292	
N23	5.56904e-08	3.65912e-05	0.00228112	0.0366823	0.192211	0.376742	0.294383	0.0887621	0.00873486	0.000166029	9.96938e-27	1.23902e-49	5.80253e-73	1.32065e-96	1.68745e-120	1.32972e-144	6.90597e-169	2.48409e-193	6.43117e-218	1.23572e-242	3.23852e-267	
POSCAP_Aphodius_coniugatus	0	0	0	0	0	0	0	0	0	1	0	0	0	0	0	0	0	0	0	0	0	
POSCAP_Aphodius_foetens	0	0	0	0	0	0	0	0	0	1	0	0	0	0	0	0	0	0	0	0	0	
N24	1.08569e-13	5.87674e-10	3.01936e-07	4.07509e-05	0.00188027	0.0334	0.227871	0.511834	0.224974	9.54778e-24	8.49132e-47	2.87726e-70	4.78501e-94	4.50706e-118	2.63932e-142	1.02638e-166	2.78448e-191	5.47562e-216	8.04812e-241	9.06643e-266	1.1432e-290	
POSCAP_Aphodius_foetidus	0	0	0	0	0	0	0	0	1	0	0	0	0	0	0	0	0	0	0	0	0	
POSCAP_Aphodius_fossor	0	0	0	0	0	0	0	0	1	0	0	0	0	0	0	0	0	0	0	0	0	
N25	4.42871e-05	0.00784337	0.127845	0.482519	0.381748	1.18591e-11	7.8857e-23	1.41321e-34	6.30636e-47	1.46298e-69	1.0873e-92	3.71513e-116	6.92815e-140	7.8331e-164	5.7718e-188	2.92293e-212	1.05966e-236	2.84049e-261	5.77937e-286	9.121e-311	0	
POSCAP_Aphodius_fimetarius	0	0	0	0	1	0	0	0	0	0	0	0	0	0	0	0	0	0	0	0	0	
POSCAP_Aphodius_pedellus	0	0	0	0	0	0	0	0	1	0	0	0	0	0	0	0	0	0	0	0	0	
N26	0.000267202	0.0129398	0.0883143	0.240965	0.324556	0.230245	0.0857295	0.015734	0.00122209	2.73789e-05	3.51008e-17	2.60996e-39	5.83319e-62	5.93089e-85	3.31677e-108	1.14081e-131	2.59989e-155	4.14167e-179	4.80247e-203	4.18438e-227	7.2785e-251	
POSCAP_Aphodius_elevatus	0	0	0	0	0	0	0	0	0	0	1	0	0	0	0	0	0	0	0	0	0	
POSCAP_Aphodius_paykulli	0	0	0	0	0	0	0	0	0	1	0	0	0	0	0	0	0	0	0	0	0	
N27	3.37925e-05	0.00201953	0.0253561	0.128875	0.30706	0.345523	0.166173	0.0249603	1.63638e-13	2.34232e-25	1.51678e-47	3.3082e-70	3.49148e-93	2.10715e-116	8.03474e-140	2.0708e-163	3.78895e-187	5.11011e-211	5.23361e-235	4.1702e-259	5.47552e-283	
POSCAP_Aphodius_contaminatus	0	0	0	0	0	0	0	1	0	0	0	0	0	0	0	0	0	0	0	0	0	
POSCAP_Aphodius_obliteratus	0	0	0	0	0	0	0	0	0	1	0	0	0	0	0	0	0	0	0	0	0	
N28	0.0127995	0.146498	0.368371	0.335277	0.120541	0.0159103	0.000600668	3.44718e-06	5.01188e-10	1.4542e-32	8.18101e-56	1.69956e-79	1.70914e-103	9.67213e-128	3.39102e-152	7.87393e-177	1.27167e-201	1.48293e-226	1.28582e-251	8.48794e-277	9.63546e-302	
N29	6.83453e-05	0.00369727	0.0488247	0.228935	0.40861	0.260201	0.0480796	0.00158151	2.33822e-06	7.35456e-19	2.40405e-32	5.78204e-56	3.69121e-80	9.86436e-105	1.35719e-129	1.08566e-154	5.47553e-180	1.84535e-205	4.34149e-231	7.37684e-257	1.11822e-282	
N30	9.28402e-08	1.64699e-05	0.000729055	0.0119391	0.0827373	0.256756	0.362262	0.225367	0.0557945	0.00433911	6.00373e-05	5.1301e-17	9.17076e-30	5.51709e-43	1.0268e-56	3.2761e-80	3.82575e-104	2.27657e-128	8.01237e-153	1.82144e-177	1.04458e-201	
POSCSE_Serica_sp	0	0	0	0	0	0	0	0	0	0	0	0	0	0	1	0	0	0	0	0	0	
N31	1.81079e-11	1.5197e-08	2.92829e-06	0.000191731	0.0048976	0.0517271	0.228258	0.404907	0.259959	0.0484738	0.00158372	2.13863e-15	7.85401e-38	4.66661e-61	8.78124e-85	6.73709e-109	2.42607e-133	4.54908e-158	4.86551e-183	3.19997e-208	1.8302e-233	
N32	5.47459e-15	1.6786e-11	1.09431e-08	2.24365e-06	0.000166659	0.00479057	0.0546622	0.245429	0.414596	0.239864	0.0393345	0.00115446	1.0531e-15	3.65629e-38	2.47103e-61	5.19279e-85	4.3458e-109	1.75537e-133	3.91371e-158	5.29257e-183	7.67466e-208	
N33	6.40344e-18	5.16991e-14	8.41461e-11	4.08123e-08	6.80527e-06	0.000418755	0.00985862	0.0898201	0.313361	0.401462	0.168533	0.0165396	7.58886e-14	8.87878e-26	3.42844e-38	3.88271e-51	3.92736e-74	1.25113e-97	1.76205e-121	1.2903e-145	1.48947e-169	
N34	2.83028e-24	1.57821e-19	1.63773e-15	4.65192e-12	4.15697e-09	1.25273e-06	0.000132402	0.00501018	0.0680667	0.320997	0.464373	0.14142	5.77536e-13	3.7076e-35	5.70621e-58	3.41462e-81	9.97032e-105	1.62669e-128	1.62446e-152	1.06059e-176	9.1377e-201	
POSCME_Phyllophaga_delata_M	0	0	0	0	0	0	0	0	0	0	0	0	1	0	0	0	0	0	0	0	0	
N35	5.52112e-31	2.11563e-25	1.40561e-20	2.36814e-16	1.15569e-12	1.74027e-09	8.3622e-07	0.000130403	0.00661019	0.105466	0.471491	0.416302	2.29619e-12	8.4511e-35	7.48894e-58	2.55166e-81	4.20056e-105	3.84021e-129	2.14282e-153	7.81445e-178	3.21446e-202	
POSCME_Phyllophaga_drakii	0	0	0	0	0	0	0	0	0	0	0	0	1	0	0	0	0	0	0	0	0	
POSCME_Phyllophaga_fusca	0	0	0	0	0	0	0	0	0	0	0	1	0	0	0	0	0	0	0	0	0	
N36	5.76925e-31	5.65889e-26	1.06821e-21	5.7491e-18	1.0263e-14	6.65639e-12	1.69536e-09	1.84592e-07	9.45262e-06	0.000248596	0.00356972	0.0288158	0.13028	0.315889	0.367858	0.153329	1.39066e-12	4.19262e-24	5.03751e-36	2.055e-48	1.15891e-70	
POSCME_Amphimallon_solstitiale	0	0	0	0	0	0	0	0	0	0	0	0	0	0	0	0	0	0	0	1	0	
POSCME_Melolontha_sp	0	0	0	0	0	0	0	0	0	0	0	0	0	0	0	1	0	0	0	0	0	
N37	1.12112e-24	4.00029e-20	2.84675e-16	5.98248e-13	4.30717e-10	1.15456e-07	1.22301e-05	0.000538278	0.0102697	0.0866466	0.31387	0.431585	0.157078	6.88838e-13	3.73724e-35	5.82204e-58	3.97207e-81	1.4436e-104	3.14043e-128	4.42262e-152	9.33856e-176	
POSCME_Schizonycha_sp	0	0	0	0	0	0	0	0	0	0	0	0	1	0	0	0	0	0	0	0	0	
POSCME_Haplidia_sp	0	0	0	0	0	0	0	0	0	0	0	0	0	1	0	0	0	0	0	0	0	
N38	1.16872e-13	1.97428e-10	7.44141e-08	9.29339e-06	0.000444895	0.00876795	0.0735426	0.263315	0.391512	0.22378	0.0386283	5.84943e-13	2.85272e-24	5.9719e-36	5.83966e-48	2.5915e-60	4.15682e-73	7.01952e-96	4.62687e-119	1.62932e-142	2.04599e-165	
POSCME_Apogonia_sp	0	0	0	0	0	0	0	0	0	0	1	0	0	0	0	0	0	0	0	0	0	
POSCME_Hoplia_sp	0	0	0	0	0	0	0	0	0	0	0	0	0	0	0	0	1	0	0	0	0	
N39	1.09111e-06	0.000169424	0.00605009	0.071434	0.300534	0.430068	0.177437	0.0142362	7.00558e-05	2.67762e-17	5.60432e-40	3.13736e-63	1.35456e-84	5.36268e-97	1.16808e-118	6.87258e-141	1.31005e-163	9.03094e-187	2.47243e-210	2.99993e-234	4.97088e-258	
N40	1.18843e-13	3.61014e-10	2.23547e-07	4.07634e-05	0.00242865	0.0479605	0.297319	0.493474	0.154544	0.00423214	2.72702e-15	4.08932e-28	1.50598e-41	2.25938e-37	2.09549e-47	6.1527e-58	6.58825e-69	2.73501e-80	4.47347e-92	2.84297e-104	9.31793e-117	
N41	1.76557e-15	1.48158e-11	2.23171e-08	8.63686e-06	0.000946589	0.0297401	0.255185	0.52118	0.187075	0.0058643	1.53532e-15	4.9168e-39	2.51067e-63	3.64273e-88	2.0633e-113	5.54332e-139	7.96028e-165	6.59639e-191	3.31636e-217	1.04183e-243	2.36819e-270	
N42	1.93004e-16	2.53286e-12	5.69925e-09	3.1432e-06	0.000468223	0.0191105	0.205197	0.517288	0.243974	0.013958	1.77367e-14	5.34796e-37	3.09055e-60	6.02795e-84	5.20926e-108	2.34392e-132	6.10757e-157	9.93239e-182	1.0651e-206	7.852e-232	6.4158e-257	
N43	8.65836e-25	1.4418e-19	3.75181e-15	2.16855e-11	3.06502e-08	1.09118e-05	0.00100137	0.02533	0.198429	0.487989	0.28724	1.92655e-12	1.72746e-24	2.53315e-47	1.10496e-70	2.14021e-94	2.22262e-118	1.38596e-142	5.6018e-167	1.55112e-191	5.10478e-216	
POSCRU_Anomala_bengalensis	0	0	0	0	0	0	0	0	0	0	0	0	1	0	0	0	0	0	0	0	0	
N44	8.31232e-31	9.21269e-25	1.4759e-19	4.82313e-15	3.51087e-11	5.81605e-08	2.23169e-05	0.00211901	0.0553687	0.392161	0.550329	3.47078e-12	9.35007e-35	5.68747e-58	8.38782e-80	1.10848e-91	7.88055e-104	2.99723e-116	6.05979e-129	7.00914e-142	8.01206e-155	
POSCRU_Mimela_sp	0	0	0	0	0	0	0	0	0	0	1	0	0	0	0	0	0	0	0	0	0	
N45	6.8422e-56	9.28964e-51	2.0067e-46	9.83096e-43	1.20805e-39	3.88287e-27	1.23542e-20	4.22151e-15	2.2564e-10	2.15918e-06	0.00414432	0.995854	1.10345e-25	2.20189e-51	1.54101e-77	3.80295e-104	3.39399e-131	9.22523e-159	7.07018e-36	1.04129e-36	1.57108e-37	
POSCRU_Phyllopertha_sp	0	0	0	0	0	0	0	0	0	0	0	1	0	0	0	0	0	0	0	0	0	
POSCRU_Popillia_japonica	0	0	0	0	0	0	0	0	0	0	0	1	0	0	0	0	0	0	0	0	0	
N46	4.59784e-22	4.21384e-17	6.07439e-13	1.95505e-09	1.54078e-06	0.000302919	0.0147337	0.175749	0.511905	0.297308	1.96742e-12	1.40308e-34	2.63635e-57	2.03627e-80	7.98366e-104	1.80414e-127	2.56059e-151	2.42918e-175	1.6151e-199	7.81188e-224	4.9843e-248	
N47	6.41621e-49	1.42744e-40	3.12817e-33	1.05809e-26	6.39701e-21	7.33092e-16	1.6523e-11	7.84312e-08	8.83364e-05	0.023607	0.976305	9.42352e-25	1.71891e-49	1.11749e-74	3.29847e-100	4.99009e-126	4.14841e-152	1.95592e-178	5.24989e-205	7.82412e-232	7.22566e-259	
POSCRU_Anomala_polita	0	0	0	0	0	0	0	0	0	0	1	0	0	0	0	0	0	0	0	0	0	
POSCRU_Anomala_varicolor	0	0	0	0	0	0	0	0	0	0	1	0	0	0	0	0	0	0	0	0	0	
POSCRU_Anomala_dorsalis	0	0	0	0	0	0	0	0	0	1	0	0	0	0	0	0	0	0	0	0	0	
N48	2.17728e-19	8.61135e-15	5.50262e-11	8.06784e-08	2.97413e-05	0.00279443	0.0652865	0.361224	0.451456	0.115527	0.00368272	1.85233e-15	2.2969e-38	6.78944e-62	7.88108e-86	4.52389e-110	1.46873e-134	2.94484e-159	3.87886e-184	3.51244e-209	3.80917e-234	
N49	2.38161e-21	2.0438e-16	2.67414e-12	7.54882e-09	5.02228e-06	0.000797615	0.0296855	0.25269	0.493128	0.210535	0.0131592	1.15556e-14	2.07987e-37	9.20843e-61	1.58854e-84	1.33298e-108	6.21939e-133	1.76468e-157	3.24553e-182	4.05673e-207	5.80278e-232	
N50	2.93926e-27	1.74671e-21	1.45689e-16	2.39425e-12	8.39768e-09	6.3277e-06	0.00101141	0.0348593	0.280847	0.528805	0.154471	1.5702e-23	2.97954e-46	1.97731e-69	6.03358e-93	9.91072e-117	9.72012e-141	6.12737e-165	2.62349e-189	7.96378e-214	2.85011e-238	
POSCDY_Phyllognathus_dionysius	0	0	0	0	0	0	0	0	0	0	1	0	0	0	0	0	0	0	0	0	0	
POSCDY_Oryctes_nasicornis	0	0	0	0	0	0	0	0	0	0	1	0	0	0	0	0	0	0	0	0	0	
N51	1.15879e-45	4.21524e-38	2.01317e-31	1.7869e-25	3.22182e-20	1.20484e-15	9.55489e-12	1.7832e-08	9.65435e-06	0.00171351	0.0915974	0.906679	3.22584e-24	2.34804e-48	6.41143e-73	8.47245e-98	6.2379e-123	2.79654e-148	8.10956e-174	1.58797e-199	2.9686e-225	
POSCDY_Pentodon_sp	0	0	0	0	0	0	0	0	0	0	0	1	0	0	0	0	0	0	0	0	0	
POSCDY_Dynastes_sp	0	0	0	0	0	0	0	0	0	0	0	1	0	0	0	0	0	0	0	0	0	
POSCDY_Cyclocephala_sp	0	0	0	0	0	0	0	0	0	0	0	1	0	0	0	0	0	0	0	0	0	
N52	8.86537e-19	1.08807e-14	2.58454e-11	1.72171e-08	3.61386e-06	0.000251289	0.0060229	0.053591	0.201118	0.348511	0.281723	0.0977944	0.0109851	6.8056e-14	1.14371e-25	6.30393e-38	9.96729e-51	9.46389e-74	3.12349e-97	5.05546e-121	1.60646e-144	
N53	8.65066e-26	6.2926e-21	8.37832e-17	2.95447e-13	3.10615e-10	1.0339e-07	1.16184e-05	0.000490178	0.0088228	0.0727061	0.273892	0.431294	0.212783	2.34816e-12	7.13807e-24	6.09231e-36	1.23321e-58	8.66272e-82	2.96765e-105	5.79659e-129	1.72463e-152	
POSCRU_Adoretus_lasiopygus	0	0	0	0	0	0	0	0	0	0	0	0	1	0	0	0	0	0	0	0	0	
POSCRU_Adoretus_versutus	0	0	0	0	0	0	0	0	0	0	0	0	0	0	0	1	0	0	0	0	0	
POSCCE_Trichius_zonatus	0	0	0	0	0	0	0	0	0	0	0	0	0	0	0	0	1	0	0	0	0	
N54	2.03334e-10	2.1039e-07	4.40023e-05	0.00266082	0.0505967	0.296716	0.481006	0.163681	0.00529597	1.95416e-25	1.43126e-48	3.82926e-72	4.85555e-96	3.38062e-120	1.42125e-144	3.85555e-169	7.08588e-194	9.15441e-219	8.55474e-244	5.91332e-269	4.85291e-294	
N55	3.9902e-11	5.8974e-08	1.70016e-05	0.00136747	0.0334484	0.245609	0.493283	0.215263	0.011012	1.26782e-24	2.21032e-47	1.2112e-70	2.86857e-94	3.51079e-118	2.48769e-142	1.10343e-166	3.24162e-191	6.57946e-216	9.52977e-241	1.01005e-265	1.3987e-290	
POSCCE_Protaetia_cuprea	0	0	0	0	0	0	0	0	1	0	0	0	0	0	0	0	0	0	0	0	0	
POSCCE_Cetonia_aurata	0	0	0	0	0	0	0	0	1	0	0	0	0	0	0	0	0	0	0	0	0	
N56	9.05393e-30	9.92524e-24	1.6223e-18	5.67337e-14	4.82012e-10	1.05906e-06	0.000594179	0.0714118	0.927993	7.38475e-25	8.77914e-42	1.37323e-52	3.77216e-64	1.18187e-76	2.70012e-89	4.69003e-102	6.39179e-115	7.00484e-128	6.29574e-141	4.71567e-154	3.90945e-167	
POSCCE_Tropinota_sp	0	0	0	0	0	0	0	0	1	0	0	0	0	0	0	0	0	0	0	0	0	
N57	3.54787e-31	1.35339e-25	4.96631e-20	4.00212e-15	7.63088e-11	3.4293e-07	0.000341852	0.0612356	0.938422	3.01669e-25	1.21613e-50	1.49909e-76	5.44058e-111	2.04631e-135	5.66497e-160	1.14857e-184	1.77475e-209	2.15356e-234	2.10038e-259	1.67707e-284	1.18854e-309	
POSCCE_Cremastocheilus_sp	0	0	0	0	0	0	0	0	1	0	0	0	0	0	0	0	0	0	0	0	0	
POSCCE_Oxythyrea_sp	0	0	0	0	0	0	0	0	1	0	0	0	0	0	0	0	0	0	0	0	0	
POSCCH_Chiron_sp	0	0	0	0	0	0	0	0	1	0	0	0	0	0	0	0	0	0	0	0	0	
N58	0.000814761	0.0164396	0.109045	0.304243	0.368662	0.176499	0.0242957	2.76186e-13	6.09765e-25	1.01992e-46	4.74337e-69	8.80973e-92	7.89801e-115	3.94237e-138	1.21181e-161	2.4652e-185	3.50112e-209	3.61638e-233	2.806e-257	1.67883e-281	1.5963e-305	
POSCHY_Hybosorus_sp	0	0	0	0	0	0	1	0	0	0	0	0	0	0	0	0	0	0	0	0	0	
N59	4.23699e-06	0.000251038	0.00496225	0.0427811	0.174506	0.340837	0.30748	0.115602	0.0135764	8.47977e-14	1.46912e-25	7.22595e-38	2.02869e-60	2.00758e-83	9.84872e-107	2.80061e-130	5.07075e-154	6.23195e-178	5.44867e-202	3.5137e-226	3.78483e-250	
POSCAP_Ataenius_sp	0	0	0	0	0	0	0	0	1	0	0	0	0	0	0	0	0	0	0	0	0	
POSCAP_Psammodius_sp	0	0	0	0	0	0	0	0	0	0	0	1	0	0	0	0	0	0	0	0	0	
N60	0.000423704	0.0127057	0.112026	0.352342	0.386712	0.126875	0.0088548	6.06271e-05	6.35973e-18	4.56784e-41	7.38809e-65	4.09876e-89	9.40689e-114	1.01801e-138	5.95264e-164	2.08298e-189	4.6911e-215	7.16563e-241	7.71585e-267	6.02831e-293	4.13167e-319	
N61	4.92706e-05	0.0028165	0.0444571	0.237864	0.433696	0.245225	0.035063	0.000828004	1.01822e-06	2.46911e-29	9.18204e-53	1.08277e-76	5.49578e-101	1.424e-125	2.10098e-150	1.90389e-175	1.11978e-200	4.4558e-226	1.23838e-251	2.46385e-277	4.8687e-303	
N62	1.43514e-07	2.69505e-05	0.00135656	0.0234021	0.150272	0.370811	0.343829	0.103998	0.006305	3.86128e-14	7.81079e-26	6.69585e-38	2.48252e-50	3.23643e-63	5.66568e-86	3.827e-109	1.36988e-132	2.99234e-156	4.33586e-180	4.40947e-204	9.84434e-228	
POSCSC_Eurysternus_caribaeus	0	0	0	0	0	0	0	0	0	0	0	0	0	1	0	0	0	0	0	0	0	
N63	9.48446e-10	4.8658e-07	6.30618e-05	0.00265679	0.0398844	0.221205	0.439703	0.267014	0.0294738	1.74617e-23	2.02603e-45	8.40078e-68	1.61001e-90	1.65305e-113	1.00271e-136	3.85616e-160	9.92218e-184	1.78257e-207	2.31494e-231	2.23659e-255	3.52502e-279	
POSCSC_Deltochilum_amazonicum	0	0	0	0	0	0	0	0	1	0	0	0	0	0	0	0	0	0	0	0	0	
POSCSC_Ontherus_sp	0	0	0	0	0	0	0	0	1	0	0	0	0	0	0	0	0	0	0	0	0	
N64	3.9637e-09	1.9059e-06	0.000224217	0.00813107	0.096341	0.368689	0.415298	0.107821	0.00349332	2.82058e-15	6.97781e-29	8.52269e-53	2.7661e-77	3.75498e-102	2.6319e-127	1.07682e-152	2.78566e-178	4.81741e-204	5.80023e-230	5.01266e-256	3.65841e-282	
N65	4.40827e-11	5.2137e-08	1.39737e-05	0.00107341	0.0253893	0.188813	0.434355	0.294147	0.0540106	0.00218711	1.06589e-05	1.35746e-18	7.44613e-42	1.04621e-65	5.9275e-90	1.67548e-114	2.67965e-139	2.63496e-164	1.68898e-189	7.3655e-215	3.18734e-240	
N66	1.63317e-16	1.22936e-12	1.92918e-09	8.0293e-07	9.74831e-05	0.00372868	0.0488629	0.235996	0.423798	0.253021	0.0344948	1.4406e-13	1.80081e-35	4.49705e-58	4.04815e-81	1.72488e-104	4.06492e-128	5.86027e-152	5.54735e-176	3.63372e-200	3.5838e-224	
N67	5.50341e-21	1.7747e-16	1.11339e-12	1.72424e-09	7.25581e-07	9.02691e-05	0.00365769	0.0524959	0.272363	0.470554	0.200838	2.24029e-12	4.48065e-24	2.40242e-46	3.05668e-69	1.39577e-92	2.96718e-116	3.43571e-140	2.40242e-164	1.09112e-188	6.04774e-213	
POSCSC_Copris_sinicus	0	0	0	0	0	0	0	0	0	0	1	0	0	0	0	0	0	0	0	0	0	
N68	1.00785e-31	4.48759e-26	3.6231e-21	6.70624e-17	3.12945e-13	4.02744e-10	1.59995e-07	2.19517e-05	0.00112105	0.022096	0.168173	0.461641	0.346947	2.10711e-12	2.57635e-24	1.68641e-47	3.55212e-71	3.48815e-95	1.89901e-119	6.363e-144	2.23198e-168	
N69	1.11605e-55	7.93114e-48	8.71437e-41	1.88506e-34	8.87275e-29	9.9813e-24	3.01688e-19	2.75766e-15	8.30181e-12	8.7031e-09	3.28908e-06	0.000448858	0.0209372	0.285048	0.693563	1.68715e-24	8.23212e-49	1.48608e-73	1.28559e-98	6.15236e-124	2.25334e-149	
POSCSC_Copris_lugubris	0	0	0	0	0	0	0	0	0	0	0	0	0	0	1	0	0	0	0	0	0	
POSCSC_Microcopris_sp	0	0	0	0	0	0	0	0	0	0	0	0	0	0	1	0	0	0	0	0	0	
POSCSC_Paracopris_sp	0	0	0	0	0	0	0	0	0	0	0	0	1	0	0	0	0	0	0	0	0	
POSCSC_Heliocopris_sp	0	0	0	0	0	0	0	0	0	0	0	1	0	0	0	0	0	0	0	0	0	
N70	1.60714e-15	1.01436e-11	1.31027e-08	4.39045e-06	0.000416718	0.0119414	0.110338	0.349213	0.382913	0.133463	0.0115753	0.00013504	2.26622e-17	1.92777e-40	3.71447e-64	2.70069e-88	9.44997e-113	1.8377e-137	2.18438e-162	1.69774e-187	1.22689e-212	
N71	1.84588e-18	3.20772e-14	1.07262e-10	8.73618e-08	1.89776e-05	0.0011853	0.0232578	0.156951	0.383236	0.334096	0.0944653	0.00673108	5.77065e-05	4.36475e-27	6.47932e-50	3.47369e-73	8.74789e-97	1.20312e-120	9.97593e-145	5.34981e-169	4.0519e-193	
N72	4.52009e-25	5.37601e-20	1.13669e-15	5.3871e-12	6.26354e-09	1.94259e-06	0.000179561	0.00558811	0.0638604	0.276086	0.431746	0.205125	0.0174122	2.58584e-14	7.8819e-27	8.97854e-50	3.29629e-73	5.63725e-97	5.3318e-121	3.09264e-145	2.491e-169	
POSCSC_Sulcophanaeus_sp	0	0	0	0	0	0	0	0	0	0	0	0	0	0	1	0	0	0	0	0	0	
N73	1.50521e-29	6.66973e-24	4.96064e-19	7.7767e-15	2.80167e-11	2.5152e-08	6.28449e-06	0.00049428	0.0133623	0.127985	0.415206	0.383516	0.0594306	8.64912e-24	2.27348e-46	1.99292e-69	7.66444e-93	1.52315e-116	1.74667e-140	1.25144e-164	1.15039e-188	
POSCSC_Gymnopleurus_sp	0	0	0	0	0	0	0	0	0	0	0	0	1	0	0	0	0	0	0	0	0	
POSCSC_Paragymnopleurus_sp	0	0	0	0	0	0	0	0	0	0	0	0	1	0	0	0	0	0	0	0	0	
N74	1.89721e-35	1.88962e-29	3.33293e-24	1.31296e-19	1.26801e-15	3.29518e-12	2.62472e-09	7.41373e-07	8.26389e-05	0.00379479	0.0690986	0.420914	0.50611	1.81991e-23	1.37583e-46	3.97169e-70	5.63622e-94	4.5358e-118	2.2717e-142	7.56207e-167	3.11095e-191	
POSCSC_Scarabaeus_sp	0	0	0	0	0	0	0	0	0	0	0	0	1	0	0	0	0	0	0	0	0	
POSCSC_Canthidium_sp	0	0	0	0	0	0	0	0	0	0	0	0	1	0	0	0	0	0	0	0	0	
N75	2.18156e-22	1.13034e-17	1.0933e-13	2.49531e-10	1.4742e-07	2.45232e-05	0.00127808	0.023311	0.159012	0.403959	0.343326	0.069089	5.25011e-13	6.72762e-25	1.6556e-37	2.06368e-60	6.40065e-84	7.36174e-108	4.04348e-132	1.2346e-156	3.61946e-181	
N76	6.04894e-29	2.40727e-23	1.62511e-18	2.33628e-14	7.79471e-11	6.53566e-08	1.53034e-05	0.0011167	0.0270582	0.215906	0.507563	0.248342	2.95921e-12	5.80472e-24	2.22978e-36	2.6382e-59	7.18852e-83	6.52639e-107	2.68838e-131	5.97255e-156	1.15979e-180	
N77	1.63429e-34	2.44132e-28	5.91387e-23	2.90887e-18	3.15837e-14	8.18552e-11	5.63374e-08	1.15639e-05	0.000767608	0.0171193	0.130342	0.350522	0.355217	0.132178	0.013843	3.38193e-14	1.70605e-26	2.14673e-49	8.78492e-73	1.6895e-96	5.2564e-120	
POSCSC_Oxysternon_sp	0	0	0	0	0	0	0	0	0	0	0	0	0	0	0	0	1	0	0	0	0	
POSCSC_Coprophanaeus_sp	0	0	0	0	0	0	0	0	0	0	0	0	0	0	1	0	0	0	0	0	0	
N78	9.33064e-34	1.58842e-27	4.30511e-22	2.3206e-17	2.69614e-13	7.26819e-10	5.02222e-07	9.86778e-05	0.00583887	0.102623	0.477436	0.414003	3.83013e-12	4.02256e-34	9.49003e-57	8.0827e-80	3.15781e-103	6.57239e-127	8.0758e-151	6.31307e-175	6.39464e-199	
POSCSC_Eucranium_arachnoides	0	0	0	0	0	0	0	0	0	0	0	0	1	0	0	0	0	0	0	0	0	
POSCSC_Glyphoderus_sterquilinus	0	0	0	0	0	0	0	0	0	0	0	1	0	0	0	0	0	0	0	0	0	
N79	5.66172e-28	1.10726e-22	3.86261e-18	3.03328e-14	5.88347e-11	3.08189e-08	4.91893e-06	0.00027373	0.00590666	0.0530174	0.207087	0.361151	0.278281	0.0863196	0.00795962	2.59897e-14	1.7933e-26	4.60181e-49	3.88914e-72	1.56058e-95	1.36218e-118	
POSCSC_Gromphas_sp	0	0	0	0	0	0	0	0	0	0	0	0	0	0	0	0	1	0	0	0	0	
POSCSC_Canthon_indigaceus	0	0	0	0	0	0	0	0	0	0	0	0	0	0	1	0	0	0	0	0	0	
N80	3.63892e-12	7.53177e-09	3.383e-06	0.000414953	0.0148357	0.156005	0.460376	0.330009	0.0383562	1.73131e-13	2.69175e-35	5.50867e-58	2.79761e-81	4.82806e-105	3.46872e-129	1.21211e-153	2.31426e-178	2.63389e-203	1.90948e-228	9.28487e-254	4.10826e-279	
N81	3.51442e-16	3.91358e-12	8.51499e-09	4.52869e-06	0.000628107	0.0231901	0.224905	0.52865	0.222622	4.82417e-12	1.54783e-23	1.17783e-35	2.98024e-48	2.95585e-61	1.16441e-74	1.47879e-88	2.32286e-112	1.20619e-136	2.85187e-161	3.56174e-186	5.68666e-211	
N82	9.57721e-25	6.11522e-20	7.31086e-16	2.05441e-12	1.47118e-09	2.8922e-07	1.78249e-05	0.000427827	0.00493733	0.0310508	0.113187	0.244108	0.307523	0.215042	0.074298	0.0094078	6.19272e-14	1.37819e-25	1.24036e-37	3.83852e-50	1.02509e-71	
POSCSC_Digitonthophagus_gazella	0	0	0	0	0	0	0	0	0	0	0	0	0	0	0	1	0	0	0	0	0	
POSCSC_Oruscatus_davus	0	0	0	0	0	0	0	0	0	0	0	0	0	0	0	0	0	0	0	1	0	
N83	1.14112e-18	4.28807e-14	2.79369e-10	3.90931e-07	0.000124233	0.00909868	0.151623	0.535573	0.303581	7.58098e-12	2.54446e-23	1.37763e-35	9.72898e-49	3.75344e-72	3.49867e-96	1.23433e-120	2.04972e-145	1.83233e-170	9.66859e-196	3.22043e-221	9.08739e-247	
N84	2.16572e-20	1.82744e-15	2.47095e-11	6.60213e-08	3.67069e-05	0.004302	0.105342	0.509513	0.380807	1.12331e-11	5.06212e-23	4.54174e-35	7.48078e-48	5.87787e-71	1.0944e-94	8.09112e-119	2.98202e-143	6.25654e-168	8.16259e-193	7.05512e-218	5.98113e-243	
N85	4.09439e-26	1.71463e-20	1.07906e-15	1.25358e-11	2.82581e-08	1.26234e-05	0.00116089	0.0246697	0.154333	0.360317	0.335348	0.114127	0.0100313	2.18267e-14	1.13744e-36	1.49663e-59	7.91089e-83	2.10025e-106	3.20146e-130	3.06408e-154	4.33611e-178	
N86	3.58961e-37	2.18651e-30	1.86602e-24	2.72779e-19	7.1466e-15	3.4242e-11	3.16649e-08	6.70836e-06	0.000438641	0.0109625	0.110845	0.423061	0.454686	3.63543e-12	5.88472e-24	7.5166e-47	3.05735e-70	5.73204e-94	5.89051e-118	3.68524e-142	2.65953e-166	
POSCSC_Onthophagus_fracticornis	0	0	0	0	0	0	0	0	0	0	0	0	1	0	0	0	0	0	0	0	0	
POSCSC_Onthophagus_similis	0	0	0	0	0	0	0	0	0	0	0	0	0	0	1	0	0	0	0	0	0	
POSCSC_Onthophagus_nuchicornis_M	0	0	0	0	0	0	0	0	0	0	0	0	0	1	0	0	0	0	0	0	0	
N87	4.52598e-23	1.13417e-17	4.24157e-13	2.90067e-09	3.79374e-06	0.000955938	0.0460412	0.40789	0.545109	1.56493e-11	6.39126e-23	7.64316e-45	2.45996e-67	3.23474e-90	2.13247e-113	7.99694e-137	1.86064e-160	2.86224e-184	3.05617e-208	2.35372e-232	2.7411e-256	
POSCSC_Onthophagus_taurus	0	0	0	0	0	0	0	0	0	0	1	0	0	0	0	0	0	0	0	0	0	
POSCSC_Caccobius_schreberi	0	0	0	0	0	0	0	0	1	0	0	0	0	0	0	0	0	0	0	0	0	
N88	5.87686e-23	8.18439e-18	1.85307e-13	8.42248e-10	8.11999e-07	0.000170217	0.00802625	0.0927895	0.314766	0.382282	0.174381	0.0266707	0.000913811	8.88529e-16	2.39605e-38	1.86806e-61	6.42383e-85	1.18489e-108	1.31663e-132	9.52662e-157	1.03292e-180	
N89	1.09911e-30	1.08493e-24	1.63523e-19	4.62769e-15	2.59071e-11	2.95214e-08	7.28254e-06	0.000458374	0.00956186	0.0798397	0.282931	0.407668	0.199956	0.0195779	1.59441e-24	2.74102e-47	1.80335e-70	5.83868e-94	1.07242e-117	1.22587e-141	1.94958e-165	
POSCSC_Onthophagus_marginicollis	0	0	0	0	0	0	0	0	0	0	0	0	0	1	0	0	0	0	0	0	0	
POSCSC_Onthophagus_hecate	0	0	0	0	0	0	0	0	0	0	0	0	0	1	0	0	0	0	0	0	0	
POSCSC_Onthophagus_pennsylvannicus	0	0	0	0	0	0	0	0	0	0	0	0	1	0	0	0	0	0	0	0	0	
N90	4.51151e-14	1.87147e-10	1.6175e-07	3.67423e-05	0.00236413	0.044659	0.252796	0.436722	0.231305	0.0321172	3.78196e-13	1.27208e-24	1.52464e-36	5.69605e-49	2.18171e-71	3.0324e-94	2.13081e-117	8.80312e-141	2.34087e-164	4.26163e-188	1.97762e-211	
POSCSC_Tiniocellus_spinipes	0	0	0	0	0	0	0	0	0	1	0	0	0	0	0	0	0	0	0	0	0	
POSCSC_Oniticellus_fulvus	0	0	0	0	0	0	0	0	0	0	0	0	0	1	0	0	0	0	0	0	0	
N91	0.000146898	0.00568229	0.0645288	0.26587	0.405812	0.218253	0.0379685	0.00173892	1.09671e-14	1.75622e-26	1.01512e-38	2.27348e-51	1.6518e-64	2.92609e-87	1.90344e-110	6.29926e-134	1.22896e-157	1.54348e-181	1.32482e-205	8.11973e-230	1.61996e-253	
N92	9.52232e-14	2.34268e-10	1.48818e-07	3.10628e-05	0.00226097	0.0556111	0.3981	0.543997	1.32182e-11	3.85655e-23	1.90789e-45	1.34086e-68	2.11294e-92	1.12259e-116	2.44534e-141	2.61218e-166	1.55758e-191	5.66835e-217	1.34013e-242	2.15263e-268	3.40217e-294	
N93	5.97617e-15	2.59492e-11	2.77753e-08	9.30093e-06	0.00103097	0.0365239	0.354306	0.608129	1.59109e-11	6.93226e-23	7.00349e-35	2.4162e-47	3.14826e-60	1.31417e-73	2.40855e-97	1.61028e-121	5.43574e-146	1.0714e-170	1.34283e-195	1.13252e-220	1.18937e-245	
N94	2.2303e-23	5.34784e-18	2.43473e-13	2.55023e-09	6.08835e-06	0.00289162	0.196062	0.80104	6.0263e-24	4.91568e-38	5.29762e-49	1.26353e-60	1.19787e-72	7.33071e-85	3.11279e-97	9.66357e-110	2.28169e-122	4.22545e-135	6.29032e-148	7.6804e-161	9.98915e-174	
N95	1.53868e-22	3.21978e-18	1.70205e-13	2.0218e-09	5.33355e-06	0.00272473	0.193281	0.803989	1.44371e-24	3.24357e-49	1.31086e-72	1.87852e-93	7.28144e-105	2.34353e-116	4.44487e-128	5.10314e-140	5.20611e-152	4.77777e-164	3.9836e-176	3.04229e-188	2.35297e-200	
N96	1.38807e-50	3.99371e-35	7.10305e-27	1.22305e-19	2.51706e-13	5.81565e-08	0.00129516	0.998705	4.32094e-25	2.49462e-50	4.44478e-76	2.59328e-102	5.22687e-129	3.15667e-156	3.03077e-35	4.44461e-36	5.79543e-37	6.80097e-38	7.2534e-39	7.08758e-40	6.96708e-41	
POSCSC_Phanaeus_igneus	0	0	0	0	0	0	0	1	0	0	0	0	0	0	0	0	0	0	0	0	0	
POSCSC_Bolbites_onitoides	0	0	0	0	0	0	0	1	0	0	0	0	0	0	0	0	0	0	0	0	0	
POSCSC_Phanaeus_vindex	0	0	0	0	0	0	0	1	0	0	0	0	0	0	0	0	0	0	0	0	0	
N97	6.70765e-36	1.81496e-28	7.95606e-22	6.75747e-16	1.07921e-10	2.73925e-06	0.00757475	0.992423	6.559e-12	6.61078e-36	1.50772e-60	1.2981e-85	5.35686e-111	1.21678e-136	1.6634e-162	1.45525e-188	8.51337e-215	3.43868e-241	9.81695e-268	2.01444e-294	3.34977e-321	
POSCSC_Onitis_sp	0	0	0	0	0	0	0	1	0	0	0	0	0	0	0	0	0	0	0	0	0	
POSCSC_Malagoniella_sp	0	0	0	0	0	0	0	0	1	0	0	0	0	0	0	0	0	0	0	0	0	
POSCSC_Phanaeus_chalcomelas	0	0	0	0	0	0	0	0	0	0	0	0	0	1	0	0	0	0	0	0	0	
N98	4.05794e-15	1.82068e-11	2.00013e-08	6.83238e-06	0.000769437	0.0277425	0.279978	0.569742	0.117632	0.00412898	2.80635e-15	2.62461e-28	7.49147e-52	6.2161e-76	2.23892e-100	4.22492e-125	4.67153e-150	3.26023e-175	1.51361e-200	4.8583e-226	1.72153e-251	
N99	7.21392e-19	1.28307e-14	5.18719e-11	6.02132e-08	2.1188e-05	0.00219786	0.0603206	0.365654	0.458269	0.113537	3.04334e-13	9.62507e-36	8.12831e-59	2.85114e-82	5.11696e-106	5.32492e-130	3.49599e-154	1.53931e-178	4.76158e-203	1.0733e-227	2.90214e-252	
POSCSC_Bubas_bubalus	0	0	0	0	0	0	0	0	0	0	1	0	0	0	0	0	0	0	0	0	0	
POSCSC_Bubas_bison	0	0	0	0	0	0	0	0	0	1	0	0	0	0	0	0	0	0	0	0	0	
POSCSC_Cheironitis_sp	0	0	0	0	0	0	0	0	0	0	0	1	0	0	0	0	0	0	0	0	0	
POSCSC_Sisyphus_sp	0	0	0	0	0	0	0	0	0	0	0	0	1	0	0	0	0	0	0	0	0	
