NODE	23	24	25	26	27	28	29	30	31	32	33	34	35	36	37	38	39	40	41	42	43	44	45	46	47	48	49	50	51	52	53	54	55	56	57	58	
N1	0.0515668	0.0513774	0.0509919	0.050407	0.0496224	0.0486412	0.0474702	0.0461193	0.0446022	0.0429353	0.0411377	0.0392309	0.0372381	0.0351836	0.0330922	0.0309885	0.0288963	0.0268383	0.0248351	0.0229052	0.0210644	0.0193258	0.0176997	0.0161936	0.0148121	0.0135576	0.0124306	0.0114293	0.0105513	0.00979276	0.00914981	0.00861848	0.00819533	0.00787783	0.00766481	0.00755689	
N2	0.0692175	0.0682029	0.0691466	0.0712701	0.0736854	0.0755219	0.0760494	0.0747742	0.0714933	0.0662986	0.059533	0.0517112	0.0434222	0.0352348	0.0276227	0.0209188	0.0153022	0.0108121	0.00737917	0.00486479	0.00309816	0.00190614	0.00113307	0.000650811	0.000361242	0.000193798	0.000100505	5.04001e-05	2.44507e-05	1.14868e-05	5.2377e-06	2.33082e-06	1.02625e-06	4.62364e-07	2.30228e-07	1.46277e-07	
N3	4.77918e-05	0.000110984	0.000343213	0.00105981	0.00300592	0.00762496	0.0171238	0.0338858	0.0589291	0.0899075	0.120205	0.140736	0.144247	0.129428	0.101696	0.0700149	0.0422721	0.0224064	0.0104405	0.00428334	0.00155	0.000495725	0.00014043	3.53204e-05	7.90749e-06	1.58005e-06	2.82597e-07	4.53798e-08	6.56513e-09	8.59141e-10	1.02233e-10	1.11453e-11	1.12688e-12	1.08245e-13	1.05956e-14	1.51509e-15	
ADCAHA_Calathus_circumseptus	0	0	0	0	0	0	0	0	0	0	0	0	0	0	0	0	0	0	0	1	0	0	0	0	0	0	0	0	0	0	0	0	0	0	0	0	
N4	3.92786e-06	2.53316e-05	0.000234831	0.00183205	0.010579	0.0428721	0.117696	0.213736	0.254574	0.200277	0.106309	0.0391854	0.0103366	0.00200719	0.00029421	3.3272e-05	2.95839e-06	2.10224e-07	1.21091e-08	5.72416e-10	2.24495e-11	7.37515e-13	2.04704e-14	4.83743e-16	9.80058e-18	1.7131e-19	2.59845e-21	3.43841e-23	3.98892e-25	4.07582e-27	3.68455e-29	2.96113e-31	2.13028e-33	1.39359e-35	8.70788e-38	7.05635e-40	
ADCAHA_Calathus_auctus	0	0	0	0	0	0	0	0	1	0	0	0	0	0	0	0	0	0	0	0	0	0	0	0	0	0	0	0	0	0	0	0	0	0	0	0	
ADCAHA_Calathus_ascendens	0	0	0	0	0	0	1	0	0	0	0	0	0	0	0	0	0	0	0	0	0	0	0	0	0	0	0	0	0	0	0	0	0	0	0	0	
ADCAHA_Calathus_freyi	0	1	0	0	0	0	0	0	0	0	0	0	0	0	0	0	0	0	0	0	0	0	0	0	0	0	0	0	0	0	0	0	0	0	0	0	
N5	0.0649721	0.0627035	0.0613166	0.0605991	0.0603045	0.0601707	0.059939	0.0593754	0.0582879	0.0565424	0.0540723	0.0508814	0.0470407	0.0426773	0.0379586	0.0330734	0.028212	0.0235482	0.0192255	0.0153482	0.0119783	0.00913757	0.00681289	0.00496499	0.00353735	0.00246482	0.00168099	0.00112349	0.000737447	0.000477103	0.000306071	0.000196641	0.000128562	8.76489e-05	6.4442e-05	5.30889e-05	
N6	0.178381	0.167988	0.154798	0.137127	0.114717	0.0893531	0.064162	0.04221	0.0253468	0.013866	0.00690463	0.00312937	0.0012915	0.000485739	0.000166668	5.22393e-05	1.49784e-05	3.93496e-06	9.48729e-07	2.10297e-07	4.29337e-08	8.08828e-09	1.40878e-09	2.27313e-10	3.40474e-11	4.74397e-12	6.16231e-13	7.47952e-14	8.50262e-15	9.07484e-16	9.11647e-17	8.64254e-18	7.75328e-19	6.61398e-20	5.54327e-21	6.53214e-22	
ADCAHA_Calathus_abaxoides	0	1	0	0	0	0	0	0	0	0	0	0	0	0	0	0	0	0	0	0	0	0	0	0	0	0	0	0	0	0	0	0	0	0	0	0	
N7	0.0305947	0.053787	0.107858	0.179771	0.222686	0.19797	0.125471	0.057138	0.018995	0.00470084	0.000883835	0.000128741	1.47925e-05	1.36276e-06	1.02134e-07	6.30848e-09	3.24852e-10	1.40902e-11	5.19528e-13	1.6419e-14	4.4808e-16	1.06306e-17	2.20604e-19	4.0266e-21	6.49764e-23	9.31335e-25	1.19089e-26	1.36396e-28	1.40448e-30	1.30476e-32	1.09717e-34	8.37839e-37	5.83397e-39	3.73946e-41	2.30026e-43	1.94309e-45	
ADCAHA_Calathus_asturiensis	0	0	0	0	1	0	0	0	0	0	0	0	0	0	0	0	0	0	0	0	0	0	0	0	0	0	0	0	0	0	0	0	0	0	0	0	
ADCAHA_Calathus_mollis	0	0	0	0	0	1	0	0	0	0	0	0	0	0	0	0	0	0	0	0	0	0	0	0	0	0	0	0	0	0	0	0	0	0	0	0	
N8	0.0524154	0.051094	0.0509374	0.0517139	0.0531529	0.0549534	0.0567959	0.0583598	0.0593451	0.0594973	0.058633	0.0566591	0.0535848	0.0495202	0.044663	0.0392733	0.0336414	0.0280538	0.0227628	0.0179639	0.0137847	0.0102837	0.00745854	0.00526002	0.00360854	0.00241003	0.00156902	0.000997837	0.000621967	0.000381969	0.000233015	0.000142981	8.99194e-05	5.95262e-05	4.29428e-05	3.50598e-05	
N9	0.0291872	0.0292309	0.0306639	0.0333441	0.0371069	0.0417374	0.046947	0.0523617	0.0575305	0.0619566	0.0651512	0.0666993	0.0663267	0.06395	0.0596975	0.0538939	0.0470105	0.0395919	0.0321754	0.0252206	0.0190617	0.0138885	0.0097545	0.00660469	0.00431249	0.00271706	0.00165362	0.000973963	0.000556864	0.00031065	0.000170522	9.33953e-05	5.22015e-05	3.08315e-05	2.02148e-05	1.5594e-05	
N10	0.0147146	0.0152507	0.01702	0.0200248	0.0242836	0.0297795	0.0364034	0.0439019	0.0518457	0.0596326	0.0665369	0.0718027	0.0747683	0.0749924	0.0723488	0.0670629	0.0596749	0.0509403	0.0416924	0.0327038	0.0245782	0.0176937	0.0121999	0.00805677	0.00509673	0.00308962	0.001796	0.00100247	0.000538568	0.000279727	0.000141595	7.08769e-05	3.59928e-05	1.93465e-05	1.17198e-05	8.6293e-06	
N11	3.82519e-35	2.52758e-31	1.40927e-27	6.35948e-24	2.26711e-20	6.18836e-17	1.2411e-13	1.72827e-10	1.53968e-07	7.71212e-05	0.0171766	0.964495	0.0181648	8.60958e-05	1.80793e-07	2.12288e-10	1.58297e-13	8.11992e-17	3.02624e-20	8.52512e-24	1.87014e-27	3.2694e-31	4.63952e-35	5.42464e-39	5.29076e-43	4.34927e-47	3.04038e-51	1.82156e-55	9.4197e-60	4.23258e-64	1.66343e-68	5.75661e-73	1.76673e-77	4.84428e-82	1.19541e-86	2.69546e-91	
ADCAHA_Calathus_rectus	0	0	0	0	0	0	0	0	0	0	0	1	0	0	0	0	0	0	0	0	0	0	0	0	0	0	0	0	0	0	0	0	0	0	0	0	
ADCAHA_Calathus_brevis	0	0	0	0	0	0	0	0	0	0	0	1	0	0	0	0	0	0	0	0	0	0	0	0	0	0	0	0	0	0	0	0	0	0	0	0	
N12	4.35668e-06	8.84933e-06	2.54631e-05	7.78228e-05	0.00022828	0.00062416	0.00157634	0.003663	0.00781185	0.0152573	0.0272385	0.0443738	0.0658643	0.0889585	0.109211	0.121763	0.123212	0.113107	0.0941753	0.0711183	0.0487189	0.0302856	0.0170932	0.0087651	0.00408706	0.00173477	0.00067113	0.000237034	7.65933e-05	2.27134e-05	6.21107e-06	1.5791e-06	3.79127e-07	8.8912e-08	2.22614e-08	7.91365e-09	
N13	4.11113e-08	1.41815e-07	7.97725e-07	4.71046e-06	2.55569e-05	0.000122366	0.000509265	0.00182817	0.0056318	0.0148275	0.0332504	0.0633303	0.102224	0.139621	0.161229	0.157395	0.129974	0.0909082	0.0539583	0.0272443	0.0117354	0.00432635	0.00136976	0.000373805	8.82571e-05	1.80971e-05	3.2351e-06	5.06127e-07	6.95707e-08	8.43685e-09	9.06937e-10	8.69739e-11	7.52262e-12	6.01552e-13	4.82745e-14	6.01469e-15	
N14	1.32923e-17	1.01177e-15	9.59011e-14	7.81828e-12	5.10338e-10	2.57207e-08	9.70394e-07	2.64632e-05	0.000499257	0.00615279	0.0458381	0.185557	0.354325	0.279692	0.104095	0.0210318	0.00256526	0.000204013	1.11988e-05	4.43027e-07	1.30642e-08	2.95005e-10	5.21476e-12	7.34942e-14	8.38711e-16	7.85378e-18	6.10462e-20	3.97873e-22	2.19396e-24	1.0318e-26	4.16881e-29	1.45712e-31	4.44108e-34	1.19776e-36	2.99516e-39	9.11007e-42	
ADCAHA_Calathus_ambiguus	0	0	0	0	0	0	0	0	0	0	0	0	1	0	0	0	0	0	0	0	0	0	0	0	0	0	0	0	0	0	0	0	0	0	0	0	
ADCAHA_Calathus_melanocephalus	0	0	0	0	0	0	0	0	0	0	0	0	1	0	0	0	0	0	0	0	0	0	0	0	0	0	0	0	0	0	0	0	0	0	0	0	
ADCAHA_Calathus_erratus	0	0	0	0	0	0	0	0	0	0	0	0	0	0	0	1	0	0	0	0	0	0	0	0	0	0	0	0	0	0	0	0	0	0	0	0	
ADCAHA_Calathus_fuscipes	0	0	0	0	0	0	0	0	0	0	0	0	0	0	0	0	0	0	0	0	1	0	0	0	0	0	0	0	0	0	0	0	0	0	0	0	
N15	6.81704e-56	1.14372e-49	5.70491e-44	1.34984e-38	1.79427e-33	1.45948e-28	7.52982e-24	2.4858e-19	5.16821e-15	6.44238e-11	4.37977e-07	0.00132334	0.997362	0.00131355	4.31094e-07	6.27572e-11	4.96812e-15	2.34906e-19	6.96236e-24	1.31323e-28	1.56149e-33	1.1286e-38	4.55041e-44	8.64032e-50	4.843e-56	1.86896e-32	1.65358e-32	1.45778e-32	1.28212e-32	1.12681e-32	9.91747e-33	8.76538e-33	7.80554e-33	7.02955e-33	6.42728e-33	5.98722e-33	
ADCAHA_Calathus_granatensis	0	0	0	0	0	0	0	0	0	0	0	0	1	0	0	0	0	0	0	0	0	0	0	0	0	0	0	0	0	0	0	0	0	0	0	0	
ADCAHA_Calathus_rotundatus	0	0	0	0	0	0	0	0	0	0	0	0	1	0	0	0	0	0	0	0	0	0	0	0	0	0	0	0	0	0	0	0	0	0	0	0	
ADCAHA_Calathus_micropterus	0	0	0	0	0	0	0	0	0	0	0	1	0	0	0	0	0	0	0	0	0	0	0	0	0	0	0	0	0	0	0	0	0	0	0	0	
