NODE	18	19	20	21	22	23	24	25	26	27	28	29	30	31	32	33	34	35	36	37	38	39	40	41	42	
N1	0.175866	0.167933	0.152891	0.132505	0.109133	0.0852681	0.0630876	0.0441209	0.0291161	0.0181014	0.0105867	0.00581798	0.0030017	0.00145321	0.00066012	0.000281471	0.000112769	4.25202e-05	1.5125e-05	5.09339e-06	1.63284e-06	5.03981e-07	1.54433e-07	5.17097e-08	2.46008e-08	
N2	0.187208	0.174011	0.15503	0.131998	0.107046	0.0823964	0.0599981	0.0412044	0.0266178	0.0161373	0.00916407	0.00486702	0.00241449	0.00111789	0.000482823	0.000194531	7.31595e-05	2.5721e-05	8.47824e-06	2.63443e-06	7.79845e-07	2.24809e-07	6.63251e-08	2.24957e-08	1.1141e-08	
N3	0.178877	0.167254	0.150756	0.130537	0.10812	0.0852707	0.0637453	0.0449814	0.0298507	0.0185716	0.0108043	0.00586541	0.00296659	0.0013963	0.000611173	0.000248741	9.41791e-05	3.3224e-05	1.09551e-05	3.39721e-06	1.00273e-06	2.88712e-07	8.5501e-08	2.9275e-08	1.46197e-08	
N4	0.134413	0.130104	0.125222	0.118626	0.109316	0.0969217	0.0819238	0.0655481	0.04938	0.0348872	0.0230485	0.0142088	0.00816111	0.00436281	0.00216948	0.00100338	0.000431792	0.000173099	6.47912e-05	2.27382e-05	7.54109e-06	2.40264e-06	7.65014e-07	2.69986e-07	1.3439e-07	
N5	0.148565	0.141653	0.132686	0.121469	0.107969	0.0925162	0.0758928	0.0592255	0.0437314	0.0304174	0.0198587	0.012136	0.00692758	0.00368798	0.00182904	0.000844484	0.000362905	0.000145207	5.41733e-05	1.89137e-05	6.2353e-06	1.98406e-06	6.42555e-07	2.38773e-07	1.26957e-07	
N6	0.165588	0.155507	0.141533	0.124606	0.10588	0.0866167	0.0680385	0.0511835	0.0367817	0.0251907	0.0164073	0.0101441	0.00594399	0.00329646	0.00172846	0.000856204	0.000400531	0.00017699	7.39909e-05	2.93886e-05	1.1207e-05	4.20396e-06	1.63623e-06	7.34068e-07	4.47473e-07	
N7	0.135519	0.131074	0.125947	0.119003	0.109292	0.0965257	0.0812751	0.0648154	0.0487224	0.0344049	0.0227665	0.0140928	0.00815067	0.00440059	0.00221671	0.00104152	0.000456444	0.000186676	7.13496e-05	2.55772e-05	8.67581e-06	2.84589e-06	9.51461e-07	3.64594e-07	1.98071e-07	
ADDYAG_Ilybius_erichsoni	0	0	0	1	0	0	0	0	0	0	0	0	0	0	0	0	0	0	0	0	0	0	0	0	0	
ADDYAG_Ilybius_albarracinensis	0	0	0	0	0	0	0	0	1	0	0	0	0	0	0	0	0	0	0	0	0	0	0	0	0	
ADDYAG_Ilybius_chalconatus	0	1	0	0	0	0	0	0	0	0	0	0	0	0	0	0	0	0	0	0	0	0	0	0	0	
N8	0.121208	0.118832	0.117015	0.114079	0.108435	0.0991886	0.0864596	0.0713245	0.0554253	0.0404439	0.0276533	0.0176914	0.0105801	0.00591136	0.0030851	0.00150424	0.000685671	0.000292579	0.000117143	4.41902e-05	1.5827e-05	5.46878e-06	1.89416e-06	7.25112e-07	3.82297e-07	
N9	0.0123232	0.0151241	0.0211342	0.0303924	0.0427058	0.0573514	0.0728813	0.0871734	0.0978075	0.102695	0.100734	0.0922042	0.0786979	0.0626136	0.0464386	0.0321181	0.0207298	0.0125004	0.00705586	0.00374035	0.00187468	0.000902093	0.000432303	0.000224186	0.000146441	
ADDYAG_Ilybius_vittiger	0	0	0	0	0	0	0	0	0	0	0	0	0	0	0	0	0	0	0	0	1	0	0	0	0	
ADDYAG_Ilybius_wasastjernae	0	0	0	0	0	1	0	0	0	0	0	0	0	0	0	0	0	0	0	0	0	0	0	0	0	
N10	0.204561	0.188277	0.164404	0.135727	0.105507	0.0768917	0.052314	0.0330987	0.0194081	0.0105171	0.00525467	0.00241621	0.00102108	0.000396181	0.000141042	4.6057e-05	1.37962e-05	3.79303e-06	9.58479e-07	2.23293e-07	4.82816e-08	9.83982e-09	1.96252e-09	4.24327e-10	1.36927e-10	
N11	0.236232	0.212471	0.177183	0.136625	0.097132	0.0634746	0.0380124	0.0208004	0.010372	0.00470172	0.00193351	0.000720075	0.000242524	7.37942e-05	2.02706e-05	5.02461e-06	1.12377e-06	2.26815e-07	4.13399e-08	6.81452e-09	1.01989e-09	1.40128e-10	1.83037e-11	2.55849e-12	5.79396e-13	
N12	0.240924	0.215925	0.178781	0.13638	0.0955749	0.0613507	0.0359676	0.0192051	0.00931618	0.00409646	0.00162971	0.00058571	0.000189939	5.55312e-05	1.46292e-05	3.47182e-06	7.42249e-07	1.42993e-07	2.48373e-08	3.89409e-09	5.52572e-10	7.15579e-11	8.72384e-12	1.13599e-12	2.5204e-13	
ADDYAG_Ilybius_ater	0	1	0	0	0	0	0	0	0	0	0	0	0	0	0	0	0	0	0	0	0	0	0	0	0	
N13	0.200061	0.194003	0.181155	0.155008	0.11719	0.0766708	0.042966	0.0205363	0.00836372	0.00290503	0.000862344	0.00021939	4.79958e-05	9.06187e-06	1.48224e-06	2.10863e-07	2.61917e-08	2.85163e-09	2.73186e-10	2.31177e-11	1.73562e-12	1.16404e-13	7.10649e-15	4.29856e-16	4.25366e-17	
ADDYAG_Ilybius_quadriguttatus	0	0	0	0	0	1	0	0	0	0	0	0	0	0	0	0	0	0	0	0	0	0	0	0	0	
ADDYAG_Ilybius_guttiger	0	1	0	0	0	0	0	0	0	0	0	0	0	0	0	0	0	0	0	0	0	0	0	0	0	
ADDYAG_Ilybius_subaeneus	0	0	1	0	0	0	0	0	0	0	0	0	0	0	0	0	0	0	0	0	0	0	0	0	0	
N14	0.186265	0.177134	0.163439	0.143353	0.116943	0.0870801	0.0583622	0.0348722	0.0184677	0.00864083	0.00356739	0.0012996	0.000418155	0.000119012	3.00198e-05	6.72578e-06	1.34163e-06	2.38884e-07	3.80731e-08	5.44996e-09	7.0418e-10	8.29542e-11	9.15775e-12	1.0489e-12	1.95124e-13	
ADDYAG_Ilybius_aenescens	0	0	0	1	0	0	0	0	0	0	0	0	0	0	0	0	0	0	0	0	0	0	0	0	0	
ADDYAG_Ilybius_fuliginosus	0	0	0	0	1	0	0	0	0	0	0	0	0	0	0	0	0	0	0	0	0	0	0	0	0	
N15	0.0333624	0.0357112	0.0413732	0.0500803	0.0611564	0.0733023	0.0846183	0.0929348	0.0963721	0.0939168	0.0857629	0.0732577	0.0584723	0.0435867	0.0303398	0.0197268	0.0119913	0.00682668	0.00365199	0.00184725	0.000893977	0.000423521	0.000205342	0.000110608	7.51353e-05	
N16	0.00806965	0.0104485	0.0159347	0.0253953	0.0396225	0.0585741	0.0805655	0.101939	0.117753	0.123525	0.117243	0.100427	0.0774981	0.0538187	0.0336149	0.0188829	0.00954502	0.00434761	0.00178925	0.000668825	0.000229429	7.3765e-05	2.32736e-05	8.01919e-06	3.86134e-06	
N17	0.00094375	0.00140511	0.00270048	0.0056147	0.0114413	0.0218395	0.0382468	0.0607952	0.0871545	0.112204	0.129337	0.133194	0.122355	0.100157	0.0730124	0.0473898	0.0273943	0.0141159	0.00649633	0.00268087	0.00100063	0.000344529	0.000114771	4.156e-05	2.09935e-05	
N18	4.80067e-06	1.43766e-05	6.00794e-05	0.000253358	0.000977109	0.00331033	0.00965433	0.0239595	0.050238	0.0885834	0.130944	0.161935	0.167337	0.144408	0.104077	0.0626833	0.0315879	0.013345	0.00474069	0.00142272	0.000363691	8.05588e-05	1.61086e-05	3.25005e-06	9.42099e-07	
ADDYAG_Agabus_bipustulatus	0	0	0	0	0	0	0	0	0	0	0	0	0	0	0	0	0	1	0	0	0	0	0	0	0	
ADDYAG_Agabus_conspersus	0	0	0	0	0	0	0	1	0	0	0	0	0	0	0	0	0	0	0	0	0	0	0	0	0	
ADDYAG_Agabus_biguttatus	0	0	0	0	0	0	0	0	0	0	0	0	0	0	1	0	0	0	0	0	0	0	0	0	0	
N19	0.0145594	0.0177932	0.0252367	0.0376228	0.0550796	0.076211	0.0976366	0.114527	0.122212	0.118176	0.103291	0.0814683	0.0579211	0.0370954	0.0213951	0.0111138	0.00520238	0.00219707	0.000839059	0.00029109	9.26269e-05	2.76339e-05	8.14725e-06	2.69293e-06	1.29593e-06	
N20	0.0941758	0.157141	0.238677	0.250228	0.167251	0.0698489	0.0187885	0.00340889	0.000436144	4.08803e-05	2.89765e-06	1.59454e-07	6.96297e-09	2.45767e-10	7.12268e-12	1.71812e-13	3.49111e-15	6.04103e-17	8.99529e-19	1.16495e-20	1.32801e-22	1.35252e-24	1.25469e-26	1.08795e-28	1.06835e-30	
ADDYAG_Agabus_confinis	0	0	0	0	1	0	0	0	0	0	0	0	0	0	0	0	0	0	0	0	0	0	0	0	0	
ADDYAG_Agabus_sturmii	0	1	0	0	0	0	0	0	0	0	0	0	0	0	0	0	0	0	0	0	0	0	0	0	0	
ADDYAG_Agabus_ramblae	0	0	0	0	0	0	0	0	0	0	1	0	0	0	0	0	0	0	0	0	0	0	0	0	0	
N21	0.0156433	0.0175562	0.0218825	0.0286539	0.0378055	0.0489918	0.0614232	0.0738069	0.0844643	0.0916466	0.0939742	0.0908492	0.0826648	0.0707157	0.056835	0.0429051	0.0304278	0.0202872	0.0127376	0.00755774	0.00426947	0.00233385	0.00127845	0.000753167	0.000536324	
N22	1.95525e-22	8.14671e-21	3.88297e-19	1.66255e-17	6.33063e-16	2.13002e-14	6.28805e-13	1.61597e-11	3.58362e-10	6.79045e-09	1.08725e-07	1.45252e-06	1.59592e-05	0.000141842	0.0010005	0.00547905	0.0227163	0.0693142	0.15099	0.228	0.233662	0.162586	0.080088	0.0316527	0.0143521	
ADDYCO_Colymbetes_striatus	0	0	0	0	0	0	0	0	0	0	0	0	0	0	0	0	0	0	0	0	1	0	0	0	0	
ADDYCO_Colymbetes_paykulli	0	0	0	0	0	0	0	0	0	0	0	0	0	0	0	0	0	0	0	0	1	0	0	0	0	
N23	0.000712253	0.00248547	0.0107283	0.0379069	0.0995635	0.186338	0.241426	0.213625	0.129947	0.0554895	0.0170912	0.00390475	0.000679302	9.21379e-05	9.94976e-06	8.71434e-07	6.29332e-08	3.80391e-09	1.95095e-10	8.60041e-12	3.29901e-13	1.11426e-14	3.35219e-16	9.13495e-18	2.93609e-19	
ADDYCO_Rhantus_exsoletus	0	0	0	0	0	0	1	0	0	0	0	0	0	0	0	0	0	0	0	0	0	0	0	0	0	
ADDYAG_Platambus_sp	0	0	0	0	0	0	1	0	0	0	0	0	0	0	0	0	0	0	0	0	0	0	0	0	0	
N24	0.177262	0.165551	0.14897	0.128863	0.106867	0.0847169	0.0640042	0.0459521	0.0312681	0.0201171	0.0122125	0.00698357	0.00375658	0.00189899	0.000901625	0.000402056	0.000168504	6.64932e-05	2.47919e-05	8.78858e-06	2.9939e-06	9.97854e-07	3.35942e-07	1.22619e-07	5.96055e-08	
N25	0.171734	0.161331	0.146745	0.128713	0.108341	0.0870803	0.0665321	0.048133	0.0328704	0.0211389	0.0127793	0.00725344	0.00386216	0.00192822	0.000902503	0.000396066	0.000163061	6.30526e-05	2.2951e-05	7.89837e-06	2.59261e-06	8.27199e-07	2.67939e-07	9.77503e-08	5.02384e-08	
ADDYDY_Eretes_sticticus	0	1	0	0	0	0	0	0	0	0	0	0	0	0	0	0	0	0	0	0	0	0	0	0	0	
N26	0.141383	0.138326	0.134967	0.128602	0.117269	0.100781	0.0808015	0.060063	0.0412436	0.0261079	0.0152184	0.00816421	0.00403018	0.00183073	0.000765439	0.000294677	0.000104512	3.41746e-05	1.03161e-05	2.8821e-06	7.49818e-07	1.84754e-07	4.5264e-08	1.26127e-08	5.40869e-09	
ADDYDY_Dytiscus_dauricus	0	1	0	0	0	0	0	0	0	0	0	0	0	0	0	0	0	0	0	0	0	0	0	0	0	
N27	0.00344496	0.00647359	0.0154647	0.0353264	0.0697209	0.115117	0.157124	0.176283	0.162097	0.122041	0.0752842	0.0381372	0.0159222	0.00550428	0.00158422	0.000381901	7.75937e-05	1.33727e-05	1.9676e-06	2.4882e-07	2.72541e-08	2.61587e-09	2.2582e-10	1.92297e-11	2.58353e-12	
ADDYDY_Dytiscus_marginalis_M	0	0	0	0	0	0	0	0	0	1	0	0	0	0	0	0	0	0	0	0	0	0	0	0	0	
ADDYDY_Dytiscus_circumcinctus	0	0	0	0	0	0	0	1	0	0	0	0	0	0	0	0	0	0	0	0	0	0	0	0	0	
N28	0.126239	0.121848	0.11694	0.110942	0.103269	0.0935588	0.0818602	0.0686984	0.0549798	0.0417666	0.0300097	0.0203383	0.0129755	0.0077818	0.0043834	0.00231828	0.0011515	0.000537787	0.000236796	9.88402e-05	3.95394e-05	1.54931e-05	6.21639e-06	2.79719e-06	1.67178e-06	
ADDYDY_Cybister_sugillatus	0	0	0	0	0	0	0	1	0	0	0	0	0	0	0	0	0	0	0	0	0	0	0	0	0	
N29	0.104794	0.105463	0.108671	0.111841	0.112139	0.107358	0.0966996	0.081093	0.0628515	0.0447869	0.0292328	0.0174312	0.00947823	0.00469417	0.00211611	0.000868139	0.000324228	0.000110338	3.4281e-05	9.76171e-06	2.56858e-06	6.35976e-07	1.54625e-07	4.11133e-08	1.59896e-08	
N30	0.129346	0.128159	0.128375	0.127122	0.121265	0.108769	0.0899371	0.0675497	0.045614	0.0275068	0.0147525	0.00702095	0.00296228	0.00110801	0.000367644	0.00010833	2.83882e-05	6.62784e-06	1.38163e-06	2.57904e-07	4.33145e-08	6.61616e-09	9.4997e-10	1.4476e-10	3.61216e-11	
ADDYDY_Cybister_lateralimarginalis	0	0	0	0	1	0	0	0	0	0	0	0	0	0	0	0	0	0	0	0	0	0	0	0	0	
ADDYDY_Cybister_japonicus	0	0	0	0	1	0	0	0	0	0	0	0	0	0	0	0	0	0	0	0	0	0	0	0	0	
ADDYDY_Cybister_tripunctatus	0	0	0	0	0	0	0	0	0	1	0	0	0	0	0	0	0	0	0	0	0	0	0	0	0	
N31	0.176803	0.164804	0.147807	0.127399	0.105404	0.0836108	0.0635133	0.0461503	0.0320426	0.0212375	0.0134255	0.00808921	0.00464307	0.0025381	0.00132141	0.000655559	0.000310264	0.000140389	6.09545e-05	2.55477e-05	1.04369e-05	4.22298e-06	1.74296e-06	7.84534e-07	4.5502e-07	
N32	0.153908	0.145074	0.133083	0.118689	0.102794	0.086351	0.0702709	0.0553292	0.0421	0.030922	0.0219006	0.0149435	0.00981558	0.00620297	0.00377022	0.00220422	0.00124049	0.000673289	0.000353831	0.00018142	9.20478e-05	4.73958e-05	2.58351e-05	1.588e-05	1.1881e-05	
ADDYHY_Nebrioporus_lanceolatus_M	0	0	0	1	0	0	0	0	0	0	0	0	0	0	0	0	0	0	0	0	0	0	0	0	0	
ADDYHY_Stictotarsus_griseostriatus	0	0	0	0	0	0	1	0	0	0	0	0	0	0	0	0	0	0	0	0	0	0	0	0	0	
ADDYHY_Hydroporus_sp	0	0	0	1	0	0	0	0	0	0	0	0	0	0	0	0	0	0	0	0	0	0	0	0	0	
ADDYHY_Hydrovatus_sp	0	0	0	0	0	0	0	0	1	0	0	0	0	0	0	0	0	0	0	0	0	0	0	0	0	
