NODE	7	8	9	10	11	12	13	14	15	16	17	18	19	20	21	22	23	24	25	26	27	28	29	30	31	32	33	34	35	36	37	38	39	40	41	42	43	44	45	
N1	8.33841e-10	4.56162e-09	3.74666e-08	3.06618e-07	2.28663e-06	1.50012e-05	8.48385e-05	0.000408326	0.00165807	0.00564511	0.0160376	0.0378734	0.074113	0.11987	0.159924	0.175748	0.158952	0.118285	0.0724478	0.0365546	0.0152162	0.00523558	0.00149262	0.00035356	6.97984e-05	1.15225e-05	1.59624e-06	1.86248e-07	1.83724e-08	1.53812e-09	1.09718e-10	6.69641e-12	3.51364e-13	4.26905e-17	8.50634e-18	1.60217e-18	2.92165e-19	5.47649e-20	1.37015e-20	
N2	3.91942e-05	6.48494e-05	0.000138662	0.000326911	0.00077553	0.00177	0.00380454	0.00762267	0.0141623	0.024332	0.038597	0.0564738	0.0761705	0.0946655	0.108377	0.114271	0.110953	0.099203	0.0816764	0.0619273	0.0432447	0.0278178	0.0164872	0.00900581	0.00453509	0.00210617	0.000902439	0.000356907	0.000130351	4.39877e-05	1.37236e-05	3.96142e-06	1.0592e-06	2.62943e-07	6.0966e-08	1.34369e-08	2.97046e-09	7.68957e-10	3.31144e-10	
N3	4.81537e-09	1.65751e-08	7.9284e-08	3.93003e-07	1.86256e-06	8.18507e-06	3.28751e-05	0.000119747	0.000393718	0.00116487	0.00309435	0.00736719	0.0156986	0.029904	0.0508712	0.077219	0.104517	0.126073	0.135477	0.129662	0.110516	0.0838927	0.0567292	0.0341842	0.0183652	0.00880225	0.00376661	0.00144031	0.000492675	0.000150932	4.14711e-05	1.02388e-05	2.2775e-06	4.58478e-07	8.42583e-08	1.44031e-08	2.3907e-09	4.29695e-10	1.19164e-10	
POCUBR_Notaris_sp	0	0	0	0	0	0	0	0	0	0	0	0	0	0	0	0	0	0	0	0	0	0	0	1	0	0	0	0	0	0	0	0	0	0	0	0	0	0	0	
N4	1.58491e-10	6.60201e-10	4.452e-09	3.15511e-08	2.08125e-07	1.23609e-06	6.53687e-06	3.06277e-05	0.000126761	0.000462432	0.00148442	0.00418684	0.0103632	0.0224857	0.0427287	0.0710534	0.103327	0.131336	0.145855	0.141488	0.119876	0.0887111	0.0573495	0.0323984	0.0160013	0.00691318	0.00261456	0.000866325	0.000251734	6.42181e-05	1.44002e-05	2.84248e-06	4.94786e-07	7.61348e-08	1.03996e-08	1.27391e-09	1.44907e-10	1.76705e-11	3.93584e-12	
N5	2.13368e-10	8.44791e-10	5.36089e-09	3.57623e-08	2.22367e-07	1.24903e-06	6.28006e-06	2.81621e-05	0.00011239	0.000398479	0.00125319	0.00349103	0.00860287	0.0187317	0.0359997	0.0610122	0.0911172	0.119836	0.138737	0.141349	0.12672	0.0999737	0.0694252	0.042454	0.0228739	0.0108668	0.00455598	0.00168744	0.00055277	0.000160355	4.12525e-05	9.42591e-06	1.91641e-06	3.47559e-07	5.64914e-08	8.33031e-09	1.15881e-09	1.74015e-10	4.43617e-11	
N6	5.05874e-38	1.53472e-35	5.21332e-33	1.66289e-30	4.77037e-28	1.20265e-25	2.62737e-23	4.92056e-21	7.81938e-19	1.04291e-16	1.1531e-14	1.04179e-12	7.56065e-11	4.3171e-09	1.89022e-07	6.14205e-06	0.000141881	0.00219701	0.0209684	0.108997	0.263686	0.321932	0.205268	0.066058	0.00989546	0.000807581	4.06375e-05	1.37141e-06	3.29203e-08	5.86851e-10	8.02816e-12	8.64907e-14	7.49461e-16	5.31823e-18	3.14298e-20	1.5772e-22	6.92897e-25	2.83069e-27	1.3712e-29	
POCUDR_Sphenophorus_sp	0	0	0	0	0	0	0	0	0	0	0	0	0	0	0	0	0	0	0	0	0	0	0	1	0	0	0	0	0	0	0	0	0	0	0	0	0	0	0	
POCUDR_Metamasius_hemipterus	0	0	0	0	0	0	0	0	0	0	0	0	0	0	0	0	0	0	0	1	0	0	0	0	0	0	0	0	0	0	0	0	0	0	0	0	0	0	0	
POCUDR_Diocalandra_sp	0	0	0	0	0	0	0	0	0	0	0	0	0	0	0	0	0	0	0	1	0	0	0	0	0	0	0	0	0	0	0	0	0	0	0	0	0	0	0	
N7	4.24514e-10	1.62317e-09	9.8714e-09	6.31148e-08	3.76702e-07	2.03366e-06	9.83626e-06	4.24583e-05	0.000163183	0.000557418	0.00168963	0.00453811	0.0107859	0.0226579	0.0420245	0.0687564	0.0991571	0.125974	0.140931	0.138803	0.120345	0.0918662	0.06176	0.036584	0.0191069	0.00880549	0.00358427	0.00129007	0.000411085	0.000116131	2.91277e-05	6.49708e-06	1.29119e-06	2.29178e-07	3.64841e-08	5.2652e-09	7.13844e-10	1.04171e-10	2.64651e-11	
POCUDR_Rhynchophorus_ferrugineus	0	0	0	0	0	0	0	0	0	0	0	0	0	0	0	1	0	0	0	0	0	0	0	0	0	0	0	0	0	0	0	0	0	0	0	0	0	0	0	
POCUDR_Cosmopolites_sordidus	0	0	0	0	0	0	0	0	0	0	0	0	0	0	0	0	0	0	0	0	0	0	0	1	0	0	0	0	0	0	0	0	0	0	0	0	0	0	0	
N8	0.000175059	0.000274055	0.000547097	0.00121223	0.00271367	0.00582576	0.0116798	0.021579	0.0364925	0.0562872	0.0790324	0.100905	0.117071	0.123388	0.118114	0.102689	0.0810915	0.0581739	0.0379221	0.0224703	0.0121074	0.005935	0.00264817	0.00107616	0.000398559	0.000134614	4.14941e-05	1.1682e-05	3.00637e-06	7.07845e-07	1.52624e-07	3.0171e-08	5.4769e-09	9.15572e-10	1.41843e-10	2.06953e-11	2.96994e-12	4.736e-13	1.23596e-13	
N9	0.000249107	0.000398623	0.000810742	0.00180453	0.00400836	0.00846239	0.0165644	0.0296855	0.0483915	0.0715082	0.0956074	0.115539	0.126131	0.12435	0.110705	0.0890024	0.0646284	0.0423981	0.0251376	0.0134755	0.00653487	0.00286848	0.00114045	0.000410983	0.000134348	3.98713e-05	1.07521e-05	2.63713e-06	5.88835e-07	1.19817e-07	2.22411e-08	3.77045e-09	5.84476e-10	8.29794e-11	1.08212e-11	1.30729e-12	1.51303e-13	1.93763e-14	4.60646e-15	
POCUBR_Echinocnemus_sp	0	0	0	0	0	0	0	0	0	0	0	0	1	0	0	0	0	0	0	0	0	0	0	0	0	0	0	0	0	0	0	0	0	0	0	0	0	0	0	
POCUER_Tanysphyrus_lemnae	0	0	0	0	0	0	0	0	0	0	1	0	0	0	0	0	0	0	0	0	0	0	0	0	0	0	0	0	0	0	0	0	0	0	0	0	0	0	0	
POCUER_Procas_sp	0	0	0	0	0	0	0	0	0	0	0	0	0	0	0	0	1	0	0	0	0	0	0	0	0	0	0	0	0	0	0	0	0	0	0	0	0	0	0	
N10	8.57774e-13	1.03806e-11	1.98207e-10	3.45231e-09	5.01829e-08	5.97047e-07	5.76906e-06	4.50403e-05	0.000282894	0.00142398	0.00572477	0.0183261	0.0465923	0.0938766	0.149649	0.188519	0.187548	0.147328	0.0914208	0.0448514	0.0174213	0.00536747	0.00131473	0.000256719	4.00827e-05	5.02114e-06	5.06502e-07	4.13028e-08	2.73382e-09	1.47499e-10	6.51522e-12	2.36656e-13	7.10091e-15	1.76808e-16	3.67032e-18	6.38392e-20	9.37345e-22	1.20768e-23	2.33603e-25	
N11	2.94052e-12	3.05646e-11	4.75102e-10	6.95016e-09	8.69792e-08	9.08008e-07	7.82957e-06	5.54286e-05	0.00032061	0.00150877	0.00575476	0.0177311	0.044005	0.0877624	0.140405	0.179976	0.184741	0.151869	0.100056	0.0529002	0.0224874	0.00770435	0.00213352	0.000479121	8.75686e-05	1.30765e-05	1.60195e-06	1.61685e-07	1.35033e-08	9.37323e-10	5.43203e-11	2.64013e-12	1.08112e-13	3.7478e-15	1.10578e-16	2.79855e-18	6.1935e-20	1.29855e-21	4.12671e-23	
N12	7.59736e-10	2.9704e-09	1.86252e-08	1.2542e-07	7.96541e-07	4.56344e-06	2.31724e-05	0.000103434	0.000403995	0.00137652	0.00408228	0.0105183	0.0235116	0.0455419	0.0763777	0.110846	0.139181	0.151214	0.142211	0.115854	0.0818362	0.0501838	0.0267538	0.0124196	0.00502918	0.00177985	0.000551638	0.000150056	3.59095e-05	7.57986e-06	1.41561e-06	2.3482e-07	3.47833e-08	4.63978e-09	5.65541e-10	6.47717e-11	7.37343e-12	9.38579e-13	1.88983e-13	
N13	3.79406e-08	9.56474e-08	3.50624e-07	1.39304e-06	5.39223e-06	1.96002e-05	6.59398e-05	0.000203952	0.000577915	0.00149706	0.00354034	0.0076356	0.0150072	0.0268631	0.0437728	0.0649077	0.0875639	0.107457	0.119954	0.121814	0.112555	0.0946552	0.0724773	0.0505537	0.032141	0.0186393	0.00986809	0.00477426	0.00211341	0.000857318	0.000319358	0.000109562	3.4769e-05	1.02778e-05	2.86332e-06	7.67481e-07	2.05856e-07	6.04312e-08	2.54834e-08	
N14	1.05324e-12	4.07587e-12	2.40319e-11	1.5126e-10	9.22776e-10	5.29173e-09	2.8187e-08	1.38705e-07	6.28747e-07	2.6208e-06	1.00324e-05	3.52322e-05	0.000113405	0.000334286	0.000901667	0.00222379	0.00501136	0.0103121	0.0193646	0.0331666	0.0517865	0.0736845	0.0955073	0.112744	0.121197	0.11864	0.105776	0.0859282	0.0636485	0.0430376	0.0266142	0.0150949	0.00788833	0.00382692	0.00174649	0.000768906	0.000343837	0.000173488	0.000117867	
N15	3.31878e-15	1.69608e-14	1.44431e-13	1.30161e-12	1.11077e-11	8.74858e-11	6.316e-10	4.16872e-09	2.51141e-08	1.3791e-07	6.89433e-07	3.13381e-06	1.29367e-05	4.84442e-05	0.000164379	0.000504854	0.00140203	0.00351724	0.00796339	0.0162586	0.0299104	0.0495472	0.0738614	0.0990391	0.119406	0.12941	0.126067	0.1104	0.0869418	0.0616154	0.0393458	0.0226887	0.0118606	0.00566143	0.00250253	0.00105429	0.000449459	0.00021826	0.000145567	
POCUMO_Ruteria_hypocrita	0	0	0	0	0	0	0	0	0	0	0	0	0	0	0	0	0	0	0	0	0	0	0	1	0	0	0	0	0	0	0	0	0	0	0	0	0	0	0	
N16	3.47602e-36	1.84755e-34	1.34375e-32	9.55503e-31	6.31928e-29	3.82229e-27	2.09968e-25	1.04322e-23	4.67242e-22	1.88032e-20	6.77612e-19	2.17886e-17	6.22745e-16	1.57556e-14	3.51299e-13	6.86996e-12	1.17224e-10	1.73549e-09	2.21573e-08	2.42334e-07	2.25412e-06	1.76926e-05	0.000116185	0.000632511	0.00282664	0.0102628	0.0299523	0.0695301	0.127109	0.181428	0.200869	0.171854	0.113567	0.0581893	0.0233535	0.00750886	0.00203914	0.000537955	0.000203854	
POCUCU_Cionus_sp	0	0	0	0	0	0	0	0	0	0	0	0	0	0	0	0	0	0	0	0	0	0	0	0	0	0	0	0	0	0	0	0	0	1	0	0	0	0	0	
POCUMO_Adexius_scrobipennis	0	0	0	0	0	0	0	0	0	0	0	0	0	0	0	0	0	0	0	0	0	0	0	0	0	0	0	0	0	1	0	0	0	0	0	0	0	0	0	
POCUTY_Tychius_sp	0	0	0	0	0	0	0	0	0	0	0	0	0	0	0	0	0	0	0	0	0	0	0	0	0	0	0	0	0	0	1	0	0	0	0	0	0	0	0	
N17	2.45509e-06	4.78176e-06	1.2454e-05	3.53372e-05	9.98578e-05	0.000270296	0.000688118	0.00163251	0.00359168	0.00730794	0.0137289	0.0237889	0.0379929	0.0558993	0.0757408	0.0944841	0.108496	0.114669	0.11154	0.0998565	0.0822833	0.0624155	0.0435911	0.0280371	0.0166121	0.00907042	0.00456583	0.00211986	0.000908321	0.000359434	0.00013148	4.45248e-05	1.39947e-05	4.10345e-06	1.13449e-06	3.02757e-07	8.21865e-08	2.56186e-08	1.21289e-08	
POCUBA_Metialma_sp	0	0	0	0	0	0	0	0	0	0	0	0	0	0	0	0	0	0	0	0	0	0	0	0	0	1	0	0	0	0	0	0	0	0	0	0	0	0	0	
POCUSC_Scolytus_sp	0	0	0	0	0	0	0	0	0	1	0	0	0	0	0	0	0	0	0	0	0	0	0	0	0	0	0	0	0	0	0	0	0	0	0	0	0	0	0	
N18	2.53565e-09	9.91694e-09	5.44515e-08	3.11775e-07	1.69997e-06	8.48578e-06	3.80675e-05	0.000152069	0.000538211	0.00168233	0.00463363	0.0112257	0.0238868	0.0445924	0.0729699	0.104605	0.131327	0.144393	0.139073	0.117403	0.0869351	0.0565252	0.0323113	0.0162611	0.00721635	0.00282885	0.000981391	0.000301919	8.25489e-05	2.01084e-05	4.37677e-06	8.54348e-07	1.50327e-07	2.40296e-08	3.53497e-09	4.89629e-10	6.65574e-11	9.60564e-12	1.92663e-12	
N19	1.01089e-06	1.949e-06	5.22152e-06	1.56712e-05	4.71617e-05	0.000135682	0.000365866	0.000916961	0.00212799	0.00456422	0.00903818	0.0165127	0.0278207	0.0432084	0.0618429	0.081552	0.0990669	0.110846	0.114232	0.108423	0.0947868	0.076332	0.0566326	0.0387182	0.0243988	0.0141764	0.0075976	0.00375755	0.00171597	0.000724154	0.000282717	0.000102285	3.4392e-05	1.08027e-05	3.20231e-06	9.15592e-07	2.65717e-07	8.8822e-08	4.51239e-08	
N20	1.1541e-06	2.16181e-06	5.60692e-06	1.63972e-05	4.83391e-05	0.000136671	0.000363006	0.000898026	0.00206149	0.00438343	0.00862511	0.0156948	0.0263991	0.0410302	0.0589074	0.0781055	0.0956213	0.108075	0.11276	0.108598	0.0965437	0.0792292	0.0600272	0.0419929	0.0271301	0.0161913	0.00892886	0.00455136	0.00214536	0.000935615	0.000377776	0.000141378	4.9136e-05	1.59266e-05	4.86251e-06	1.43311e-06	4.33367e-07	1.54812e-07	8.4585e-08	
POCUCE_Rhinoncus_sp	0	0	0	0	0	0	0	0	0	0	0	0	0	0	0	0	0	1	0	0	0	0	0	0	0	0	0	0	0	0	0	0	0	0	0	0	0	0	0	
POCUCE_Nedyus_quadrimaculatus	0	0	0	0	0	0	0	0	0	0	0	0	0	0	0	0	0	0	0	0	0	1	0	0	0	0	0	0	0	0	0	0	0	0	0	0	0	0	0	
POCUCE_Zacladus_geranii	0	0	0	0	0	0	0	0	0	0	0	0	0	0	0	0	0	0	0	0	0	1	0	0	0	0	0	0	0	0	0	0	0	0	0	0	0	0	0	
N21	8.20541e-08	1.65907e-07	4.74923e-07	1.53111e-06	4.97399e-06	1.55535e-05	4.59567e-05	0.00012732	0.000329563	0.000795583	0.00178926	0.00374613	0.00729739	0.0132197	0.0222623	0.0348378	0.0506443	0.0683736	0.0857088	0.099738	0.107729	0.107993	0.10047	0.086745	0.0695095	0.0516985	0.0356954	0.0228848	0.0136277	0.00754152	0.00388168	0.00186111	0.000833793	0.000351329	0.000141225	5.58523e-05	2.31666e-05	1.13366e-05	7.7234e-06	
POCUMO_Acalles_camelus	0	0	0	0	0	0	0	0	0	0	0	0	0	0	0	0	0	0	0	0	0	0	0	1	0	0	0	0	0	0	0	0	0	0	0	0	0	0	0	
POCUMO_Acalles_echinatus	0	0	0	0	0	0	0	0	0	0	0	0	0	0	0	0	0	0	0	0	0	0	0	1	0	0	0	0	0	0	0	0	0	0	0	0	0	0	0	
N22	7.49646e-09	3.23176e-08	2.01143e-07	1.26542e-06	7.31569e-06	3.76005e-05	0.000169367	0.000663539	0.00224999	0.00657903	0.0165375	0.035641	0.0657068	0.103423	0.138776	0.158572	0.154198	0.127586	0.0898529	0.0539014	0.0275759	0.0120507	0.00450711	0.00144597	0.000398913	9.48902e-05	1.95174e-05	3.48141e-06	5.4017e-07	7.31262e-08	8.66413e-09	9.01275e-10	8.25891e-11	6.69318e-12	4.82462e-13	3.12711e-14	1.87194e-15	1.12974e-16	1.09774e-17	
N23	7.35158e-08	2.70259e-07	1.38611e-06	7.0227e-06	3.26215e-05	0.000136144	0.000505458	0.00165763	0.00477484	0.012025	0.0263764	0.0502326	0.0828466	0.118079	0.145201	0.153857	0.140361	0.110191	0.0744325	0.0432708	0.0216615	0.00934592	0.00347945	0.00111941	0.000311742	7.52962e-05	1.58069e-05	2.89085e-06	4.61729e-07	6.45795e-08	7.93262e-09	8.58619e-10	8.22287e-11	7.00665e-12	5.35748e-13	3.72855e-14	2.42384e-15	1.57363e-16	1.5261e-17	
N24	2.29524e-08	9.14865e-08	5.13705e-07	2.89508e-06	1.51093e-05	7.10016e-05	0.000295852	0.0010817	0.00344333	0.00948573	0.0225071	0.0458211	0.0797908	0.118541	0.149937	0.161187	0.14708	0.113803	0.0746166	0.0414426	0.0194971	0.00777174	0.00262623	0.000752965	0.000183369	3.79819e-05	6.70216e-06	1.00931e-06	1.29978e-07	1.43446e-08	1.35986e-09	1.1101e-10	7.82448e-12	4.77568e-13	2.53263e-14	1.17257e-15	4.79965e-17	1.87882e-18	1.30199e-19	
N25	1.92904e-10	1.23391e-09	9.92734e-09	7.68373e-08	5.40961e-07	3.39421e-06	1.87816e-05	9.09922e-05	0.000383715	0.00140138	0.00441288	0.0119344	0.0276233	0.0545514	0.0916674	0.130761	0.158025	0.161528	0.139473	0.101641	0.062484	0.0324004	0.014176	0.00523707	0.00163549	0.000432401	9.69645e-05	1.84835e-05	3.00249e-06	4.16788e-07	4.9591e-08	5.07461e-09	4.48316e-10	3.436e-11	2.30111e-12	1.36416e-13	7.35737e-15	3.8946e-16	3.17637e-17	
POCUSC_Ips_acuminatus	0	0	0	0	0	0	0	0	0	1	0	0	0	0	0	0	0	0	0	0	0	0	0	0	0	0	0	0	0	0	0	0	0	0	0	0	0	0	0	
N26	3.35196e-13	2.92668e-12	3.72475e-11	4.70755e-10	5.36951e-09	5.35815e-08	4.61967e-07	3.41765e-06	2.15867e-05	0.000115917	0.000527193	0.00202377	0.0065367	0.0177143	0.0401741	0.0760744	0.120046	0.157602	0.171913	0.155661	0.116928	0.0728519	0.0376555	0.0161561	0.00575951	0.00170832	0.000422311	8.71922e-05	1.50711e-05	2.18685e-06	2.67188e-07	2.75818e-08	2.41516e-09	1.80268e-10	1.15505e-11	6.43325e-13	3.20225e-14	1.54706e-15	1.16015e-16	
N27	5.79068e-17	9.57658e-16	2.51244e-14	6.09432e-13	1.26935e-11	2.23614e-10	3.31133e-09	4.10439e-08	4.24295e-07	3.64612e-06	2.59664e-05	0.00015282	0.000741322	0.00295711	0.00967949	0.0259521	0.0569067	0.101929	0.148997	0.177647	0.172714	0.136938	0.0885779	0.0467795	0.0201919	0.00713339	0.00206609	0.000491603	9.63201e-05	1.55825e-05	2.08811e-06	2.32653e-07	2.16551e-08	1.69474e-09	1.12615e-10	6.46564e-12	3.33112e-13	1.72127e-14	1.50361e-15	
N28	4.93126e-16	6.15608e-15	1.16778e-13	2.14048e-12	3.47257e-11	4.88247e-10	5.90526e-09	6.11605e-08	5.40334e-07	4.05741e-06	2.58073e-05	0.000138589	0.000626449	0.00237688	0.00755116	0.0200436	0.0443745	0.0818289	0.125577	0.160308	0.17024	0.15047	0.110797	0.0680617	0.0349418	0.0150243	0.00542425	0.00164899	0.000423457	9.21873e-05	1.70835e-05	2.70798e-06	3.69471e-07	4.37747e-08	4.56803e-09	4.30626e-10	3.84767e-11	3.5651e-12	4.41912e-13	
N29	1.04498e-13	5.66005e-13	5.0072e-12	4.59235e-11	3.9262e-10	3.05186e-09	2.14134e-08	1.35199e-07	7.66492e-07	3.8948e-06	1.77072e-05	7.19076e-05	0.000260413	0.000839755	0.0024078	0.0061304	0.013843	0.0276934	0.049036	0.0767898	0.106284	0.12996	0.140347	0.133844	0.112729	0.0838716	0.0551486	0.0320675	0.0165032	0.00752506	0.00304434	0.00109481	0.000350965	0.000100755	2.61255e-05	6.2304e-06	1.42864e-06	3.57638e-07	1.39994e-07	
N30	1.4927e-18	1.73586e-17	3.19127e-16	5.79424e-15	9.55693e-14	1.40714e-12	1.83951e-11	2.12831e-10	2.17336e-09	1.95351e-08	1.54137e-07	1.06469e-06	6.42077e-06	3.37155e-05	0.000153746	0.000607274	0.0020725	0.00609681	0.0154257	0.0334996	0.0623294	0.0992032	0.13489	0.156542	0.154953	0.130787	0.0941371	0.0578065	0.0303084	0.0135839	0.00521219	0.00171548	0.00048551	0.000118586	2.5161e-05	4.70878e-06	8.1167e-07	1.47872e-07	4.3876e-08	
POCUSC_Ips_montanus	0	0	0	0	0	0	0	0	0	0	0	0	0	0	0	0	0	0	0	0	0	0	0	0	0	1	0	0	0	0	0	0	0	0	0	0	0	0	0	
N31	2.08538e-21	3.83194e-20	1.12172e-18	3.0956e-17	7.59605e-16	1.64274e-14	3.11921e-13	5.18319e-12	7.51287e-11	9.46744e-10	1.03376e-08	9.74749e-08	7.90995e-07	5.50534e-06	3.27535e-05	0.000166017	0.000714602	0.00260402	0.00800972	0.0207394	0.0450934	0.0821539	0.125187	0.159331	0.169213	0.149879	0.110718	0.0682453	0.0351333	0.0151277	0.00545811	0.00165396	0.000422117	9.10603e-05	1.66963e-05	2.63343e-06	3.70806e-07	5.36433e-08	1.3211e-08	
POCUSC_Ips_paraconfusus	0	0	0	0	0	0	0	0	0	0	0	0	0	0	0	0	0	0	0	0	0	0	0	0	0	1	0	0	0	0	0	0	0	0	0	0	0	0	0	
N32	2.24723e-24	5.98565e-23	2.49202e-21	9.63116e-20	3.30714e-18	1.00243e-16	2.67143e-15	6.23421e-14	1.26873e-12	2.24194e-11	3.42449e-10	4.50047e-09	5.06419e-08	4.85498e-07	3.9452e-06	2.70324e-05	0.00015536	0.000744953	0.00296467	0.00974249	0.0263092	0.0581241	0.104645	0.153037	0.181367	0.173938	0.134945	0.0847544	0.0431705	0.0178823	0.00604542	0.0016751	0.000382249	7.22156e-05	1.1364e-05	1.50367e-06	1.72034e-07	1.93644e-08	3.76862e-09	
POCUSC_Ips_confusus	0	0	0	0	0	0	0	0	0	0	0	0	0	0	0	0	0	0	0	0	0	0	0	0	0	1	0	0	0	0	0	0	0	0	0	0	0	0	0	
POCUSC_Ips_hoppingi	0	0	0	0	0	0	0	0	0	0	0	0	0	0	0	0	0	0	0	0	0	0	0	0	0	1	0	0	0	0	0	0	0	0	0	0	0	0	0	
POCUSC_Ips_lecontei	0	0	0	0	0	0	0	0	0	0	0	0	0	0	0	0	0	0	0	0	0	0	0	0	0	1	0	0	0	0	0	0	0	0	0	0	0	0	0	
N33	8.57183e-12	3.72001e-11	2.43727e-10	1.69127e-09	1.12199e-08	6.87178e-08	3.83498e-07	1.93901e-06	8.85338e-06	3.64179e-05	0.000134679	0.000446923	0.00132844	0.00353102	0.00838008	0.0177337	0.0334231	0.0560508	0.0835792	0.110764	0.130436	0.136498	0.126977	0.105064	0.0773872	0.0507963	0.0297514	0.0155728	0.00729822	0.00306936	0.00116181	0.000397411	0.000123581	3.52611e-05	9.36866e-06	2.37239e-06	5.93264e-07	1.56002e-07	5.48789e-08	
POCUSC_Ips_cribricollis	0	0	0	0	0	0	0	0	0	0	0	0	0	0	0	0	0	0	0	0	0	0	0	0	0	1	0	0	0	0	0	0	0	0	0	0	0	0	0	
POCUSC_Ips_calligraphus	0	0	0	0	0	0	0	0	0	0	0	0	0	0	0	0	0	0	0	0	0	0	0	0	0	1	0	0	0	0	0	0	0	0	0	0	0	0	0	
N34	2.21388e-16	3.01076e-15	5.9676e-14	1.12298e-12	1.87601e-11	2.72631e-10	3.41593e-09	3.67041e-08	3.36812e-07	2.62973e-06	1.74086e-05	9.73841e-05	0.000458883	0.00181598	0.00601906	0.016668	0.0384814	0.0739355	0.118055	0.1565	0.172148	0.157104	0.118987	0.0748437	0.0391422	0.0170461	0.00619312	0.00188127	0.000478998	0.000102508	1.84945e-05	2.82243e-06	3.65701e-07	4.04149e-08	3.83499e-09	3.16345e-10	2.33612e-11	1.69735e-12	1.95474e-13	
N35	9.83379e-18	1.51996e-16	3.74178e-15	8.52623e-14	1.68798e-12	2.8757e-11	4.19898e-10	5.23769e-09	5.56387e-08	5.0181e-07	3.83141e-06	2.46955e-05	0.000134017	0.000610812	0.00233277	0.0074501	0.0198612	0.044132	0.0816375	0.125614	0.160684	0.170847	0.151013	0.111021	0.0679403	0.0346477	0.0147456	0.00524611	0.00156339	0.000391166	8.23903e-05	1.46548e-05	2.20979e-06	2.83937e-07	3.13327e-08	3.01367e-09	2.62175e-10	2.33434e-11	3.53911e-12	
N36	1.68018e-15	1.51873e-14	2.16345e-13	3.03158e-12	3.84522e-11	4.329e-10	4.29591e-09	3.74326e-08	2.85533e-07	1.9014e-06	1.10242e-05	5.55099e-05	0.000242143	0.000912931	0.00296841	0.00830732	0.0199744	0.041199	0.0728015	0.110103	0.142415	0.157485	0.148874	0.120337	0.0832204	0.0492813	0.0250185	0.0109043	0.00408731	0.0013203	0.000368424	8.90741e-05	1.87312e-05	3.44501e-06	5.58983e-07	8.12272e-08	1.08978e-08	1.48206e-09	3.15123e-10	
POCUSC_Ips_bonanseai	0	0	0	0	0	0	0	0	0	0	0	0	0	0	0	0	0	0	0	0	0	0	0	0	0	1	0	0	0	0	0	0	0	0	0	0	0	0	0	
N37	4.17952e-15	3.4751e-14	4.67623e-13	6.21154e-12	7.45579e-11	7.9412e-10	7.46213e-09	6.16574e-08	4.46742e-07	2.83107e-06	1.56522e-05	7.53142e-05	0.000314661	0.00113897	0.00356446	0.00962634	0.0223965	0.044824	0.0770756	0.113757	0.144009	0.156306	0.145441	0.116039	0.0794202	0.0466654	0.0235637	0.0102385	0.00383387	0.00123942	0.000346633	8.4068e-05	1.77335e-05	3.26716e-06	5.29367e-07	7.6483e-08	1.01979e-08	1.40558e-09	3.17277e-10	
POCUSC_Ips_pini	0	0	0	0	0	0	0	0	0	0	0	0	0	0	0	0	0	0	0	0	0	0	0	0	1	0	0	0	0	0	0	0	0	0	0	0	0	0	0	
N38	1.40252e-16	1.72144e-15	3.46585e-14	6.67029e-13	1.13087e-11	1.66244e-10	2.10622e-09	2.29036e-08	2.13023e-07	1.68921e-06	1.1386e-05	6.50507e-05	0.000314159	0.00127927	0.00438186	0.0125979	0.030341	0.0611092	0.102776	0.14417	0.168527	0.164072	0.133004	0.0897883	0.0505008	0.0236842	0.00927274	0.0030353	0.000832205	0.000191521	3.70853e-05	6.0584e-06	8.37555e-07	9.83569e-08	9.86754e-09	8.55914e-10	6.6401e-11	5.1597e-12	6.36513e-13	
POCUSC_Ips_avulsus	0	0	0	0	0	0	0	0	0	0	0	0	0	0	0	0	0	0	0	0	0	0	0	0	0	1	0	0	0	0	0	0	0	0	0	0	0	0	0	
N39	3.87482e-16	5.20877e-15	9.82333e-14	1.75918e-12	2.81249e-11	3.92673e-10	4.73588e-09	4.90276e-08	4.33751e-07	3.26791e-06	2.09019e-05	0.000113175	0.000517376	0.0019919	0.00644337	0.0174744	0.0396529	0.0751545	0.118787	0.156367	0.171252	0.155926	0.117981	0.0741796	0.0387662	0.0168501	0.00609781	0.00183981	0.000463615	9.77762e-05	1.72999e-05	2.57493e-06	3.23387e-07	3.43926e-08	3.11237e-09	2.41881e-10	1.66019e-11	1.13823e-12	1.42062e-13	
N40	2.04474e-26	8.04273e-25	4.57549e-23	2.43468e-21	1.15292e-19	4.80259e-18	1.74981e-16	5.54928e-15	1.52432e-13	3.60786e-12	7.31741e-11	1.26425e-09	1.84899e-08	2.27362e-07	2.33359e-06	1.98365e-05	0.000138483	0.000786894	0.00360468	0.0131784	0.0380488	0.0858393	0.149765	0.200185	0.203443	0.156432	0.0908824	0.0399926	0.0134096	0.00345583	0.000691695	0.000108746	1.35852e-05	1.36398e-06	1.11285e-07	7.46331e-09	4.19358e-10	2.15496e-11	1.85008e-12	
POCUSC_Ips_plastographus	0	0	0	0	0	0	0	0	0	0	0	0	0	0	0	0	0	0	0	0	0	0	0	0	0	1	0	0	0	0	0	0	0	0	0	0	0	0	0	
POCUSC_Ips_integer	0	0	0	0	0	0	0	0	0	0	0	0	0	0	0	0	0	0	0	0	0	0	0	0	0	1	0	0	0	0	0	0	0	0	0	0	0	0	0	
POCUSC_Orthotomicus_suturalis	0	0	0	0	0	0	0	0	0	1	0	0	0	0	0	0	0	0	0	0	0	0	0	0	0	0	0	0	0	0	0	0	0	0	0	0	0	0	0	
N41	5.67195e-16	5.49963e-15	8.1383e-14	1.19196e-12	1.58872e-11	1.88427e-10	1.97233e-09	1.81398e-08	1.46101e-07	1.0274e-06	6.29002e-06	3.34343e-05	0.00015389	0.00061181	0.00209601	0.00617467	0.015612	0.033824	0.0627116	0.0994045	0.134627	0.155745	0.153921	0.130013	0.0939364	0.0581208	0.0308397	0.0140582	0.00551674	0.00186816	0.000547488	0.000139356	3.09589e-05	6.04675e-06	1.05095e-06	1.6614e-07	2.49227e-08	3.88098e-09	8.52793e-10	
N42	3.38713e-14	1.90233e-13	1.77495e-12	1.71405e-11	1.53905e-10	1.25559e-09	9.24935e-09	6.13516e-08	3.6567e-07	1.95469e-06	9.35385e-06	3.99998e-05	0.000152594	0.000518466	0.00156653	0.0042031	0.0100012	0.0210805	0.0393204	0.0648482	0.0945003	0.121623	0.138204	0.138646	0.122805	0.0960666	0.0664026	0.0405828	0.0219491	0.0105166	0.00447001	0.0016886	0.000568538	0.000171464	4.67863e-05	1.18065e-05	2.8976e-06	7.81405e-07	3.18518e-07	
N43	6.98146e-70	2.4367e-66	9.12205e-63	3.2723e-59	1.07733e-55	3.18889e-52	8.39505e-49	1.95121e-45	3.97818e-42	7.06861e-39	1.08687e-35	1.43481e-32	1.61178e-29	1.52501e-26	1.20104e-23	7.76491e-21	4.05376e-18	1.67524e-15	5.34728e-13	1.2781e-10	2.19696e-08	2.57094e-06	0.000189328	0.00776466	0.142977	0.730668	0.113417	0.00488642	9.45458e-05	1.0192e-06	6.91905e-09	3.2019e-11	1.06825e-13	2.68205e-16	5.25454e-19	8.3223e-22	1.11013e-24	1.31366e-27	1.5643e-30	
POCUSC_Ips_perturbatus	0	0	0	0	0	0	0	0	0	0	0	0	0	0	0	0	0	0	0	0	0	0	0	0	0	1	0	0	0	0	0	0	0	0	0	0	0	0	0	
POCUSC_Ips_hunteri	0	0	0	0	0	0	0	0	0	0	0	0	0	0	0	0	0	0	0	0	0	0	0	0	0	1	0	0	0	0	0	0	0	0	0	0	0	0	0	
N44	1.28083e-37	1.74898e-35	2.94298e-33	4.72945e-31	6.92111e-29	9.04409e-27	1.04499e-24	1.06038e-22	9.39177e-21	7.21462e-19	4.77401e-17	2.70068e-15	1.29517e-13	5.2161e-12	1.74543e-10	4.79447e-09	1.06622e-07	1.88926e-06	2.61846e-05	0.000277808	0.00220005	0.0126274	0.050772	0.137678	0.242118	0.267158	0.182407	0.0782324	0.0217981	0.00410451	0.000542588	5.21104e-05	3.74721e-06	2.07263e-07	9.04783e-09	3.2068e-10	9.58471e-12	2.57933e-13	8.96345e-15	
POCUSC_Ips_pilifrons	0	0	0	0	0	0	0	0	0	0	0	0	0	0	0	0	0	0	0	0	0	0	0	0	0	1	0	0	0	0	0	0	0	0	0	0	0	0	0	
N45	1.54352e-54	2.022e-51	2.93109e-48	3.72692e-45	4.12352e-42	3.94649e-39	3.24636e-36	2.27923e-33	1.35538e-30	6.76942e-28	2.81326e-25	9.62787e-23	2.68212e-20	6.00328e-18	1.06375e-15	1.46724e-13	1.54499e-11	1.21417e-09	6.93416e-08	2.78776e-06	7.59137e-05	0.00133512	0.0142826	0.0860395	0.264172	0.366067	0.207471	0.0530909	0.00692997	0.000509962	2.28579e-05	6.6279e-07	1.3041e-08	1.81002e-10	1.82989e-12	1.38456e-14	8.03078e-17	3.69641e-19	2.05052e-21	
POCUSC_Ips_borealis	0	0	0	0	0	0	0	0	0	0	0	0	0	0	0	0	0	0	0	0	0	0	0	0	0	1	0	0	0	0	0	0	0	0	0	0	0	0	0	
POCUSC_Ips_tridens	0	0	0	0	0	0	0	0	0	0	0	0	0	0	0	0	0	0	0	0	0	0	0	0	0	1	0	0	0	0	0	0	0	0	0	0	0	0	0	
POCUSC_Ips_woodi	0	0	0	0	0	0	0	0	0	0	0	0	0	0	0	0	0	0	0	0	0	0	0	0	0	1	0	0	0	0	0	0	0	0	0	0	0	0	0	
N46	2.70659e-12	1.40471e-11	1.17209e-10	1.00741e-09	8.01542e-09	5.74924e-08	3.68704e-07	2.10604e-06	1.06862e-05	4.80543e-05	0.000191095	0.000670602	0.00207259	0.005631	0.0134253	0.0280447	0.051258	0.0818737	0.114179	0.138923	0.147407	0.136373	0.110012	0.0774116	0.0475427	0.025506	0.0119662	0.0049157	0.00177085	0.000560366	0.000156047	3.83188e-05	8.31678e-06	1.60036e-06	2.74478e-07	4.25018e-08	6.18043e-09	9.66158e-10	2.55282e-10	
N47	3.84536e-15	3.69517e-14	5.75032e-13	8.69966e-12	1.1743e-10	1.391e-09	1.43739e-08	1.29028e-07	1.00212e-06	6.7076e-06	3.85422e-05	0.000189398	0.00079304	0.00281971	0.00848655	0.0215601	0.0461215	0.0829116	0.125055	0.158078	0.167351	0.148342	0.11012	0.0685041	0.0357505	0.0156758	0.00578657	0.00180258	0.000475187	0.000106338	2.02698e-05	3.30319e-06	4.61958e-07	5.56709e-08	5.80881e-09	5.29014e-10	4.31039e-11	3.52041e-12	4.99588e-13	
POCUSC_Orthotomicus_caelatus	0	0	0	0	0	0	0	0	0	0	0	0	0	0	0	1	0	0	0	0	0	0	0	0	0	0	0	0	0	0	0	0	0	0	0	0	0	0	0	
POCUSC_Ips_perroti	0	0	0	0	0	0	0	0	0	0	0	0	0	0	0	0	0	0	0	0	0	0	0	0	0	1	0	0	0	0	0	0	0	0	0	0	0	0	0	
POCUSC_Ips_typographus	0	0	0	0	0	0	0	0	0	0	0	0	0	0	0	0	0	0	0	0	0	1	0	0	0	0	0	0	0	0	0	0	0	0	0	0	0	0	0	
N48	7.01743e-10	2.4418e-09	1.28287e-08	7.12289e-08	3.77048e-07	1.84198e-06	8.20044e-06	3.30719e-05	0.000120412	0.000394874	0.00116425	0.00308154	0.00731218	0.015537	0.0295315	0.0501672	0.0761136	0.103081	0.124572	0.134309	0.129196	0.110902	0.0849852	0.0581702	0.0355896	0.01948	0.00954855	0.00419632	0.00165557	0.000587251	0.000187617	5.41141e-05	1.41402e-05	3.36743e-06	7.39238e-07	1.53065e-07	3.13299e-08	7.01729e-09	2.3326e-09	
POCUSC_Ips_sexdentatus	0	0	0	0	0	0	0	0	0	0	0	0	0	0	0	0	0	0	0	1	0	0	0	0	0	0	0	0	0	0	0	0	0	0	0	0	0	0	0	
N49	2.88327e-11	9.75438e-11	5.30192e-10	3.13734e-09	1.78421e-08	9.42043e-08	4.57164e-07	2.03189e-06	8.25587e-06	3.06259e-05	0.000103605	0.000319285	0.000895441	0.0022832	0.0052882	0.0111164	0.0211926	0.0366153	0.057297	0.0811641	0.104032	0.120612	0.126453	0.119872	0.10274	0.0796191	0.0557991	0.0353748	0.0202953	0.0105435	0.00496385	0.00212064	0.000824011	0.000292579	9.59152e-05	2.97439e-05	9.24612e-06	3.29597e-06	1.7587e-06	
POCUSC_Ips_emarginatus	0	0	0	0	0	0	0	0	0	0	0	0	0	0	0	0	0	0	0	0	0	0	0	0	0	1	0	0	0	0	0	0	0	0	0	0	0	0	0	
POCUSC_Ips_knausi	0	0	0	0	0	0	0	0	0	0	0	0	0	0	0	0	0	0	0	0	0	0	0	0	0	1	0	0	0	0	0	0	0	0	0	0	0	0	0	
N50	1.95195e-06	6.03985e-06	2.21509e-05	7.91473e-05	0.000266052	0.000826098	0.00233726	0.00596369	0.0136172	0.0276609	0.0497599	0.0789896	0.110331	0.135288	0.145367	0.136675	0.112324	0.080633	0.050542	0.0276618	0.0132228	0.00552382	0.00201844	0.00064588	0.000181239	4.46695e-05	9.68737e-06	1.85215e-06	3.12837e-07	4.67807e-08	6.20715e-09	7.3248e-10	7.70602e-11	7.24795e-12	6.12056e-13	4.68624e-14	3.35686e-15	2.51861e-16	3.13419e-17	
N51	0.00118344	0.00173189	0.00299008	0.00542486	0.00974354	0.0168238	0.027482	0.0420599	0.0599335	0.0791882	0.0967486	0.109099	0.113409	0.108586	0.0957141	0.077646	0.057962	0.0398146	0.0251685	0.0146444	0.00784512	0.0038707	0.00175963	0.000737386	0.000284998	0.000101651	3.34797e-05	1.01891e-05	2.86742e-06	7.46743e-07	1.80105e-07	4.02673e-08	8.35519e-09	1.61214e-09	2.90624e-10	4.96362e-11	8.40576e-12	1.63751e-12	5.53846e-13	
POCUSC_Orthotomicus_erosus	0	0	0	0	0	0	0	0	0	1	0	0	0	0	0	0	0	0	0	0	0	0	0	0	0	0	0	0	0	0	0	0	0	0	0	0	0	0	0	
POCUSC_Pityogenes_chalcographus	0	0	0	0	0	0	0	0	0	0	0	1	0	0	0	0	0	0	0	0	0	0	0	0	0	0	0	0	0	0	0	0	0	0	0	0	0	0	0	
N52	0.000496966	0.000780099	0.00152579	0.00321332	0.00668819	0.0131762	0.024052	0.0402433	0.061367	0.0850148	0.106802	0.121539	0.125209	0.116731	0.0984722	0.0751664	0.0519257	0.0324717	0.0183887	0.0094345	0.00438778	0.00185098	0.000708748	0.000246518	7.79533e-05	2.24302e-05	5.8783e-06	1.40449e-06	3.06249e-07	6.10073e-08	1.11152e-08	1.85428e-09	2.83599e-10	3.98314e-11	5.15338e-12	6.19733e-13	7.16138e-14	9.09265e-15	2.07722e-15	
N53	9.63659e-05	0.00017524	0.000424735	0.00111714	0.00286028	0.00679059	0.0146319	0.0283301	0.0490371	0.0756575	0.103856	0.12669	0.137224	0.131914	0.112522	0.085168	0.0572159	0.0341313	0.0180909	0.00852688	0.00357736	0.0013374	0.000446085	0.000132929	3.54397e-05	8.46621e-06	1.81511e-06	3.49819e-07	6.07064e-08	9.50199e-09	1.34378e-09	1.72e-10	1.99605e-11	2.10396e-12	2.0188e-13	1.77191e-14	1.45298e-15	1.25274e-16	2.01586e-17	
POCUSC_Ips_latidens	0	0	0	0	0	0	0	0	0	0	0	0	0	1	0	0	0	0	0	0	0	0	0	0	0	0	0	0	0	0	0	0	0	0	0	0	0	0	0	
POCUSC_Ips_spinifer	0	0	0	0	0	0	0	0	0	0	0	0	0	1	0	0	0	0	0	0	0	0	0	0	0	0	0	0	0	0	0	0	0	0	0	0	0	0	0	
POCUSC_Orthotomicus_laricis	0	0	0	0	0	0	0	0	0	1	0	0	0	0	0	0	0	0	0	0	0	0	0	0	0	0	0	0	0	0	0	0	0	0	0	0	0	0	0	
POCUSC_Pityogenes_hopkinsi_M	0	0	0	0	0	0	0	0	0	0	0	0	0	1	0	0	0	0	0	0	0	0	0	0	0	0	0	0	0	0	0	0	0	0	0	0	0	0	0	
N54	2.14343e-06	4.17304e-06	1.14163e-05	3.52204e-05	0.000108844	0.000319318	0.000868808	0.00217008	0.00495294	0.0103064	0.0195294	0.0336742	0.052811	0.0753051	0.097609	0.114985	0.123093	0.119739	0.10584	0.0850153	0.0620627	0.0411833	0.0248465	0.0136328	0.00680501	0.00309148	0.0012788	0.000481915	0.00016556	5.1893e-05	1.48557e-05	3.89025e-06	9.34173e-07	2.06619e-07	4.24812e-08	8.29889e-09	1.63306e-09	3.80042e-10	1.51668e-10	
N55	8.819e-06	1.88498e-05	5.2748e-05	0.000152	0.00041646	0.0010595	0.00248492	0.00536013	0.0106241	0.01934	0.0323242	0.0495892	0.069813	0.0901757	0.106851	0.116131	0.115763	0.105836	0.0887468	0.0682596	0.0481653	0.0311861	0.0185343	0.0101147	0.00507115	0.00233729	0.000991095	0.000387025	0.000139353	4.63338e-05	1.42527e-05	4.06542e-06	1.07829e-06	2.6686e-07	6.19121e-08	1.3576e-08	2.87679e-09	6.41001e-10	2.11992e-10	
N56	0.0599948	0.0768506	0.103069	0.130323	0.147528	0.146181	0.125528	0.0930274	0.0594304	0.0327509	0.0155969	0.00643513	0.00230718	0.000721163	0.000197196	4.73352e-05	1.00091e-05	1.87071e-06	3.10073e-07	4.57257e-08	6.01788e-09	7.08936e-10	7.49706e-11	7.13651e-12	6.131e-13	4.76564e-14	3.35976e-15	2.15333e-16	1.25756e-17	6.70757e-19	3.27541e-20	1.46828e-21	6.06286e-23	2.31725e-24	8.26093e-26	2.78242e-27	9.04645e-29	2.96404e-30	1.39511e-31	
POCUSC_Xylosandrus_germanus	0	1	0	0	0	0	0	0	0	0	0	0	0	0	0	0	0	0	0	0	0	0	0	0	0	0	0	0	0	0	0	0	0	0	0	0	0	0	0	
POCUSC_Xylosandrus_compactus	0	0	0	1	0	0	0	0	0	0	0	0	0	0	0	0	0	0	0	0	0	0	0	0	0	0	0	0	0	0	0	0	0	0	0	0	0	0	0	
POCUSC_Xyleborus_sp	0	0	0	0	0	0	0	0	0	0	0	0	0	0	0	0	0	0	0	0	0	0	0	0	0	0	0	0	0	0	0	0	0	1	0	0	0	0	0	
N57	2.23547e-06	4.2298e-06	1.10859e-05	3.27603e-05	9.7589e-05	0.000278072	0.000740166	0.00182068	0.0041179	0.00854219	0.0162306	0.0282244	0.0448974	0.065308	0.0868454	0.105556	0.117253	0.119027	0.110421	0.0936189	0.0725498	0.0513978	0.0332958	0.0197286	0.0106958	0.00530782	0.00241218	0.00100447	0.000383528	0.000134393	4.32751e-05	1.28312e-05	3.51562e-06	8.9598e-07	2.15076e-07	4.98011e-08	1.16344e-08	3.00741e-09	1.13493e-09	
POCUSC_Dryocoetes_affaber	0	0	0	0	0	0	0	0	0	0	0	0	0	0	0	0	0	0	0	0	0	1	0	0	0	0	0	0	0	0	0	0	0	0	0	0	0	0	0	
POCUSC_Dryocoetes_autographus	0	0	0	0	0	0	0	0	0	0	0	0	0	0	0	0	0	0	0	0	1	0	0	0	0	0	0	0	0	0	0	0	0	0	0	0	0	0	0	
N58	4.8952e-12	4.9133e-11	7.527e-10	1.07111e-08	1.29548e-07	1.30394e-06	1.08316e-05	7.38588e-05	0.0004116	0.00186726	0.0068715	0.0204475	0.049065	0.0947214	0.146855	0.182619	0.182021	0.145402	0.0931319	0.0478812	0.0197908	0.00659031	0.00177256	0.000386221	6.83976e-05	9.88038e-06	1.16866e-06	1.13637e-07	9.12123e-09	6.06899e-10	3.36168e-11	1.55679e-12	6.05336e-14	1.98475e-15	5.51084e-17	1.30178e-18	2.63797e-20	4.82092e-22	1.36467e-23	
N59	1.45855e-10	9.10974e-10	8.73365e-09	8.23295e-08	6.87958e-07	4.95482e-06	3.04491e-05	0.000158807	0.000700158	0.00260071	0.00811423	0.0212081	0.0463288	0.0844234	0.128145	0.161863	0.17006	0.148626	0.108115	0.0655314	0.0331486	0.0140214	0.00497097	0.00148102	0.00037188	7.89408e-05	1.42119e-05	2.17719e-06	2.84776e-07	3.19133e-08	3.07478e-09	2.55614e-10	1.84042e-11	1.15257e-12	6.31425e-14	3.05732e-15	1.3423e-16	5.83228e-18	4.013e-19	
N60	7.80242e-09	3.09474e-08	1.87187e-07	1.16366e-06	6.63232e-06	3.34981e-05	0.000148196	0.000571341	0.00191361	0.00555504	0.0139488	0.0302446	0.056543	0.0910326	0.126091	0.150156	0.153677	0.135158	0.102173	0.0664221	0.037163	0.0179138	0.00744906	0.00267615	0.000832049	0.000224299	5.25309e-05	1.07109e-05	1.90554e-06	2.96466e-07	4.04305e-08	4.84442e-09	5.1123e-10	4.76349e-11	3.93084e-12	2.88953e-13	1.93228e-14	1.30589e-15	1.54617e-16	
N61	3.53415e-07	8.30454e-07	2.89107e-06	1.12537e-05	4.31213e-05	0.000154241	0.000503133	0.00147989	0.00390125	0.00918474	0.0192684	0.0359656	0.059667	0.0879143	0.114982	0.133441	0.137387	0.125477	0.101665	0.073087	0.0466332	0.0264187	0.0132957	0.00594785	0.00236687	0.000838529	0.000264731	7.45607e-05	1.87581e-05	4.22186e-06	8.51684e-07	1.54384e-07	2.52357e-08	3.74023e-09	5.07394e-10	6.41954e-11	7.92699e-12	1.09699e-12	2.70419e-13	
N62	1.58003e-06	3.49497e-06	1.03993e-05	3.31753e-05	0.000104135	0.000309473	0.000853831	0.00216414	0.0050101	0.0105585	0.0202146	0.035112	0.0552805	0.0788376	0.101798	0.118978	0.125845	0.120458	0.104354	0.0818363	0.0581142	0.0373857	0.0217996	0.0115288	0.00553387	0.00241289	0.000956559	0.000345143	0.000113479	3.40479e-05	9.33976e-06	2.3487e-06	5.43791e-07	1.16778e-07	2.35706e-08	4.57892e-09	8.91908e-10	1.87593e-10	5.51663e-11	
POCUSC_Crypturgus_pusillus	0	0	0	0	0	0	0	0	0	0	0	0	0	0	0	0	0	0	0	1	0	0	0	0	0	0	0	0	0	0	0	0	0	0	0	0	0	0	0	
POCUCU_Rhynchaenus_sp	0	0	0	0	0	0	0	0	0	0	0	0	0	0	0	0	0	0	0	1	0	0	0	0	0	0	0	0	0	0	0	0	0	0	0	0	0	0	0	
N63	1.12816e-06	2.64205e-06	8.50048e-06	2.92646e-05	9.81991e-05	0.000308813	0.000893139	0.0023523	0.00561062	0.012079	0.0234219	0.0408463	0.0639993	0.0900249	0.113627	0.12864	0.130602	0.118898	0.0970671	0.0710752	0.0466918	0.0275308	0.0145774	0.00693596	0.00296775	0.00114296	0.000396621	0.000124166	3.512e-05	8.99162e-06	2.08866e-06	4.41546e-07	8.52987e-08	1.51421e-08	2.48909e-09	3.83189e-10	5.64905e-11	8.62422e-12	2.01244e-12	
N64	0.000184343	0.00031006	0.00066776	0.0015509	0.00354423	0.00763642	0.015202	0.0276737	0.0458058	0.0687075	0.0932027	0.114192	0.126266	0.125941	0.113287	0.0918953	0.0672268	0.0443619	0.0264136	0.0141959	0.00689009	0.00302173	0.0011982	0.000429882	0.000139652	4.11133e-05	1.09782e-05	2.66134e-06	5.86284e-07	1.17488e-07	2.14396e-08	3.56666e-09	5.41589e-10	7.51914e-11	9.57548e-12	1.12896e-12	1.27428e-13	1.57003e-14	3.43616e-15	
POCUSC_Polygraphus_poligraphus_M	0	0	0	0	0	0	0	0	0	1	0	0	0	0	0	0	0	0	0	0	0	0	0	0	0	0	0	0	0	0	0	0	0	0	0	0	0	0	0	
N65	0.000212024	0.000353249	0.000759154	0.00177562	0.00409582	0.00888024	0.0176915	0.0320329	0.0524185	0.0772859	0.102489	0.122111	0.130633	0.125436	0.108093	0.083596	0.0580314	0.0361706	0.0202509	0.0101895	0.00461054	0.00187738	0.000688496	0.000227605	6.78901e-05	1.82901e-05	4.45534e-06	9.82398e-07	1.96311e-07	3.5594e-08	5.86308e-09	8.78507e-10	1.19899e-10	1.49281e-11	1.69956e-12	1.78079e-13	1.76416e-14	1.87999e-15	3.69447e-16	
POCUEN_Tanymecus_sp	0	0	0	0	0	0	0	0	0	0	0	0	0	0	0	1	0	0	0	0	0	0	0	0	0	0	0	0	0	0	0	0	0	0	0	0	0	0	0	
POCUSC_Polygraphus_grandiclava	0	0	0	0	0	0	0	0	0	1	0	0	0	0	0	0	0	0	0	0	0	0	0	0	0	0	0	0	0	0	0	0	0	0	0	0	0	0	0	
POCUCU_Anthonomus_sp	0	0	0	0	0	0	0	0	0	0	0	0	0	0	0	0	0	0	0	0	0	0	0	0	0	0	1	0	0	0	0	0	0	0	0	0	0	0	0	
N66	5.45246e-08	1.65691e-07	7.68381e-07	3.79912e-06	1.76901e-05	7.44933e-05	0.000279578	0.000929406	0.00272791	0.00705508	0.0160541	0.0321057	0.0563761	0.0868582	0.117353	0.13899	0.144276	0.131257	0.104672	0.0731906	0.0448961	0.024175	0.0114359	0.00475686	0.00174171	0.000562019	0.000160029	4.02648e-05	8.9655e-06	1.76942e-06	3.10054e-07	4.83288e-08	6.71601e-09	8.34617e-10	9.32453e-11	9.47433e-12	9.03609e-13	9.03436e-14	1.53599e-14	
N67	3.33819e-10	1.48512e-09	9.82848e-09	6.62264e-08	4.14711e-07	2.34606e-06	1.18489e-05	5.31002e-05	0.000210361	0.0007347	0.00225732	0.00608976	0.0144017	0.0298117	0.053945	0.0852343	0.117481	0.141152	0.147756	0.134714	0.106967	0.0739824	0.0445875	0.0234297	0.0107435	0.00430327	0.00150747	0.000462485	0.000124457	2.94266e-05	6.12421e-06	1.12408e-06	1.82356e-07	2.62166e-08	3.35422e-09	3.85587e-10	4.10564e-11	4.56944e-12	8.81986e-13	
N68	1.10613e-11	5.91768e-11	5.18715e-10	4.6253e-09	3.75428e-08	2.70547e-07	1.71821e-06	9.58143e-06	4.67844e-05	0.000199534	0.000741616	0.00239687	0.00672254	0.0163316	0.0343075	0.0622242	0.0973137	0.131091	0.151984	0.151574	0.129996	0.0958818	0.0608382	0.0332288	0.0156363	0.0063465	0.00222494	0.000674819	0.000177391	4.04959e-05	8.04563e-06	1.39432e-06	2.11281e-07	2.80669e-08	3.27961e-09	3.39403e-10	3.18953e-11	3.07248e-12	5.2784e-13	
N69	4.17177e-18	6.77295e-17	1.67651e-15	3.95093e-14	8.28071e-13	1.51805e-11	2.41598e-10	3.31894e-09	3.91375e-08	3.93895e-07	3.36313e-06	2.42065e-05	0.000145906	0.00073147	0.0030287	0.0102848	0.0284459	0.0636637	0.114618	0.165179	0.18984	0.173608	0.126248	0.0730792	0.0337609	0.0124984	0.00372749	0.000901166	0.000177825	2.88477e-05	3.87557e-06	4.34332e-07	4.0893e-08	3.25688e-09	2.2092e-10	1.28649e-11	6.54375e-13	3.17011e-14	2.61378e-15	
POCUSC_Phloeotribus_sp	0	0	0	0	0	0	0	0	0	0	0	0	0	0	0	0	0	0	0	1	0	0	0	0	0	0	0	0	0	0	0	0	0	0	0	0	0	0	0	
POCUMO_Lepyrus_sp	0	0	0	0	0	0	0	0	0	0	0	0	0	0	0	0	0	0	0	0	0	0	0	1	0	0	0	0	0	0	0	0	0	0	0	0	0	0	0	
POCUSC_Cryphalus_abietis	0	0	0	0	0	0	0	0	0	0	0	0	0	0	0	0	0	0	0	1	0	0	0	0	0	0	0	0	0	0	0	0	0	0	0	0	0	0	0	
N70	2.47958e-11	1.33026e-10	1.16828e-09	1.03689e-08	8.33294e-08	5.92134e-07	3.69392e-06	2.01501e-05	9.57944e-05	0.000395646	0.0014153	0.00437218	0.0116318	0.0265824	0.0520644	0.0872238	0.124791	0.152289	0.158407	0.140407	0.106073	0.0683473	0.0376045	0.0176944	0.00713422	0.00247031	0.000736453	0.000189546	4.22397e-05	8.17474e-06	1.37822e-06	2.0306e-07	2.6228e-08	2.97951e-09	2.98765e-10	2.6603e-11	2.14826e-12	1.76184e-13	2.61485e-14	
POCUCO_Telephae_sp	0	0	0	0	0	0	0	0	0	0	0	0	0	0	0	0	0	1	0	0	0	0	0	0	0	0	0	0	0	0	0	0	0	0	0	0	0	0	0	
POCUSC_Trypodendron_lineatum	0	0	0	0	0	0	0	0	0	0	0	0	0	0	0	0	0	0	0	1	0	0	0	0	0	0	0	0	0	0	0	0	0	0	0	0	0	0	0	
N71	5.34917e-08	1.69355e-07	7.9981e-07	3.95792e-06	1.83986e-05	7.74861e-05	0.000291285	0.000970259	0.002852	0.00737881	0.0167736	0.0334578	0.0585015	0.0895991	0.120135	0.140963	0.144725	0.130014	0.102219	0.0703614	0.0424263	0.0224256	0.0104001	0.00423595	0.001517	0.000478296	0.00013295	3.26301e-05	7.08294e-06	1.36232e-06	2.32673e-07	3.53807e-08	4.80713e-09	5.86653e-10	6.48436e-11	6.58229e-12	6.29526e-13	6.11223e-14	9.29917e-15	
POCUSC_Hylurgops_sp	0	0	0	0	0	0	0	0	0	0	0	0	0	0	0	0	0	0	0	0	1	0	0	0	0	0	0	0	0	0	0	0	0	0	0	0	0	0	0	
N72	4.50141e-08	1.54014e-07	7.85521e-07	4.13795e-06	2.02382e-05	8.88118e-05	0.000344825	0.00117626	0.00351071	0.00914289	0.0207352	0.0408894	0.0700296	0.104072	0.134122	0.149837	0.145088	0.121784	0.0886431	0.0559808	0.0306979	0.0146311	0.00606797	0.00219271	0.0006914	0.000190538	4.59716e-05	9.72855e-06	1.80927e-06	2.96318e-07	4.28346e-08	5.47947e-09	6.22303e-10	6.30357e-11	5.73796e-12	4.75854e-13	3.69815e-14	2.91681e-15	3.56994e-16	
POCUSC_Hylastes_sp	0	0	0	0	0	0	0	0	0	0	0	0	0	0	0	0	0	0	0	1	0	0	0	0	0	0	0	0	0	0	0	0	0	0	0	0	0	0	0	
N73	2.69481e-08	1.00377e-07	5.73162e-07	3.37464e-06	1.8254e-05	8.74763e-05	0.000365991	0.00132689	0.00414915	0.0111538	0.0257137	0.050741	0.0855804	0.123235	0.151393	0.158591	0.141632	0.10784	0.0700241	0.0387965	0.0183538	0.00742071	0.00256703	0.000760739	0.000193412	4.22532e-05	7.94527e-06	1.28833e-06	1.80492e-07	2.1892e-08	2.30379e-09	2.10812e-10	1.68141e-11	1.17198e-12	7.16374e-14	3.8655e-15	1.87959e-16	9.02577e-18	7.23136e-19	
N74	2.13081e-06	6.62044e-06	2.7219e-05	0.000111756	0.00042397	0.00144113	0.00431894	0.0112983	0.025624	0.0501349	0.0843176	0.121565	0.149951	0.158021	0.142132	0.109051	0.0713552	0.0398214	0.0189608	0.00770741	0.00267697	0.000795282	0.000202346	4.41562e-05	8.27788e-06	1.33551e-06	1.85781e-07	2.2329e-08	2.32368e-09	2.09838e-10	1.64814e-11	1.12859e-12	6.75423e-14	3.54225e-15	1.63358e-16	6.66756e-18	2.45542e-19	8.84888e-21	5.11697e-22	
N75	8.88798e-09	3.4831e-08	2.04038e-07	1.21727e-06	6.70523e-06	3.30931e-05	0.000144459	0.000553712	0.00185438	0.00540498	0.0136649	0.0298766	0.0563367	0.0914001	0.127325	0.152048	0.155469	0.136022	0.101817	0.0652297	0.0358005	0.0168565	0.00682173	0.0023782	0.000716065	0.000186743	4.23097e-05	8.35457e-06	1.44249e-06	2.18496e-07	2.91309e-08	3.42986e-09	3.57787e-10	3.31753e-11	2.74397e-12	2.0358e-13	1.38041e-14	9.49363e-16	1.18591e-16	
POCUSC_Dendroctonus_jeffreyi	0	0	0	0	0	0	0	0	0	0	0	0	0	0	0	0	0	1	0	0	0	0	0	0	0	0	0	0	0	0	0	0	0	0	0	0	0	0	0	
POCUSC_Dendroctonus_ponderosae	0	0	0	0	0	0	0	0	0	0	0	0	0	0	0	0	0	1	0	0	0	0	0	0	0	0	0	0	0	0	0	0	0	0	0	0	0	0	0	
N76	4.61136e-05	0.000125854	0.000402935	0.00123658	0.0034927	0.00889737	0.0201473	0.0401224	0.069725	0.105141	0.137011	0.153838	0.148517	0.1231	0.0875207	0.053347	0.0278741	0.0124873	0.0047987	0.00158307	0.000448783	0.000109463	2.30052e-05	4.1727e-06	6.54374e-07	8.89002e-08	1.04846e-08	1.0758e-09	9.6258e-11	7.52825e-12	5.15892e-13	3.10532e-14	1.64601e-15	7.70336e-17	3.19294e-18	1.17815e-19	3.92936e-21	1.27471e-22	6.82349e-24	
POCUSC_Dendroctonus_frontalis	0	0	0	0	0	0	0	0	0	1	0	0	0	0	0	0	0	0	0	0	0	0	0	0	0	0	0	0	0	0	0	0	0	0	0	0	0	0	0	
N77	0.00186411	0.00342241	0.00737776	0.0155778	0.0304457	0.0537542	0.0844606	0.116879	0.141415	0.148846	0.135826	0.107218	0.0731161	0.0430458	0.0218757	0.00959916	0.00363932	0.00119325	0.000338749	8.3383e-05	1.78247e-05	3.31499e-06	5.37383e-07	7.60873e-08	9.4296e-09	1.02516e-09	9.79932e-11	8.25509e-12	6.14322e-13	4.04815e-14	2.36779e-15	1.23224e-16	5.71939e-18	2.37323e-19	8.82543e-21	2.95093e-22	8.95833e-24	2.63637e-25	1.32767e-26	
POCUSC_Dendroctonus_adjunctus	0	0	0	0	0	0	0	1	0	0	0	0	0	0	0	0	0	0	0	0	0	0	0	0	0	0	0	0	0	0	0	0	0	0	0	0	0	0	0	
N78	0.0124355	0.0181557	0.030253	0.050289	0.0779529	0.108962	0.134813	0.146026	0.137561	0.112272	0.0792259	0.0482986	0.025438	0.011582	0.00456354	0.0015583	0.000461912	0.000119082	2.6755e-05	5.25032e-06	9.01962e-07	1.3597e-07	1.80306e-08	2.10847e-09	2.17973e-10	1.99713e-11	1.62582e-12	1.17893e-13	7.63363e-15	4.42452e-16	2.30114e-17	1.07645e-18	4.53973e-20	1.72998e-21	5.97049e-23	1.87086e-24	5.35824e-26	1.48568e-27	7.22277e-29	
POCUSC_Dendroctonus_approximatus	0	0	0	0	0	1	0	0	0	0	0	0	0	0	0	0	0	0	0	0	0	0	0	0	0	0	0	0	0	0	0	0	0	0	0	0	0	0	0	
POCUSC_Dendroctonus_brevicomis	0	0	0	0	0	1	0	0	0	0	0	0	0	0	0	0	0	0	0	0	0	0	0	0	0	0	0	0	0	0	0	0	0	0	0	0	0	0	0	
N79	1.23062e-13	9.91172e-13	1.20354e-11	1.43909e-10	1.55831e-09	1.49193e-08	1.251e-07	9.14046e-07	5.79842e-06	3.1838e-05	0.000150882	0.000615469	0.00215539	0.00646431	0.016565	0.0361913	0.0672853	0.106269	0.14238	0.161643	0.155378	0.126403	0.0870204	0.0507121	0.0250332	0.010478	0.00372387	0.00112563	0.000289965	6.37986e-05	1.20188e-05	1.9438e-06	2.70653e-07	3.25457e-08	3.39295e-09	3.08839e-10	2.51123e-11	2.03392e-12	2.85917e-13	
N80	1.88069e-16	1.83623e-15	2.93662e-14	4.60591e-13	6.52213e-12	8.20955e-11	9.13666e-10	8.95762e-09	7.70974e-08	5.80533e-07	3.81096e-06	2.17332e-05	0.000107287	0.000456837	0.001672	0.00524181	0.01403	0.0319603	0.0617862	0.10111	0.139757	0.162893	0.159906	0.132131	0.0919018	0.0538392	0.0265986	0.0111015	0.00392338	0.00117728	0.000300867	6.57069e-05	1.23069e-05	1.98455e-06	2.76771e-07	3.36508e-08	3.66503e-09	4.07126e-10	8.04386e-11	
POCUSC_Dendroctonus_simplex	0	0	0	0	0	0	0	0	0	0	0	0	0	0	0	0	0	0	0	0	0	0	0	1	0	0	0	0	0	0	0	0	0	0	0	0	0	0	0	
POCUSC_Dendroctonus_pseudotsugae	0	0	0	0	0	0	0	0	0	0	0	0	0	0	0	0	0	0	0	0	0	0	0	1	0	0	0	0	0	0	0	0	0	0	0	0	0	0	0	
N81	2.1749e-17	3.34408e-16	8.04645e-15	1.80299e-13	3.51812e-12	5.90935e-11	8.5038e-10	1.04438e-08	1.09062e-07	9.64887e-07	7.20624e-06	4.52737e-05	0.000238456	0.00104949	0.00384778	0.0117181	0.0295648	0.0616535	0.106058	0.150255	0.175105	0.167731	0.132021	0.0853996	0.0454276	0.0198932	0.00718237	0.00214215	0.000528993	0.000108447	1.85109e-05	2.63918e-06	3.15373e-07	3.17009e-08	2.6912e-09	1.94014e-10	1.20646e-11	7.103e-13	7.26471e-14	
N82	2.94994e-18	4.3486e-17	1.03229e-15	2.30497e-14	4.53738e-13	7.79573e-12	1.1638e-10	1.5037e-09	1.6749e-08	1.60197e-07	1.31048e-06	9.13313e-06	5.40179e-05	0.000270117	0.00113787	0.00402409	0.0119097	0.0294132	0.060463	0.103234	0.146152	0.171364	0.166293	0.133539	0.0887763	0.0489054	0.0223576	0.00849877	0.00269276	0.000713133	0.000158361	2.95896e-05	4.66952e-06	6.25004e-07	7.13418e-08	7.01601e-09	6.12458e-10	5.32152e-11	7.59202e-12	
POCUSC_Dendroctonus_punctatus	0	0	0	0	0	0	0	0	0	0	0	0	0	0	0	0	0	0	0	0	0	0	0	0	0	1	0	0	0	0	0	0	0	0	0	0	0	0	0	
N83	4.70174e-45	2.21114e-42	1.24358e-39	6.47139e-37	2.98146e-34	1.19967e-31	4.184e-29	1.2561e-26	3.22235e-24	7.00682e-22	1.27974e-19	1.94319e-17	2.42437e-15	2.45175e-13	1.97807e-11	1.24938e-09	6.03827e-08	2.171e-06	5.60355e-05	0.000991282	0.0112914	0.0758723	0.264557	0.395604	0.201998	0.0442433	0.00503111	0.00033774	1.4613e-05	4.33852e-07	9.26001e-09	1.47268e-10	1.79545e-12	1.71746e-14	1.31489e-16	8.21574e-19	4.30603e-21	2.01798e-23	1.15867e-25	
POCUSC_Dendroctonus_rufipennis	0	0	0	0	0	0	0	0	0	0	0	0	0	0	0	0	0	0	0	0	0	0	0	1	0	0	0	0	0	0	0	0	0	0	0	0	0	0	0	
POCUSC_Dendroctonus_murrayanae	0	0	0	0	0	0	0	0	0	0	0	0	0	0	0	0	0	0	0	0	0	0	0	1	0	0	0	0	0	0	0	0	0	0	0	0	0	0	0	
N84	6.87336e-17	9.11787e-16	1.96243e-14	3.98084e-13	7.1067e-12	1.1043e-10	1.48588e-09	1.72313e-08	1.71401e-07	1.45531e-06	1.0495e-05	6.39617e-05	0.000327789	0.00140562	0.00501957	0.0148606	0.0363227	0.0730319	0.120427	0.162486	0.179122	0.161242	0.118562	0.0713001	0.0351408	0.0142343	0.00475515	0.00131528	0.000302548	5.81446e-05	9.38126e-06	1.277e-06	1.47384e-07	1.44942e-08	1.22072e-09	8.85992e-11	5.63253e-12	3.45001e-13	3.72431e-14	
POCUSC_Dendroctonus_valens	0	0	0	0	0	0	0	0	0	0	0	0	0	0	0	0	0	0	0	0	0	1	0	0	0	0	0	0	0	0	0	0	0	0	0	0	0	0	0	
POCUSC_Dendroctonus_terebrans	0	0	0	0	0	0	0	0	0	0	0	0	0	0	0	0	0	0	0	1	0	0	0	0	0	0	0	0	0	0	0	0	0	0	0	0	0	0	0	
N85	5.63317e-08	1.5543e-07	6.32285e-07	2.7704e-06	1.1666e-05	4.53344e-05	0.000160085	0.000510315	0.00146371	0.00376988	0.00870606	0.0180068	0.0333247	0.0551419	0.0815339	0.107688	0.127025	0.133812	0.125912	0.105869	0.0795856	0.0535264	0.0322362	0.0174018	0.00842963	0.0036688	0.00143658	0.00050683	0.000161371	4.64518e-05	1.21147e-05	2.87023e-06	6.20114e-07	1.22928e-07	2.26117e-08	3.94592e-09	6.83671e-10	1.29972e-10	3.71674e-11	
N86	4.27523e-08	1.09839e-07	4.20599e-07	1.75797e-06	7.11516e-06	2.67729e-05	9.23198e-05	0.000290086	0.000828417	0.00214692	0.0050441	0.010735	0.0206812	0.036046	0.0568105	0.0809304	0.104174	0.121134	0.127219	0.120666	0.103364	0.0799712	0.0558932	0.0352984	0.0201496	0.010401	0.0048573	0.00205338	0.00078628	0.000272914	8.5934e-05	2.45701e-05	6.38729e-06	1.51317e-06	3.28445e-07	6.63405e-08	1.3089e-08	2.93154e-09	1.10068e-09	
N87	6.9881e-10	2.26851e-09	1.15399e-08	6.33446e-08	3.32213e-07	1.60584e-06	7.0725e-06	2.82541e-05	0.000102138	0.000333546	0.000982543	0.00260738	0.0062256	0.0133594	0.0257378	0.0444757	0.0688779	0.0955291	0.118588	0.131704	0.130824	0.116209	0.0923129	0.0655875	0.041692	0.0237222	0.012089	0.00552177	0.00226252	0.00083246	0.000275341	8.19722e-05	2.20003e-05	5.33575e-06	1.17541e-06	2.38667e-07	4.68721e-08	1.04038e-08	3.9074e-09	
POCUMO_Magdalis_sp	0	0	0	0	0	0	0	0	0	0	0	0	0	0	0	0	0	0	0	0	0	0	0	1	0	0	0	0	0	0	0	0	0	0	0	0	0	0	0	
POCUCU_Dorytomus_sp	0	0	0	0	0	0	0	0	0	0	0	0	0	0	0	0	0	0	0	1	0	0	0	0	0	0	0	0	0	0	0	0	0	0	0	0	0	0	0	
N88	1.15837e-08	3.33978e-08	1.49431e-07	7.26421e-07	3.36989e-06	1.43401e-05	5.5298e-05	0.000192391	0.000602621	0.00169688	0.00429027	0.00972928	0.019771	0.0359719	0.0585556	0.0852272	0.110862	0.128835	0.13373	0.123976	0.102656	0.0759362	0.0501968	0.0296663	0.0156842	0.00742292	0.0031474	0.00119671	0.000408432	0.000125262	3.45617e-05	8.59037e-06	1.92629e-06	3.90527e-07	7.18866e-08	1.21615e-08	1.9718e-09	3.5572e-10	1.11573e-10	
POCUCU_Curculio_dentipes	0	0	0	0	0	0	0	0	0	0	0	0	0	0	0	0	0	0	0	1	0	0	0	0	0	0	0	0	0	0	0	0	0	0	0	0	0	0	0	
N89	2.72721e-15	3.9368e-14	8.15817e-13	1.60014e-11	2.77172e-10	4.14195e-09	5.27524e-08	5.67582e-07	5.11791e-06	3.83689e-05	0.000237219	0.00119945	0.00491854	0.0162233	0.0427093	0.0891236	0.14659	0.189293	0.191518	0.151833	0.0945224	0.0463934	0.0180522	0.00560608	0.00139986	0.000283293	4.68403e-05	6.37857e-06	7.2103e-07	6.81699e-08	5.42976e-09	3.66864e-10	2.11658e-11	1.0496e-12	4.50694e-14	1.6943e-15	5.71398e-17	1.87018e-18	9.35547e-20	
N90	2.66651e-19	1.02321e-17	5.61318e-16	2.68002e-14	1.06959e-12	3.52805e-11	9.52128e-10	2.07965e-08	3.63325e-07	5.01225e-06	5.38476e-05	0.000443846	0.00276337	0.0127906	0.0433478	0.106139	0.185891	0.23155	0.204875	0.129133	0.0583684	0.019109	0.00458809	0.000819263	0.000110389	1.1387e-05	9.11823e-07	5.74307e-08	2.88037e-09	1.16354e-10	3.82591e-12	1.03408e-13	2.31825e-15	4.34697e-17	6.8707e-19	9.22095e-21	1.05943e-22	1.07617e-24	1.59316e-26	
POCUCU_Curculio_nucum_M	0	0	0	0	0	0	0	0	0	0	0	0	0	0	0	0	0	0	0	1	0	0	0	0	0	0	0	0	0	0	0	0	0	0	0	0	0	0	0	
N91	3.55927e-38	6.85918e-35	1.40985e-31	2.40364e-28	3.30611e-25	3.60757e-22	3.06545e-19	1.98423e-16	9.52621e-14	3.2816e-11	7.77406e-09	1.19677e-06	0.000110538	0.0054236	0.114635	0.666363	0.196947	0.0159563	0.000553329	1.00991e-05	1.09296e-07	7.58064e-10	3.56031e-12	1.18e-14	2.8507e-17	5.15372e-20	7.12707e-23	7.68127e-26	6.55702e-29	4.49665e-32	2.50863e-35	1.15139e-38	4.39178e-42	1.40493e-45	3.80082e-49	8.76257e-53	1.73511e-56	3.01153e-60	5.84177e-64	
POCUEN_Scepticus_griseus	0	0	0	0	0	0	0	0	0	0	0	0	0	0	0	1	0	0	0	0	0	0	0	0	0	0	0	0	0	0	0	0	0	0	0	0	0	0	0	
POCUEN_Scepticus_insularis	0	0	0	0	0	0	0	0	0	0	0	0	0	0	0	1	0	0	0	0	0	0	0	0	0	0	0	0	0	0	0	0	0	0	0	0	0	0	0	
POCUCU_Curculio_distinguendus	0	0	0	0	0	0	0	0	0	0	0	0	0	0	0	0	0	0	0	1	0	0	0	0	0	0	0	0	0	0	0	0	0	0	0	0	0	0	0	
N92	4.64581e-07	9.05127e-07	2.46624e-06	7.55787e-06	2.32904e-05	6.87871e-05	0.000190926	0.000493996	0.00118723	0.00264576	0.00546205	0.0104394	0.0184636	0.0302079	0.0457051	0.0639374	0.0826839	0.0988364	0.1092	0.111518	0.105271	0.0918704	0.0741348	0.0553297	0.0382054	0.0244172	0.0144509	0.00792516	0.00403107	0.00190403	0.000836693	0.000343039	0.00013183	4.78542e-05	1.6623e-05	5.65138e-06	1.95952e-06	7.57315e-07	4.08441e-07	
N93	3.7957e-18	5.28589e-17	9.92499e-16	1.80241e-14	3.0237e-13	4.60044e-12	6.27315e-11	7.60054e-10	8.12622e-09	7.62114e-08	6.23468e-07	4.42482e-06	2.7094e-05	0.000142336	0.000637888	0.00242465	0.00777173	0.020887	0.0468118	0.087047	0.133701	0.169011	0.175368	0.149152	0.103969	0.0594725	0.0279875	0.0108753	0.00350559	0.000942454	0.000212594	4.05052e-05	6.56705e-06	9.14086e-07	1.10524e-07	1.18142e-08	1.15157e-09	1.11131e-10	1.62236e-11	
POCUMO_Pissodes_schwarzi_M	0	0	0	0	0	0	0	0	0	0	0	0	0	0	0	0	0	0	0	0	0	1	0	0	0	0	0	0	0	0	0	0	0	0	0	0	0	0	0	
N94	8.38622e-28	5.42897e-26	4.91305e-24	4.02704e-22	2.8687e-20	1.75855e-18	9.21463e-17	4.10011e-15	1.53862e-13	4.8344e-12	1.26208e-10	2.71522e-09	4.77215e-08	6.7887e-07	7.7403e-06	7.00065e-05	0.000496877	0.00273705	0.0115719	0.0371449	0.0896121	0.161051	0.21412	0.209636	0.150876	0.0799178	0.0312826	0.00910889	0.00199017	0.000329595	4.1836e-05	4.11726e-06	3.1784e-07	1.94689e-08	9.5703e-10	3.82025e-11	1.26056e-12	3.69318e-14	1.68785e-15	
N95	4.23762e-33	6.28082e-31	1.19996e-28	2.00184e-26	2.86806e-24	3.50507e-22	3.62834e-20	3.15746e-18	2.29105e-16	1.37389e-14	6.7439e-13	2.68151e-11	8.53944e-10	2.15137e-08	4.2311e-07	6.40351e-06	7.345e-05	0.000628443	0.00394695	0.0179182	0.0580064	0.132512	0.212175	0.237307	0.185227	0.100988	0.0385651	0.0103674	0.00197817	0.000271052	2.70605e-05	2.00036e-06	1.11316e-07	4.73948e-09	1.5679e-10	4.08916e-12	8.54009e-14	1.49731e-15	3.80627e-17	
POCUMO_Pissodes_strobi	0	0	0	0	0	0	0	0	0	0	0	0	0	0	0	0	0	0	0	0	0	0	0	0	0	0	0	1	0	0	0	0	0	0	0	0	0	0	0	
POCUBA_Limnobaris_sp	0	0	0	0	0	0	0	0	0	0	0	0	0	0	0	0	0	0	0	0	1	0	0	0	0	0	0	0	0	0	0	0	0	0	0	0	0	0	0	
POCUMO_Pissodes_nemorensis	0	0	0	0	0	0	0	0	0	0	0	0	0	0	0	0	0	0	0	0	0	0	0	1	0	0	0	0	0	0	0	0	0	0	0	0	0	0	0	
N96	3.5269e-48	6.54906e-45	1.19066e-41	1.99119e-38	3.00919e-35	4.04169e-32	4.74973e-29	4.80932e-26	4.12792e-23	2.94802e-20	1.71242e-17	7.85455e-15	2.72999e-12	6.75412e-10	1.06798e-07	8.55087e-06	0.00013526	0.00107705	0.00541674	0.0190435	0.0494906	0.0983536	0.152698	0.18767	0.18392	0.144066	0.0899949	0.0445161	0.0172114	0.00509341	0.001116	0.000171417	1.67128e-05	8.27527e-07	8.22055e-09	4.24414e-11	1.46048e-13	3.80944e-16	9.08726e-19	
POCUMO_Hylobius_piceus	0	0	0	0	0	0	0	0	0	0	0	0	0	0	0	0	0	0	0	0	0	0	0	0	0	0	0	0	0	0	0	0	0	1	0	0	0	0	0	
POCUMO_Hylobius_abietis	0	0	0	0	0	0	0	0	0	0	0	0	0	0	0	1	0	0	0	0	0	0	0	0	0	0	0	0	0	0	0	0	0	0	0	0	0	0	0	
N97	5.84477e-09	2.56329e-08	1.6593e-07	1.08988e-06	6.54453e-06	3.47036e-05	0.000160309	0.000640844	0.0022078	0.00653461	0.0165722	0.0359283	0.0664542	0.104691	0.140291	0.159764	0.154537	0.126958	0.0886152	0.0525916	0.0265699	0.0114443	0.00421036	0.00132586	0.000358213	8.32424e-05	1.66825e-05	2.89122e-06	4.34542e-07	5.67998e-08	6.47543e-09	6.45712e-10	5.64808e-11	4.3465e-12	2.95314e-13	1.78285e-14	9.76726e-16	5.35734e-17	4.99322e-18	
N98	1.54984e-07	4.44304e-07	1.89021e-06	8.55432e-06	3.65743e-05	0.000141888	0.000492201	0.00151752	0.00414554	0.0100146	0.0213626	0.0401906	0.066623	0.0972325	0.124862	0.141028	0.140071	0.122337	0.0939764	0.0635173	0.0377942	0.0198124	0.00915838	0.00373701	0.00134761	0.000430034	0.000121603	3.05163e-05	6.80681e-06	1.35172e-06	2.39388e-07	3.78774e-08	5.36556e-09	6.82321e-10	7.82567e-11	8.18226e-12	8.04927e-13	8.34525e-14	1.4707e-14	
N99	1.95738e-06	4.44524e-06	1.44675e-05	5.10816e-05	0.000173802	0.000545254	0.00155094	0.00397189	0.00912752	0.0187868	0.0345924	0.0569325	0.0836975	0.109856	0.128688	0.134509	0.125433	0.104355	0.0774648	0.0513189	0.030351	0.0160316	0.00756694	0.00319355	0.001206	0.000407842	0.00012362	3.36164e-05	8.20966e-06	1.80252e-06	3.56215e-07	6.34374e-08	1.01942e-08	1.48059e-09	1.949e-10	2.34342e-11	2.6528e-12	3.22849e-13	7.08257e-14	
N100	9.41439e-06	1.85915e-05	5.06651e-05	0.000151516	0.000444067	0.00121595	0.00305028	0.00695224	0.0143429	0.0267329	0.0449642	0.0681985	0.093227	0.114815	0.12736	0.127227	0.11445	0.0927191	0.0676565	0.0444788	0.0263547	0.0140807	0.00678718	0.00295348	0.00116109	0.000412703	0.000132745	3.86736e-05	1.02153e-05	2.44899e-06	5.33445e-07	1.05699e-07	1.90767e-08	3.14189e-09	4.73944e-10	6.61793e-11	8.88073e-12	1.31694e-12	3.44417e-13	
POCUEN_Liophloeus_tessulatus	0	0	0	0	0	0	0	0	0	0	0	0	0	0	0	1	0	0	0	0	0	0	0	0	0	0	0	0	0	0	0	0	0	0	0	0	0	0	0	
N101	2.13693e-06	4.84963e-06	1.60226e-05	5.78791e-05	0.000201104	0.000640972	0.00184203	0.00474046	0.0108892	0.0222831	0.0405664	0.0656308	0.0942838	0.120192	0.135902	0.13626	0.121133	0.0954895	0.0667668	0.041426	0.0228224	0.0111728	0.00486492	0.00188608	0.000651821	0.000201066	5.5436e-05	1.36811e-05	3.02687e-06	6.01303e-07	1.07431e-07	1.72911e-08	2.51142e-09	3.29778e-10	3.92496e-11	4.26066e-12	4.33141e-13	4.70087e-14	9.41823e-15	
POCUEN_Phyllobius_argentatus	0	0	0	0	0	0	0	0	0	0	0	0	0	0	0	1	0	0	0	0	0	0	0	0	0	0	0	0	0	0	0	0	0	0	0	0	0	0	0	
POCUEN_Phyllobius_pyri	0	0	0	0	0	0	0	0	0	0	0	0	0	0	0	1	0	0	0	0	0	0	0	0	0	0	0	0	0	0	0	0	0	0	0	0	0	0	0	
N102	1.88388e-06	4.37495e-06	1.43137e-05	5.00936e-05	0.000168569	0.000524495	0.00148489	0.00379619	0.00872868	0.0180079	0.0332828	0.0550503	0.081423	0.10763	0.1271	0.134048	0.126247	0.106172	0.07974	0.0534939	0.0320652	0.0171811	0.00823354	0.00353114	0.00135628	0.000466926	0.00014421	3.99962e-05	9.97178e-06	2.23742e-06	4.5235e-07	8.25196e-08	1.36066e-08	2.03316e-09	2.76661e-10	3.46792e-11	4.13893e-12	5.29155e-13	1.16022e-13	
N103	3.32463e-07	8.6024e-07	3.34496e-06	1.40969e-05	5.65307e-05	0.000206442	0.000676322	0.00197614	0.00513532	0.0118483	0.0242405	0.0439335	0.0704818	0.100025	0.125508	0.139193	0.136411	0.118123	0.0903843	0.0611236	0.0365442	0.0193249	0.00904379	0.00374817	0.0013768	0.00044864	0.000129819	3.33941e-05	7.64544e-06	1.55984e-06	2.83974e-07	4.61955e-08	6.72479e-09	8.77469e-10	1.02871e-10	1.09011e-11	1.07089e-12	1.10639e-13	2.08379e-14	
N104	3.8895e-13	3.44083e-12	4.76988e-11	6.47957e-10	7.84199e-09	8.20969e-08	7.33966e-07	5.56321e-06	3.55672e-05	0.000190994	0.000858269	0.00321665	0.0100245	0.0259099	0.0554196	0.0979277	0.142776	0.171633	0.170074	0.138958	0.0936821	0.052174	0.0240407	0.00918229	0.00291352	0.000769866	0.000169866	3.13867e-05	4.87149e-06	6.3716e-07	7.04629e-08	6.61174e-09	5.2837e-10	3.61173e-11	2.12497e-12	1.08975e-13	5.04257e-15	2.34702e-16	1.64802e-17	
POCUEN_Eudiagogus_sp	0	0	0	0	0	0	0	0	0	0	0	0	0	0	0	0	0	0	0	0	0	0	0	0	0	0	0	1	0	0	0	0	0	0	0	0	0	0	0	
N105	3.71376e-13	3.24238e-12	4.7243e-11	6.77009e-10	8.54621e-09	9.24138e-08	8.47022e-07	6.54027e-06	4.23462e-05	0.000228974	0.00103018	0.00384353	0.0118557	0.0301551	0.0631056	0.108467	0.152936	0.176765	0.167446	0.13004	0.0828597	0.0433716	0.0186796	0.00663271	0.00194611	0.000473052	9.55274e-05	1.60741e-05	2.26087e-06	2.66695e-07	2.6475e-08	2.21966e-09	1.57761e-10	9.54522e-12	4.94318e-13	2.21256e-14	8.79601e-16	3.49203e-17	2.63876e-18	
N106	1.0424e-34	1.59003e-34	2.81964e-34	5.12583e-34	9.14674e-34	1.5824e-33	2.64455e-33	4.2641e-33	6.62918e-33	9.93222e-33	1.43354e-32	1.99249e-32	2.19787e-15	4.69934e-10	4.42073e-05	0.999904	5.21916e-05	6.54827e-10	3.61268e-15	6.92225e-32	6.78521e-32	6.39598e-32	5.79866e-32	5.05704e-32	4.24327e-32	3.42648e-32	2.66357e-32	1.99382e-32	1.4377e-32	9.99028e-33	6.69262e-33	4.3243e-33	2.69617e-33	1.62316e-33	9.4458e-34	5.33082e-34	2.95432e-34	1.68984e-34	1.17078e-34	
POCUEN_Hypera_nigrirostris	0	0	0	0	0	0	0	0	0	0	0	0	0	0	0	1	0	0	0	0	0	0	0	0	0	0	0	0	0	0	0	0	0	0	0	0	0	0	0	
POCUEN_Hypera_postica	0	0	0	0	0	0	0	0	0	0	0	0	0	0	0	1	0	0	0	0	0	0	0	0	0	0	0	0	0	0	0	0	0	0	0	0	0	0	0	
N107	1.96541e-14	3.27965e-13	8.3358e-12	1.90488e-10	3.66646e-09	5.85526e-08	7.67982e-07	8.18902e-06	7.02258e-05	0.000478837	0.00256536	0.0106696	0.034049	0.0824835	0.150358	0.205024	0.208633	0.158679	0.0906643	0.0392282	0.0129815	0.00332198	0.000664909	0.000105275	1.33297e-05	1.36375e-06	1.13841e-07	7.82438e-09	4.4655e-10	2.13295e-11	8.58954e-13	2.93635e-14	8.57571e-16	2.15254e-17	4.66992e-19	8.80786e-21	1.4581e-22	2.2222e-24	5.21925e-26	
POCUEN_Barypeithes_sp	0	0	0	0	0	0	0	0	0	0	0	0	0	0	0	0	1	0	0	0	0	0	0	0	0	0	0	0	0	0	0	0	0	0	0	0	0	0	0	
POCUEN_Polydrusus_mollis_M	0	0	0	0	0	0	0	0	0	0	0	0	0	0	1	0	0	0	0	0	0	0	0	0	0	0	0	0	0	0	0	0	0	0	0	0	0	0	0	
N108	1.15348e-06	2.71708e-06	9.3786e-06	3.52463e-05	0.000126987	0.000419152	0.00124759	0.00332856	0.00793823	0.0168957	0.0320562	0.0541662	0.0814524	0.108938	0.129528	0.136878	0.128538	0.107268	0.0795669	0.0524761	0.0307872	0.0160781	0.00747972	0.00310251	0.00114857	0.000379933	0.000112431	2.98035e-05	7.0867e-06	1.51372e-06	2.90885e-07	5.03669e-08	7.87085e-09	1.11209e-09	1.42455e-10	1.6661e-11	1.8315e-12	2.16521e-13	4.6814e-14	
POCUEN_Hypomeces_squamosus	0	0	0	0	0	0	0	0	0	0	0	0	0	0	0	1	0	0	0	0	0	0	0	0	0	0	0	0	0	0	0	0	0	0	0	0	0	0	0	
POCUEN_Sympiezomias_cribricollis	0	0	0	0	0	0	0	0	0	0	0	0	0	0	0	1	0	0	0	0	0	0	0	0	0	0	0	0	0	0	0	0	0	0	0	0	0	0	0	
POCUEN_Bothrometopus_sp	0	0	0	0	0	0	0	0	0	0	0	0	0	0	0	1	0	0	0	0	0	0	0	0	0	0	0	0	0	0	0	0	0	0	0	0	0	0	0	
N109	6.93801e-07	1.51206e-06	4.56953e-06	1.49678e-05	4.81399e-05	0.000146336	0.000413661	0.00107895	0.00258599	0.00568176	0.0114267	0.0210137	0.0353121	0.0541938	0.0759296	0.0970906	0.113281	0.120583	0.117096	0.103734	0.0838408	0.0618309	0.0416159	0.02557	0.0143472	0.00735427	0.0034455	0.00147619	0.000578742	0.000207785	6.83838e-05	2.06579e-05	5.7407e-06	1.47356e-06	3.52482e-07	8.02468e-08	1.83395e-08	4.82968e-09	2.03904e-09	
POCUEN_Foucartia_squamulata	0	0	0	0	0	0	0	0	0	0	0	0	0	0	0	1	0	0	0	0	0	0	0	0	0	0	0	0	0	0	0	0	0	0	0	0	0	0	0	
N110	5.18082e-08	1.23478e-07	4.18018e-07	1.54905e-06	5.67765e-06	1.97604e-05	6.41503e-05	0.000192633	0.000532772	0.00135395	0.00315702	0.00674742	0.0132087	0.0236695	0.0388074	0.0581921	0.0797796	0.0999731	0.114485	0.11979	0.114515	0.100015	0.0798066	0.0581871	0.0387703	0.0236136	0.0131509	0.00670003	0.00312453	0.0013349	0.000523124	0.000188402	6.25522e-05	1.92491e-05	5.54455e-06	1.52456e-06	4.18237e-07	1.28244e-07	5.89944e-08	
POCUEN_Sitona_lineatus	0	0	0	0	0	0	0	0	0	0	0	0	0	0	0	1	0	0	0	0	0	0	0	0	0	0	0	0	0	0	0	0	0	0	0	0	0	0	0	
N111	4.29504e-25	9.69392e-24	2.87226e-22	8.31906e-21	2.24866e-19	5.56776e-18	1.24895e-16	2.51949e-15	4.546e-14	7.30459e-13	1.04119e-11	1.31174e-10	1.45548e-09	1.41731e-08	1.20694e-07	8.95604e-07	5.77061e-06	3.21718e-05	0.000154662	0.00063899	0.00226163	0.00683683	0.0176022	0.0384973	0.0713542	0.111845	0.147987	0.165028	0.154914	0.122313	0.0812065	0.0453622	0.02136	0.00851474	0.00289959	0.000860292	0.000232831	6.48049e-05	2.60747e-05	
POCUCL_Cleonus_sp	0	0	0	0	0	0	0	0	0	0	0	0	0	0	0	0	0	0	0	0	0	1	0	0	0	0	0	0	0	0	0	0	0	0	0	0	0	0	0	
N112	3.02988e-34	1.57006e-32	1.20861e-30	8.72436e-29	5.68235e-27	3.31418e-25	1.72353e-23	7.96247e-22	3.2563e-20	1.1747e-18	3.72498e-17	1.03459e-15	2.5077e-14	5.28484e-13	9.64697e-12	1.51939e-10	2.05665e-09	2.38298e-08	2.35393e-07	1.97421e-06	1.39999e-05	8.35955e-05	0.000418551	0.00174989	0.00608365	0.0175159	0.0415992	0.0811849	0.129743	0.169269	0.179846	0.155372	0.109104	0.0623648	0.029151	0.0112667	0.00370012	0.00111545	0.000415728	
POCUMO_Larinus_sp	0	0	0	0	0	0	0	0	0	0	0	0	0	0	0	0	0	0	0	0	0	0	0	0	0	0	0	0	0	0	0	0	1	0	0	0	0	0	0	
POCUMO_Lixus_sp	0	0	0	0	0	0	0	0	0	0	0	0	0	0	0	0	0	0	0	0	0	0	0	0	0	0	0	0	0	0	0	0	0	0	0	0	0	1	0	
N113	8.53002e-07	2.01974e-06	7.03964e-06	2.69453e-05	9.97161e-05	0.000339826	0.00104622	0.00288555	0.00709984	0.0155465	0.0302477	0.0522333	0.0799904	0.108567	0.130536	0.138997	0.131054	0.109406	0.0808733	0.0529454	0.0307069	0.0157835	0.00719365	0.00290895	0.0010444	0.000333186	9.45299e-05	2.38742e-05	5.37295e-06	1.0787e-06	1.93428e-07	3.10196e-08	4.45578e-09	5.74467e-10	6.67092e-11	7.03999e-12	6.97313e-13	7.4414e-14	1.47263e-14	
N114	8.00443e-06	1.56357e-05	4.23314e-05	0.000126712	0.000373783	0.00103402	0.00262706	0.00607404	0.0127259	0.0241067	0.0412359	0.0636428	0.0885763	0.111125	0.125635	0.127983	0.117462	0.0971321	0.072376	0.0486049	0.0294267	0.0160672	0.00791526	0.00352003	0.00141397	0.000513376	0.000168596	5.01209e-05	1.34995e-05	3.29715e-06	7.30988e-07	1.4727e-07	2.69995e-08	4.51417e-09	6.91396e-10	9.817e-11	1.34178e-11	2.01566e-12	5.24903e-13	
POCUEN_Chlorophanus_sp	0	0	0	0	0	0	0	0	0	0	0	0	0	0	0	0	1	0	0	0	0	0	0	0	0	0	0	0	0	0	0	0	0	0	0	0	0	0	0	
N115	8.60765e-06	1.67572e-05	4.5253e-05	0.000135351	0.000399065	0.00110254	0.0027945	0.00643905	0.0134316	0.02531	0.0430315	0.0659573	0.0910922	0.11331	0.126914	0.127977	0.116173	0.0949404	0.069859	0.0462934	0.0276363	0.0148689	0.00721328	0.00315711	0.00124748	0.000445323	0.000143736	4.19826e-05	1.11068e-05	2.66406e-06	5.79935e-07	1.14703e-07	2.06388e-08	3.38429e-09	5.07521e-10	7.03234e-11	9.34272e-12	1.37086e-12	3.57762e-13	
N116	4.70378e-12	5.0465e-11	7.37831e-10	1.00616e-08	1.2104e-07	1.25324e-06	1.0977e-05	8.01989e-05	0.000482523	0.00236077	0.00927257	0.0288588	0.0702518	0.132147	0.190121	0.207751	0.171992	0.108146	0.0520086	0.0193259	0.00561634	0.00129299	0.000238855	3.58441e-05	4.42044e-06	4.52822e-07	3.89112e-08	2.83015e-09	1.7567e-10	9.37558e-12	4.332e-13	1.74388e-14	6.15276e-16	1.9139e-17	5.28517e-19	1.30973e-20	2.98156e-22	6.65444e-24	2.19653e-25	
POCUEN_Strophosoma_melanogrammum	0	0	0	0	0	0	0	0	0	0	0	0	0	0	0	1	0	0	0	0	0	0	0	0	0	0	0	0	0	0	0	0	0	0	0	0	0	0	0	
POCUEN_Strophosoma_capitatum	0	0	0	0	0	0	0	0	0	0	0	0	0	0	0	1	0	0	0	0	0	0	0	0	0	0	0	0	0	0	0	0	0	0	0	0	0	0	0	
POCUEN_Brachyderes_incanus	0	0	0	0	0	0	0	0	0	0	0	0	0	0	0	1	0	0	0	0	0	0	0	0	0	0	0	0	0	0	0	0	0	0	0	0	0	0	0	
N117	9.57837e-07	2.32763e-06	8.08226e-06	3.00514e-05	0.000107402	0.000354685	0.00106417	0.00287616	0.0069688	0.0150925	0.0291598	0.0501942	0.0769064	0.104814	0.127005	0.136782	0.130909	0.111333	0.0841438	0.0565263	0.033763	0.0179379	0.00848131	0.00357094	0.00133979	0.000448303	0.000133896	3.57309e-05	8.52824e-06	1.82272e-06	3.49299e-07	6.01172e-08	9.31293e-09	1.30318e-09	1.65821e-10	1.94601e-11	2.18049e-12	2.5912e-13	5.01694e-14	
POCUEN_Otiorhynchus_armadillo	0	0	0	0	0	0	0	0	0	0	0	0	0	0	0	1	0	0	0	0	0	0	0	0	0	0	0	0	0	0	0	0	0	0	0	0	0	0	0	
N118	4.51817e-07	1.07277e-06	3.77774e-06	1.46053e-05	5.4441e-05	0.0001869	0.000581833	0.00163309	0.00412242	0.00934544	0.0190072	0.0346548	0.0566051	0.0827879	0.108373	0.126936	0.133007	0.124668	0.104528	0.0784083	0.0526313	0.0316243	0.0170167	0.00820419	0.0035462	0.00137518	0.000478808	0.000149808	4.2158e-05	1.06812e-05	2.43903e-06	5.02529e-07	9.35451e-08	1.57611e-08	2.41222e-09	3.38818e-10	4.52924e-11	6.61621e-12	1.69704e-12	
N119	8.8703e-08	2.45085e-07	1.00271e-06	4.4098e-06	1.85419e-05	7.15584e-05	0.000249711	0.000783076	0.00219991	0.00552561	0.0123898	0.024768	0.0440931	0.0698344	0.098315	0.122948	0.136503	0.134503	0.117601	0.0912402	0.0628261	0.0384095	0.0208606	0.0100721	0.0043272	0.00165593	0.000565116	0.00017221	4.6926e-05	1.14513e-05	2.50647e-06	4.92896e-07	8.72355e-08	1.3924e-08	2.01079e-09	2.64989e-10	3.29365e-11	4.44307e-12	1.08012e-12	
N120	1.34865e-18	3.71216e-17	1.32842e-15	4.47758e-14	1.32412e-12	3.34332e-11	7.10198e-10	1.25566e-08	1.83024e-07	2.17872e-06	2.09774e-05	0.000161734	0.000988175	0.00473394	0.0175913	0.0501718	0.108721	0.177367	0.216155	0.195663	0.131143	0.0650776	0.023983	0.00660414	0.00137069	0.00021671	2.64102e-05	2.51185e-06	1.88775e-07	1.1347e-08	5.51841e-10	2.19511e-11	7.21456e-13	1.97787e-14	4.56517e-16	8.96838e-18	1.5307e-19	2.43659e-21	5.63553e-23	
N121	1.94305e-25	2.18296e-23	3.16816e-21	3.91224e-19	3.93783e-17	3.18096e-15	2.03808e-13	1.02431e-11	3.99346e-10	1.19403e-08	2.70596e-07	4.59227e-06	5.76551e-05	0.000529022	0.00350589	0.0165945	0.0555366	0.130279	0.212754	0.240726	0.188249	0.101727	0.0380682	0.00990808	0.00180507	0.000232096	2.12723e-05	1.40544e-06	6.77565e-08	2.41415e-09	6.43988e-11	1.30278e-12	2.02388e-14	2.44375e-16	2.31998e-18	1.75076e-20	1.06181e-22	5.29713e-25	3.34172e-27	
N122	4.91416e-27	5.98453e-25	9.3508e-23	1.24716e-20	1.38833e-18	1.27655e-16	9.58928e-15	5.81406e-13	2.8074e-11	1.06374e-09	3.11159e-08	6.90223e-07	1.13893e-05	0.000137014	0.00117815	0.00711572	0.029814	0.0861516	0.17157	0.23593	0.224583	0.148281	0.0679744	0.0216411	0.00478742	0.000737807	7.97892e-05	6.1361e-06	3.41634e-07	1.40475e-08	4.35181e-10	1.03511e-11	1.92355e-13	2.83707e-15	3.36868e-17	3.26165e-19	2.60667e-21	1.76654e-23	1.60535e-25	
POCUCU_Gymnetron_antirhini	0	0	0	0	0	0	0	0	0	0	0	0	0	0	0	0	0	0	0	0	0	0	0	0	0	1	0	0	0	0	0	0	0	0	0	0	0	0	0	
POCUEN_Naupactus_xanthographus	0	0	0	0	0	0	0	0	0	0	0	0	0	0	0	1	0	0	0	0	0	0	0	0	0	0	0	0	0	0	0	0	0	0	0	0	0	0	0	
N123	9.225e-26	9.92851e-24	1.37349e-21	1.61126e-19	1.55697e-17	1.22584e-15	7.78167e-14	3.93902e-12	1.57135e-10	4.87896e-09	1.16385e-07	2.10435e-06	2.84444e-05	0.000283491	0.0020555	0.0107073	0.0396271	0.103248	0.188124	0.23875	0.210783	0.129621	0.0557183	0.0168344	0.00360115	0.000550312	6.07072e-05	4.89155e-06	2.91596e-07	1.30337e-08	4.42819e-10	1.1591e-11	2.36832e-13	3.825e-15	4.94143e-17	5.16492e-19	4.42723e-21	3.2537e-23	3.24263e-25	
POCUCU_Gymnetron_tetrum	0	0	0	0	0	0	0	0	0	0	0	0	0	0	0	0	0	0	0	0	0	0	0	0	0	1	0	0	0	0	0	0	0	0	0	0	0	0	0	
POCUCE_Phytobius_sp	0	0	0	0	0	0	0	0	0	0	0	0	0	0	0	0	0	1	0	0	0	0	0	0	0	0	0	0	0	0	0	0	0	0	0	0	0	0	0	
POCUEN_Sitona_hispidulus	0	0	0	0	0	0	0	0	0	0	0	0	0	0	0	1	0	0	0	0	0	0	0	0	0	0	0	0	0	0	0	0	0	0	0	0	0	0	0	
POCUEN_Dyslobus_sp	0	0	0	0	0	0	0	0	0	0	0	0	0	0	0	1	0	0	0	0	0	0	0	0	0	0	0	0	0	0	0	0	0	0	0	0	0	0	0	
N124	3.09352e-10	1.3587e-09	9.11458e-09	6.2658e-08	3.99615e-07	2.29494e-06	1.17283e-05	5.30286e-05	0.000211396	0.000741224	0.00228164	0.00615617	0.0145399	0.0300272	0.0541726	0.0853202	0.117252	0.140559	0.146971	0.134058	0.106702	0.0741439	0.0450071	0.0238856	0.011093	0.00451324	0.00161055	0.000504757	0.000139139	3.37886e-05	7.24177e-06	1.37286e-06	2.30881e-07	3.46006e-08	4.65843e-09	5.72989e-10	6.69167e-11	8.19178e-12	1.50894e-12	
N125	9.77026e-10	4.51846e-09	3.24754e-08	2.36579e-07	1.56485e-06	9.12052e-06	4.63664e-05	0.000204627	0.00078156	0.00257719	0.00732182	0.01789	0.0375387	0.0675626	0.104211	0.137675	0.15575	0.150893	0.125241	0.0891157	0.0544137	0.0285451	0.0128839	0.00501139	0.00168286	0.00048884	0.000123087	2.69238e-05	5.12773e-06	8.52333e-07	1.23953e-07	1.5812e-08	1.77426e-09	1.75686e-10	1.54175e-11	1.2087e-12	8.67431e-14	6.37512e-15	8.46622e-16	
POCUDR_Sitophilus_oryzae	0	0	0	0	0	0	0	0	0	0	0	1	0	0	0	0	0	0	0	0	0	0	0	0	0	0	0	0	0	0	0	0	0	0	0	0	0	0	0	
N126	8.01564e-37	7.70665e-34	7.88964e-31	7.25835e-28	5.68992e-25	3.69886e-22	1.95611e-19	8.26077e-17	2.72764e-14	6.86376e-12	1.27428e-09	1.67257e-07	1.46354e-05	0.000782869	0.0222152	0.252615	0.460188	0.242931	0.0205446	0.00069623	1.25162e-05	1.37547e-07	1.00765e-09	5.21872e-12	1.99395e-14	5.80518e-17	1.32109e-19	2.39886e-22	3.53536e-25	4.28978e-28	4.33836e-31	3.69578e-34	2.67677e-37	1.66211e-40	8.91863e-44	4.17467e-47	1.73605e-50	6.77708e-54	3.07169e-57	
POCUDR_Sitophilus_granarius	0	0	0	0	0	0	0	0	0	0	0	0	0	0	0	0	0	1	0	0	0	0	0	0	0	0	0	0	0	0	0	0	0	0	0	0	0	0	0	
POCUDR_Sitophilus_zeamais	0	0	0	0	0	0	0	0	0	0	0	0	0	0	0	1	0	0	0	0	0	0	0	0	0	0	0	0	0	0	0	0	0	0	0	0	0	0	0	
POCUMO_Pachylobius_picivorus	0	0	0	0	0	0	0	0	0	0	0	0	0	0	0	0	0	0	0	0	0	0	0	0	0	0	0	0	0	1	0	0	0	0	0	0	0	0	0	
