NODE	21	22	23	24	25	26	27	28	29	30	31	32	33	34	35	36	37	38	39	40	41	42	43	44	
N1	0.887869	0.110525	0.00160181	5.07715e-06	4.48021e-09	1.18044e-12	1.28405e-18	6.92255e-21	2.4383e-23	5.99688e-26	1.08352e-28	1.49558e-31	1.62624e-34	1.42778e-37	1.03273e-40	6.25775e-44	3.22169e-47	1.4263e-50	5.48665e-54	1.85058e-57	5.51653e-61	1.46369e-64	3.48776e-68	1.09009e-71	
N2	0.584458	0.404245	0.0112842	1.2734e-05	1.60899e-09	4.79648e-14	4.93986e-19	2.20131e-24	4.9456e-30	2.82341e-35	1.2519e-38	5.58204e-42	2.00261e-45	5.86514e-49	1.41885e-52	2.86143e-56	4.84536e-60	6.92617e-64	8.39516e-68	1.04752e-71	3.85868e-74	4.7932e-76	3.45684e-79	1.18945e-81	
N3	0.503483	0.476253	0.0202339	2.97498e-05	6.43882e-09	4.11248e-13	1.07668e-17	1.39543e-22	1.01011e-27	4.4354e-33	1.25343e-38	2.38166e-44	3.14502e-50	2.95984e-56	2.02373e-62	1.01988e-68	3.85003e-75	1.27854e-79	5.27529e-82	1.47605e-84	2.61671e-87	2.62221e-90	2.99738e-96	3.12406e-100	
N4	0.353292	0.569673	0.0764747	0.000560562	2.87009e-07	3.41402e-11	1.47984e-15	2.96179e-20	3.16516e-25	1.99124e-30	7.90527e-36	2.0852e-41	3.80073e-47	4.93546e-53	4.67669e-59	3.29543e-65	1.75563e-71	1.46198e-76	4.58079e-79	1.04264e-81	1.55498e-84	1.36602e-87	2.75672e-93	2.64292e-97	
N5	0.181308	0.562319	0.243929	0.0124132	3.04468e-05	1.67124e-08	3.33055e-12	3.08216e-16	1.53823e-20	4.57752e-25	8.72817e-30	1.12538e-34	1.02301e-39	6.77754e-45	3.36158e-50	1.27619e-55	3.77762e-61	9.10338e-67	1.54713e-70	6.59126e-73	1.87479e-75	3.1727e-78	3.444e-83	1.24032e-86	
N6	3.137e-07	0.000208898	0.0348816	0.964563	0.000346422	2.42477e-08	6.13788e-13	7.31253e-18	4.74955e-23	1.8461e-28	4.57627e-34	7.57075e-40	8.64089e-46	6.97277e-52	4.04981e-58	1.71425e-64	5.33029e-71	1.2219e-77	2.06372e-84	2.5546e-91	2.29635e-98	1.63491e-105	2.29752e-112	4.6702e-118	
ADCATR_Bembidion_tibiale	0	0	0	1	0	0	0	0	0	0	0	0	0	0	0	0	0	0	0	0	0	0	0	0	
ADCATR_Bembidion_tetracolum	0	0	0	1	0	0	0	0	0	0	0	0	0	0	0	0	0	0	0	0	0	0	0	0	
N7	0.0794656	0.43958	0.421387	0.0592594	0.000307259	3.39829e-07	1.33894e-10	2.42676e-14	2.36039e-18	1.36582e-22	5.06106e-27	1.26905e-31	2.24732e-36	2.90786e-41	2.82622e-46	2.11102e-51	1.23524e-56	5.76535e-62	1.45449e-66	1.04033e-68	5.82824e-71	1.97443e-73	6.81926e-78	2.14619e-79	
N8	7.91039e-10	4.05445e-06	0.0050593	0.994883	5.37013e-05	5.47341e-10	1.97646e-15	3.21803e-21	2.6677e-27	1.20722e-33	3.07877e-40	4.44267e-47	3.53668e-54	1.43847e-61	2.54364e-69	1.23504e-77	1.3157e-38	1.95432e-39	2.7195e-40	3.55879e-41	4.40864e-42	6.89772e-43	6.04422e-43	7.3517e-42	
ADCATR_Bembidion_planatum	0	0	0	1	0	0	0	0	0	0	0	0	0	0	0	0	0	0	0	0	0	0	0	0	
ADCATR_Bembidion_decorum	0	0	0	1	0	0	0	0	0	0	0	0	0	0	0	0	0	0	0	0	0	0	0	0	
N9	0.00162463	0.0582298	0.442206	0.496189	0.00174945	1.1817e-06	2.79151e-10	3.02721e-14	1.76555e-18	6.14683e-23	1.3757e-27	2.09183e-32	2.25567e-37	1.78489e-42	1.06566e-47	4.91274e-53	1.78302e-58	5.17971e-64	1.22182e-69	2.50387e-75	8.77349e-80	3.24461e-83	7.20087e-88	1.84131e-91	
ADCATR_Bembidion_sejunctum	0	0	0	1	0	0	0	0	0	0	0	0	0	0	0	0	0	0	0	0	0	0	0	0	
N10	2.87704e-06	0.00122548	0.10246	0.89566	0.000652017	7.19862e-08	2.49511e-12	3.73741e-17	2.89831e-22	1.30661e-27	3.71099e-33	7.04209e-39	9.33653e-45	8.95607e-51	6.392e-57	3.47237e-63	1.46299e-69	4.85614e-76	1.28879e-82	9.1541e-89	1.36179e-92	1.78666e-96	1.46677e-101	1.48773e-105	
ADCATR_Bembidion_transversale	0	0	0	1	0	0	0	0	0	0	0	0	0	0	0	0	0	0	0	0	0	0	0	0	
ADCATR_Bembidion_mexicanum	0	0	0	1	0	0	0	0	0	0	0	0	0	0	0	0	0	0	0	0	0	0	0	0	
N11	0.126834	0.516725	0.332484	0.0237794	0.000177831	2.87936e-07	1.45511e-10	3.07949e-14	3.28769e-18	2.00186e-22	7.57501e-27	1.89718e-31	3.29977e-36	4.13915e-41	3.86e-46	2.74367e-51	1.5176e-56	6.65206e-62	4.65961e-67	8.45243e-70	2.02916e-72	2.91062e-75	5.91117e-80	2.30102e-83	
N12	0.0369208	0.327891	0.539208	0.0927349	0.00321816	2.71863e-05	3.25771e-08	1.33694e-11	2.53859e-15	2.62183e-19	1.63302e-23	6.59358e-28	1.82074e-32	3.58351e-37	5.19464e-42	5.69608e-47	4.83015e-52	3.22734e-57	2.47041e-62	6.36279e-65	3.59807e-67	1.22465e-69	4.38625e-74	6.29068e-77	
N13	0.000265387	0.0349001	0.840695	0.124015	0.000124726	2.9707e-08	2.66296e-12	1.12881e-16	2.60332e-21	3.59389e-26	3.18267e-31	1.90511e-36	8.02849e-42	2.46057e-47	5.63082e-53	9.83275e-59	1.33416e-64	1.42819e-70	1.22185e-76	8.44692e-83	4.82145e-89	7.81247e-95	1.15251e-99	9.42024e-104	
ADCATR_Bembidion_quadrimaculatum	0	0	1	0	0	0	0	0	0	0	0	0	0	0	0	0	0	0	0	0	0	0	0	0	
ADCATR_Bembidion_tairuense	0	0	0	1	0	0	0	0	0	0	0	0	0	0	0	0	0	0	0	0	0	0	0	0	
ADCATR_Bembidion_articulatum	0	0	0	0	0	1	0	0	0	0	0	0	0	0	0	0	0	0	0	0	0	0	0	0	
ADCATR_Bembidion_punctulatum	0	0	0	1	0	0	0	0	0	0	0	0	0	0	0	0	0	0	0	0	0	0	0	0	
N14	0.0414184	0.718873	0.236672	0.00303613	2.46962e-07	3.78619e-12	1.99057e-17	4.15495e-23	9.72484e-28	1.38888e-30	1.55009e-33	1.34918e-36	9.39823e-40	5.34933e-43	2.53044e-46	1.00891e-49	3.43102e-53	1.00528e-56	2.56048e-60	6.18387e-64	2.40967e-66	7.22643e-68	1.52141e-70	2.22786e-72	
N15	0.0149102	0.399014	0.505427	0.0804752	0.000172779	7.41293e-08	1.12755e-11	7.94085e-16	3.02676e-20	6.9195e-25	1.02031e-29	1.02436e-34	7.30081e-40	3.81838e-45	1.5054e-50	4.57425e-56	1.09133e-61	2.41606e-67	3.29641e-70	2.25223e-72	1.03067e-74	2.86158e-77	4.17565e-82	5.65572e-85	
N16	3.61732e-05	0.00785118	0.217115	0.774054	0.000943918	2.10019e-07	1.61006e-11	5.62926e-16	1.05442e-20	1.1752e-25	8.39028e-31	4.05235e-36	1.3806e-41	3.42907e-47	6.37592e-53	9.06962e-59	1.00489e-64	8.80364e-71	6.17709e-77	3.74155e-83	5.2673e-88	7.07765e-92	7.61933e-97	7.69306e-101	
ADCATR_Bembidion_rapidum	0	0	0	1	0	0	0	0	0	0	0	0	0	0	0	0	0	0	0	0	0	0	0	0	
ADCATR_Bembidion_levigatum	0	0	0	1	0	0	0	0	0	0	0	0	0	0	0	0	0	0	0	0	0	0	0	0	
N17	4.19529e-09	1.87416e-05	0.0121322	0.987796	5.2805e-05	5.13475e-10	1.73523e-15	2.40507e-21	1.50748e-27	9.13336e-34	1.12922e-35	4.22208e-39	1.23798e-42	2.89835e-46	5.49175e-50	8.50713e-54	1.0852e-57	1.14525e-61	1.00206e-65	7.28569e-70	7.99856e-74	4.29283e-76	6.30848e-79	5.14998e-81	
ADCATR_Bembidion_balli	0	0	0	1	0	0	0	0	0	0	0	0	0	0	0	0	0	0	0	0	0	0	0	0	
N18	4.16525e-11	1.18312e-06	0.00411985	0.995868	1.14049e-05	1.61857e-11	6.79153e-18	1.10466e-24	7.81168e-32	2.52566e-39	3.57423e-47	4.29373e-55	2.7736e-61	1.91641e-67	6.32206e-74	6.28092e-81	1.88733e-47	1.87204e-47	1.49278e-56	1.64006e-53	1.20419e-50	6.06909e-48	1.16584e-46	5.552e-44	
ADCATR_Bembidion_lapponicum	0	0	0	1	0	0	0	0	0	0	0	0	0	0	0	0	0	0	0	0	0	0	0	0	
ADCATR_Bembidion_confusum	0	0	0	1	0	0	0	0	0	0	0	0	0	0	0	0	0	0	0	0	0	0	0	0	
N19	0.0393229	0.720298	0.237359	0.00301937	2.00781e-07	2.26072e-12	8.17319e-18	1.19633e-23	7.69051e-30	2.33358e-36	4.39851e-43	3.56792e-48	1.27009e-52	3.6993e-57	8.89699e-62	1.79302e-66	3.06532e-71	4.49175e-76	5.69159e-81	5.9586e-86	4.40441e-91	3.71213e-94	8.08895e-101	3.71851e-103	
N20	4.85507e-05	0.0153259	0.334692	0.64903	0.000903031	1.13041e-07	2.31202e-12	1.58697e-17	4.90818e-23	7.92089e-29	7.48693e-35	1.10238e-39	2.7688e-43	5.78511e-47	9.86718e-51	1.38842e-54	1.62476e-58	1.59068e-62	1.43e-66	8.88257e-69	4.31247e-70	1.31192e-71	1.03492e-74	1.54884e-76	
N21	5.55955e-06	0.0032536	0.199437	0.796627	0.000676654	7.89598e-08	2.78025e-12	4.13826e-17	3.13911e-22	1.3655e-27	3.69202e-33	6.57487e-39	8.05248e-45	7.01033e-51	4.45095e-57	2.10275e-63	7.50848e-70	2.05142e-76	1.26216e-82	1.43464e-85	1.68927e-88	1.27109e-91	6.42737e-96	3.59807e-99	
ADCATR_Bembidion_antiquum	0	0	0	1	0	0	0	0	0	0	0	0	0	0	0	0	0	0	0	0	0	0	0	0	
N22	9.28423e-09	4.33205e-05	0.0311761	0.968673	0.000107194	1.59412e-09	7.20279e-15	1.24804e-20	9.44211e-27	4.07421e-33	4.45355e-36	1.21806e-39	2.616e-43	4.51667e-47	6.38581e-51	7.50414e-55	7.41952e-59	6.2349e-63	4.59738e-67	3.58444e-69	8.90527e-70	1.60805e-70	7.09355e-72	9.04743e-73	
ADCATR_Bembidion_integrum	0	0	0	1	0	0	0	0	0	0	0	0	0	0	0	0	0	0	0	0	0	0	0	0	
N23	5.7408e-10	7.97121e-06	0.0166997	0.983259	3.35042e-05	1.41476e-10	1.75688e-16	8.50627e-23	1.82273e-29	1.83447e-36	8.06513e-44	1.44581e-51	4.46229e-58	2.37831e-57	8.91618e-58	1.379e-58	5.16104e-60	1.37607e-62	4.75864e-74	8.34345e-74	9.42951e-74	7.15954e-74	9.10847e-75	5.08289e-75	
N24	1.73825e-10	2.54607e-06	0.00829983	0.991613	8.46108e-05	9.09957e-10	2.91273e-15	3.87922e-21	2.55194e-27	9.16936e-34	1.90931e-40	2.38064e-47	1.7989e-54	8.14271e-62	2.12242e-69	2.89243e-77	1.57173e-85	1.06188e-93	1.20529e-96	1.17948e-99	7.16917e-103	2.58247e-106	4.31485e-110	4.34925e-114	
ADCATR_Bembidion_honestum	0	0	0	1	0	0	0	0	0	0	0	0	0	0	0	0	0	0	0	0	0	0	0	0	
ADCATR_Bembidion_arenobilis	0	0	0	1	0	0	0	0	0	0	0	0	0	0	0	0	0	0	0	0	0	0	0	0	
ADCATR_Bembidion_rufotinctum	0	0	0	1	0	0	0	0	0	0	0	0	0	0	0	0	0	0	0	0	0	0	0	0	
N25	1.95867e-05	0.00866702	0.276777	0.70641	0.00811653	1.00856e-05	1.47277e-09	5.83743e-14	8.33516e-19	4.83763e-24	1.00007e-29	8.76711e-36	2.20709e-40	1.15634e-43	1.52059e-45	1.20573e-47	3.15375e-50	1.13422e-53	1.23697e-63	1.06767e-64	4.29585e-65	1.51233e-64	1.38639e-66	4.17475e-66	
N26	6.27592e-11	7.50686e-07	0.00172181	0.38847	0.510939	0.0968363	0.00201696	1.49467e-05	5.19149e-08	9.37907e-11	9.0993e-14	4.64834e-17	1.14173e-20	7.86693e-22	2.03617e-22	1.31198e-23	1.98935e-25	1.04233e-28	3.57856e-32	1.10512e-34	5.04546e-35	1.68413e-35	9.59461e-37	2.21689e-37	
ADCATR_Bembidion_rothfelsi	0	0	0	0	0	0	0	0	0	0	0	0	0	1	0	0	0	0	0	0	0	0	0	0	
N27	1.02923e-11	1.67941e-07	0.000758462	0.411753	0.50499	0.0824016	9.70015e-05	2.88686e-08	3.17954e-12	1.52913e-16	3.47554e-21	3.82484e-26	1.97954e-31	4.32673e-37	3.13937e-43	1.08649e-49	2.2128e-56	6.18367e-62	2.88062e-66	1.03585e-70	2.79173e-75	7.43345e-80	1.56534e-80	8.8472e-81	
ADCATR_Bembidion_chalceum	0	0	0	0	0	1	0	0	0	0	0	0	0	0	0	0	0	0	0	0	0	0	0	0	
N28	2.09149e-13	1.37222e-08	0.000292586	0.997025	0.0026816	6.74437e-07	3.83101e-12	5.91641e-18	3.60729e-24	1.02581e-30	1.4744e-37	1.10527e-44	4.28516e-52	8.04141e-60	6.26139e-68	1.28689e-76	7.85502e-42	2.25498e-43	5.81277e-45	1.35446e-46	8.97585e-47	1.16453e-44	1.19374e-42	8.58688e-41	
ADCATR_Bembidion_bellorum	0	0	0	1	0	0	0	0	0	0	0	0	0	0	0	0	0	0	0	0	0	0	0	0	
ADCATR_Bembidion_louisella	0	0	0	1	0	0	0	0	0	0	0	0	0	0	0	0	0	0	0	0	0	0	0	0	
N29	2.64333e-12	1.13211e-07	0.00114367	0.99883	2.62946e-05	9.86577e-11	1.15201e-16	4.41288e-23	5.82354e-30	2.25957e-37	1.24936e-35	1.64294e-36	1.91627e-37	2.00674e-38	1.90561e-39	1.65442e-40	1.32227e-41	9.7859e-43	6.74028e-44	4.3414e-45	3.50592e-46	3.5608e-45	8.44644e-44	2.36676e-42	
ADCATR_Bembidion_americanum	0	0	0	1	0	0	0	0	0	0	0	0	0	0	0	0	0	0	0	0	0	0	0	0	
ADCATR_Bembidion_bifossulatum	0	0	0	1	0	0	0	0	0	0	0	0	0	0	0	0	0	0	0	0	0	0	0	0	
N30	0.0396456	0.777094	0.182319	0.000941193	3.98893e-07	4.28177e-11	1.78379e-15	3.6087e-20	4.06853e-25	2.80497e-30	1.264e-35	3.91358e-41	8.65362e-47	1.40911e-52	1.73223e-58	1.64077e-64	1.21803e-70	7.19527e-77	2.53778e-82	5.06585e-85	7.85866e-88	7.52219e-91	1.58045e-95	1.18493e-98	
N31	0.00109823	0.121231	0.80281	0.0748058	5.50614e-05	8.39881e-09	4.64797e-13	1.20978e-17	1.72374e-22	1.48583e-27	8.31672e-33	3.18659e-38	8.70513e-44	1.7512e-49	2.66311e-55	3.12841e-61	2.89063e-67	2.13329e-73	1.3071e-79	1.59958e-84	4.80436e-88	9.37911e-92	6.14404e-97	7.24236e-101	
ADCATR_Bembidion_californicum	0	0	0	1	0	0	0	0	0	0	0	0	0	0	0	0	0	0	0	0	0	0	0	0	
N32	3.67708e-05	0.0214986	0.894146	0.0843015	1.74766e-05	6.92621e-10	9.51274e-15	5.97024e-20	2.01046e-25	4.03338e-31	5.18726e-37	4.51349e-43	2.76848e-49	1.23621e-55	4.12322e-62	1.0489e-68	2.07032e-75	3.21652e-82	7.57998e-89	1.8885e-92	6.61885e-96	1.4317e-99	9.30619e-105	1.48202e-108	
ADCATR_Bembidion_concolor	0	0	0	1	0	0	0	0	0	0	0	0	0	0	0	0	0	0	0	0	0	0	0	0	
ADCATR_Bembidion_lampros	0	0	1	0	0	0	0	0	0	0	0	0	0	0	0	0	0	0	0	0	0	0	0	0	
N33	0.0497838	0.924615	0.025566	3.48989e-05	1.06502e-08	1.17805e-12	6.04703e-17	1.67417e-21	2.76546e-26	2.92933e-31	2.09993e-36	1.06206e-41	3.9166e-47	1.08153e-52	2.28584e-58	3.81232e-64	1.92304e-69	3.73557e-73	8.56801e-77	3.72822e-79	9.67935e-80	1.81991e-80	2.59556e-82	4.27006e-83	
ADCATR_Bembidion_levettei	0	1	0	0	0	0	0	0	0	0	0	0	0	0	0	0	0	0	0	0	0	0	0	0	
N34	0.000521659	0.973028	0.0264086	4.12597e-05	1.34543e-11	9.27615e-19	1.23066e-24	9.35712e-29	2.56472e-33	2.64484e-35	2.05826e-36	1.42738e-37	8.90697e-39	5.04392e-40	2.61027e-41	1.24161e-42	5.45464e-44	2.22308e-45	1.57531e-46	4.99171e-45	2.60315e-43	9.52816e-42	7.36993e-42	1.92564e-40	
N35	0.000109201	0.400744	0.515717	0.0834283	1.04606e-06	3.41636e-13	8.72043e-21	1.1686e-28	3.13587e-33	9.27566e-38	2.00954e-42	3.31789e-47	4.30168e-52	4.48228e-57	3.82326e-62	2.70946e-67	1.61477e-72	8.17449e-78	3.54439e-83	1.30069e-88	3.17081e-95	5.47097e-98	1.31826e-104	1.50402e-107	
ADCATR_Bembidion_obtusum	0	0	0	1	0	0	0	0	0	0	0	0	0	0	0	0	0	0	0	0	0	0	0	0	
ADCATR_Bembidion_properans	0	0	0	1	0	0	0	0	0	0	0	0	0	0	0	0	0	0	0	0	0	0	0	0	
N36	0.000548516	0.978143	0.0212884	1.98995e-05	1.17839e-11	1.92485e-18	7.77251e-26	9.82741e-34	8.02044e-42	6.16705e-47	9.53122e-52	1.18409e-56	1.20426e-61	1.01765e-66	7.2324e-72	4.36629e-77	2.25788e-82	1.00705e-87	3.89659e-93	1.31428e-98	3.87942e-104	1.00368e-109	7.3505e-117	9.9865e-119	
ADCATR_Bembidion_levettei_carrianum	0	1	0	0	0	0	0	0	0	0	0	0	0	0	0	0	0	0	0	0	0	0	0	0	
ADCATR_Bembidion_inaequale	0	1	0	0	0	0	0	0	0	0	0	0	0	0	0	0	0	0	0	0	0	0	0	0	
N37	0.580995	0.406485	0.0124969	2.32203e-05	5.95666e-09	4.19417e-13	1.09054e-17	1.17455e-22	5.79819e-28	1.50826e-32	1.38214e-35	1.08261e-38	6.77843e-42	3.46684e-45	1.47466e-48	5.29602e-52	1.62654e-55	4.31936e-59	1.00132e-62	1.1762e-66	1.154e-70	2.28252e-71	2.48655e-77	7.69703e-79	
N38	0.136932	0.443339	0.358305	0.0606022	0.000819713	2.82069e-06	3.80263e-09	2.51236e-12	9.33015e-16	2.13677e-19	3.22656e-23	3.37903e-27	2.55328e-31	1.43706e-35	6.184e-40	2.07953e-44	5.56686e-49	1.20535e-53	2.14812e-58	7.82462e-63	1.86458e-65	4.55982e-68	5.01845e-72	4.47586e-75	
ADCATR_Bembidion_aenulum	0	0	0	1	0	0	0	0	0	0	0	0	0	0	0	0	0	0	0	0	0	0	0	0	
N39	6.32039e-07	0.000326346	0.0432859	0.955964	0.000423504	3.62107e-08	1.10797e-12	1.58013e-17	1.21806e-22	5.57746e-28	1.61837e-33	3.11668e-39	4.12127e-45	3.83708e-51	2.56206e-57	1.24285e-63	4.41658e-70	1.15426e-76	2.21781e-83	3.11736e-90	3.18385e-97	3.1332e-104	1.02253e-110	3.39505e-116	
ADCATR_Bembidion_insulatum	0	0	0	1	0	0	0	0	0	0	0	0	0	0	0	0	0	0	0	0	0	0	0	0	
ADCATR_Bembidion_umbratum	0	0	0	1	0	0	0	0	0	0	0	0	0	0	0	0	0	0	0	0	0	0	0	0	
ADCATR_Bembidion_coxendix	0	0	1	0	0	0	0	0	0	0	0	0	0	0	0	0	0	0	0	0	0	0	0	0	
ADCATR_Bembidion_ruficorne	0	0	0	0	0	1	0	0	0	0	0	0	0	0	0	0	0	0	0	0	0	0	0	0	
