NODE	7	8	9	10	11	12	13	14	15	16	17	18	19	20	21	22	23	24	25	26	27	28	29	30	31	32	33	34	35	36	37	38	39	40	41	42	43	44	45	46	47	
N1	0.010997	0.0186092	0.0378119	0.073486	0.122723	0.168288	0.185812	0.163682	0.114489	0.0634153	0.027773	0.00960943	0.00262601	0.000566874	9.67159e-05	1.30529e-05	1.39517e-06	1.18277e-07	7.96679e-09	4.27221e-10	1.82804e-11	6.25682e-13	4.25673e-17	6.32521e-18	8.44195e-19	1.01359e-19	1.09659e-20	1.0708e-21	9.45386e-23	7.55957e-24	5.48451e-25	3.61663e-26	2.17154e-27	1.18932e-28	5.95213e-30	2.72677e-31	1.14551e-32	4.42191e-34	1.57613e-35	5.37194e-37	2.5913e-38	
N2	0.0111567	0.0200817	0.0392511	0.0725729	0.116998	0.158191	0.176221	0.160383	0.11879	0.07149	0.0349565	0.0139011	0.00450384	0.00119172	0.000258284	4.60058e-05	6.75968e-06	8.22534e-07	8.32327e-08	7.03389e-09	4.98577e-10	2.9767e-11	1.50177e-12	6.4118e-14	2.31693e-15	7.08606e-17	1.83687e-18	4.05802e-20	7.78346e-22	1.3861e-23	2.80522e-25	8.41708e-27	3.4399e-28	1.4791e-29	5.96292e-31	2.19146e-32	7.3085e-34	2.21455e-35	6.15767e-37	1.70956e-38	9.81263e-40	
N3	0.00136642	0.0027515	0.00615522	0.0133527	0.0265882	0.0475275	0.0754955	0.105998	0.131136	0.142686	0.136394	0.114476	0.0843452	0.0545625	0.0310015	0.0154804	0.00679861	0.00262841	0.000895457	0.000269131	7.14464e-05	1.67746e-05	3.48794e-06	6.43192e-07	1.05341e-07	1.53457e-08	1.99144e-09	2.30577e-10	2.38567e-11	2.20923e-12	1.834e-13	1.36705e-14	9.16428e-16	5.53408e-17	3.01544e-18	1.48529e-19	6.63086e-21	2.69997e-22	1.02725e-23	4.10757e-25	3.3064e-26	
N4	3.50941e-06	1.01749e-05	3.54707e-05	0.00012082	0.000380813	0.00109373	0.0028457	0.00668586	0.0141526	0.0269448	0.0460744	0.0706804	0.0971836	0.11968	0.131926	0.130115	0.114782	0.0905494	0.0638743	0.0402908	0.022729	0.0114697	0.00517924	0.00209368	0.000758088	0.000246017	7.16084e-05	1.87099e-05	4.39223e-06	9.27356e-07	1.76296e-07	3.02144e-08	4.67505e-09	6.5422e-10	8.30022e-11	9.58642e-12	1.01629e-12	1.00846e-13	9.85969e-15	1.1072e-15	2.4618e-16	
N5	1.33767e-10	7.84644e-10	5.54825e-09	3.80042e-08	2.40053e-07	1.37081e-06	7.01007e-06	3.19363e-05	0.000129188	0.000462881	0.00146608	0.00409745	0.0100888	0.0218513	0.0415742	0.0693931	0.101493	0.129929	0.145452	0.142267	0.121496	0.090542	0.0588576	0.0333671	0.0164958	0.00711239	0.00267533	0.000878349	0.000251867	6.31339e-05	1.38486e-05	2.66183e-06	4.49087e-07	6.66645e-08	8.73947e-09	1.01839e-09	1.06798e-10	1.03334e-11	9.72721e-13	1.02939e-13	2.17258e-14	
N6	1.18244e-11	7.06971e-11	5.82457e-10	4.76632e-09	3.58686e-08	2.42492e-07	1.45911e-06	7.77691e-06	3.66028e-05	0.000151774	0.000553355	0.0017708	0.00496586	0.0121849	0.0261239	0.0488734	0.0796883	0.113115	0.139642	0.149796	0.139522	0.112768	0.0790553	0.0480556	0.0253262	0.0115724	0.00458561	0.00157638	0.000470395	0.000121935	2.74829e-05	5.39214e-06	9.22184e-07	1.37715e-07	1.80003e-08	2.06725e-09	2.10251e-10	1.93128e-11	1.69541e-12	1.69893e-13	3.5068e-14	
N7	2.4438e-16	2.43777e-15	3.31946e-14	4.39185e-13	5.3306e-12	5.8451e-11	5.75396e-10	5.06579e-09	3.9764e-08	2.77482e-07	1.71645e-06	9.38462e-06	4.52182e-05	0.00019144	0.000710033	0.00230018	0.00648945	0.0158989	0.0337311	0.0618096	0.0975823	0.132435	0.154205	0.153794	0.131208	0.0956713	0.0595943	0.0317129	0.0144241	0.00561286	0.00187129	0.000535511	0.000131838	2.79952e-05	5.14245e-06	8.19978e-07	1.14068e-07	1.4009e-08	1.58705e-09	2.00088e-10	5.37785e-11	
N8	8.4321e-37	9.44283e-35	1.28164e-32	1.61309e-30	1.819e-28	1.81903e-26	1.60457e-24	1.24291e-22	8.41642e-21	4.95851e-19	2.52869e-17	1.11014e-15	4.17083e-14	1.3324e-12	3.59393e-11	8.12271e-10	1.52536e-08	2.35806e-07	2.97018e-06	3.0137e-05	0.000243217	0.00153934	0.00752179	0.0278926	0.0770503	0.155504	0.224925	0.229158	0.162311	0.079404	0.0268674	0.00634584	0.00106249	0.000128551	1.14748e-05	7.71355e-07	3.98204e-08	1.60932e-09	5.2269e-11	1.49756e-12	7.51997e-14	
N9	9.63837e-57	8.4892e-54	8.26582e-51	7.15945e-48	5.47177e-45	3.67304e-42	2.15515e-39	1.09961e-36	4.85173e-34	1.84015e-31	5.96078e-29	1.63761e-26	3.78685e-24	7.30987e-22	1.16728e-19	1.52673e-17	1.61774e-15	1.37196e-13	9.18718e-12	4.7846e-10	1.90496e-08	5.68618e-07	1.24419e-05	0.0001944	0.0021028	0.015172	0.0697986	0.19393	0.306157	0.260727	0.118736	0.0290033	0.00385564	0.000295385	1.39241e-05	4.27901e-07	8.99142e-09	1.34319e-10	1.47418e-12	1.24881e-14	1.46332e-16	
POCUDR_Sitophilus_granarius	0	0	0	0	0	0	0	0	0	0	0	0	0	0	0	0	0	0	0	0	0	0	0	0	0	0	0	0	0	0	0	1	0	0	0	0	0	0	0	0	0	
POCUDR_Sitophilus_zeamais	0	0	0	0	0	0	0	0	0	0	0	0	0	0	0	0	0	0	0	0	0	0	0	0	0	0	0	0	1	0	0	0	0	0	0	0	0	0	0	0	0	
POCUDR_Sitophilus_oryzae	0	0	0	0	0	0	0	0	0	0	0	0	0	0	0	0	0	0	0	0	0	0	0	0	0	0	0	1	0	0	0	0	0	0	0	0	0	0	0	0	0	
POCUMO_Pachylobius_picivorus	0	0	0	0	0	0	0	0	0	0	0	0	0	0	0	0	0	0	0	0	0	0	1	0	0	0	0	0	0	0	0	0	0	0	0	0	0	0	0	0	0	
N10	2.81151e-18	4.04425e-17	7.91054e-16	1.46831e-14	2.44953e-13	3.62523e-12	4.73533e-11	5.4412e-10	5.48452e-09	4.83626e-08	3.7209e-07	2.49119e-06	1.4476e-05	7.28186e-05	0.000316289	0.00118329	0.00380373	0.0104817	0.0247058	0.0497062	0.0852002	0.124208	0.153776	0.161483	0.143698	0.108288	0.069085	0.0373149	0.017071	0.00662008	0.00217882	0.000609586	0.000145276	2.9566e-05	5.15482e-06	7.73312e-07	1.00553e-07	1.15182e-08	1.21808e-09	1.40151e-10	3.21921e-11	
N11	2.5125e-36	2.74104e-34	3.61038e-32	4.38419e-30	4.73729e-28	4.50734e-26	3.75594e-24	2.72895e-22	1.72125e-20	9.38156e-19	4.39738e-17	1.76355e-15	6.01888e-14	1.73818e-12	4.22184e-11	8.56938e-10	1.44375e-08	2.00453e-07	2.27627e-06	2.09731e-05	0.000155493	0.000919624	0.00430025	0.015756	0.0448313	0.098207	0.164301	0.208452	0.199417	0.143277	0.0771592	0.0311516	0.00945127	0.00216441	0.000376492	5.01434e-05	5.16688e-06	4.18886e-07	2.78979e-08	1.80845e-09	2.41654e-10	
N12	1.86516e-49	6.95732e-47	3.04184e-44	1.19745e-41	4.19799e-39	1.30492e-36	3.58083e-34	8.63383e-32	1.81995e-29	3.33585e-27	5.28579e-25	7.19505e-23	8.35619e-21	8.21867e-19	6.79023e-17	4.67072e-15	2.6487e-13	1.22491e-11	4.56385e-10	1.35149e-08	3.13242e-07	5.58422e-06	7.50581e-05	0.000743426	0.00528541	0.0261834	0.0875177	0.191247	0.266663	0.23471	0.130124	0.0455809	0.0102062	0.00149803	0.00014886	1.03494e-05	5.18951e-07	1.92952e-08	5.48689e-10	1.30242e-11	5.05864e-13	
POCUCU_Gymnetron_antirhini	0	0	0	0	0	0	0	0	0	0	0	0	0	0	0	0	0	0	0	0	0	0	0	0	0	0	0	1	0	0	0	0	0	0	0	0	0	0	0	0	0	
POCUEN_Naupactus_xanthographus	0	0	0	0	0	0	0	0	0	0	0	0	0	0	0	0	0	0	0	0	0	0	0	0	0	0	0	0	0	0	0	1	0	0	0	0	0	0	0	0	0	
N13	2.31027e-38	3.16204e-36	5.38556e-34	8.19821e-32	1.0993e-29	1.29259e-27	1.32716e-25	1.18469e-23	9.15185e-22	6.0889e-20	3.47118e-18	1.68649e-16	6.94357e-15	2.40804e-13	6.9898e-12	1.68682e-10	3.36046e-09	5.4855e-08	7.27974e-07	7.78999e-06	6.6646e-05	0.000451856	0.00240605	0.00997124	0.0318746	0.0779199	0.144509	0.201897	0.211288	0.164956	0.0958706	0.0414775	0.0133864	0.00323626	0.00058962	8.15944e-05	8.66577e-06	7.18486e-07	4.85828e-08	3.14984e-09	3.88045e-10	
POCUCU_Gymnetron_tetrum	0	0	0	0	0	0	0	0	0	0	0	0	0	0	0	0	0	0	0	0	0	0	0	0	0	0	0	0	0	0	0	0	1	0	0	0	0	0	0	0	0	
POCUCE_Phytobius_sp	0	0	0	0	0	0	0	0	0	0	0	0	0	0	0	0	0	0	0	0	0	0	0	0	0	0	0	0	0	1	0	0	0	0	0	0	0	0	0	0	0	
N14	6.11232e-22	1.36084e-20	4.2445e-19	1.22259e-17	3.12004e-16	7.00812e-15	1.38083e-13	2.37927e-12	3.57419e-11	4.66657e-10	5.27904e-09	5.15816e-08	4.33978e-07	3.13427e-06	1.93724e-05	0.000102168	0.000458444	0.0017454	0.00562348	0.0152953	0.0350421	0.06749	0.109085	0.147765	0.167576	0.159006	0.126209	0.0838248	0.0466262	0.0217522	0.0085302	0.00282063	0.000789748	0.000188272	3.84875e-05	6.80624e-06	1.05212e-06	1.43853e-07	1.7686e-08	2.08813e-09	3.90451e-10	
N15	1.50718e-22	3.60517e-21	1.18938e-19	3.63686e-18	9.88827e-17	2.37192e-15	4.99995e-14	9.23069e-13	1.4874e-11	2.08473e-10	2.53265e-09	2.65749e-08	2.39988e-07	1.85856e-06	1.22997e-05	6.93122e-05	0.00033146	0.0013406	0.00457112	0.0131	0.0314636	0.0631696	0.105771	0.147408	0.170718	0.164105	0.130835	0.0864933	0.0474256	0.0215857	0.00816651	0.00257313	0.000676903	0.000149127	2.76144e-05	4.31683e-06	5.73106e-07	6.53887e-08	6.6737e-09	7.26747e-10	1.65974e-10	
POCUEN_Sitona_lineatus	0	0	0	0	0	0	0	0	0	0	0	0	0	0	0	0	0	0	0	0	0	0	1	0	0	0	0	0	0	0	0	0	0	0	0	0	0	0	0	0	0	
N16	1.79785e-32	1.13524e-30	9.40786e-29	7.15319e-27	4.85322e-25	2.92149e-23	1.55438e-21	7.28188e-20	2.99186e-18	1.07363e-16	3.35035e-15	9.05045e-14	2.10627e-12	4.20184e-11	7.14744e-10	1.03095e-08	1.25365e-07	1.27734e-06	1.08355e-05	7.60141e-05	0.000437929	0.00205698	0.00781872	0.0238681	0.0580737	0.111787	0.169049	0.199583	0.183014	0.129871	0.0711897	0.0301523	0.00989145	0.00252423	0.000504137	7.93813e-05	9.94029e-06	1.00181e-06	8.37657e-08	6.73171e-09	1.07903e-09	
POCUEN_Brachyderes_incanus	0	0	0	0	0	0	0	0	0	0	0	0	0	0	0	0	0	0	0	0	0	0	0	0	0	0	0	0	0	1	0	0	0	0	0	0	0	0	0	0	0	
N17	2.13479e-46	5.35993e-44	1.61483e-41	4.38391e-39	1.0598e-36	2.27204e-34	4.30201e-32	7.16351e-30	1.04423e-27	1.32608e-25	1.45948e-23	1.38447e-21	1.12525e-19	7.78652e-18	4.55626e-16	2.23799e-14	9.1548e-13	3.09212e-11	8.54342e-10	1.91143e-08	3.42454e-07	4.85344e-06	5.36837e-05	0.000456561	0.00293662	0.0140277	0.0487881	0.120978	0.209412	0.248261	0.198734	0.106699	0.0384667	0.00939667	0.00158105	0.000187154	1.59496e-05	1.00188e-06	4.77753e-08	1.9152e-09	1.35726e-10	
POCUEN_Strophosoma_capitatum	0	0	0	0	0	0	0	0	0	0	0	0	0	0	0	0	0	0	0	0	0	0	0	0	0	0	0	0	0	0	0	0	1	0	0	0	0	0	0	0	0	
POCUEN_Strophosoma_melanogrammum	0	0	0	0	0	0	0	0	0	0	0	0	0	0	0	0	0	0	0	0	0	0	0	0	0	0	0	0	0	1	0	0	0	0	0	0	0	0	0	0	0	
POCUEN_Sitona_hispidulus	0	0	0	0	0	0	0	0	0	0	0	0	0	0	0	0	0	0	0	0	0	0	0	0	0	0	0	0	0	0	0	0	0	0	0	0	1	0	0	0	0	
POCUEN_Otiorhynchus_armadillo	0	0	0	0	0	0	0	0	0	0	0	0	0	0	0	0	0	0	0	0	0	0	0	0	1	0	0	0	0	0	0	0	0	0	0	0	0	0	0	0	0	
N18	2.96661e-07	7.84979e-07	2.59842e-06	8.87285e-06	2.91612e-05	8.9902e-05	0.000257294	0.000680416	0.0016588	0.00372313	0.00768641	0.0145862	0.0254282	0.0407037	0.059802	0.0806131	0.099672	0.11301	0.117478	0.111956	0.0978048	0.078326	0.0575071	0.0387148	0.0239046	0.0135422	0.00704228	0.00336383	0.00147719	0.000597096	0.000222527	7.66424e-05	2.44761e-05	7.28176e-06	2.03148e-06	5.36379e-07	1.35814e-07	3.36955e-08	8.57804e-09	2.55129e-09	1.28369e-09	
POCUEN_Chlorophanus_sp	0	0	0	0	0	0	0	0	0	0	0	0	0	0	0	0	0	0	0	0	0	0	0	0	0	0	0	0	0	0	0	0	0	1	0	0	0	0	0	0	0	
POCUEN_Dyslobus_sp	0	0	0	0	0	0	0	0	0	0	0	0	0	0	0	0	0	0	1	0	0	0	0	0	0	0	0	0	0	0	0	0	0	0	0	0	0	0	0	0	0	
N19	0.00103985	0.00205402	0.00447781	0.00951422	0.0187799	0.0338013	0.0550184	0.0806408	0.10616	0.125312	0.132474	0.125321	0.106029	0.0802041	0.0542353	0.0327871	0.0177236	0.00857005	0.00370865	0.00143721	0.000499134	0.00015548	4.34812e-05	1.09281e-05	2.47111e-06	5.03325e-07	9.24603e-08	1.53382e-08	2.30085e-09	3.12531e-10	3.84951e-11	4.3059e-12	4.38069e-13	4.06074e-14	3.43745e-15	2.66695e-16	1.91022e-17	1.28441e-18	8.45522e-20	6.17866e-21	8.82146e-22	
N20	7.71079e-06	2.35267e-05	8.46543e-05	0.000293302	0.000929653	0.00264996	0.00673927	0.0152187	0.030416	0.0536654	0.0834233	0.11407	0.13701	0.144394	0.133403	0.107967	0.0765068	0.047452	0.0257571	0.0122365	0.00508912	0.00185374	0.000591765	0.000165689	4.07287e-05	8.79957e-06	1.67311e-06	2.80348e-07	4.14602e-08	5.42027e-09	6.27478e-10	6.44353e-11	5.8801e-12	4.77739e-13	3.46243e-14	2.24313e-15	1.30233e-16	6.81062e-18	3.27401e-19	1.63502e-20	1.7533e-21	
N21	2.35226e-10	1.74766e-09	1.58466e-08	1.34048e-07	1.00484e-06	6.55876e-06	3.69523e-05	0.000178719	0.000739056	0.00260486	0.00780415	0.0198283	0.0426346	0.0774393	0.118627	0.153049	0.166113	0.151535	0.11611	0.0746964	0.0403407	0.0182917	0.00696625	0.00222979	0.000600404	0.00013616	2.60436e-05	4.20843e-06	5.75618e-07	6.67835e-08	6.58792e-09	5.53981e-10	3.98229e-11	2.45473e-12	1.30198e-13	5.96616e-15	2.37517e-16	8.30102e-18	2.62197e-19	8.3867e-21	5.14945e-22	
N22	2.05398e-11	1.55133e-10	1.6933e-09	1.79177e-08	1.67692e-07	1.35172e-06	9.28695e-06	5.40913e-05	0.000266157	0.00110352	0.00384712	0.0112571	0.0276043	0.0566497	0.0971817	0.139224	0.166432	0.165918	0.137879	0.095488	0.0551094	0.0265088	0.0106313	0.00355668	0.000993282	0.000231777	4.524e-05	7.39635e-06	1.01449e-06	1.16962e-07	1.13606e-08	9.32278e-10	6.48708e-11	3.84596e-12	1.95606e-13	8.62432e-15	3.35426e-16	1.18768e-17	4.06975e-19	1.54763e-20	1.14341e-21	
N23	5.998e-11	4.58371e-10	4.48784e-09	4.18263e-08	3.46718e-07	2.49848e-06	1.54978e-05	8.23036e-05	0.000372842	0.0014366	0.00469652	0.0129991	0.0304025	0.0599849	0.0996973	0.139417	0.163879	0.161812	0.13415	0.0933678	0.0545599	0.0267784	0.0110462	0.00383315	0.00112026	0.000276134	5.75023e-05	1.01355e-05	1.51541e-06	1.92654e-07	2.08798e-08	1.93474e-09	1.53763e-10	1.05183e-11	6.21855e-13	3.1941e-14	1.43694e-15	5.76091e-17	2.16323e-18	8.92414e-20	6.92635e-21	
N24	2.14272e-12	1.64085e-11	1.722e-10	1.73692e-09	1.57325e-08	1.25789e-07	8.81975e-07	5.40136e-06	2.87984e-05	0.00013328	0.000533948	0.00184699	0.00550388	0.0141005	0.0310044	0.0584303	0.0942821	0.130165	0.153698	0.155208	0.134065	0.099094	0.062717	0.0340153	0.0158245	0.00632163	0.00217122	0.000642017	0.000163682	3.60396e-05	6.86518e-06	1.1336e-06	1.62605e-07	2.03104e-08	2.21554e-09	2.11922e-10	1.79019e-11	1.35693e-12	9.63193e-14	7.33081e-15	1.04974e-15	
POCUEN_Barypeithes_sp	0	0	0	0	0	0	0	0	0	0	0	0	0	0	0	0	0	0	0	0	0	0	0	0	0	0	0	0	0	0	0	1	0	0	0	0	0	0	0	0	0	
N25	6.7963e-14	1.22732e-12	2.97737e-11	6.3803e-10	1.14654e-08	1.7031e-07	2.0685e-06	2.03136e-05	0.000159413	0.000987563	0.00477076	0.0177625	0.0504428	0.108361	0.175096	0.212221	0.19292	0.131877	0.068141	0.0268133	0.00811027	0.0019055	0.000351596	5.15134e-05	6.05718e-06	5.77417e-07	4.50502e-08	2.90213e-09	1.55631e-10	7.00016e-12	2.65942e-13	8.58899e-15	2.37237e-16	5.63565e-18	1.15746e-19	2.06555e-21	3.21912e-23	4.41094e-25	5.40309e-27	6.36252e-29	1.25135e-30	
N26	5.6672e-45	1.87633e-41	6.30197e-38	1.79363e-34	4.18277e-31	7.87062e-28	1.17833e-24	1.38176e-21	1.24613e-18	8.45678e-16	4.20536e-13	1.48191e-10	3.54185e-08	5.40483e-06	0.000481352	0.0215282	0.352632	0.464917	0.156161	0.00423159	4.21848e-05	2.12576e-07	6.30434e-10	1.20567e-12	1.58155e-15	1.4882e-18	1.03944e-21	5.53657e-25	2.29893e-28	7.57858e-32	2.01434e-35	4.37434e-39	7.85091e-43	1.17633e-46	1.48461e-50	1.59078e-54	1.45751e-58	1.14924e-62	7.84883e-67	4.72666e-71	3.2505e-75	
POCUEN_Hypera_postica	0	0	0	0	0	0	0	0	0	0	0	0	0	0	0	0	0	0	1	0	0	0	0	0	0	0	0	0	0	0	0	0	0	0	0	0	0	0	0	0	0	
POCUEN_Hypera_nigrirostris	0	0	0	0	0	0	0	0	0	0	0	0	0	0	0	0	1	0	0	0	0	0	0	0	0	0	0	0	0	0	0	0	0	0	0	0	0	0	0	0	0	
POCUEN_Polydrusus_mollis_M	0	0	0	0	0	0	0	0	0	0	0	0	1	0	0	0	0	0	0	0	0	0	0	0	0	0	0	0	0	0	0	0	0	0	0	0	0	0	0	0	0	
POCUEN_Bothrometopus_sp	0	0	0	0	0	0	0	0	0	0	0	0	0	0	0	0	1	0	0	0	0	0	0	0	0	0	0	0	0	0	0	0	0	0	0	0	0	0	0	0	0	
N27	1.28631e-11	8.55314e-11	8.10263e-10	7.4437e-09	6.12948e-08	4.44389e-07	2.81925e-06	1.55949e-05	7.50042e-05	0.00031289	0.00112973	0.00352396	0.00948182	0.0219796	0.0438546	0.0752698	0.111102	0.141038	0.154038	0.144836	0.11735	0.0820272	0.0495345	0.0258836	0.0117241	0.00461222	0.00157918	0.000471654	0.000123185	2.82111e-05	5.68296e-06	1.01078e-06	1.59498e-07	2.24747e-08	2.85449e-09	3.31368e-10	3.59192e-11	3.757e-12	3.97956e-13	4.54493e-14	6.72842e-15	
POCUEN_Eudiagogus_sp	0	0	0	0	0	0	0	0	0	0	0	0	0	0	0	0	0	0	0	0	0	0	0	0	0	0	0	0	0	0	0	0	0	1	0	0	0	0	0	0	0	
POCUEN_Liophloeus_tessulatus	0	0	0	0	0	0	0	0	0	0	0	0	0	0	0	0	0	0	0	0	0	0	0	0	0	0	0	1	0	0	0	0	0	0	0	0	0	0	0	0	0	
N28	8.78197e-11	4.27599e-10	2.93978e-09	2.0224e-08	1.28101e-07	7.32594e-07	3.7606e-06	1.72787e-05	7.09108e-05	0.000259441	0.000844714	0.00244335	0.00626848	0.0142423	0.0286175	0.0507882	0.0795205	0.109737	0.133363	0.14264	0.134206	0.111048	0.0808028	0.0517093	0.0291124	0.014427	0.0062975	0.00242349	0.000823099	0.00024702	6.5596e-05	1.54362e-05	3.22434e-06	5.98913e-07	9.91386e-08	1.46691e-08	1.95203e-09	2.37537e-10	2.79075e-11	3.80162e-12	1.05582e-12	
POCUEN_Hypomeces_squamosus	0	0	0	0	0	0	0	0	0	0	0	0	0	0	0	0	0	0	0	0	0	0	0	1	0	0	0	0	0	0	0	0	0	0	0	0	0	0	0	0	0	
POCUEN_Sympiezomias_cribricollis	0	0	0	0	0	0	0	0	0	0	0	0	0	0	0	0	0	0	0	0	0	0	0	0	0	1	0	0	0	0	0	0	0	0	0	0	0	0	0	0	0	
N29	2.0264e-05	4.68e-05	0.000131727	0.000379767	0.00104043	0.0026303	0.00606476	0.0126888	0.0240277	0.0411171	0.0635169	0.0885046	0.111168	0.125812	0.128246	0.11772	0.0972976	0.072412	0.0485336	0.0293033	0.015944	0.00782165	0.00346162	0.00138305	0.000499241	0.000162957	4.81423e-05	1.28857e-05	3.12805e-06	6.89461e-07	1.38142e-07	2.51922e-08	4.1873e-09	6.35432e-10	8.82575e-11	1.12713e-11	1.33718e-12	1.51166e-13	1.73656e-14	2.37421e-15	6.05145e-16	
POCUEN_Phyllobius_pyri	0	0	0	0	0	0	0	0	0	0	0	0	0	0	0	0	1	0	0	0	0	0	0	0	0	0	0	0	0	0	0	0	0	0	0	0	0	0	0	0	0	
POCUEN_Phyllobius_argentatus	0	0	0	0	0	0	0	0	0	0	0	0	0	0	0	0	0	0	0	0	0	0	1	0	0	0	0	0	0	0	0	0	0	0	0	0	0	0	0	0	0	
POCUEN_Foucartia_squamulata	0	0	0	0	0	0	0	0	0	0	0	1	0	0	0	0	0	0	0	0	0	0	0	0	0	0	0	0	0	0	0	0	0	0	0	0	0	0	0	0	0	
N30	0.0270353	0.0412685	0.0628997	0.0901827	0.117413	0.136354	0.140072	0.126809	0.101025	0.0708019	0.0436643	0.0237127	0.0113512	0.00479559	0.00179057	0.000591797	0.000173427	4.51442e-05	1.04577e-05	2.15999e-06	3.98561e-07	6.58297e-08	9.75187e-09	1.29822e-09	1.55615e-10	1.68281e-11	1.64485e-12	1.45591e-13	1.16912e-14	8.53264e-16	5.66982e-17	3.43614e-18	1.90255e-19	9.6412e-21	4.48047e-22	1.91474e-23	7.56389e-25	2.79727e-26	1.0037e-27	3.916e-29	2.86327e-30	
N31	1.13328e-08	6.69298e-08	4.75247e-07	3.04569e-06	1.69827e-05	8.19822e-05	0.0003422	0.00123388	0.00383903	0.0102944	0.0237604	0.0471432	0.0803096	0.11733	0.146864	0.157373	0.144271	0.113106	0.0758151	0.0434521	0.0212993	0.00893389	0.00320892	0.000987975	0.000261049	5.92795e-05	1.15877e-05	1.95342e-06	2.84555e-07	3.58965e-08	3.93067e-09	3.74526e-10	3.11334e-11	2.26402e-12	1.44441e-13	8.10998e-15	4.02444e-16	1.78123e-17	7.26439e-19	3.13665e-20	2.6261e-21	
N32	2.89884e-09	1.34256e-08	8.39694e-08	5.16237e-07	2.88586e-06	1.43692e-05	6.32941e-05	0.000245888	0.000840858	0.00252741	0.00666894	0.0154315	0.0312859	0.0555366	0.0862756	0.11726	0.139424	0.145047	0.132076	0.105325	0.0736159	0.0451421	0.0243154	0.0115208	0.00480925	0.00177195	0.000577395	0.000166764	4.27942e-05	9.78288e-06	1.99794e-06	3.6565e-07	6.0164e-08	8.93099e-09	1.20041e-09	1.46639e-10	1.63445e-11	1.67029e-12	1.5828e-13	1.47655e-14	2.11378e-15	
N33	3.23511e-100	1.24814e-96	4.67329e-93	1.64151e-89	5.36995e-86	1.62645e-82	4.53984e-79	1.16346e-75	2.72905e-72	5.84273e-69	1.13874e-65	2.01518e-62	3.22953e-59	4.67417e-56	6.09176e-53	7.12685e-50	7.45939e-47	6.95937e-44	5.76446e-41	4.22048e-38	2.71814e-35	1.53163e-32	7.50568e-30	3.17724e-27	1.15294e-24	3.5552e-22	9.22261e-20	1.98922e-17	3.5185e-15	5.02001e-13	5.66248e-11	4.92533e-09	3.20028e-07	1.4896e-05	0.000468799	0.00916394	0.096987	0.426677	0.355124	0.10094	0.0106238	
POCUMO_Hylobius_piceus	0	0	0	0	0	0	0	0	0	0	0	0	0	0	0	0	0	0	0	0	0	0	0	0	0	0	0	0	0	0	0	0	0	0	0	0	0	0	0	1	0	
POCUMO_Hylobius_abietis	0	0	0	0	0	0	0	0	0	0	0	0	0	0	0	0	0	0	0	0	0	0	0	0	0	0	0	0	0	0	0	0	0	0	0	0	0	1	0	0	0	
N34	3.56627e-09	2.01433e-08	1.55627e-07	1.15056e-06	7.5309e-06	4.27705e-05	0.000208994	0.000873563	0.00310738	0.00936093	0.0237714	0.0506667	0.0902921	0.134099	0.165567	0.169672	0.144241	0.101764	0.0596708	0.0291478	0.0118982	0.00407392	0.00117495	0.000286721	5.948e-05	1.05396e-05	1.60285e-06	2.10194e-07	2.38782e-08	2.36035e-09	2.03899e-10	1.54566e-11	1.03228e-12	6.09703e-14	3.19654e-15	1.49311e-16	6.24101e-18	2.35252e-19	8.18802e-21	2.9254e-22	2.05763e-23	
POCUCU_Dorytomus_sp	0	0	0	0	0	0	0	0	0	0	0	0	0	0	0	1	0	0	0	0	0	0	0	0	0	0	0	0	0	0	0	0	0	0	0	0	0	0	0	0	0	
POCUMO_Magdalis_sp	0	0	0	0	0	0	0	0	0	0	0	0	0	0	0	1	0	0	0	0	0	0	0	0	0	0	0	0	0	0	0	0	0	0	0	0	0	0	0	0	0	
N35	4.57597e-09	2.53606e-08	1.88225e-07	1.32242e-06	8.1698e-06	4.36399e-05	0.000200557	0.000791209	0.00267512	0.00774039	0.0191404	0.040396	0.0726778	0.111344	0.145118	0.160777	0.151324	0.120946	0.0820673	0.0472754	0.0231239	0.00960759	0.00339273	0.00101908	0.000260625	5.68184e-05	1.05734e-05	1.68214e-06	2.29176e-07	2.6788e-08	2.69182e-09	2.33029e-10	1.74184e-11	1.12684e-12	6.32477e-14	3.08822e-15	1.31594e-16	4.92158e-18	1.64762e-19	5.50755e-21	3.7609e-22	
N36	7.17984e-12	4.70037e-11	4.25537e-10	3.75256e-09	2.99549e-08	2.12603e-07	1.33364e-06	7.37076e-06	3.58064e-05	0.000152569	0.000569073	0.0018546	0.00527161	0.0130475	0.0280761	0.0524518	0.0849671	0.119214	0.144735	0.151934	0.137822	0.107989	0.0730734	0.0427028	0.0215561	0.00940367	0.00354755	0.0011584	0.000327772	8.04736e-05	1.71702e-05	3.18927e-06	5.16708e-07	7.31762e-08	9.08138e-09	9.90945e-10	9.56488e-11	8.2914e-12	6.76665e-13	6.08819e-14	1.06117e-14	
POCUCU_Curculio_dentipes	0	0	0	0	0	0	0	0	0	0	0	0	0	0	0	0	0	0	0	0	0	0	0	0	1	0	0	0	0	0	0	0	0	0	0	0	0	0	0	0	0	
N37	6.52607e-26	2.60855e-24	1.29556e-22	6.00183e-21	2.48602e-19	9.08277e-18	2.90751e-16	8.11598e-15	1.96698e-13	4.12118e-12	7.43128e-11	1.14787e-09	1.51141e-08	1.6877e-07	1.58957e-06	1.25566e-05	8.26986e-05	0.000451298	0.00202757	0.00745002	0.0222364	0.0535471	0.103333	0.158758	0.193015	0.184694	0.13848	0.0810932	0.0370239	0.0131773	0.00366205	0.000797265	0.000136633	1.85446e-05	2.00744e-06	1.74652e-07	1.23152e-08	7.11187e-10	3.44476e-11	1.57362e-12	1.38166e-13	
POCUCU_Curculio_nucum_M	0	0	0	0	0	0	0	0	0	0	0	0	0	0	0	0	0	0	0	0	0	0	0	0	0	0	1	0	0	0	0	0	0	0	0	0	0	0	0	0	0	
N38	5.64509e-32	4.72372e-30	5.05695e-28	4.83352e-26	4.04109e-24	2.93968e-22	1.85223e-20	1.0062e-18	4.69007e-17	1.86641e-15	6.30789e-14	1.8006e-12	4.31614e-11	8.63547e-10	1.43295e-08	1.95905e-07	2.19135e-06	1.99109e-05	0.000145855	0.000854747	0.00397547	0.0145569	0.0416263	0.0922199	0.15708	0.204256	0.201499	0.150041	0.08403	0.0353329	0.0111576	0.00265271	0.000477007	6.52976e-05	6.85935e-06	5.57999e-07	3.55021e-08	1.78699e-09	7.26986e-11	2.64562e-12	1.7491e-13	
POCUCU_Curculio_distinguendus	0	0	0	0	0	0	0	0	0	0	0	0	0	0	0	0	0	0	0	0	0	0	0	0	0	0	0	1	0	0	0	0	0	0	0	0	0	0	0	0	0	
N39	2.15299e-47	6.56567e-45	2.3662e-42	7.65506e-40	2.19612e-37	5.56177e-35	1.23794e-32	2.41038e-30	4.08521e-28	5.99505e-26	7.57491e-24	8.19155e-22	7.53322e-20	5.85135e-18	3.81082e-16	2.06476e-14	9.22919e-13	3.37267e-11	9.97848e-10	2.36508e-08	4.43935e-07	6.51636e-06	7.37657e-05	0.000634071	0.00406731	0.0190918	0.0641398	0.150435	0.239722	0.252397	0.171291	0.0738259	0.0202489	0.00360177	0.000427566	3.49606e-05	2.03015e-06	8.61164e-08	2.74638e-09	7.12471e-11	3.08738e-12	
POCUEN_Scepticus_insularis	0	0	0	0	0	0	0	0	0	0	0	0	0	0	0	0	0	0	0	0	0	0	0	0	0	0	0	0	0	0	1	0	0	0	0	0	0	0	0	0	0	
POCUEN_Scepticus_griseus	0	0	0	0	0	0	0	0	0	0	0	0	0	0	0	0	0	0	0	0	0	0	0	0	0	0	0	0	0	0	0	1	0	0	0	0	0	0	0	0	0	
N40	1.20398e-07	5.39593e-07	3.22776e-06	1.85351e-05	9.39919e-05	0.00041164	0.00154473	0.00494591	0.0134683	0.031108	0.0607962	0.100329	0.139562	0.163425	0.160943	0.133231	0.0927036	0.0542388	0.0267057	0.0110794	0.00387933	0.00114864	0.000288272	6.14782e-05	1.11727e-05	1.73542e-06	2.31107e-07	2.6472e-08	2.6167e-09	2.23953e-10	1.66514e-11	1.07915e-12	6.11621e-14	3.0414e-15	1.33121e-16	5.14485e-18	1.76124e-19	5.3606e-21	1.46557e-22	3.89453e-24	2.06565e-25	
N41	1.86482e-10	1.56749e-09	1.76442e-08	1.82859e-07	1.63079e-06	1.22953e-05	7.77213e-05	0.000409364	0.00178653	0.0064253	0.0189453	0.0455708	0.0890157	0.14063	0.179075	0.183314	0.150592	0.0992049	0.0524218	0.0222489	0.00760185	0.0020976	0.000469272	8.55071e-05	1.27537e-05	1.5655e-06	1.59026e-07	1.34448e-08	9.51431e-10	5.66754e-11	2.85768e-12	1.22627e-13	4.50176e-15	1.42103e-16	3.87581e-18	9.17666e-20	1.89463e-21	3.42677e-23	5.47458e-25	8.17531e-27	2.20847e-28	
POCUMO_Pissodes_schwarzi_M	0	0	0	0	0	0	0	0	0	0	0	0	0	0	0	0	0	0	1	0	0	0	0	0	0	0	0	0	0	0	0	0	0	0	0	0	0	0	0	0	0	
N42	7.32628e-13	1.04712e-11	2.03367e-10	3.51154e-09	5.09609e-08	6.13303e-07	6.06824e-06	4.89557e-05	0.000319317	0.00166942	0.00693503	0.0226959	0.058037	0.1151	0.175906	0.206134	0.1846	0.126143	0.0657947	0.0262527	0.0080454	0.00190437	0.000350609	5.06101e-05	5.77779e-06	5.26387e-07	3.86196e-08	2.30225e-09	1.12487e-10	4.54232e-12	1.52798e-13	4.314e-15	1.02954e-16	2.09079e-18	3.63582e-20	5.44607e-22	7.06586e-24	7.98241e-26	7.90043e-28	7.08025e-30	1.05633e-31	
POCUMO_Pissodes_strobi	0	0	0	0	0	0	0	0	0	0	0	0	0	0	0	0	0	0	0	1	0	0	0	0	0	0	0	0	0	0	0	0	0	0	0	0	0	0	0	0	0	
POCUMO_Pissodes_nemorensis	0	0	0	0	0	0	0	0	0	0	0	0	0	0	1	0	0	0	0	0	0	0	0	0	0	0	0	0	0	0	0	0	0	0	0	0	0	0	0	0	0	
N43	4.28534e-10	5.88793e-09	9.83146e-08	1.41207e-06	1.63768e-05	0.000149519	0.00105531	0.00566135	0.022695	0.0668416	0.142327	0.216092	0.231623	0.174493	0.0925681	0.0348604	0.00944013	0.00186762	0.000274611	3.05313e-05	2.60948e-06	1.74121e-07	9.20068e-09	3.90029e-10	1.3422e-11	3.79001e-13	8.86776e-15	1.73462e-16	2.85985e-18	4.0038e-20	4.79258e-22	4.93603e-24	4.39986e-26	3.41276e-28	2.31511e-30	1.38002e-32	7.26118e-35	3.3891e-37	1.41743e-39	5.59249e-42	3.37953e-44	
POCUCL_Cleonus_sp	0	0	0	0	0	0	0	0	0	0	0	1	0	0	0	0	0	0	0	0	0	0	0	0	0	0	0	0	0	0	0	0	0	0	0	0	0	0	0	0	0	
N44	1.42985e-12	3.88368e-11	1.31542e-09	3.62893e-08	7.7553e-07	1.25712e-05	0.000151574	0.00133141	0.00833093	0.0362554	0.107046	0.209297	0.265349	0.21509	0.111067	0.0368153	0.00797337	0.00115576	0.000115135	8.09271e-06	4.11406e-07	1.54726e-08	4.39378e-10	9.59495e-12	1.63793e-13	2.21809e-15	2.4145e-17	2.13802e-19	1.55671e-21	9.41163e-24	4.76704e-26	2.03938e-28	7.4243e-31	2.31582e-33	6.22878e-36	1.4531e-38	2.95629e-41	5.27179e-44	8.27949e-47	1.15578e-49	2.08255e-52	
POCUMO_Lixus_sp	0	0	0	0	0	0	0	0	0	0	0	0	0	0	1	0	0	0	0	0	0	0	0	0	0	0	0	0	0	0	0	0	0	0	0	0	0	0	0	0	0	
POCUMO_Larinus_sp	0	0	0	0	0	0	0	0	0	0	0	0	1	0	0	0	0	0	0	0	0	0	0	0	0	0	0	0	0	0	0	0	0	0	0	0	0	0	0	0	0	
N45	0.0959801	0.121304	0.138883	0.144877	0.137602	0.11863	0.0925098	0.0650485	0.0411369	0.0233521	0.0118825	0.00541459	0.00220822	0.000805787	0.00026308	7.68648e-05	2.01049e-05	4.71022e-06	9.89079e-07	1.86298e-07	3.15032e-08	4.78724e-09	6.54412e-10	8.05617e-11	8.94164e-12	8.95853e-13	8.11189e-14	6.64695e-15	4.93512e-16	3.32441e-17	2.03444e-18	1.13258e-19	5.74329e-21	2.65647e-22	1.12222e-23	4.33573e-25	1.53418e-26	4.98314e-28	1.50102e-29	4.57816e-31	2.94426e-32	
N46	0.0959509	0.120386	0.136455	0.1412	0.133828	0.116163	0.092192	0.0667633	0.0440298	0.0263994	0.0143719	0.00709749	0.00317761	0.00128932	0.000474079	0.000157988	4.77318e-05	1.30794e-05	3.25244e-06	7.34433e-07	1.5071e-07	2.81277e-08	4.7787e-09	7.39735e-10	1.04438e-10	1.34616e-11	1.58581e-12	1.70918e-13	1.68725e-14	1.52727e-15	1.26905e-16	9.69097e-18	6.80887e-19	4.40663e-20	2.63025e-21	1.4501e-22	7.40327e-24	3.52504e-25	1.60829e-26	7.96871e-28	8.30975e-29	
POCUSC_Crypturgus_pusillus	0	0	0	0	0	0	0	0	0	1	0	0	0	0	0	0	0	0	0	0	0	0	0	0	0	0	0	0	0	0	0	0	0	0	0	0	0	0	0	0	0	
N47	0.0661061	0.088203	0.109852	0.126334	0.133023	0.127577	0.111117	0.0877462	0.0627591	0.0406312	0.0238024	0.012615	0.00604855	0.00262407	0.00103034	0.0003663	0.00011797	3.44397e-05	9.12035e-06	2.19271e-06	4.79023e-07	9.5182e-08	1.72195e-08	2.83934e-09	4.27204e-10	5.87185e-11	7.38162e-12	8.4975e-13	8.96865e-14	8.68957e-15	7.73833e-16	6.34189e-17	4.78912e-18	3.33659e-19	2.14735e-20	1.27827e-21	7.04972e-23	3.61638e-24	1.76009e-25	9.23859e-27	1.08663e-27	
POCUDR_Cosmopolites_sordidus	0	0	0	0	0	1	0	0	0	0	0	0	0	0	0	0	0	0	0	0	0	0	0	0	0	0	0	0	0	0	0	0	0	0	0	0	0	0	0	0	0	
POCUEN_Tanymecus_sp	0	0	0	0	0	0	0	0	0	0	0	1	0	0	0	0	0	0	0	0	0	0	0	0	0	0	0	0	0	0	0	0	0	0	0	0	0	0	0	0	0	
N48	0.0718326	0.0953364	0.117564	0.133256	0.137596	0.128657	0.108515	0.0823484	0.0561232	0.034308	0.0187943	0.00922105	0.00405065	0.00159301	0.000560942	0.000176907	4.99915e-05	1.26655e-05	2.87892e-06	5.87577e-07	1.07774e-07	1.77829e-08	2.64228e-09	3.53931e-10	4.27879e-11	4.67414e-12	4.6195e-13	4.13564e-14	3.35816e-15	2.47647e-16	1.66076e-17	1.01413e-18	5.64644e-20	2.87034e-21	1.3341e-22	5.67893e-24	2.2201e-25	8.02731e-27	2.75152e-28	9.94976e-30	7.15828e-31	
N49	2.58138e-06	1.05062e-05	5.08454e-05	0.000223904	0.000858416	0.00284433	0.00812253	0.0199366	0.0419299	0.0753147	0.115149	0.149372	0.16392	0.151805	0.118426	0.077744	0.0429409	0.0199701	0.00783245	0.00259705	0.000730264	0.000174781	3.57517e-05	6.27741e-06	9.50412e-07	1.24647e-07	1.42257e-08	1.4192e-09	1.24307e-10	9.60001e-12	6.56362e-13	3.98849e-14	2.16216e-15	1.04937e-16	4.57518e-18	1.79782e-19	6.38899e-21	2.0637e-22	6.15662e-24	1.86554e-25	1.14942e-26	
POCUBR_Echinocnemus_sp	0	0	0	0	0	0	0	0	0	0	0	0	0	0	0	1	0	0	0	0	0	0	0	0	0	0	0	0	0	0	0	0	0	0	0	0	0	0	0	0	0	
POCUER_Tanysphyrus_lemnae	0	0	0	0	0	0	0	0	0	0	0	0	0	0	0	1	0	0	0	0	0	0	0	0	0	0	0	0	0	0	0	0	0	0	0	0	0	0	0	0	0	
N50	0.0740491	0.0971417	0.118265	0.132982	0.13695	0.128115	0.108153	0.0819947	0.0556445	0.0337319	0.0182434	0.00879734	0.00378179	0.00144944	0.000495472	0.000151144	4.11738e-05	1.00244e-05	2.18327e-06	4.25797e-07	7.44423e-08	1.16805e-08	1.64686e-09	2.08911e-10	2.3875e-11	2.46145e-12	2.29249e-13	1.93154e-14	1.47435e-15	1.02099e-16	6.42391e-18	3.67758e-19	1.91841e-20	9.132e-22	3.97251e-23	1.58154e-24	5.77226e-26	1.93757e-27	6.06474e-29	1.94786e-30	1.30682e-31	
N51	3.66945e-05	0.000190594	0.00106292	0.00488132	0.0176286	0.0492541	0.105316	0.170996	0.20986	0.194297	0.135651	0.0714492	0.0284308	0.00857301	0.0019706	0.000348535	4.80127e-05	5.22236e-06	4.54842e-07	3.21533e-08	1.86838e-09	9.02878e-11	3.66692e-12	1.26364e-13	3.72684e-15	9.48038e-17	2.09479e-18	4.0463e-20	6.87241e-22	1.03182e-23	1.37612e-25	1.63765e-27	1.74618e-29	1.67467e-31	1.44973e-33	1.13664e-35	8.09867e-38	5.26853e-40	3.1705e-42	1.87914e-44	1.79664e-46	
POCUDR_Sphenophorus_sp	0	0	0	0	0	0	0	0	0	0	0	0	0	1	0	0	0	0	0	0	0	0	0	0	0	0	0	0	0	0	0	0	0	0	0	0	0	0	0	0	0	
POCUDR_Metamasius_hemipterus	0	0	0	0	0	0	1	0	0	0	0	0	0	0	0	0	0	0	0	0	0	0	0	0	0	0	0	0	0	0	0	0	0	0	0	0	0	0	0	0	0	
N52	0.0515229	0.0734546	0.0997019	0.12397	0.138656	0.138486	0.123142	0.097334	0.0683184	0.0425498	0.023503	0.0115107	0.00499842	0.001925	0.000657827	0.000199614	5.38353e-05	1.29187e-05	2.76179e-06	5.26723e-07	8.97514e-08	1.36853e-08	1.87044e-09	2.29536e-10	2.53362e-11	2.51995e-12	2.2625e-13	1.83704e-14	1.35137e-15	9.02281e-17	5.47778e-18	3.02925e-19	1.52862e-20	7.05097e-22	2.97801e-23	1.15362e-24	4.10607e-26	1.34637e-27	4.11201e-29	1.28007e-30	8.46085e-32	
POCUDR_Rhynchophorus_ferrugineus	0	0	0	1	0	0	0	0	0	0	0	0	0	0	0	0	0	0	0	0	0	0	0	0	0	0	0	0	0	0	0	0	0	0	0	0	0	0	0	0	0	
POCUDR_Diocalandra_sp	0	0	0	0	0	0	0	0	0	0	0	0	1	0	0	0	0	0	0	0	0	0	0	0	0	0	0	0	0	0	0	0	0	0	0	0	0	0	0	0	0	
N53	5.24875e-05	0.000178843	0.000688024	0.00241263	0.0073459	0.0191005	0.0420548	0.0779698	0.121211	0.157479	0.170552	0.153681	0.115072	0.0715517	0.0369447	0.0158486	0.00565446	0.00168048	0.000416865	8.65232e-05	1.50681e-05	2.20858e-06	2.73367e-07	2.86738e-08	2.55809e-09	1.94834e-10	1.27167e-11	7.13992e-13	3.46151e-14	1.45449e-15	5.31649e-17	1.69657e-18	4.74322e-20	1.16578e-21	2.52721e-23	4.84805e-25	8.25793e-27	1.25494e-28	1.72496e-30	2.30981e-32	5.45019e-34	
N54	3.98094e-06	1.72693e-05	8.98408e-05	0.000431545	0.00178652	0.00621037	0.0179076	0.0425359	0.0828447	0.131851	0.17103	0.18045	0.154631	0.107517	0.0606305	0.0277299	0.010291	0.00310198	0.000760491	0.000151921	2.47843e-05	3.31055e-06	3.63125e-07	3.28129e-08	2.45116e-09	1.51926e-10	7.84316e-12	3.38584e-13	1.22719e-14	3.74974e-16	9.69877e-18	2.13224e-19	4.00056e-21	6.43151e-23	8.89457e-25	1.06227e-26	1.09974e-28	9.90629e-31	7.80027e-33	5.52149e-35	6.24305e-37	
N55	9.26785e-09	6.06528e-08	5.07041e-07	3.92375e-06	2.62364e-05	0.000148257	0.000700817	0.00275434	0.00896136	0.0240557	0.0531353	0.0963696	0.143276	0.174414	0.173727	0.14156	0.0943903	0.0515422	0.0230775	0.0084868	0.00256897	0.000641709	0.00013266	2.27697e-05	3.25611e-06	3.89371e-07	3.90861e-08	3.30673e-09	2.36732e-10	1.44008e-11	7.47487e-13	3.32476e-14	1.27281e-15	4.21366e-17	1.21278e-18	3.05623e-20	6.81756e-22	1.37361e-23	2.60097e-25	5.00323e-27	1.47147e-28	
N56	3.67337e-10	1.62361e-09	9.81528e-09	5.958e-08	3.35275e-07	1.71182e-06	7.87601e-06	3.25616e-05	0.000120764	0.000401301	0.0011936	0.00317485	0.00754657	0.0160205	0.0303601	0.0513434	0.0774702	0.104285	0.125247	0.134228	0.128403	0.109681	0.0836982	0.0570935	0.0348362	0.0190273	0.00931089	0.00408584	0.00160954	0.000569873	0.000181605	5.21841e-05	1.35543e-05	3.19414e-06	6.87045e-07	1.36313e-07	2.54245e-08	4.6143e-09	8.66263e-10	1.88012e-10	6.57115e-11	
N57	5.2836e-16	3.81969e-15	3.85021e-14	3.84962e-13	3.59174e-12	3.07983e-11	2.4136e-10	1.72393e-09	1.12024e-08	6.61313e-08	3.54202e-07	1.71916e-06	7.55257e-06	2.99989e-05	0.000107618	0.000348329	0.00101627	0.00267027	0.00631354	0.0134228	0.0256438	0.0440002	0.0677747	0.0936878	0.116203	0.129315	0.129131	0.11574	0.0931565	0.0673777	0.0438321	0.0256776	0.0135661	0.00647621	0.00280069	0.00110139	0.000396609	0.000132856	4.32209e-05	1.55257e-05	8.77675e-06	
POCUSC_Xyleborus_sp	0	0	0	0	0	0	0	0	0	0	0	0	0	0	0	0	0	0	0	0	0	0	0	0	0	0	0	0	0	0	0	0	0	0	0	0	0	0	0	1	0	
N58	8.8115e-21	1.07443e-19	1.90747e-18	3.29905e-17	5.24992e-16	7.60972e-15	1.0014e-13	1.19372e-12	1.28631e-11	1.25036e-10	1.09408e-09	8.59907e-09	6.0576e-08	3.81626e-07	2.14536e-06	1.07381e-05	4.77482e-05	0.00018821	0.000656222	0.00201966	0.00547587	0.0130543	0.0273153	0.050085	0.0803584	0.112677	0.137936	0.147306	0.137169	0.111357	0.0788339	0.0487058	0.0263022	0.0124492	0.00518922	0.0019211	0.000641609	0.000199405	6.1788e-05	2.25915e-05	1.38945e-05	
POCUSC_Xylosandrus_compactus	0	0	0	0	0	0	0	0	0	0	0	0	0	0	0	0	0	0	0	0	0	0	0	0	0	1	0	0	0	0	0	0	0	0	0	0	0	0	0	0	0	
POCUSC_Xylosandrus_germanus	0	0	0	0	0	0	0	0	0	0	0	0	0	0	0	0	0	0	0	0	0	0	0	0	0	0	0	0	0	0	0	0	0	0	0	1	0	0	0	0	0	
N59	7.72688e-13	3.98614e-12	2.87954e-11	2.10139e-10	1.43976e-09	9.09204e-09	5.25942e-08	2.77871e-07	1.33822e-06	5.86515e-06	2.33584e-05	8.44075e-05	0.000276357	0.00081866	0.00219121	0.00529216	0.0115185	0.0225656	0.0397452	0.0628703	0.0892292	0.113525	0.129383	0.132003	0.120505	0.0983993	0.0718553	0.0469235	0.0274058	0.0143199	0.00669707	0.00280514	0.00105325	0.000354955	0.0001076	2.94693e-05	7.37246e-06	1.73615e-06	4.18512e-07	1.27828e-07	7.32781e-08	
POCUSC_Dryocoetes_affaber	0	0	0	0	0	0	0	0	0	0	0	0	0	0	0	0	0	0	0	0	0	0	0	0	0	0	1	0	0	0	0	0	0	0	0	0	0	0	0	0	0	
POCUSC_Dryocoetes_autographus	0	0	0	0	0	0	0	0	0	0	0	0	0	0	0	0	0	0	0	0	0	0	0	0	0	0	0	0	1	0	0	0	0	0	0	0	0	0	0	0	0	
N60	5.71806e-10	4.60669e-09	4.72191e-08	4.47963e-07	3.67638e-06	2.55153e-05	0.000148175	0.00071533	0.00285684	0.00940083	0.0254006	0.0561845	0.101481	0.149368	0.178878	0.174119	0.137699	0.0884857	0.0462377	0.0196736	0.00682935	0.00193894	0.000451596	8.65866e-05	1.37202e-05	1.8044e-06	1.97861e-07	1.81786e-08	1.40665e-09	9.21814e-11	5.14679e-12	2.46467e-13	1.02002e-14	3.68091e-16	1.17054e-17	3.32101e-19	8.52224e-21	2.00511e-22	4.37426e-24	8.95637e-26	2.30683e-27	
POCUSC_Pityogenes_hopkinsi_M	0	0	0	0	0	0	0	0	0	0	0	0	0	0	0	0	0	0	0	0	0	0	0	0	0	0	0	0	0	1	0	0	0	0	0	0	0	0	0	0	0	
N61	2.90573e-11	2.9811e-10	4.01099e-09	4.99195e-08	5.33175e-07	4.76229e-06	3.51408e-05	0.000212662	0.00105	0.00421202	0.0136782	0.0358457	0.0755966	0.127991	0.173613	0.188369	0.163284	0.112997	0.0624127	0.0275216	0.00969625	0.00273286	0.000617288	0.000111994	1.63648e-05	1.9319e-06	1.8489e-07	1.43992e-08	9.16218e-10	4.78344e-11	2.05817e-12	7.33166e-14	2.17246e-15	5.38073e-17	1.1196e-18	1.96768e-20	2.93853e-22	3.75784e-24	4.17333e-26	4.27854e-28	7.83186e-30	
N62	1.99986e-09	1.4011e-08	1.13717e-07	8.65797e-07	5.87113e-06	3.46392e-05	0.000175619	0.000759212	0.00278248	0.00860345	0.0223469	0.0485712	0.088036	0.132671	0.165836	0.171633	0.146917	0.10398	0.0608708	0.0295095	0.0118692	0.0039708	0.00110835	0.000259032	5.08879e-05	8.43869e-06	1.18639e-06	1.4204e-07	1.45467e-08	1.28004e-09	9.72047e-11	6.3976e-12	3.66461e-13	1.83447e-14	8.05941e-16	3.12282e-17	1.07523e-18	3.34404e-20	9.83659e-22	3.14474e-23	1.71047e-24	
N63	9.56824e-06	2.43931e-05	7.79428e-05	0.00025364	0.000773513	0.00214561	0.00535452	0.0119681	0.0239042	0.0426033	0.06768	0.095751	0.120554	0.134998	0.1344	0.118927	0.0935223	0.0653617	0.0406054	0.0224309	0.0110235	0.00482251	0.0018795	0.00065314	0.000202583	5.61456e-05	1.39208e-05	3.09179e-06	6.15954e-07	1.10229e-07	1.77461e-08	2.57414e-09	3.36948e-10	3.98655e-11	4.27039e-12	4.1498e-13	3.6697e-14	2.97826e-15	2.29605e-16	1.97659e-17	3.73185e-18	
N64	1.33832e-06	4.14511e-06	1.66923e-05	6.75208e-05	0.000251652	0.000840848	0.00249423	0.00653882	0.0151074	0.0306955	0.0547489	0.0855869	0.117109	0.140099	0.146409	0.133573	0.10635	0.0738921	0.0448115	0.0237314	0.0109831	0.00444664	0.00157681	0.00049045	0.000134025	3.2235e-05	6.83685e-06	1.2813e-06	2.12636e-07	3.13151e-08	4.10176e-09	4.78922e-10	4.99597e-11	4.6668e-12	3.91238e-13	2.95037e-14	2.00645e-15	1.23633e-16	7.04683e-18	4.2496e-19	5.70241e-20	
POCUSC_Ips_spinifer	0	0	0	0	0	0	0	0	0	0	0	0	0	0	0	0	1	0	0	0	0	0	0	0	0	0	0	0	0	0	0	0	0	0	0	0	0	0	0	0	0	
POCUSC_Ips_latidens	0	0	0	0	0	0	0	0	0	0	0	0	0	0	0	0	1	0	0	0	0	0	0	0	0	0	0	0	0	0	0	0	0	0	0	0	0	0	0	0	0	
POCUSC_Orthotomicus_laricis	0	0	0	0	0	0	0	0	0	0	0	0	0	0	0	0	1	0	0	0	0	0	0	0	0	0	0	0	0	0	0	0	0	0	0	0	0	0	0	0	0	
N65	4.8215e-08	1.48631e-07	6.05447e-07	2.5419e-06	1.01123e-05	3.71244e-05	0.00012465	0.000381394	0.00106134	0.00268249	0.00615082	0.012782	0.0240514	0.0409439	0.0630123	0.0876117	0.109991	0.124626	0.127399	0.117467	0.0976807	0.0732535	0.0495467	0.0302313	0.0166452	0.00827356	0.00371448	0.00150722	0.000553148	0.000183757	5.53064e-05	1.50961e-05	3.74107e-06	8.42829e-07	1.72938e-07	3.2425e-08	5.59907e-09	9.105e-10	1.49245e-10	3.01863e-11	1.23332e-11	
POCUSC_Pityogenes_chalcographus	0	0	0	0	0	0	0	0	0	0	0	0	0	0	0	0	0	0	0	0	0	0	0	0	1	0	0	0	0	0	0	0	0	0	0	0	0	0	0	0	0	
POCUSC_Orthotomicus_erosus	0	0	0	0	0	0	0	0	0	0	0	0	0	0	0	0	0	0	0	0	0	1	0	0	0	0	0	0	0	0	0	0	0	0	0	0	0	0	0	0	0	
N66	7.46393e-14	1.13623e-12	2.3556e-11	4.35778e-10	6.78734e-09	8.78263e-08	9.378e-07	8.21985e-06	5.88643e-05	0.000342941	0.00161908	0.00617258	0.0189433	0.0466733	0.0921177	0.145392	0.183296	0.184466	0.148189	0.0950806	0.048779	0.0200433	0.00661097	0.00175508	0.00037621	6.53448e-05	9.23266e-06	1.06561e-06	1.00916e-07	7.8787e-09	5.09636e-10	2.74606e-11	1.23992e-12	4.72408e-14	1.53195e-15	4.27898e-17	1.0483e-18	2.3218e-20	4.89452e-22	1.07072e-23	3.67339e-25	
N67	1.67697e-16	4.01252e-15	1.26975e-13	3.48063e-12	7.94609e-11	1.49875e-09	2.32289e-08	2.94319e-07	3.03334e-06	2.53065e-05	0.000170113	0.000917387	0.00395306	0.0135619	0.036928	0.0795998	0.135553	0.182108	0.192855	0.160972	0.105949	0.0550492	0.0226175	0.00736459	0.00190568	0.000393126	6.48848e-05	8.60168e-06	9.19759e-07	7.96788e-08	5.61826e-09	3.23995e-10	1.53569e-11	6.01336e-13	1.95556e-14	5.31099e-16	1.21191e-17	2.34105e-19	3.88281e-21	5.91857e-23	1.61419e-24	
N68	2.2322e-15	3.23866e-14	6.50907e-13	1.19785e-11	1.90967e-10	2.60842e-09	3.03625e-08	2.99832e-07	2.50099e-06	1.75464e-05	0.000103111	0.000505542	0.00206034	0.00695668	0.019404	0.0446035	0.0843439	0.13105	0.167221	0.175258	0.150982	0.107057	0.0625969	0.0302506	0.0121148	0.0040326	0.00111927	0.000259922	5.06832e-05	8.32968e-06	1.15838e-06	1.3689e-07	1.38105e-08	1.1959e-09	8.94771e-11	5.83774e-12	3.37079e-13	1.77278e-14	9.05874e-16	5.2428e-17	5.3192e-18	
N69	1.2816e-13	9.62672e-13	1.04133e-11	1.09587e-10	1.04471e-09	8.89489e-09	6.73234e-08	4.51612e-07	2.67774e-06	1.39976e-05	6.43472e-05	0.000259507	0.000916055	0.00282439	0.00759136	0.0177568	0.0360932	0.063678	0.0974241	0.129181	0.14841	0.147727	0.127445	0.0953457	0.0619088	0.0349253	0.0171402	0.00732862	0.00273448	0.000892018	0.000254924	6.39743e-05	1.41377e-05	2.76133e-06	4.79192e-07	7.45074e-08	1.05318e-08	1.39002e-09	1.80555e-10	2.61345e-11	6.49634e-12	
N70	6.86337e-20	1.18421e-18	2.76145e-17	6.12936e-16	1.22694e-14	2.18621e-13	3.44891e-12	4.79892e-11	5.86877e-10	6.28573e-09	5.87482e-08	4.77361e-07	3.35933e-06	2.03946e-05	0.000106391	0.00047498	0.00180743	0.00583863	0.0159473	0.0366863	0.0708188	0.114317	0.153824	0.172067	0.159648	0.122665	0.0779737	0.0409982	0.0178409	0.00643423	0.00192714	0.000480702	0.000100194	1.7518e-05	2.58011e-06	3.21612e-07	3.41209e-08	3.11237e-09	2.52381e-10	2.12786e-11	3.72262e-12	
POCUSC_Ips_montanus	0	0	0	0	0	0	0	0	0	0	0	0	0	0	0	0	0	0	0	0	0	0	0	1	0	0	0	0	0	0	0	0	0	0	0	0	0	0	0	0	0	
N71	8.03506e-28	3.79839e-26	2.38694e-24	1.36604e-22	6.90778e-21	3.0676e-19	1.19133e-17	4.02941e-16	1.18186e-14	2.99263e-13	6.51132e-12	1.21137e-10	1.91712e-09	2.56716e-08	2.89236e-07	2.72587e-06	2.13584e-05	0.000138259	0.000734585	0.00318198	0.0111605	0.0314782	0.0709111	0.126747	0.178655	0.197516	0.170529	0.114625	0.0598989	0.0243428	0.00771011	0.00191052	0.000372328	5.74319e-05	7.06235e-06	6.97691e-07	5.58303e-08	3.65563e-09	2.0037e-10	1.03319e-11	1.04093e-12	
POCUSC_Ips_paraconfusus	0	0	0	0	0	0	0	0	0	0	0	0	0	0	0	0	0	0	0	0	0	0	0	0	0	0	0	0	1	0	0	0	0	0	0	0	0	0	0	0	0	
N72	6.3409e-40	1.0992e-37	2.32709e-35	4.42087e-33	7.42189e-31	1.09576e-28	1.41614e-26	1.59431e-24	1.55543e-22	1.30778e-20	9.41967e-19	5.77549e-17	2.99376e-15	1.30229e-13	4.71623e-12	1.40967e-10	3.44491e-09	6.81255e-08	1.07798e-06	1.348e-05	0.000131398	0.000983384	0.00555659	0.0232722	0.0708161	0.153313	0.23129	0.238746	0.166519	0.0781705	0.0248401	0.00542018	0.000828484	9.07109e-05	7.27562e-06	4.36651e-07	1.99959e-08	7.1141e-10	2.00706e-11	4.83266e-13	2.01716e-14	
POCUSC_Ips_confusus	0	0	0	0	0	0	0	0	0	0	0	0	0	0	0	0	0	0	0	0	0	0	0	0	0	0	0	0	0	1	0	0	0	0	0	0	0	0	0	0	0	
POCUSC_Ips_hoppingi	0	0	0	0	0	0	0	0	0	0	0	0	0	0	0	0	0	0	0	0	0	0	0	0	0	0	0	1	0	0	0	0	0	0	0	0	0	0	0	0	0	
POCUSC_Ips_lecontei	0	0	0	0	0	0	0	0	0	0	0	0	0	0	0	0	0	0	0	0	0	0	0	0	0	0	0	0	0	1	0	0	0	0	0	0	0	0	0	0	0	
N73	7.65778e-13	5.42268e-12	5.24297e-11	4.96815e-10	4.30554e-09	3.34924e-08	2.3221e-07	1.42909e-06	7.78132e-06	3.73725e-05	0.000157869	0.000584909	0.00189579	0.00536241	0.0132091	0.0282838	0.052568	0.0847154	0.118301	0.143124	0.150052	0.136412	0.107647	0.0738385	0.044099	0.0229766	0.0104665	0.00417846	0.00146582	0.000453161	0.00012387	3.00543e-05	6.50369e-06	1.26321e-06	2.22168e-07	3.58393e-08	5.40738e-09	7.86902e-10	1.16079e-10	1.88303e-11	4.40091e-12	
POCUSC_Ips_cribricollis	0	0	0	0	0	0	0	0	0	0	0	0	0	0	0	0	0	0	0	0	0	0	0	1	0	0	0	0	0	0	0	0	0	0	0	0	0	0	0	0	0	
POCUSC_Ips_calligraphus	0	0	0	0	0	0	0	0	0	0	0	0	0	0	0	0	0	0	0	0	0	0	0	0	0	0	0	0	0	0	0	0	1	0	0	0	0	0	0	0	0	
N74	6.71615e-17	1.53285e-15	4.68394e-14	1.25671e-12	2.84253e-11	5.37544e-10	8.45161e-09	1.09892e-07	1.17548e-06	1.02908e-05	7.33698e-05	0.000424005	0.00197749	0.0074137	0.0222658	0.0534179	0.102147	0.155457	0.188154	0.181106	0.138738	0.0847093	0.0413107	0.0161352	0.00506389	0.00128177	0.000262751	4.38134e-05	5.97089e-06	6.68285e-07	6.174e-08	4.73271e-09	3.02636e-10	1.62358e-11	7.35437e-13	2.83571e-14	9.42089e-16	2.75448e-17	7.37003e-19	1.94234e-20	7.69222e-22	
N75	5.04358e-16	4.60737e-15	6.18415e-14	8.03314e-13	9.45902e-12	9.98607e-11	9.41816e-10	7.91458e-09	5.91176e-08	3.91558e-07	2.29436e-06	1.18672e-05	5.4068e-05	0.000216568	0.00076126	0.00234462	0.00631859	0.014883	0.030613	0.054955	0.08607	0.117603	0.140217	0.145957	0.132749	0.105607	0.073589	0.0449925	0.0241867	0.0114603	0.00480014	0.00178327	0.000589876	0.000174491	4.63835e-05	1.11407e-05	2.43445e-06	4.89628e-07	9.33294e-08	1.85911e-08	5.78403e-09	
N76	1.15404e-19	1.49625e-18	2.80901e-17	5.07535e-16	8.35381e-15	1.24045e-13	1.65565e-12	1.9809e-11	2.11889e-10	2.02087e-09	1.71381e-08	1.28873e-07	8.56839e-07	5.02242e-06	2.5878e-05	0.00011686	0.00046114	0.00158546	0.00473556	0.0122533	0.027392	0.0527676	0.087389	0.124158	0.151057	0.157154	0.139661	0.105959	0.0686216	0.0379499	0.0179376	0.00725615	0.00251658	0.000749962	0.000192561	4.27522e-05	8.25971e-06	1.41235e-06	2.26815e-07	4.23218e-08	1.62101e-08	
POCUSC_Orthotomicus_caelatus	0	0	0	0	0	0	0	0	0	0	0	0	0	0	0	0	0	0	0	0	0	0	0	0	0	0	0	1	0	0	0	0	0	0	0	0	0	0	0	0	0	
POCUSC_Ips_perroti	0	0	0	0	0	0	0	0	0	0	0	0	0	0	0	0	0	0	0	0	0	0	0	0	0	0	0	0	1	0	0	0	0	0	0	0	0	0	0	0	0	
POCUSC_Ips_typographus	0	0	0	0	0	0	0	0	0	0	0	0	0	0	0	0	0	0	0	0	0	0	0	0	0	0	0	0	0	0	0	0	0	0	0	0	0	1	0	0	0	
N77	2.04047e-16	4.45536e-15	1.314e-13	3.4064e-12	7.41019e-11	1.33974e-09	2.00206e-08	2.46102e-07	2.47709e-06	2.03253e-05	0.000135381	0.000729065	0.00316255	0.0110127	0.0306925	0.0682869	0.121035	0.170641	0.191177	0.170138	0.120301	0.0676355	0.0302761	0.0108106	0.00308629	0.000706408	0.000130037	1.93181e-05	2.32473e-06	2.2751e-07	1.81826e-08	1.19184e-09	6.43639e-11	2.87726e-12	1.07006e-13	3.32907e-15	8.72066e-17	1.94136e-18	3.74824e-20	6.8316e-22	2.22587e-23	
N78	2.1676e-14	3.14452e-13	5.96709e-12	1.04134e-10	1.56843e-09	2.00549e-08	2.16143e-07	1.95337e-06	1.47343e-05	9.23531e-05	0.00047896	0.00204695	0.00718157	0.0206114	0.0482398	0.0918187	0.141813	0.177431	0.17964	0.147111	0.0974637	0.0522841	0.0227445	0.00804026	0.0023158	0.000545169	0.00010527	1.67388e-05	2.20103e-06	2.40423e-07	2.19209e-08	1.67698e-09	1.08264e-10	5.93832e-12	2.79097e-13	1.13696e-14	4.08017e-16	1.31919e-17	3.95254e-19	1.13964e-20	4.53655e-22	
POCUSC_Ips_bonanseai	0	0	0	0	0	0	0	0	0	0	0	0	0	0	0	0	0	0	0	0	0	0	0	0	0	0	0	0	0	0	1	0	0	0	0	0	0	0	0	0	0	
N79	4.65107e-11	3.84483e-10	4.23143e-09	4.3889e-08	3.98769e-07	3.10552e-06	2.05418e-05	0.000114784	0.000539573	0.00212605	0.00699854	0.0191877	0.0436914	0.0824173	0.128504	0.165297	0.175145	0.152699	0.10947	0.0645196	0.031272	0.0124749	0.00410099	0.00111294	0.000249883	4.6537e-05	7.20988e-06	9.32227e-07	1.00944e-07	9.18737e-09	7.055e-10	4.58869e-11	2.53797e-12	1.1985e-13	4.8522e-15	1.69185e-16	5.11091e-18	1.35269e-19	3.23009e-21	7.66339e-23	3.10082e-24	
POCUSC_Ips_pini	0	0	0	0	0	0	0	0	0	0	0	0	0	0	0	0	0	0	0	0	1	0	0	0	0	0	0	0	0	0	0	0	0	0	0	0	0	0	0	0	0	
N80	7.4193e-10	5.36391e-09	4.84472e-08	4.07546e-07	3.01034e-06	1.91477e-05	0.000103915	0.000478464	0.00186122	0.00609517	0.0167511	0.038523	0.0739395	0.118167	0.156922	0.172862	0.157745	0.119137	0.07443	0.0384621	0.0164466	0.00582447	0.00171058	0.000417349	8.47737e-05	1.43721e-05	2.03943e-06	2.42982e-07	2.43873e-08	2.06917e-09	1.48952e-10	9.13128e-12	4.78503e-13	2.15155e-14	8.33256e-16	2.79009e-17	8.10991e-19	2.05751e-20	4.62415e-22	9.9927e-24	3.99526e-25	
POCUSC_Ips_avulsus	0	0	0	0	0	0	0	0	0	0	0	0	1	0	0	0	0	0	0	0	0	0	0	0	0	0	0	0	0	0	0	0	0	0	0	0	0	0	0	0	0	
N81	9.51148e-09	4.92383e-08	3.42806e-07	2.28738e-06	1.35421e-05	6.97059e-05	0.00030958	0.00118118	0.00385897	0.0107648	0.0255747	0.0516308	0.0883977	0.128141	0.157063	0.162626	0.142162	0.1049	0.0653508	0.034393	0.0153057	0.00576741	0.0018432	0.000500591	0.000115795	2.28705e-05	3.86729e-06	5.61474e-07	7.02017e-08	7.58245e-09	7.09733e-10	5.77572e-11	4.09972e-12	2.54655e-13	1.38874e-14	6.67158e-16	2.83467e-17	1.0727e-18	3.6957e-20	1.28796e-21	8.75643e-23	
POCUSC_Orthotomicus_suturalis	0	0	0	0	0	0	0	0	0	0	0	0	0	0	0	0	0	0	0	0	0	0	1	0	0	0	0	0	0	0	0	0	0	0	0	0	0	0	0	0	0	
N82	6.73869e-10	8.37845e-09	1.32103e-07	1.80715e-06	2.01304e-05	0.000178077	0.00122706	0.00646041	0.0254653	0.0735842	0.152729	0.223856	0.229362	0.164235	0.0829798	0.0300755	0.00797637	0.00158003	0.000238426	2.79102e-05	2.5765e-06	1.90348e-07	1.1403e-08	5.60453e-10	2.28383e-11	7.78911e-13	2.24237e-14	5.49123e-16	1.15192e-17	2.08332e-19	3.26759e-21	4.46887e-23	5.35613e-25	5.6522e-27	5.27461e-29	4.37073e-31	3.229e-33	2.13766e-35	1.28415e-37	7.43196e-40	6.79324e-42	
POCUSC_Ips_plastographus	0	0	0	0	0	0	0	0	0	0	0	1	0	0	0	0	0	0	0	0	0	0	0	0	0	0	0	0	0	0	0	0	0	0	0	0	0	0	0	0	0	
POCUSC_Ips_integer	0	0	0	0	0	0	0	0	0	0	0	0	1	0	0	0	0	0	0	0	0	0	0	0	0	0	0	0	0	0	0	0	0	0	0	0	0	0	0	0	0	
N83	2.79704e-14	2.83883e-13	4.04681e-12	5.46209e-11	6.55109e-10	6.88933e-09	6.31826e-08	5.03287e-07	3.46881e-06	2.061e-05	0.000105179	0.000459433	0.00171208	0.00542654	0.0145898	0.0331974	0.0638109	0.103476	0.141449	0.162951	0.158247	0.129649	0.0897224	0.0525339	0.0260764	0.010998	0.00395116	0.0012124	0.000318646	7.19433e-05	1.39965e-05	2.35391e-06	3.43401e-07	4.36303e-08	4.85264e-09	4.76079e-10	4.17414e-11	3.35315e-12	2.59772e-13	2.1876e-14	3.06197e-15	
N84	3.47448e-15	3.11672e-14	4.0482e-13	5.08197e-12	5.76892e-11	5.84908e-10	5.27473e-09	4.21862e-08	2.98416e-07	1.86207e-06	1.02222e-05	4.92422e-05	0.000207623	0.000764339	0.00245103	0.00683121	0.0165131	0.034556	0.0624943	0.0975306	0.131187	0.151937	0.151411	0.129775	0.0956528	0.0606386	0.0330776	0.0155369	0.00629031	0.00219786	0.000663748	0.000173555	3.93696e-05	7.7653e-06	1.33536e-06	2.00947e-07	2.66323e-08	3.15691e-09	3.50788e-10	4.32479e-11	1.08122e-11	
N85	4.63767e-37	1.30635e-34	4.13273e-32	1.19131e-29	3.02021e-27	6.64307e-25	1.25658e-22	2.02708e-20	2.76356e-18	3.15173e-16	2.97188e-14	2.28574e-12	1.41129e-10	6.86365e-09	2.56951e-07	7.19674e-06	0.000145462	0.00202442	0.018213	0.0970689	0.271561	0.346607	0.202315	0.0538719	0.00752839	0.000623068	3.33226e-05	1.22653e-06	3.25619e-08	6.4634e-10	9.86883e-12	1.18601e-13	1.14329e-15	8.98207e-18	5.83024e-20	3.16515e-22	1.45476e-24	5.75283e-27	2.0219e-29	6.85617e-32	3.10425e-34	
POCUSC_Ips_perturbatus	0	0	0	0	0	0	0	0	0	0	0	0	0	0	0	0	0	0	0	0	1	0	0	0	0	0	0	0	0	0	0	0	0	0	0	0	0	0	0	0	0	
POCUSC_Ips_hunteri	0	0	0	0	0	0	0	0	0	0	0	0	0	0	0	0	0	0	0	0	0	0	1	0	0	0	0	0	0	0	0	0	0	0	0	0	0	0	0	0	0	
N86	3.7318e-60	2.79487e-57	2.26779e-54	1.72975e-51	1.20138e-48	7.5037e-46	4.1884e-43	2.07988e-40	9.1502e-38	3.55108e-35	1.21014e-32	3.60329e-30	9.32393e-28	2.08425e-25	3.9985e-23	6.53518e-21	9.0254e-19	1.04349e-16	9.99345e-15	7.83125e-13	4.95022e-11	2.48167e-09	9.66832e-08	2.85506e-06	6.19426e-05	0.000948582	0.00972366	0.0620289	0.221838	0.381254	0.255011	0.0619688	0.00675532	0.000393039	1.37578e-05	3.14962e-07	5.01248e-09	5.82183e-11	5.19251e-13	3.92162e-15	3.99628e-17	
POCUSC_Ips_pilifrons	0	0	0	0	0	0	0	0	0	0	0	0	0	0	0	0	0	0	0	0	0	0	0	0	0	0	0	0	0	0	1	0	0	0	0	0	0	0	0	0	0	
N87	2.6564e-103	1.20756e-98	5.31128e-94	2.07708e-89	7.19099e-85	2.19447e-80	5.8757e-76	1.37339e-71	2.78722e-67	4.88225e-63	7.33396e-59	9.38111e-55	1.01388e-50	9.1792e-47	6.89526e-43	4.25188e-39	2.12652e-35	8.50914e-32	2.6819e-28	6.53879e-25	1.20749e-21	1.64717e-18	1.61056e-15	1.08776e-12	4.84379e-10	1.3386e-07	2.11477e-05	0.0016961	0.0570773	0.554121	0.370011	0.0168544	0.000218055	1.16578e-06	3.12617e-09	4.75243e-12	4.46052e-15	2.75324e-18	1.17342e-21	3.60098e-25	1.0448e-28	
POCUSC_Ips_tridens	0	0	0	0	0	0	0	0	0	0	0	0	0	0	0	0	0	0	0	0	0	0	0	0	0	0	0	0	0	1	0	0	0	0	0	0	0	0	0	0	0	
POCUSC_Ips_borealis	0	0	0	0	0	0	0	0	0	0	0	0	0	0	0	0	0	0	0	0	0	0	0	0	0	0	0	0	0	0	1	0	0	0	0	0	0	0	0	0	0	
POCUSC_Ips_woodi	0	0	0	0	0	0	0	0	0	0	0	0	0	0	0	0	0	0	0	0	0	0	0	0	0	0	0	0	1	0	0	0	0	0	0	0	0	0	0	0	0	
N88	3.03414e-12	2.47873e-11	2.72027e-10	2.84933e-09	2.66878e-08	2.19526e-07	1.57354e-06	9.77846e-06	5.24557e-05	0.000241954	0.000956097	0.00322589	0.0092662	0.0226047	0.0467443	0.0818377	0.121236	0.15199	0.161378	0.145322	0.111204	0.0724855	0.0403582	0.0192525	0.00789452	0.00279204	0.000854644	0.000227224	5.26623e-05	1.06795e-05	1.90258e-06	2.99107e-07	4.17215e-08	5.20068e-09	5.85351e-10	6.04393e-11	5.87016e-12	5.57511e-13	5.47093e-14	5.92345e-15	8.45047e-16	
N89	1.97015e-14	1.2732e-13	1.17061e-12	1.07509e-11	9.16873e-11	7.14062e-10	5.05269e-09	3.24058e-08	1.88052e-07	9.85856e-07	4.6622e-06	1.98606e-05	7.61079e-05	0.00026202	0.000809416	0.00224096	0.00555457	0.0123136	0.0243918	0.0431388	0.0680683	0.095765	0.120069	0.134104	0.133387	0.118134	0.0931553	0.0654119	0.0409104	0.0228	0.0113311	0.00502734	0.0019949	0.000710206	0.000228137	6.68409e-05	1.8238e-05	4.82081e-06	1.32528e-06	4.31862e-07	2.28644e-07	
POCUSC_Ips_sexdentatus	0	0	0	0	0	0	0	0	0	0	0	0	0	0	0	0	0	0	0	0	0	0	0	0	0	0	0	0	0	1	0	0	0	0	0	0	0	0	0	0	0	
N90	5.98298e-25	1.08144e-23	2.6937e-22	6.49936e-21	1.45096e-19	2.96324e-18	5.5115e-17	9.31068e-16	1.42531e-14	1.97285e-13	2.46355e-12	2.76888e-11	2.79441e-10	2.5261e-09	2.04022e-08	1.46835e-07	9.39133e-07	5.32298e-06	2.666e-05	0.00011764	0.000455958	0.00154747	0.00458445	0.0118181	0.0264259	0.0510964	0.0851758	0.122057	0.149963	0.1576	0.141395	0.108141	0.070453	0.0391101	0.018537	0.00754316	0.00267117	0.000850911	0.00026467	9.75115e-05	6.10699e-05	
POCUSC_Ips_emarginatus	0	0	0	0	0	0	0	0	0	0	0	0	0	0	0	0	0	0	0	0	0	0	0	0	0	0	0	0	0	0	0	0	0	0	1	0	0	0	0	0	0	
POCUSC_Ips_knausi	0	0	0	0	0	0	0	0	0	0	0	0	0	0	0	0	0	0	0	0	0	0	0	0	0	0	0	0	0	0	0	0	1	0	0	0	0	0	0	0	0	
POCUSC_Ips_acuminatus	0	0	0	0	0	0	0	0	0	0	0	0	0	0	0	0	0	0	0	0	0	0	0	0	0	0	0	0	1	0	0	0	0	0	0	0	0	0	0	0	0	
N91	3.23856e-05	0.000100289	0.00039144	0.00147697	0.00491503	0.0139555	0.033338	0.0665275	0.110426	0.152025	0.173244	0.163199	0.126978	0.0815726	0.0432726	0.0189659	0.00687455	0.00206353	0.000513823	0.00010635	1.83394e-05	2.64164e-06	3.18722e-07	3.23061e-08	2.75952e-09	1.99275e-10	1.22059e-11	6.3627e-13	2.83228e-14	1.08029e-15	3.54302e-17	1.00275e-18	2.45849e-20	5.24477e-22	9.79107e-24	1.61282e-25	2.37616e-27	3.2035e-29	4.09869e-31	5.26279e-33	9.5547e-35	
POCUSC_Cryphalus_abietis	0	0	0	0	0	0	0	0	0	0	0	0	0	0	0	0	0	0	0	1	0	0	0	0	0	0	0	0	0	0	0	0	0	0	0	0	0	0	0	0	0	
N92	3.32997e-05	0.000102152	0.000397626	0.00150233	0.0050063	0.0142171	0.0339259	0.0675524	0.111774	0.15326	0.1738	0.162784	0.125818	0.0802181	0.0421901	0.0183125	0.00656521	0.00194638	0.000477918	9.73686e-05	1.64945e-05	2.32881e-06	2.74729e-07	2.71537e-08	2.25499e-09	1.5781e-10	9.33501e-12	4.68199e-13	1.9973e-14	7.26983e-16	2.26498e-17	6.06005e-19	1.39708e-20	2.78527e-22	4.82196e-24	7.28759e-26	9.68831e-28	1.14721e-29	1.241e-31	1.33585e-33	2.74523e-35	
N93	7.60974e-05	0.000183834	0.000529514	0.00151229	0.00399737	0.00952841	0.020257	0.0382012	0.0637093	0.0937877	0.121729	0.139198	0.14018	0.124309	0.0970797	0.0667887	0.040499	0.0216592	0.0102248	0.0042648	0.00157339	0.000514015	0.000148891	3.82909e-05	8.75516e-06	1.78241e-06	3.23575e-07	5.24605e-08	7.6078e-09	9.88431e-10	1.15239e-10	1.20766e-11	1.13964e-12	9.70413e-14	7.47655e-15	5.23473e-16	3.35863e-17	2.01014e-18	1.16776e-19	7.32765e-21	8.51203e-22	
N94	0.000692136	0.00136261	0.00303918	0.00675135	0.0140627	0.0267595	0.0459816	0.07095	0.0980138	0.121014	0.133394	0.131189	0.115067	0.0899944	0.0627602	0.0390319	0.0216543	0.010721	0.00473945	0.001872	0.000661146	0.000208968	5.91652e-05	1.50214e-05	3.42373e-06	7.01369e-07	1.29299e-07	2.14789e-08	3.21943e-09	4.36013e-10	5.34299e-11	5.93281e-12	5.97804e-13	5.47419e-14	4.56242e-15	3.46652e-16	2.40655e-17	1.53528e-18	9.23416e-20	6.03813e-21	8.74432e-22	
POCUMO_Lepyrus_sp	0	0	0	0	0	0	0	0	0	0	1	0	0	0	0	0	0	0	0	0	0	0	0	0	0	0	0	0	0	0	0	0	0	0	0	0	0	0	0	0	0	
N95	9.38448e-05	0.000225883	0.000641405	0.00179855	0.00466758	0.010931	0.0228385	0.0423196	0.0693033	0.10007	0.127201	0.142165	0.139588	0.12034	0.0910649	0.0604851	0.0352685	0.0180615	0.00812886	0.00321807	0.00112179	0.000344771	9.35552e-05	2.24497e-05	4.77201e-06	9.00187e-07	1.50986e-07	2.25622e-08	3.0099e-09	3.59218e-10	3.84338e-11	3.69439e-12	3.19718e-13	2.49634e-14	1.76223e-15	1.1271e-16	6.54674e-18	3.46825e-19	1.70745e-20	8.84562e-22	1.01056e-22	
POCUCU_Anthonomus_sp	0	0	0	0	0	0	0	0	0	0	0	0	0	0	0	0	0	0	1	0	0	0	0	0	0	0	0	0	0	0	0	0	0	0	0	0	0	0	0	0	0	
POCUER_Procas_sp	0	0	0	0	0	0	0	0	0	0	1	0	0	0	0	0	0	0	0	0	0	0	0	0	0	0	0	0	0	0	0	0	0	0	0	0	0	0	0	0	0	
N96	6.49356e-12	3.72208e-11	2.7238e-10	1.91219e-09	1.23834e-08	7.34266e-08	3.97134e-07	1.95328e-06	8.71308e-06	3.51652e-05	0.000128129	0.000420634	0.00124189	0.00329167	0.00781967	0.0166231	0.0315745	0.0535118	0.0808118	0.108613	0.129775	0.137714	0.12968	0.108286	0.0801411	0.0525487	0.0305224	0.0157049	0.00715997	0.00289361	0.00103736	0.000330238	9.34961e-05	2.35957e-05	5.32823e-06	1.08368e-06	2.00941e-07	3.47907e-08	5.93041e-09	1.15863e-09	4.22798e-10	
POCUMO_Ruteria_hypocrita	0	0	0	0	0	0	0	0	0	0	0	0	0	0	0	0	0	0	0	0	0	0	0	0	0	0	0	0	0	0	0	0	1	0	0	0	0	0	0	0	0	
N97	1.4038e-22	3.44113e-21	1.10388e-19	3.34481e-18	9.17902e-17	2.25177e-15	4.90594e-14	9.44725e-13	1.60076e-11	2.37569e-10	3.07318e-09	3.4473e-08	3.33471e-07	2.76543e-06	1.95366e-05	0.000116788	0.000586568	0.00245671	0.0085138	0.02422	0.056113	0.105069	0.157899	0.189315	0.180271	0.13595	0.0811252	0.0383462	0.0144005	0.00431688	0.00103934	0.000202419	3.21396e-05	4.19419e-06	4.5355e-07	4.09757e-08	3.11984e-09	2.0262e-10	1.15679e-11	6.61209e-13	7.50992e-14	
POCUSC_Trypodendron_lineatum	0	0	0	0	0	0	0	0	0	0	0	0	0	0	0	0	0	0	0	0	0	0	0	0	0	0	0	1	0	0	0	0	0	0	0	0	0	0	0	0	0	
POCUCO_Telephae_sp	0	0	0	0	0	0	0	0	0	0	0	0	0	0	0	0	0	0	0	0	0	0	0	1	0	0	0	0	0	0	0	0	0	0	0	0	0	0	0	0	0	
N98	7.45065e-05	0.000225205	0.000804298	0.00267231	0.0077668	0.0194097	0.041414	0.0751203	0.115476	0.150075	0.164602	0.152165	0.118469	0.0776497	0.0428487	0.0199149	0.0078018	0.00257906	0.000720414	0.000170325	3.41486e-05	5.8181e-06	8.44301e-07	1.04611e-07	1.10952e-08	1.00999e-09	7.91258e-11	5.34985e-12	3.13049e-13	1.58988e-14	7.02798e-16	2.71172e-17	9.15875e-19	2.71537e-20	7.08674e-22	1.63279e-23	3.331e-25	6.03918e-27	9.81947e-29	1.52702e-30	4.40695e-32	
N99	0.00733279	0.0125513	0.0225914	0.0390199	0.061919	0.0886735	0.113798	0.130496	0.133542	0.121871	0.0991451	0.0718855	0.0464509	0.0267538	0.0137384	0.00629278	0.00257252	0.000939304	0.000306592	8.95469e-05	2.34288e-05	5.49763e-06	1.15845e-06	2.19503e-07	3.74516e-08	5.76233e-09	8.00701e-10	1.00634e-10	1.14577e-11	1.18358e-12	1.11104e-13	9.49251e-15	7.39329e-16	5.25789e-17	3.42046e-18	2.04027e-19	1.12067e-20	5.72944e-22	2.81784e-23	1.50719e-24	1.62904e-25	
N100	0.060944	0.085613	0.114698	0.140897	0.153919	0.146548	0.120146	0.0842514	0.0503675	0.0256405	0.011117	0.00410967	0.00129755	0.000350637	8.1296e-05	1.62147e-05	2.78997e-06	4.15342e-07	5.36567e-08	6.03342e-09	5.92296e-10	5.09162e-11	3.84426e-12	2.55673e-13	1.5022e-14	7.81933e-16	3.61589e-17	1.48948e-18	5.47991e-20	1.80525e-21	5.33839e-23	1.42049e-24	3.40908e-26	7.39595e-28	1.45367e-29	2.59414e-31	4.21262e-33	6.24622e-35	8.5606e-37	1.17539e-38	2.98096e-40	
N101	0.0793676	0.110771	0.144401	0.167193	0.16615	0.138898	0.096595	0.0555511	0.0263445	0.0102944	0.00331651	0.000882327	0.0001943	3.55209e-05	5.40916e-06	6.88665e-07	7.35897e-08	6.62698e-09	5.0501e-10	3.27024e-11	1.80701e-12	8.55521e-14	3.4846e-15	1.2259e-16	3.73955e-18	9.92862e-20	2.30281e-21	4.68239e-23	8.37558e-25	1.32234e-26	1.8486e-28	2.29543e-30	2.53921e-32	2.50958e-34	2.22214e-36	1.76755e-38	1.26626e-40	8.19058e-43	4.79951e-45	2.61167e-47	2.28569e-49	
N102	0.0427027	0.0692106	0.109644	0.152886	0.178399	0.170235	0.131392	0.0815953	0.0406866	0.0162919	0.00524769	0.00136376	0.000287083	4.91857e-05	6.89491e-06	7.9531e-07	7.59302e-08	6.03607e-09	4.01924e-10	2.25497e-11	1.07211e-12	4.34373e-14	1.50783e-15	4.50769e-17	1.16634e-18	2.62437e-20	5.15846e-22	8.89585e-24	1.35149e-25	1.81593e-27	2.16604e-29	2.30175e-31	2.18647e-33	1.86261e-35	1.42733e-37	9.86794e-40	6.17218e-42	3.50209e-44	1.80825e-46	8.67323e-49	6.58853e-51	
POCUSC_Polygraphus_poligraphus_M	0	0	0	0	0	1	0	0	0	0	0	0	0	0	0	0	0	0	0	0	0	0	0	0	0	0	0	0	0	0	0	0	0	0	0	0	0	0	0	0	0	
POCUBA_Limnobaris_sp	0	0	0	0	0	0	0	0	1	0	0	0	0	0	0	0	0	0	0	0	0	0	0	0	0	0	0	0	0	0	0	0	0	0	0	0	0	0	0	0	0	
POCUSC_Polygraphus_grandiclava	0	0	1	0	0	0	0	0	0	0	0	0	0	0	0	0	0	0	0	0	0	0	0	0	0	0	0	0	0	0	0	0	0	0	0	0	0	0	0	0	0	
POCUSC_Phloeotribus_sp	0	0	0	0	0	0	0	1	0	0	0	0	0	0	0	0	0	0	0	0	0	0	0	0	0	0	0	0	0	0	0	0	0	0	0	0	0	0	0	0	0	
POCUCU_Rhynchaenus_sp	0	0	0	0	0	0	0	0	0	0	0	0	0	0	0	0	0	1	0	0	0	0	0	0	0	0	0	0	0	0	0	0	0	0	0	0	0	0	0	0	0	
N103	2.76605e-05	8.02238e-05	0.000283978	0.000976649	0.00302936	0.00825462	0.0195454	0.0400002	0.0705336	0.106947	0.139248	0.155549	0.149002	0.122379	0.0861993	0.0520965	0.0270382	0.0120638	0.0046335	0.00153438	0.000438849	0.000108617	2.33122e-05	4.3484e-06	7.06537e-07	1.00239e-07	1.2448e-08	1.35644e-09	1.30028e-10	1.0993e-11	8.21782e-13	5.44628e-14	3.20888e-15	1.68607e-16	7.93226e-18	3.36142e-19	1.29674e-20	4.64813e-22	1.61195e-23	5.92026e-25	3.58631e-26	
N104	1.56447e-07	6.55601e-07	3.48097e-06	1.78692e-05	8.28063e-05	0.00033855	0.00120892	0.00374919	0.01006	0.0232869	0.0463933	0.0793905	0.116505	0.146431	0.157479	0.144836	0.113896	0.0765958	0.0440778	0.0217252	0.00918335	0.00333453	0.00104206	0.000280873	6.54506e-05	1.32191e-05	2.32026e-06	3.54912e-07	4.74463e-08	5.55995e-09	5.72893e-10	5.20788e-11	4.19252e-12	3.00285e-13	1.92557e-14	1.11577e-15	5.92631e-17	2.94842e-18	1.41607e-19	6.93054e-21	5.39489e-22	
POCUSC_Hylastes_sp	0	0	0	0	0	0	0	0	0	0	0	0	0	0	0	0	0	0	0	0	0	0	0	0	0	0	0	0	1	0	0	0	0	0	0	0	0	0	0	0	0	
N105	1.3514e-10	1.18149e-09	1.35783e-08	1.42957e-07	1.29225e-06	9.85131e-06	6.28275e-05	0.000333432	0.00146618	0.00532136	0.015885	0.0388771	0.0777849	0.126911	0.168495	0.181728	0.159031	0.112837	0.064901	0.0302709	0.0114591	0.00352557	0.000883243	0.000180599	3.02227e-05	4.15225e-06	4.69955e-07	4.39794e-08	3.41627e-09	2.21165e-10	1.19825e-11	5.4559e-13	2.09663e-14	6.8289e-16	1.89316e-17	4.48586e-19	9.12263e-21	1.599e-22	2.43162e-24	3.36029e-26	8.14373e-28	
N106	3.5805e-10	2.64667e-09	2.71544e-08	2.58073e-07	2.11151e-06	1.46505e-05	8.57047e-05	0.000420937	0.00172916	0.00591985	0.0168349	0.0396488	0.0771301	0.123658	0.163097	0.17674	0.157235	0.11481	0.0688256	0.033901	0.0137385	0.00458891	0.00126615	0.000289334	5.49202e-05	8.6873e-06	1.14911e-06	1.27569e-07	1.19311e-08	9.43747e-10	6.33839e-11	3.62891e-12	1.77816e-13	7.48646e-15	2.71887e-16	8.55055e-18	2.33801e-19	5.5881e-21	1.18405e-22	2.40406e-24	8.91822e-26	
N107	1.02499e-13	9.88302e-13	1.31518e-11	1.66023e-10	1.87037e-09	1.85255e-08	1.60284e-07	1.20593e-06	7.85761e-06	4.41621e-05	0.00021323	0.000880887	0.00310095	0.00926419	0.0233952	0.049747	0.0887421	0.132352	0.164532	0.170047	0.145822	0.103621	0.0609819	0.0297306	0.0120209	0.00403851	0.00113033	0.000264429	5.19011e-05	8.58278e-06	1.20118e-06	1.42935e-07	1.45304e-08	1.26795e-09	9.54242e-11	6.22262e-12	3.53245e-13	1.75571e-14	7.76388e-16	3.40208e-17	3.12722e-18	
POCUSC_Dendroctonus_jeffreyi	0	0	0	0	0	0	0	0	0	0	0	0	0	0	0	0	0	0	0	0	0	0	1	0	0	0	0	0	0	0	0	0	0	0	0	0	0	0	0	0	0	
POCUSC_Dendroctonus_ponderosae	0	0	0	0	0	0	0	0	0	0	0	0	0	0	0	0	0	0	0	0	0	0	1	0	0	0	0	0	0	0	0	0	0	0	0	0	0	0	0	0	0	
N108	1.23097e-09	9.70249e-09	9.42139e-08	8.33254e-07	6.36207e-06	4.11909e-05	0.000224018	0.00101689	0.00383352	0.0119508	0.0306919	0.0647132	0.111685	0.15736	0.180621	0.168619	0.127894	0.0787769	0.0394123	0.0160289	0.00530696	0.00143336	0.000316643	5.73925e-05	8.56568e-06	1.05682e-06	1.08247e-07	9.24555e-09	6.61544e-10	3.98413e-11	2.02915e-12	8.78131e-14	3.24417e-15	1.0279e-16	2.80588e-18	6.62776e-20	1.36054e-21	2.4378e-23	3.84056e-25	5.60259e-27	1.46939e-28	
POCUSC_Dendroctonus_frontalis	0	0	0	0	0	0	0	0	1	0	0	0	0	0	0	0	0	0	0	0	0	0	0	0	0	0	0	0	0	0	0	0	0	0	0	0	0	0	0	0	0	
N109	4.99048e-12	5.46502e-11	8.2131e-10	1.11998e-08	1.30056e-07	1.26715e-06	1.02824e-05	6.90872e-05	0.000382322	0.00173387	0.0064138	0.0192671	0.0468152	0.0916832	0.144288	0.18205	0.183845	0.148464	0.0958611	0.04952	0.0204937	0.00680815	0.00182029	0.000392928	6.87235e-05	9.77789e-06	1.13659e-06	1.08437e-07	8.53182e-09	5.56363e-10	3.02224e-11	1.37462e-12	5.26206e-14	1.70401e-15	4.69169e-17	1.10387e-18	2.23101e-20	3.89976e-22	5.9922e-24	8.71851e-26	2.15509e-27	
POCUSC_Dendroctonus_adjunctus	0	0	0	0	0	0	0	0	0	0	0	0	0	0	0	0	0	0	0	0	0	0	0	0	0	1	0	0	0	0	0	0	0	0	0	0	0	0	0	0	0	
N110	7.74507e-14	1.26866e-12	2.83333e-11	5.60542e-10	9.33724e-09	1.29416e-07	1.48007e-06	1.38504e-05	0.00010513	0.000641371	0.00311547	0.0119347	0.0357148	0.0827308	0.147116	0.199431	0.205054	0.159493	0.0938542	0.0419021	0.0142681	0.00373211	0.000756283	0.000119835	1.49913e-05	1.49507e-06	1.20001e-07	7.82351e-09	4.17969e-10	1.84524e-11	6.78529e-13	2.09384e-14	5.46057e-16	1.21153e-17	2.30111e-19	3.76355e-21	5.32985e-23	6.57005e-25	7.09351e-27	6.94616e-29	1.14792e-30	
POCUSC_Dendroctonus_approximatus	0	0	0	0	0	0	0	0	0	0	0	0	0	0	0	0	1	0	0	0	0	0	0	0	0	0	0	0	0	0	0	0	0	0	0	0	0	0	0	0	0	
POCUSC_Dendroctonus_brevicomis	0	0	0	0	0	0	0	0	0	0	0	0	0	0	0	0	0	1	0	0	0	0	0	0	0	0	0	0	0	0	0	0	0	0	0	0	0	0	0	0	0	
N111	2.41816e-12	2.64355e-11	4.00222e-10	5.49481e-09	6.42985e-08	6.33435e-07	5.22402e-06	3.59026e-05	0.000204749	0.000965047	0.00374514	0.0119252	0.0310582	0.0659767	0.11405	0.160132	0.18237	0.16833	0.125889	0.076307	0.0375195	0.0149853	0.0048709	0.00129154	0.00028013	4.98568e-05	7.30626e-06	8.84863e-07	8.8912e-08	7.44231e-09	5.21106e-10	3.06514e-11	1.52102e-12	6.39487e-14	2.28767e-15	6.99344e-17	1.83554e-18	4.16479e-20	8.32071e-22	1.5909e-23	5.30348e-25	
N112	7.16906e-14	1.00474e-12	1.93676e-11	3.34366e-10	4.90088e-09	6.0377e-08	6.21894e-07	5.33033e-06	3.78429e-05	0.000221543	0.00106486	0.004185	0.0133968	0.0348086	0.0731808	0.124161	0.169638	0.186347	0.164421	0.116485	0.0662781	0.0303133	0.0111608	0.00331465	0.000796085	0.000155083	2.45884e-05	3.18483e-06	3.3836e-07	2.96113e-08	2.14407e-09	1.29032e-10	6.48379e-12	2.73306e-13	9.70885e-15	2.92001e-16	7.46944e-18	1.63288e-19	3.07516e-21	5.27301e-23	1.6312e-24	
N113	6.84579e-14	7.80697e-13	1.25426e-11	1.86314e-10	2.41004e-09	2.68367e-08	2.55869e-07	2.07919e-06	1.43357e-05	8.35002e-05	0.000409116	0.00167928	0.00575236	0.0163865	0.0386968	0.0755507	0.12168	0.161396	0.176112	0.158013	0.116586	0.0707864	0.0354108	0.0146208	0.00499378	0.00141472	0.000333437	6.56034e-05	1.0814e-05	1.49921e-06	1.75508e-07	1.74213e-08	1.47242e-09	1.06412e-10	6.60395e-12	3.5349e-13	1.64038e-14	6.65999e-16	2.43659e-17	9.14e-19	6.43111e-20	
POCUSC_Dendroctonus_valens	0	0	0	0	0	0	0	0	0	0	0	0	0	0	0	0	0	0	0	0	0	0	0	0	1	0	0	0	0	0	0	0	0	0	0	0	0	0	0	0	0	
POCUSC_Dendroctonus_terebrans	0	0	0	0	0	0	0	0	0	0	0	0	0	0	0	0	0	0	0	0	0	1	0	0	0	0	0	0	0	0	0	0	0	0	0	0	0	0	0	0	0	
N114	1.07885e-14	1.62054e-13	3.36335e-12	6.32158e-11	1.02034e-09	1.39882e-08	1.61843e-07	1.57078e-06	1.27106e-05	8.52166e-05	0.000470362	0.00212389	0.00779646	0.0231256	0.0551103	0.104968	0.159079	0.191135	0.181618	0.136306	0.0808055	0.0378908	0.0140911	0.00417166	0.000987797	0.000188097	2.89764e-05	3.63413e-06	3.73492e-07	3.16624e-08	2.22862e-09	1.31085e-10	6.48372e-12	2.71323e-13	9.6624e-15	2.94481e-16	7.72238e-18	1.75207e-19	3.47149e-21	6.38815e-23	2.16722e-24	
POCUSC_Dendroctonus_punctatus	0	0	0	0	0	0	0	0	0	0	0	0	0	0	0	0	0	0	0	1	0	0	0	0	0	0	0	0	0	0	0	0	0	0	0	0	0	0	0	0	0	
N115	7.30874e-19	2.37129e-17	1.01537e-15	3.8278e-14	1.22498e-12	3.29575e-11	7.39532e-10	1.37253e-08	2.08823e-07	2.57965e-06	2.56101e-05	0.000202096	0.00125293	0.00602802	0.0222204	0.0619518	0.129015	0.198414	0.223288	0.182789	0.108655	0.047025	0.0149184	0.00350411	0.000616811	8.24483e-05	8.4826e-06	6.80699e-07	4.31503e-08	2.18689e-09	8.96105e-11	2.99994e-12	8.28495e-14	1.9045e-15	3.67444e-17	5.99595e-19	8.33447e-21	9.93461e-23	1.02305e-24	9.42084e-27	1.42788e-28	
POCUSC_Dendroctonus_rufipennis	0	0	0	0	0	0	0	0	0	0	0	0	0	0	0	0	0	0	0	0	1	0	0	0	0	0	0	0	0	0	0	0	0	0	0	0	0	0	0	0	0	
POCUSC_Dendroctonus_murrayanae	0	0	0	0	0	0	0	0	0	0	0	0	0	0	0	0	0	0	1	0	0	0	0	0	0	0	0	0	0	0	0	0	0	0	0	0	0	0	0	0	0	
N116	3.87084e-15	4.00199e-14	5.843e-13	8.12922e-12	1.01374e-10	1.1185e-09	1.08626e-08	9.25141e-08	6.88612e-07	4.4644e-06	2.51249e-05	0.000122329	0.000513555	0.00185283	0.00572618	0.0151117	0.0339527	0.0647615	0.104594	0.142702	0.164137	0.1589	0.129319	0.0884114	0.0507662	0.0244914	0.00993619	0.00339488	0.000978777	0.000238705	4.93853e-05	8.69539e-06	1.30753e-06	1.68536e-07	1.86937e-08	1.79155e-09	1.49051e-10	1.08521e-11	7.10733e-13	4.82604e-14	6.89382e-15	
POCUSC_Dendroctonus_simplex	0	0	0	0	0	0	0	0	0	0	0	0	0	0	0	0	0	0	0	0	0	0	0	1	0	0	0	0	0	0	0	0	0	0	0	0	0	0	0	0	0	
POCUSC_Dendroctonus_pseudotsugae	0	0	0	0	0	0	0	0	0	0	0	0	0	0	0	0	0	0	0	0	0	0	0	0	0	0	1	0	0	0	0	0	0	0	0	0	0	0	0	0	0	
POCUSC_Hylurgops_sp	0	0	0	0	0	0	0	0	0	0	0	0	0	0	0	0	0	0	0	0	1	0	0	0	0	0	0	0	0	0	0	0	0	0	0	0	0	0	0	0	0	
N117	4.20978e-06	1.29473e-05	4.94393e-05	0.000185502	0.000636787	0.00195236	0.00529473	0.0126427	0.026511	0.0487392	0.0784661	0.110522	0.136109	0.146481	0.137717	0.11309	0.0811135	0.0508211	0.0278228	0.0133151	0.00557341	0.00204188	0.000655283	0.000184385	4.55387e-05	9.88314e-06	1.88719e-06	3.17487e-07	4.71246e-08	6.1806e-09	7.17392e-10	7.38126e-11	6.74343e-12	5.47972e-13	3.96766e-14	2.56461e-15	1.48313e-16	7.70655e-18	3.66423e-19	1.7957e-20	1.88855e-21	
N118	3.04231e-06	8.30484e-06	2.87282e-05	0.000101012	0.000332594	0.000996651	0.00268993	0.00651117	0.0141054	0.0273126	0.0472285	0.0728796	0.100309	0.123092	0.134636	0.131244	0.114019	0.088288	0.0609469	0.0375213	0.02061	0.0101063	0.00442703	0.00173365	0.000607441	0.000190609	5.36178e-05	1.35354e-05	3.06995e-06	6.2637e-07	1.15126e-07	1.90922e-08	2.86249e-09	3.89076e-10	4.81452e-11	5.46207e-12	5.75134e-13	5.74199e-14	5.64802e-15	6.06986e-16	1.20292e-16	
N119	4.17648e-06	1.24649e-05	4.81036e-05	0.000185924	0.000657444	0.00206491	0.00570041	0.0137692	0.029028	0.0533184	0.0852158	0.118386	0.142852	0.149639	0.136035	0.107321	0.0734897	0.0436975	0.0225761	0.0101431	0.00396709	0.00135233	0.000402346	0.000104638	2.38268e-05	4.75886e-06	8.35231e-07	1.29069e-07	1.75962e-08	2.12076e-09	2.26438e-10	2.14641e-11	1.81014e-12	1.36106e-13	9.14443e-15	5.50267e-16	2.97527e-17	1.45657e-18	6.65085e-20	3.2466e-21	3.18896e-22	
POCUBR_Notaris_sp	0	0	0	0	0	0	0	0	0	0	0	0	0	0	0	0	0	0	0	1	0	0	0	0	0	0	0	0	0	0	0	0	0	0	0	0	0	0	0	0	0	
N120	7.55601e-06	2.31797e-05	9.13279e-05	0.000355306	0.00124736	0.00383831	0.0102453	0.0236108	0.0468478	0.0798719	0.116829	0.146433	0.157143	0.144312	0.113395	0.0762539	0.0439074	0.021667	0.00917389	0.00333754	0.00104509	0.000282204	6.58512e-05	1.33085e-05	2.33504e-06	3.56557e-07	4.75051e-08	5.53681e-09	5.66018e-10	5.08868e-11	4.034e-12	2.82731e-13	1.75653e-14	9.69867e-16	4.77149e-17	2.0969e-18	8.25263e-20	2.91803e-21	9.36821e-23	2.98033e-24	1.97492e-25	
POCUSC_Scolytus_sp	0	0	0	0	0	0	0	0	0	0	0	0	1	0	0	0	0	0	0	0	0	0	0	0	0	0	0	0	0	0	0	0	0	0	0	0	0	0	0	0	0	
POCUBA_Metialma_sp	0	0	0	0	0	0	0	0	0	0	0	0	1	0	0	0	0	0	0	0	0	0	0	0	0	0	0	0	0	0	0	0	0	0	0	0	0	0	0	0	0	
N121	7.58385e-30	3.40705e-28	1.71192e-26	7.94842e-25	3.38274e-23	1.31321e-21	4.6287e-20	1.47476e-18	4.22922e-17	1.08704e-15	2.49352e-14	5.08209e-13	9.16024e-12	1.45293e-10	2.0171e-09	2.43682e-08	2.54548e-07	2.28316e-06	1.74496e-05	0.000112678	0.000609018	0.00272691	0.0100004	0.0296664	0.0702377	0.130843	0.189016	0.208809	0.174295	0.109017	0.0509451	0.0178451	0.00472599	0.000958049	0.000150813	1.8718e-05	1.8613e-06	1.51283e-07	1.04561e-08	7.07e-10	9.19869e-11	
POCUMO_Adexius_scrobipennis	0	0	0	0	0	0	0	0	0	0	0	0	0	0	0	0	0	0	0	0	0	0	0	0	0	0	0	0	0	1	0	0	0	0	0	0	0	0	0	0	0	
POCUCU_Cionus_sp	0	0	0	0	0	0	0	0	0	0	0	0	0	0	0	0	0	0	0	0	0	0	0	0	0	0	0	0	0	1	0	0	0	0	0	0	0	0	0	0	0	
N122	2.92432e-07	1.01421e-06	4.57478e-06	2.0574e-05	8.50648e-05	0.000315009	0.00103474	0.00300197	0.00767383	0.0172573	0.0341023	0.0591632	0.0900457	0.120164	0.140541	0.144021	0.129296	0.101688	0.0700693	0.0423121	0.0223994	0.0104003	0.00423792	0.00151655	0.000476984	0.000131973	3.21539e-05	6.90592e-06	1.30907e-06	2.19287e-07	3.25069e-08	4.27084e-09	4.98153e-10	5.16867e-11	4.78214e-12	3.95916e-13	2.95133e-14	2.01062e-15	1.31018e-16	9.57264e-18	1.42436e-18	
N123	2.20706e-08	7.67311e-08	3.6113e-07	1.73408e-06	7.77429e-06	3.17087e-05	0.000116675	0.000385979	0.00114581	0.00304823	0.00725958	0.0154642	0.0294426	0.0500723	0.0760301	0.103035	0.124591	0.134412	0.12937	0.1111	0.0851471	0.0582547	0.0355938	0.019432	0.00948459	0.00414166	0.00161928	0.000567335	0.000178302	5.03228e-05	1.27717e-05	2.91976e-06	6.02641e-07	1.12686e-07	1.9194e-08	3.00634e-09	4.40331e-10	6.21836e-11	8.96098e-12	1.47387e-12	3.93614e-13	
POCUTY_Tychius_sp	0	0	0	0	0	0	0	0	0	0	0	0	0	0	0	0	0	0	0	0	0	0	0	0	0	0	0	0	0	1	0	0	0	0	0	0	0	0	0	0	0	
N124	9.35829e-15	7.55759e-14	8.18629e-13	8.62486e-12	8.39382e-11	7.43539e-10	5.95336e-09	4.28996e-08	2.77299e-07	1.60324e-06	8.26831e-06	3.79347e-05	0.000154416	0.000556177	0.0017678	0.00494533	0.012144	0.0261116	0.0490405	0.0802679	0.11426	0.141191	0.151219	0.140198	0.112412	0.077907	0.0466611	0.0241564	0.0108159	0.00419238	0.00140862	0.000410941	0.000104296	2.30799e-05	4.46505e-06	7.57704e-07	1.13427e-07	1.51993e-08	1.91854e-09	2.7679e-10	8.3548e-11	
POCUMO_Acalles_camelus	0	0	0	0	0	0	0	0	0	0	0	0	0	0	0	0	0	0	0	0	0	0	0	0	0	0	0	0	0	1	0	0	0	0	0	0	0	0	0	0	0	
POCUMO_Acalles_echinatus	0	0	0	0	0	0	0	0	0	0	0	0	0	0	0	0	0	0	0	0	0	0	1	0	0	0	0	0	0	0	0	0	0	0	0	0	0	0	0	0	0	
N125	1.17874e-07	3.92269e-07	1.72192e-06	7.64868e-06	3.16193e-05	0.000118564	0.000399742	0.00120729	0.0032592	0.00785212	0.0168595	0.0322221	0.0547567	0.0826549	0.110733	0.131569	0.138562	0.12929	0.106857	0.0782177	0.0507106	0.0291257	0.0148254	0.00669141	0.00267986	0.000953126	0.000301338	8.4781e-05	2.12524e-05	4.75283e-06	9.49599e-07	1.69752e-07	2.71925e-08	3.90975e-09	5.0544e-10	5.88727e-11	6.19976e-12	5.95933e-13	5.43344e-14	5.59115e-15	1.26102e-15	
POCUCE_Zacladus_geranii	0	0	0	0	0	0	0	0	0	0	0	0	0	0	0	0	0	0	0	1	0	0	0	0	0	0	0	0	0	0	0	0	0	0	0	0	0	0	0	0	0	
N126	2.06071e-11	1.33219e-10	1.17371e-09	1.00188e-08	7.75821e-08	5.35457e-07	3.26913e-06	1.75725e-05	8.28468e-05	0.000341378	0.00122528	0.0038179	0.0102936	0.0239368	0.0478614	0.082047	0.120267	0.15039	0.160119	0.144935	0.111426	0.0727295	0.0403108	0.0189867	0.00760971	0.00259998	0.000759004	0.000189823	4.07914e-05	7.55608e-06	1.21058e-06	1.68334e-07	2.03874e-08	2.15826e-09	2.00414e-10	1.63821e-11	1.1832e-12	7.59534e-14	4.4281e-15	2.67843e-16	3.52768e-17	
POCUCE_Nedyus_quadrimaculatus	0	0	0	0	0	0	0	0	0	0	0	0	0	0	0	0	0	0	0	0	1	0	0	0	0	0	0	0	0	0	0	0	0	0	0	0	0	0	0	0	0	
POCUCE_Rhinoncus_sp	0	0	0	0	0	0	0	0	0	0	0	0	0	0	0	0	0	0	0	0	0	1	0	0	0	0	0	0	0	0	0	0	0	0	0	0	0	0	0	0	0	
