NODE	7	8	9	10	11	12	13	14	15	16	17	18	19	20	21	22	23	24	25	26	27	28	
N1	0.41572	0.309764	0.173227	0.0725406	0.0225836	0.00518084	0.000868677	0.000105813	9.33275e-06	5.95733e-07	2.75785e-08	9.29842e-10	2.29696e-11	4.18744e-13	1.62255e-17	1.63733e-18	1.43869e-19	1.10755e-20	7.5446e-22	4.64906e-23	2.74379e-24	1.90202e-25	
N2	0.173062	0.176666	0.169633	0.150845	0.122216	0.0889843	0.0576243	0.0329549	0.0165678	0.00730228	0.00281771	0.000951447	0.00028121	7.28046e-05	1.65301e-05	3.29659e-06	5.78763e-07	8.98073e-08	1.24403e-08	1.59057e-09	2.14003e-10	4.9696e-11	
N3	0.109444	0.124698	0.141552	0.150496	0.144249	0.122207	0.0905815	0.0584049	0.0326422	0.0157771	0.006585	0.00237156	0.000736854	0.000197584	4.57631e-05	9.16845e-06	1.59256e-06	2.40883e-07	3.20671e-08	3.88674e-09	4.88762e-10	1.05948e-10	
POCUBR_Notaris_sp	0	0	0	1	0	0	0	0	0	0	0	0	0	0	0	0	0	0	0	0	0	0	
N4	0.0665545	0.0839147	0.109846	0.1352	0.149047	0.144037	0.120735	0.0872473	0.0541442	0.0287837	0.0130881	0.00508653	0.00168941	0.00047976	0.000116608	2.42986e-05	4.35306e-06	6.73994e-07	9.12884e-08	1.11888e-08	1.39531e-09	2.8468e-10	
N5	0.0897653	0.104561	0.125091	0.143815	0.150359	0.137699	0.107985	0.0716071	0.0399037	0.0186443	0.00730504	0.00240426	0.000666473	0.000156121	3.10193e-05	5.24831e-06	7.59378e-07	9.44164e-08	1.01671e-08	9.71954e-10	9.30078e-11	1.56804e-11	
N6	5.61679e-05	0.000821005	0.0103915	0.0767006	0.276077	0.379006	0.208692	0.0435997	0.00439514	0.000251561	9.07293e-06	2.21301e-07	3.84045e-09	4.92606e-11	4.81097e-13	3.66384e-15	2.21904e-17	1.08717e-19	4.38089e-22	1.48717e-24	4.51703e-27	1.65926e-29	
POCUDR_Sphenophorus_sp	0	0	0	0	1	0	0	0	0	0	0	0	0	0	0	0	0	0	0	0	0	0	
POCUDR_Metamasius_hemipterus	0	0	0	0	0	0	1	0	0	0	0	0	0	0	0	0	0	0	0	0	0	0	
POCUDR_Diocalandra_sp	0	0	0	0	1	0	0	0	0	0	0	0	0	0	0	0	0	0	0	0	0	0	
N7	0.000234601	0.00061935	0.00207948	0.00650898	0.0175476	0.0399354	0.0761399	0.121013	0.159675	0.174312	0.157005	0.116463	0.0710822	0.0357037	0.0147771	0.00505147	0.0014315	0.000338322	6.75665e-05	1.18699e-05	2.1246e-06	6.26269e-07	
POCUDR_Cosmopolites_sordidus	0	0	0	0	0	0	0	0	0	0	1	0	0	0	0	0	0	0	0	0	0	0	
POCUDR_Rhynchophorus_ferrugineus	0	0	0	0	0	0	0	0	0	0	0	0	0	1	0	0	0	0	0	0	0	0	
N8	0.0982219	0.110906	0.125914	0.136866	0.137435	0.12474	0.101046	0.0725164	0.045907	0.0255724	0.0125189	0.00538372	0.00203426	0.000675837	0.000197635	5.09474e-05	1.16026e-05	2.34391e-06	4.24886e-07	7.20246e-08	1.33077e-08	4.2413e-09	
N9	0.000573666	0.0020308	0.00832771	0.0282547	0.0736367	0.143687	0.207059	0.218652	0.168605	0.0949189	0.0391309	0.0118962	0.00269727	0.00046279	6.10656e-05	6.29879e-06	5.15982e-07	3.40906e-08	1.84807e-09	8.45601e-11	3.56056e-12	2.29965e-13	
POCUBR_Echinocnemus_sp	0	0	0	0	0	1	0	0	0	0	0	0	0	0	0	0	0	0	0	0	0	0	
POCUER_Tanysphyrus_lemnae	0	0	0	0	0	0	0	0	0	0	1	0	0	0	0	0	0	0	0	0	0	0	
POCUER_Procas_sp	0	0	0	0	1	0	0	0	0	0	0	0	0	0	0	0	0	0	0	0	0	0	
N10	0.402237	0.310707	0.178337	0.0768263	0.0247629	0.00593133	0.00104909	0.000136458	1.30353e-05	9.15783e-07	4.74974e-08	1.82923e-09	5.26907e-11	1.14378e-12	1.86417e-14	2.26439e-16	2.05116e-18	1.41471e-20	8.34791e-23	7.15991e-25	1.50895e-26	6.98621e-28	
N11	0.359603	0.298069	0.192308	0.0968856	0.0380887	0.0116646	0.00278061	0.000516446	7.49422e-05	8.53326e-06	7.6659e-07	5.46747e-08	3.11681e-09	1.4301e-10	5.31881e-12	1.61471e-13	4.02905e-15	8.32015e-17	1.43318e-18	2.09026e-20	2.7487e-22	5.1765e-24	
N12	0.15669	0.169006	0.174966	0.164979	0.13616	0.0959481	0.0569188	0.0282133	0.0116439	0.00399664	0.00114133	0.000271544	5.39356e-05	8.96672e-06	1.25143e-06	1.47112e-07	1.46214e-08	1.23409e-09	8.9045e-11	5.59589e-12	3.37811e-13	3.5326e-14	
N13	0.146891	0.157767	0.163829	0.157812	0.136285	0.103124	0.0674292	0.0378024	0.0180977	0.00738628	0.00256939	0.000762347	0.000193195	4.1895e-05	7.79138e-06	1.24586e-06	1.71818e-07	2.05281e-08	2.14496e-09	2.02031e-10	1.93537e-11	3.14154e-12	
N14	0.219402	0.212404	0.185527	0.146038	0.103253	0.0652998	0.0367886	0.0183986	0.00814638	0.00318768	0.00110128	0.000335837	9.04321e-05	2.15205e-05	4.53169e-06	8.45761e-07	1.40193e-07	2.0709e-08	2.74954e-09	3.38761e-10	4.44257e-11	1.03748e-11	
POCUMO_Acalles_camelus	0	1	0	0	0	0	0	0	0	0	0	0	0	0	0	0	0	0	0	0	0	0	
POCUMO_Acalles_echinatus	0	0	0	1	0	0	0	0	0	0	0	0	0	0	0	0	0	0	0	0	0	0	
N15	0.0679318	0.0855924	0.111464	0.135891	0.148164	0.141854	0.118339	0.0856997	0.0537714	0.0292035	0.0137256	0.00558482	0.00196911	0.000602514	0.000160339	3.72242e-05	7.57454e-06	1.36203e-06	2.20221e-07	3.34643e-08	5.44491e-09	1.44783e-09	
POCUCE_Zacladus_geranii	0	1	0	0	0	0	0	0	0	0	0	0	0	0	0	0	0	0	0	0	0	0	
N16	0.0271894	0.0377087	0.0573426	0.0844261	0.113518	0.135914	0.143224	0.132071	0.106262	0.0744998	0.0454992	0.0242168	0.0112455	0.00456462	0.00162404	0.000508538	0.000140989	3.49319e-05	7.85825e-06	1.65662e-06	3.54469e-07	1.04648e-07	
POCUCE_Nedyus_quadrimaculatus	0	0	0	0	0	0	0	0	0	0	0	0	0	0	0	0	1	0	0	0	0	0	
POCUCE_Rhinoncus_sp	0	0	0	0	0	0	0	1	0	0	0	0	0	0	0	0	0	0	0	0	0	0	
N17	0.0915646	0.109841	0.133734	0.151758	0.153077	0.134089	0.100787	0.0645784	0.0351443	0.0162155	0.00634043	0.00210218	0.000591858	0.000141828	2.90222e-05	5.09448e-06	7.72084e-07	1.01968e-07	1.18992e-08	1.25606e-09	1.28368e-10	1.916e-11	
N18	0.00150133	0.00273792	0.00594275	0.0126942	0.0250349	0.04453	0.0707169	0.0997793	0.124776	0.138114	0.135238	0.11712	0.0897224	0.0608252	0.0365164	0.0194353	0.00918716	0.00387114	0.00146766	0.000515303	0.000184517	9.02667e-05	
POCUBA_Metialma_sp	0	0	0	0	0	0	0	0	1	0	0	0	0	0	0	0	0	0	0	0	0	0	
POCUSC_Scolytus_sp	0	0	0	0	0	0	0	0	0	0	0	0	0	0	0	0	0	0	0	0	1	0	
N19	0.112285	0.125854	0.140778	0.149126	0.143573	0.122356	0.0908924	0.0583538	0.0322333	0.0152872	0.00622121	0.00217316	0.000652265	0.000168477	3.75248e-05	7.22551e-06	1.20697e-06	1.75905e-07	2.26508e-08	2.67343e-09	3.28606e-10	6.77714e-11	
POCUTY_Tychius_sp	0	1	0	0	0	0	0	0	0	0	0	0	0	0	0	0	0	0	0	0	0	0	
N20	0.0873897	0.100827	0.118292	0.133242	0.138493	0.129771	0.108156	0.0795354	0.0513543	0.0290268	0.0143383	0.00618524	0.00233016	0.000767147	0.000221019	5.58506e-05	1.24263e-05	2.45161e-06	4.35288e-07	7.21589e-08	1.2557e-08	3.51246e-09	
POCUMO_Ruteria_hypocrita	0	0	0	0	0	0	0	0	0	0	0	1	0	0	0	0	0	0	0	0	0	0	
N21	0.150462	0.167376	0.180075	0.173822	0.142769	0.0967657	0.0532931	0.0237095	0.0085203	0.00248196	0.000589338	0.000114835	1.84949e-05	2.48021e-06	2.78956e-07	2.65034e-08	2.14253e-09	1.48588e-10	8.94803e-12	4.80213e-13	2.50013e-14	2.07017e-15	
POCUCU_Cionus_sp	0	0	0	0	1	0	0	0	0	0	0	0	0	0	0	0	0	0	0	0	0	0	
POCUMO_Adexius_scrobipennis	0	0	1	0	0	0	0	0	0	0	0	0	0	0	0	0	0	0	0	0	0	0	
N22	0.329906	0.283885	0.197251	0.111221	0.0510283	0.0190803	0.00582219	0.00145203	0.000296559	4.9726e-05	6.86629e-06	7.83546e-07	7.41853e-08	5.85221e-09	3.8637e-10	2.14473e-11	1.00582e-12	4.00687e-14	1.36656e-15	4.06377e-17	1.12994e-18	4.80414e-20	
N23	0.319769	0.279218	0.199162	0.116146	0.055296	0.0214531	0.0067755	0.0017422	0.000365195	6.25512e-05	8.78236e-06	1.01465e-06	9.68796e-08	7.68087e-09	5.08224e-10	2.82216e-11	1.32378e-12	5.29123e-14	1.828e-15	5.60702e-17	1.62133e-18	6.45968e-20	
N24	0.307238	0.274037	0.202322	0.122491	0.0601872	0.0238098	0.00754546	0.001911	0.000386639	6.25557e-05	8.11037e-06	8.45003e-07	7.09908e-08	4.82781e-09	2.66892e-10	1.20483e-11	4.46318e-13	1.36419e-14	3.46534e-16	7.42182e-18	1.42418e-19	4.15137e-21	
N25	0.22504	0.22178	0.196574	0.152757	0.102004	0.0578261	0.0276682	0.0111512	0.00378657	0.00108495	0.0002629	5.40201e-05	9.44068e-06	1.40775e-06	1.7972e-07	1.97163e-08	1.86697e-09	1.53611e-10	1.11332e-11	7.37071e-13	4.96336e-14	5.02967e-15	
N26	0.0420818	0.0556512	0.0787545	0.106805	0.131598	0.143867	0.137969	0.115369	0.0838443	0.052873	0.0289176	0.0137223	0.00565603	0.0020288	0.000635065	0.000174175	4.20961e-05	9.04147e-06	1.74837e-06	3.12366e-07	5.63598e-08	1.53962e-08	
N27	0.058097	0.0713563	0.0935819	0.120683	0.14318	0.149658	0.134436	0.102444	0.0658249	0.0355916	0.0161988	0.00621629	0.00201657	0.000554753	0.000129877	2.59771e-05	4.45768e-06	6.5972e-07	8.50089e-08	9.82933e-09	1.16333e-09	2.41363e-10	
POCUSC_Ips_latidens	0	0	0	0	0	1	0	0	0	0	0	0	0	0	0	0	0	0	0	0	0	0	
POCUSC_Ips_spinifer	0	0	0	0	0	1	0	0	0	0	0	0	0	0	0	0	0	0	0	0	0	0	
POCUSC_Orthotomicus_laricis	0	0	0	0	0	0	0	0	0	0	0	0	0	0	0	1	0	0	0	0	0	0	
N28	0.200326	0.197583	0.178696	0.147598	0.110687	0.0749071	0.0455026	0.0247056	0.0119523	0.00514159	0.00196429	0.000666127	0.000200533	5.36204e-05	1.2747e-05	2.69784e-06	5.09415e-07	8.61676e-08	1.32022e-08	1.90308e-09	2.97122e-10	8.03324e-11	
POCUSC_Orthotomicus_erosus	0	0	1	0	0	0	0	0	0	0	0	0	0	0	0	0	0	0	0	0	0	0	
POCUSC_Pityogenes_chalcographus	0	0	0	0	0	1	0	0	0	0	0	0	0	0	0	0	0	0	0	0	0	0	
N29	0.317087	0.277985	0.199735	0.117551	0.0564596	0.0220281	0.00695263	0.00177004	0.000362955	5.99479e-05	7.98603e-06	8.60179e-07	7.51615e-08	5.34926e-09	3.11489e-10	1.49126e-11	5.89982e-13	1.93911e-14	5.32648e-16	1.23609e-17	2.55887e-19	8.05874e-21	
N30	0.273467	0.25082	0.197463	0.133889	0.0783011	0.0395152	0.0172094	0.00646851	0.00209896	0.000588341	0.000142595	2.99228e-05	5.44559e-06	8.61143e-07	1.18593e-07	1.42595e-08	1.50173e-09	1.39185e-10	1.14624e-11	8.61031e-13	6.50448e-14	8.18139e-15	
POCUSC_Ips_acuminatus	0	0	0	0	1	0	0	0	0	0	0	0	0	0	0	0	0	0	0	0	0	0	
N31	0.280894	0.255408	0.197847	0.13119	0.0746848	0.0365709	0.0154229	0.00560744	0.00175938	0.000476892	0.000111813	2.27097e-05	4.0024e-06	6.13263e-07	8.18661e-08	9.54294e-09	9.73764e-10	8.72333e-11	6.89531e-12	4.89729e-13	3.46679e-14	4.38786e-15	
POCUSC_Ips_sexdentatus	0	1	0	0	0	0	0	0	0	0	0	0	0	0	0	0	0	0	0	0	0	0	
N32	0.273782	0.254957	0.203681	0.137185	0.076676	0.0351977	0.0132065	0.00404784	0.0010158	0.000209568	3.57286e-05	5.06292e-06	5.99947e-07	5.98159e-08	5.04827e-09	3.62788e-10	2.23268e-11	1.18327e-12	5.43381e-14	2.1901e-15	8.34039e-17	5.41047e-18	
POCUSC_Ips_emarginatus	0	1	0	0	0	0	0	0	0	0	0	0	0	0	0	0	0	0	0	0	0	0	
POCUSC_Ips_knausi	0	0	0	1	0	0	0	0	0	0	0	0	0	0	0	0	0	0	0	0	0	0	
N33	0.293795	0.265832	0.202356	0.128555	0.0673606	0.0287593	0.00989959	0.00272543	0.000596943	0.000103732	1.42932e-05	1.56356e-06	1.36151e-07	9.47282e-09	5.29015e-10	2.38354e-11	8.71269e-13	2.5988e-14	6.3637e-16	1.28944e-17	2.24945e-19	5.84955e-21	
N34	0.251554	0.238848	0.199291	0.144298	0.0892867	0.0465378	0.0201943	0.00723319	0.00212651	0.000511536	0.00010057	1.61669e-05	2.12844e-06	2.30075e-07	2.0485e-08	1.50789e-09	9.21421e-11	4.69591e-12	2.00821e-13	7.31027e-15	2.44171e-16	1.32076e-17	
N35	0.207754	0.207129	0.189062	0.154734	0.111164	0.068898	0.0363802	0.0162315	0.00608919	0.00191617	0.000505532	0.000111905	2.08217e-05	3.2647e-06	4.32693e-07	4.86526e-08	4.66174e-09	3.83015e-10	2.72961e-11	1.73643e-12	1.08394e-13	1.05338e-14	
N36	0.153806	0.168614	0.178226	0.170191	0.139919	0.0962065	0.054471	0.0252086	0.00951157	0.00292724	0.000736478	0.000152014	2.5853e-05	3.64041e-06	4.26634e-07	4.18369e-08	3.45177e-09	2.40979e-10	1.43383e-11	7.39896e-13	3.61964e-14	2.96938e-15	
POCUSC_Ips_montanus	0	0	0	0	0	0	1	0	0	0	0	0	0	0	0	0	0	0	0	0	0	0	
N37	0.141542	0.180154	0.213634	0.202724	0.145196	0.0767214	0.0296412	0.00836152	0.00172881	0.000263994	3.00789e-05	2.58746e-06	1.70167e-07	8.66484e-09	3.45862e-10	1.09508e-11	2.78129e-13	5.72627e-15	9.65425e-17	1.34961e-18	1.63684e-20	2.83134e-22	
POCUSC_Ips_paraconfusus	0	1	0	0	0	0	0	0	0	0	0	0	0	0	0	0	0	0	0	0	0	0	
N38	0.0694968	0.123144	0.196676	0.232956	0.196551	0.116379	0.0479616	0.0137038	0.00271618	0.000375673	3.6681e-05	2.56903e-06	1.31422e-07	5.00298e-09	1.44306e-10	3.20764e-12	5.58086e-14	7.70935e-16	8.56604e-18	7.75255e-20	5.88206e-22	5.96743e-24	
POCUSC_Ips_confusus	0	1	0	0	0	0	0	0	0	0	0	0	0	0	0	0	0	0	0	0	0	0	
POCUSC_Ips_hoppingi	0	0	0	0	0	0	0	0	1	0	0	0	0	0	0	0	0	0	0	0	0	0	
POCUSC_Ips_lecontei	0	0	0	0	0	0	0	1	0	0	0	0	0	0	0	0	0	0	0	0	0	0	
N39	0.211623	0.208655	0.187351	0.151218	0.108221	0.0678922	0.0370261	0.0174566	0.00709102	0.0024775	0.000744185	0.000192277	4.27849e-05	8.21397e-06	1.36362e-06	1.9628e-07	2.45768e-08	2.69004e-09	2.6008e-10	2.29254e-11	2.06853e-12	3.08675e-13	
POCUSC_Ips_cribricollis	0	0	0	0	0	0	1	0	0	0	0	0	0	0	0	0	0	0	0	0	0	0	
POCUSC_Ips_calligraphus	0	0	1	0	0	0	0	0	0	0	0	0	0	0	0	0	0	0	0	0	0	0	
N40	0.254982	0.243008	0.202916	0.145237	0.0870183	0.0427696	0.0169868	0.00539687	0.00136325	0.000272965	4.32955e-05	5.44571e-06	5.44487e-07	4.34231e-08	2.77371e-09	1.42584e-10	5.92997e-12	2.00743e-13	5.57585e-15	1.291e-16	2.65663e-18	8.28692e-20	
N41	0.205208	0.20551	0.188825	0.155531	0.112326	0.0699222	0.0370802	0.0166316	0.00628527	0.00199859	0.000534949	0.000120729	2.30324e-05	3.72627e-06	5.13097e-07	6.03793e-08	6.10169e-09	5.33289e-10	4.08958e-11	2.85933e-12	2.03836e-13	2.18338e-14	
N42	0.000566394	0.00237444	0.0108573	0.0387259	0.100223	0.183541	0.235786	0.212134	0.133697	0.0590499	0.0183125	0.00401737	0.000633545	7.33988e-05	6.39426e-06	4.28326e-07	2.2516e-08	9.46315e-10	3.24044e-11	9.29199e-13	2.40914e-14	9.15964e-16	
POCUSC_Orthotomicus_caelatus	0	0	0	0	0	0	0	0	0	0	1	0	0	0	0	0	0	0	0	0	0	0	
POCUSC_Ips_perroti	0	0	0	0	1	0	0	0	0	0	0	0	0	0	0	0	0	0	0	0	0	0	
POCUSC_Ips_typographus	0	0	0	0	1	0	0	0	0	0	0	0	0	0	0	0	0	0	0	0	0	0	
N43	0.242806	0.234912	0.201467	0.149392	0.093428	0.0483068	0.0203604	0.00693148	0.00189589	0.000415616	7.30055e-05	1.02898e-05	1.16679e-06	1.06822e-07	7.92977e-09	4.79573e-10	2.37499e-11	9.68347e-13	3.27108e-14	9.26926e-16	2.3524e-17	9.20489e-19	
N44	0.13221	0.153023	0.172128	0.172641	0.148004	0.106582	0.0640047	0.0319461	0.0132336	0.00454852	0.001298	0.000307967	6.08787e-05	1.00535e-05	1.3914e-06	1.62008e-07	1.59456e-08	1.33583e-09	9.6413e-11	6.15766e-12	3.7747e-13	3.55701e-14	
N45	0.197916	0.201911	0.190688	0.160862	0.117262	0.0720605	0.0367347	0.015392	0.00527838	0.00148025	0.000339967	6.41366e-05	9.97873e-06	1.28632e-06	1.3807e-07	1.24046e-08	9.37781e-10	5.99778e-11	3.26493e-12	1.53198e-13	6.69197e-15	4.99053e-16	
N46	6.22573e-05	0.00946259	0.518851	0.464794	0.00679777	3.24065e-05	7.46432e-08	9.89312e-11	8.31793e-14	4.71514e-17	1.87675e-20	5.39438e-24	1.1419e-27	1.80454e-31	2.14781e-35	1.93486e-39	1.32104e-43	6.82276e-48	2.65383e-52	7.76154e-57	1.75571e-61	3.61787e-66	
POCUSC_Ips_perturbatus	0	0	1	0	0	0	0	0	0	0	0	0	0	0	0	0	0	0	0	0	0	0	
POCUSC_Ips_hunteri	0	0	0	1	0	0	0	0	0	0	0	0	0	0	0	0	0	0	0	0	0	0	
N47	0.107489	0.208237	0.30983	0.248102	0.101686	0.0218218	0.00263248	0.000192522	9.10031e-06	2.92663e-07	6.67047e-09	1.11356e-10	1.39874e-12	1.35192e-14	1.02464e-16	6.18935e-19	3.02186e-21	1.20744e-23	3.9952e-26	1.11196e-28	2.72951e-31	8.34657e-34	
N48	0.13995	0.290477	0.363139	0.170819	0.032623	0.00286099	0.0001283	3.21747e-06	4.85384e-08	4.67345e-10	3.01354e-12	1.35384e-14	4.37882e-17	1.04815e-19	1.90088e-22	2.66496e-25	2.93917e-28	2.58938e-31	1.84698e-34	1.07953e-37	5.23238e-41	2.62571e-44	
POCUSC_Ips_borealis	0	1	0	0	0	0	0	0	0	0	0	0	0	0	0	0	0	0	0	0	0	0	
POCUSC_Ips_tridens	0	0	1	0	0	0	0	0	0	0	0	0	0	0	0	0	0	0	0	0	0	0	
POCUSC_Ips_pilifrons	0	0	0	0	1	0	0	0	0	0	0	0	0	0	0	0	0	0	0	0	0	0	
POCUSC_Ips_woodi	0	0	0	0	0	0	0	0	0	0	0	1	0	0	0	0	0	0	0	0	0	0	
N49	0.238235	0.230052	0.19787	0.148997	0.0962818	0.052439	0.023739	0.00884864	0.00270111	0.000673764	0.00013737	2.29399e-05	3.14819e-06	3.56561e-07	3.34885e-08	2.6217e-09	1.72005e-10	9.51178e-12	4.46592e-13	1.80988e-14	6.84733e-16	4.19549e-17	
N50	0.228412	0.227428	0.203737	0.157368	0.100787	0.052032	0.0212817	0.00683611	0.00171975	0.000339244	5.26772e-05	6.47446e-06	6.34024e-07	4.98232e-08	3.16523e-09	1.63787e-10	6.95469e-12	2.44111e-13	7.13744e-15	1.75988e-16	3.8782e-18	1.31515e-19	
N51	0.207219	0.225836	0.221655	0.1755	0.105135	0.0461211	0.014598	0.00332038	0.000544335	6.48e-05	5.65933e-06	3.66911e-07	1.78812e-08	6.63389e-10	1.89709e-11	4.23228e-13	7.45098e-15	1.04646e-16	1.1846e-18	1.09253e-20	8.47285e-23	8.83777e-25	
N52	0.236048	0.242629	0.220601	0.161874	0.0897064	0.0361766	0.0104503	0.0021574	0.000320157	3.45114e-05	2.73748e-06	1.62047e-07	7.26227e-09	2.4991e-10	6.694e-12	1.41379e-13	2.38317e-15	3.24278e-17	3.59978e-19	3.29532e-21	2.56272e-23	2.71448e-25	
POCUSC_Orthotomicus_suturalis	0	0	1	0	0	0	0	0	0	0	0	0	0	0	0	0	0	0	0	0	0	0	
POCUSC_Ips_avulsus	0	0	1	0	0	0	0	0	0	0	0	0	0	0	0	0	0	0	0	0	0	0	
N53	0.00818893	0.0317233	0.112935	0.248097	0.303716	0.203596	0.0746647	0.0151435	0.00179614	0.000132835	6.47963e-06	2.18299e-07	5.27281e-09	9.41491e-11	1.27474e-12	1.33714e-14	1.10674e-16	7.34374e-19	3.96128e-21	1.75948e-23	6.59438e-26	3.10902e-28	
POCUSC_Ips_plastographus	0	0	0	0	0	0	1	0	0	0	0	0	0	0	0	0	0	0	0	0	0	0	
POCUSC_Ips_integer	0	0	0	1	0	0	0	0	0	0	0	0	0	0	0	0	0	0	0	0	0	0	
POCUSC_Ips_pini	0	0	0	0	1	0	0	0	0	0	0	0	0	0	0	0	0	0	0	0	0	0	
POCUSC_Ips_bonanseai	0	0	0	0	1	0	0	0	0	0	0	0	0	0	0	0	0	0	0	0	0	0	
POCUSC_Pityogenes_hopkinsi_M	0	1	0	0	0	0	0	0	0	0	0	0	0	0	0	0	0	0	0	0	0	0	
N54	0.223322	0.216965	0.1899	0.148492	0.102693	0.0622328	0.0328046	0.0149608	0.00588155	0.00198861	0.000577561	0.000144033	3.08499e-05	5.67953e-06	8.99846e-07	1.22896e-07	1.44996e-08	1.4825e-09	1.32228e-10	1.05303e-11	8.42369e-13	1.21831e-13	
N55	0.218834	0.212648	0.186765	0.147618	0.104274	0.0653202	0.0360262	0.0173887	0.00731132	0.00266944	0.000844714	0.00023147	5.4926e-05	1.12946e-05	2.01518e-06	3.12509e-07	4.22191e-08	4.98653e-09	5.19116e-10	4.89833e-11	4.7185e-12	7.81172e-13	
N56	0.11929	0.144706	0.172572	0.181088	0.158461	0.113001	0.065051	0.0301435	0.0112548	0.00339798	0.000833858	0.000167364	2.76628e-05	3.792e-06	4.34175e-07	4.18134e-08	3.41018e-09	2.37164e-10	1.41853e-11	7.43875e-13	3.73778e-14	3.16662e-15	
POCUSC_Xylosandrus_germanus	0	0	1	0	0	0	0	0	0	0	0	0	0	0	0	0	0	0	0	0	0	0	
POCUSC_Xylosandrus_compactus	0	0	0	0	0	0	1	0	0	0	0	0	0	0	0	0	0	0	0	0	0	0	
POCUSC_Xyleborus_sp	0	0	0	1	0	0	0	0	0	0	0	0	0	0	0	0	0	0	0	0	0	0	
N57	0.187081	0.18973	0.178946	0.153826	0.1184	0.0805935	0.0481443	0.0251287	0.0114327	0.00452905	0.0015618	0.000468964	0.000122708	2.80108e-05	5.58676e-06	9.75625e-07	1.4965e-07	2.02829e-08	2.46326e-09	2.78428e-10	3.28415e-11	6.14707e-12	
POCUSC_Dryocoetes_affaber	0	0	1	0	0	0	0	0	0	0	0	0	0	0	0	0	0	0	0	0	0	0	
POCUSC_Dryocoetes_autographus	0	0	0	0	0	0	0	0	1	0	0	0	0	0	0	0	0	0	0	0	0	0	
N58	0.308885	0.275334	0.202865	0.122094	0.0591568	0.0227766	0.0069016	0.00163587	0.00030243	4.35939e-05	4.9076e-06	4.32842e-07	3.00384e-08	1.64871e-09	7.19821e-11	2.5153e-12	7.07972e-14	1.61565e-15	3.0096e-17	4.61603e-19	6.05154e-21	1.1338e-22	
N59	0.293521	0.26666	0.203725	0.12912	0.0668256	0.0278547	0.00925628	0.00243633	0.000506243	8.2981e-05	1.07432e-05	1.10159e-06	8.98125e-08	5.84975e-09	3.06013e-10	1.2931e-11	4.44044e-13	1.24692e-14	2.88388e-16	5.56487e-18	9.48088e-20	2.34691e-21	
N60	0.238011	0.233482	0.203654	0.152492	0.0951726	0.0485186	0.0199496	0.00656679	0.00172372	0.000360303	6.00009e-05	7.97524e-06	8.48601e-07	7.25554e-08	5.00663e-09	2.80179e-10	1.27819e-11	4.77974e-13	1.47406e-14	3.78838e-16	8.57417e-18	2.97464e-19	
N61	0.224354	0.218109	0.191051	0.149308	0.102779	0.0615201	0.031664	0.0138912	0.00516186	0.00161808	0.000426938	9.47549e-05	1.76982e-05	2.78605e-06	3.70519e-07	4.17681e-08	4.01027e-09	3.30447e-10	2.37059e-11	1.53214e-12	9.96743e-14	1.09134e-14	
N62	0.218776	0.212857	0.187228	0.148062	0.104438	0.0651669	0.0357026	0.0170692	0.00708812	0.0025481	0.000791336	0.000212084	4.90433e-05	9.79095e-06	1.68958e-06	2.52514e-07	3.27838e-08	3.7169e-09	3.72073e-10	3.38305e-11	3.08374e-12	4.59542e-13	
N63	0.233355	0.223706	0.191386	0.145608	0.0979018	0.0577576	0.0296924	0.0132229	0.0050772	0.00167527	0.000474005	0.000114885	2.38488e-05	4.24285e-06	6.47703e-07	8.49941e-08	9.60956e-09	9.39225e-10	7.98949e-11	6.04809e-12	4.52354e-13	5.79626e-14	
POCUSC_Polygraphus_grandiclava	0	0	0	0	1	0	0	0	0	0	0	0	0	0	0	0	0	0	0	0	0	0	
N64	0.240122	0.228685	0.193177	0.144287	0.094734	0.054306	0.0270061	0.0115883	0.00427338	0.00135074	0.000365445	8.46058e-05	1.67716e-05	2.85055e-06	4.16196e-07	5.23245e-08	5.67991e-09	5.34127e-10	4.37538e-11	3.1817e-12	2.28107e-13	2.89052e-14	
POCUSC_Polygraphus_poligraphus_M	0	0	0	1	0	0	0	0	0	0	0	0	0	0	0	0	0	0	0	0	0	0	
POCUEN_Tanymecus_sp	0	0	1	0	0	0	0	0	0	0	0	0	0	0	0	0	0	0	0	0	0	0	
POCUCU_Anthonomus_sp	0	0	0	0	0	0	1	0	0	0	0	0	0	0	0	0	0	0	0	0	0	0	
N65	0.192164	0.192026	0.177546	0.150412	0.115362	0.079175	0.0481474	0.0257469	0.012043	0.0049109	0.00174286	0.000538099	0.00014462	3.38851e-05	6.93813e-06	1.24601e-06	1.97462e-07	2.79253e-08	3.60458e-09	4.44636e-10	5.73743e-11	1.02337e-11	
POCUCU_Rhynchaenus_sp	0	0	0	0	0	0	0	1	0	0	0	0	0	0	0	0	0	0	0	0	0	0	
POCUSC_Crypturgus_pusillus	0	0	0	0	0	0	1	0	0	0	0	0	0	0	0	0	0	0	0	0	0	0	
N66	0.15783	0.17365	0.183371	0.173024	0.138761	0.0919136	0.0495466	0.0215842	0.00757893	0.00214489	0.000489994	9.05943e-05	1.36023e-05	1.66523e-06	1.6698e-07	1.37845e-08	9.42307e-10	5.37374e-11	2.58673e-12	1.0791e-13	4.25442e-15	2.60916e-16	
N67	0.110047	0.124502	0.14033	0.148792	0.142877	0.121685	0.0909393	0.0593247	0.0337077	0.0166747	0.0071872	0.00270363	0.000889703	0.000256917	6.5358e-05	1.47216e-05	2.95566e-06	5.33798e-07	8.79332e-08	1.35703e-08	2.12211e-09	4.79939e-10	
POCUSC_Trypodendron_lineatum	0	0	0	0	0	0	0	0	0	0	0	0	0	0	1	0	0	0	0	0	0	0	
N68	0.366775	0.310711	0.198082	0.0896817	0.0278733	0.0059135	0.000867294	8.98154e-05	6.72502e-06	3.7265e-07	1.56152e-08	5.04554e-10	1.27926e-11	2.58507e-13	4.22207e-15	5.64533e-17	6.25665e-19	5.82515e-21	4.63799e-23	3.25254e-25	2.12174e-27	1.65216e-29	
N69	0.368774	0.31736	0.200672	0.0852789	0.0233224	0.00408825	0.000467359	3.57636e-05	1.88442e-06	7.02668e-08	1.90167e-09	3.8216e-11	5.82039e-13	6.84166e-15	6.30858e-17	4.62995e-19	2.74015e-21	1.32335e-23	5.27226e-26	1.75074e-28	4.92654e-31	1.70143e-33	
POCUSC_Cryphalus_abietis	0	1	0	0	0	0	0	0	0	0	0	0	0	0	0	0	0	0	0	0	0	0	
POCUCO_Telephae_sp	0	0	1	0	0	0	0	0	0	0	0	0	0	0	0	0	0	0	0	0	0	0	
N70	0.313366	0.351376	0.241524	0.079436	0.0130565	0.00117593	6.28994e-05	2.12996e-06	4.80373e-08	7.51742e-10	8.44329e-12	7.00175e-14	4.39146e-16	2.12675e-18	8.09738e-21	2.46231e-23	6.06399e-26	1.22452e-28	2.05007e-31	2.87426e-34	3.42035e-37	4.65042e-40	
POCUSC_Phloeotribus_sp	0	1	0	0	0	0	0	0	0	0	0	0	0	0	0	0	0	0	0	0	0	0	
POCUMO_Lepyrus_sp	0	0	1	0	0	0	0	0	0	0	0	0	0	0	0	0	0	0	0	0	0	0	
N71	0.125942	0.14756	0.169725	0.174698	0.153036	0.111394	0.0665965	0.0325171	0.0129376	0.0041939	0.00110919	0.000239945	4.25985e-05	6.23159e-06	7.54567e-07	7.6012e-08	6.40715e-09	4.55306e-10	2.76185e-11	1.47082e-12	7.5083e-14	5.82059e-15	
POCUSC_Hylurgops_sp	0	1	0	0	0	0	0	0	0	0	0	0	0	0	0	0	0	0	0	0	0	0	
N72	0.0264139	0.0430788	0.0768829	0.124188	0.168581	0.185862	0.163301	0.113073	0.0613162	0.0259658	0.00858452	0.00221959	0.000450321	7.20246e-05	9.13383e-06	9.24746e-07	7.53735e-08	5.00093e-09	2.74721e-10	1.28845e-11	5.55199e-13	3.32783e-14	
POCUSC_Hylastes_sp	0	0	0	0	0	0	0	0	1	0	0	0	0	0	0	0	0	0	0	0	0	0	
N73	0.0188201	0.0323455	0.0624653	0.109924	0.16186	0.191608	0.17838	0.128924	0.0718038	0.0307002	0.0100649	0.00253224	0.000490079	7.32287e-05	8.48774e-06	7.67438e-07	5.44868e-08	3.06162e-09	1.37599e-10	5.04786e-12	1.64126e-13	8.65641e-15	
N74	0.0284144	0.042313	0.0717471	0.115937	0.161325	0.183777	0.167099	0.119679	0.0670647	0.0293198	0.00999828	0.00266394	0.000556328	9.14543e-05	1.18952e-05	1.23127e-06	1.02084e-07	6.83129e-09	3.73074e-10	1.70237e-11	7.02438e-13	4.30734e-14	
N75	0.00211402	0.00448609	0.0113608	0.0271387	0.0565939	0.0997012	0.14584	0.175361	0.172291	0.137843	0.0896625	0.047409	0.0203968	0.00715462	0.00205212	0.000483129	9.38077e-05	1.51186e-05	2.04539e-06	2.39656e-07	2.75331e-08	5.26136e-09	
POCUSC_Dendroctonus_jeffreyi	0	0	0	0	0	1	0	0	0	0	0	0	0	0	0	0	0	0	0	0	0	0	
POCUSC_Dendroctonus_ponderosae	0	0	0	0	0	0	0	0	0	0	0	0	0	1	0	0	0	0	0	0	0	0	
N76	0.0450995	0.062855	0.095721	0.137183	0.169932	0.173954	0.143607	0.0943182	0.0489241	0.0199775	0.00641887	0.00162547	0.000325444	5.17409e-05	6.56608e-06	6.68994e-07	5.50722e-08	3.68885e-09	2.02916e-10	9.34878e-12	3.91066e-13	2.55957e-14	
POCUSC_Dendroctonus_frontalis	0	0	0	1	0	0	0	0	0	0	0	0	0	0	0	0	0	0	0	0	0	0	
N77	0.0514686	0.0679522	0.0981933	0.136667	0.167186	0.170329	0.140357	0.0921336	0.0478234	0.0195744	0.0063184	0.0016117	0.000325995	5.25178e-05	6.77339e-06	7.03359e-07	5.91677e-08	4.05991e-09	2.29374e-10	1.08922e-11	4.72121e-13	3.20208e-14	
POCUSC_Dendroctonus_adjunctus	0	0	0	0	0	0	0	1	0	0	0	0	0	0	0	0	0	0	0	0	0	0	
N78	0.0600587	0.0775867	0.107844	0.143177	0.16709	0.163281	0.130097	0.0833431	0.0426435	0.0173885	0.00565448	0.00147021	0.000306856	5.16639e-05	7.0557e-06	7.86292e-07	7.1951e-08	5.44242e-09	3.43159e-10	1.83856e-11	9.16819e-13	7.50109e-14	
POCUSC_Dendroctonus_approximatus	0	0	0	1	0	0	0	0	0	0	0	0	0	0	0	0	0	0	0	0	0	0	
POCUSC_Dendroctonus_brevicomis	0	0	0	0	0	0	1	0	0	0	0	0	0	0	0	0	0	0	0	0	0	0	
N79	0.000502649	0.00141701	0.00508823	0.0165629	0.044314	0.0941545	0.156145	0.199987	0.196501	0.147551	0.0845369	0.0369678	0.0123631	0.00317269	0.000627666	9.62777e-05	1.15304e-05	1.08763e-06	8.1851e-08	5.04857e-09	2.80977e-10	2.45505e-11	
N80	0.000362819	0.000839135	0.00265822	0.00837935	0.0230379	0.0526748	0.0983444	0.148722	0.181445	0.17827	0.141008	0.0898773	0.046256	0.0192791	0.0065327	0.00180849	0.000411716	7.78569e-05	1.24635e-05	1.76353e-06	2.46969e-07	5.05904e-08	
POCUSC_Dendroctonus_simplex	0	0	0	0	0	0	0	0	0	0	0	0	0	1	0	0	0	0	0	0	0	0	
POCUSC_Dendroctonus_pseudotsugae	0	0	0	0	0	0	0	0	0	1	0	0	0	0	0	0	0	0	0	0	0	0	
N81	0.000179862	0.000513317	0.00208605	0.00811767	0.0261068	0.0659039	0.127871	0.188725	0.210679	0.177372	0.112519	0.0538225	0.0194557	0.00533276	0.00111336	0.000178022	2.19415e-05	2.10075e-06	1.57921e-07	9.53811e-09	5.10893e-10	4.4284e-11	
N82	0.000235175	0.000634741	0.00232336	0.00811747	0.023997	0.0575165	0.109755	0.165245	0.195371	0.181011	0.131391	0.0748191	0.0335106	0.0118496	0.00332381	0.000743802	0.000133707	1.94838e-05	2.33592e-06	2.38184e-07	2.29633e-08	3.39693e-09	
POCUSC_Dendroctonus_punctatus	0	0	0	0	0	0	0	0	0	0	0	0	0	1	0	0	0	0	0	0	0	0	
N83	3.57226e-07	1.18848e-05	0.000373636	0.0074926	0.0800718	0.354417	0.413675	0.126936	0.0159448	0.00103604	3.98852e-05	9.92823e-07	1.6979e-08	2.08583e-10	1.90456e-12	1.32812e-14	7.23346e-17	3.13864e-19	1.10786e-21	3.28066e-24	8.68808e-27	2.6185e-29	
POCUSC_Dendroctonus_rufipennis	0	0	0	0	0	1	0	0	0	0	0	0	0	0	0	0	0	0	0	0	0	0	
POCUSC_Dendroctonus_murrayanae	0	0	0	0	0	0	1	0	0	0	0	0	0	0	0	0	0	0	0	0	0	0	
N84	0.000216485	0.000570321	0.00208933	0.00744191	0.0225104	0.0551023	0.107076	0.163702	0.196005	0.18342	0.134126	0.0767503	0.0344632	0.0121918	0.00341497	0.000761848	0.000136304	1.97309e-05	2.34531e-06	2.37364e-07	2.30057e-08	3.41333e-09	
POCUSC_Dendroctonus_valens	0	0	0	0	0	0	0	0	0	0	0	1	0	0	0	0	0	0	0	0	0	0	
POCUSC_Dendroctonus_terebrans	0	0	0	0	0	0	0	0	1	0	0	0	0	0	0	0	0	0	0	0	0	0	
N85	0.240251	0.229788	0.195072	0.14579	0.0949169	0.0532809	0.0255623	0.0104096	0.00357991	0.00103611	0.000251839	5.13573e-05	8.78693e-06	1.26231e-06	1.52479e-07	1.5518e-08	1.33391e-09	9.71486e-11	6.023e-12	3.22331e-13	1.6243e-14	1.42514e-15	
N86	0.186933	0.19022	0.180567	0.156261	0.120412	0.0810268	0.0469368	0.0231793	0.00969831	0.00342548	0.00101951	0.000255565	5.39833e-05	9.62061e-06	1.44914e-06	1.84916e-07	2.00455e-08	1.85312e-09	1.47176e-10	1.02715e-11	6.96155e-13	7.82878e-14	
N87	0.0681729	0.084786	0.109872	0.13501	0.149189	0.144409	0.120841	0.0868178	0.0533624	0.0280158	0.0125597	0.00481086	0.00157651	0.000442785	0.000106832	2.22014e-05	3.98659e-06	6.21261e-07	8.48001e-08	1.04602e-08	1.33309e-09	2.96566e-10	
POCUMO_Magdalis_sp	0	0	0	0	1	0	0	0	0	0	0	0	0	0	0	0	0	0	0	0	0	0	
POCUCU_Dorytomus_sp	0	0	0	0	0	0	0	0	0	1	0	0	0	0	0	0	0	0	0	0	0	0	
N88	0.151928	0.160624	0.163424	0.15513	0.13333	0.101301	0.0668752	0.037917	0.0183278	0.00752001	0.0026136	0.000769027	0.000191687	4.05342e-05	7.28674e-06	1.11649e-06	1.46272e-07	1.64574e-08	1.60374e-09	1.38863e-10	1.19146e-11	1.72891e-12	
POCUCU_Curculio_dentipes	0	0	0	0	0	1	0	0	0	0	0	0	0	0	0	0	0	0	0	0	0	0	
N89	0.101196	0.116691	0.136452	0.151288	0.150938	0.1311	0.0972806	0.0610418	0.0322213	0.0142757	0.00530668	0.00165654	0.000435018	9.63383e-05	1.80451e-05	2.86838e-06	3.88358e-07	4.49808e-08	4.48846e-09	3.94699e-10	3.42905e-11	5.21761e-12	
POCUCU_Curculio_nucum_M	0	0	0	0	0	0	1	0	0	0	0	0	0	0	0	0	0	0	0	0	0	0	
N90	0.0006528	0.00435043	0.0275687	0.110006	0.248152	0.305564	0.207288	0.0778679	0.0163385	0.00203989	0.000162497	8.75855e-06	3.3466e-07	9.40509e-09	2.00232e-10	3.30809e-12	4.32724e-14	4.56003e-16	3.93697e-18	2.85168e-20	1.84271e-22	1.52858e-24	
N91	2.53819e-06	0.000253949	0.0168064	0.36087	0.558667	0.0613363	0.0020341	2.88084e-05	2.05973e-07	8.25484e-10	2.00067e-12	3.11115e-15	3.25608e-18	2.38536e-21	1.26383e-24	4.97778e-28	1.49184e-31	3.47075e-35	6.3773e-39	9.39566e-43	1.12911e-46	1.35354e-50	
POCUEN_Scepticus_griseus	0	0	0	1	0	0	0	0	0	0	0	0	0	0	0	0	0	0	0	0	0	0	
POCUEN_Scepticus_insularis	0	0	0	0	1	0	0	0	0	0	0	0	0	0	0	0	0	0	0	0	0	0	
POCUCU_Curculio_distinguendus	0	0	0	0	0	0	0	1	0	0	0	0	0	0	0	0	0	0	0	0	0	0	
N92	0.236835	0.226075	0.191942	0.144606	0.0961896	0.0561486	0.0285879	0.0126283	0.00481936	0.00158414	0.000447653	0.00010866	2.26573e-05	4.06179e-06	6.2697e-07	8.351e-08	9.6282e-09	9.65867e-10	8.52482e-11	6.826e-12	5.5031e-13	7.09802e-14	
N93	0.206427	0.208578	0.193198	0.158636	0.112236	0.0671001	0.033492	0.0138628	0.00474338	0.0013408	0.000313433	6.07353e-05	9.78673e-06	1.31639e-06	1.48424e-07	1.40912e-08	1.13182e-09	7.7329e-11	4.53236e-12	2.33382e-13	1.16712e-14	9.37234e-16	
POCUMO_Pissodes_schwarzi_M	0	0	0	0	0	0	1	0	0	0	0	0	0	0	0	0	0	0	0	0	0	0	
N94	0.234067	0.229025	0.200603	0.152897	0.0984234	0.0522003	0.0224131	0.00770775	0.00211178	0.000460364	7.99703e-05	1.11069e-05	1.23906e-06	1.11626e-07	8.16852e-09	4.8851e-10	2.40239e-11	9.77654e-13	3.3151e-14	9.48259e-16	2.43697e-17	9.89112e-19	
N95	0.242367	0.235806	0.203631	0.151189	0.0934734	0.046924	0.0188086	0.00596423	0.001491	0.000294045	4.59063e-05	5.70375e-06	5.67641e-07	4.55711e-08	2.97317e-09	1.58821e-10	6.99793e-12	2.56183e-13	7.84879e-15	2.03308e-16	4.69056e-18	1.70689e-19	
POCUBA_Limnobaris_sp	0	0	0	1	0	0	0	0	0	0	0	0	0	0	0	0	0	0	0	0	0	0	
POCUMO_Pissodes_strobi	0	0	1	0	0	0	0	0	0	0	0	0	0	0	0	0	0	0	0	0	0	0	
POCUMO_Pissodes_nemorensis	0	0	0	1	0	0	0	0	0	0	0	0	0	0	0	0	0	0	0	0	0	0	
N96	8.73226e-07	7.90649e-05	0.00454671	0.115829	0.787556	0.0892489	0.00270259	3.63123e-05	2.70155e-07	1.26033e-09	3.99261e-12	9.07742e-15	1.5426e-17	2.02139e-20	2.09339e-23	1.74829e-26	1.19802e-29	6.84775e-33	3.32854e-36	1.41858e-39	5.61693e-43	2.37803e-46	
POCUMO_Hylobius_piceus	0	0	0	0	1	0	0	0	0	0	0	0	0	0	0	0	0	0	0	0	0	0	
POCUMO_Hylobius_abietis	0	0	0	0	1	0	0	0	0	0	0	0	0	0	0	0	0	0	0	0	0	0	
N97	0.223843	0.221652	0.197939	0.154757	0.103222	0.0576604	0.0266559	0.010125	0.00314757	0.000799546	0.000165974	2.81944e-05	3.92843e-06	4.50338e-07	4.2627e-08	3.34501e-09	2.18555e-10	1.19467e-11	5.49805e-13	2.16363e-14	7.86884e-16	4.56714e-17	
N98	0.208011	0.206667	0.188055	0.154036	0.11129	0.069575	0.0370404	0.0165899	0.00619768	0.00192046	0.000492045	0.000104105	1.81921e-05	2.62902e-06	3.14862e-07	3.13369e-08	2.6002e-09	1.80551e-10	1.05435e-11	5.2443e-13	2.40534e-14	1.86168e-15	
N99	0.165347	0.172929	0.172216	0.15826	0.130143	0.0934423	0.0575565	0.0300566	0.0132074	0.00486186	0.00149603	0.000384563	8.26332e-05	1.48649e-05	2.24366e-06	2.84938e-07	3.05484e-08	2.77673e-09	2.15573e-10	1.46019e-11	9.50443e-13	1.02977e-13	
N100	0.122528	0.138229	0.154582	0.160793	0.148481	0.118184	0.0796187	0.0448895	0.0210363	0.00816227	0.00261775	0.000693851	0.000152156	2.76606e-05	4.17971e-06	5.26665e-07	5.55394e-08	4.92185e-09	3.68624e-10	2.3709e-11	1.43681e-12	1.48982e-13	
N101	0.10885	0.126691	0.147607	0.159433	0.152243	0.125245	0.0875064	0.0515028	0.0254204	0.0105008	0.00362968	0.00105104	0.00025552	5.23071e-05	9.04782e-06	1.32758e-06	1.65933e-07	1.77497e-08	1.63622e-09	1.32722e-10	1.05757e-11	1.48543e-12	
POCUEN_Hypomeces_squamosus	0	0	0	0	0	0	0	1	0	0	0	0	0	0	0	0	0	0	0	0	0	0	
POCUEN_Sympiezomias_cribricollis	0	0	1	0	0	0	0	0	0	0	0	0	0	0	0	0	0	0	0	0	0	0	
N102	0.0534224	0.0723954	0.105115	0.142514	0.167541	0.16464	0.132723	0.0869028	0.0459823	0.0196212	0.00675238	0.00187702	0.000422625	7.73582e-05	1.15611e-05	1.41756e-06	1.43355e-07	1.20276e-08	8.44105e-10	5.05438e-11	2.82797e-12	2.59525e-13	
N103	5.4961e-18	1.73425e-14	3.78268e-11	5.13446e-08	3.82413e-05	0.0123663	0.978385	0.00918938	2.10212e-05	2.06917e-08	1.10293e-11	3.59749e-15	7.73416e-19	1.15075e-22	1.2254e-26	9.56223e-31	5.56066e-35	2.43955e-39	8.16315e-44	2.12147e-48	4.50758e-53	9.04995e-58	
POCUEN_Hypera_nigrirostris	0	0	0	0	0	0	1	0	0	0	0	0	0	0	0	0	0	0	0	0	0	0	
POCUEN_Hypera_postica	0	0	0	0	0	0	1	0	0	0	0	0	0	0	0	0	0	0	0	0	0	0	
N104	0.0241654	0.0383173	0.0687184	0.114596	0.161992	0.186069	0.17009	0.122431	0.0690455	0.0304629	0.0105256	0.0028564	0.000611423	0.000103783	1.4054e-05	1.52827e-06	1.34372e-07	9.62107e-09	5.65594e-10	2.77349e-11	1.22773e-12	8.83782e-14	
POCUEN_Eudiagogus_sp	0	0	0	0	0	0	1	0	0	0	0	0	0	0	0	0	0	0	0	0	0	0	
N105	0.00528451	0.0111218	0.028465	0.0661939	0.125305	0.184883	0.208216	0.177021	0.113045	0.0542024	0.0195763	0.00535848	0.00112072	0.000180811	2.27339e-05	2.25118e-06	1.77412e-07	1.1242e-08	5.78724e-10	2.45669e-11	9.22453e-13	5.60108e-14	
POCUEN_Barypeithes_sp	0	0	0	0	0	0	0	0	1	0	0	0	0	0	0	0	0	0	0	0	0	0	
POCUEN_Polydrusus_mollis_M	0	0	0	0	0	0	1	0	0	0	0	0	0	0	0	0	0	0	0	0	0	0	
N106	0.0347731	0.0530944	0.089265	0.136473	0.174431	0.180588	0.149636	0.0987565	0.0518184	0.0216128	0.00717293	0.00189816	0.000401705	6.82411e-05	9.34683e-06	1.03733e-06	9.37991e-08	6.95645e-09	4.27721e-10	2.24763e-11	1.14688e-12	1.04115e-13	
POCUEN_Phyllobius_pyri	0	0	0	0	0	0	0	1	0	0	0	0	0	0	0	0	0	0	0	0	0	0	
N107	0.0333635	0.0518319	0.0884125	0.136337	0.175157	0.181855	0.150794	0.0993748	0.0519455	0.0215312	0.00708321	0.00185302	0.000386597	6.45589e-05	8.66685e-06	9.39973e-07	8.28169e-08	5.96712e-09	3.55421e-10	1.80357e-11	8.87612e-13	8.10804e-14	
POCUEN_Liophloeus_tessulatus	0	0	0	0	0	0	0	0	0	0	1	0	0	0	0	0	0	0	0	0	0	0	
POCUEN_Phyllobius_argentatus	0	1	0	0	0	0	0	0	0	0	0	0	0	0	0	0	0	0	0	0	0	0	
N108	0.188956	0.190468	0.178504	0.153172	0.118235	0.0807641	0.0481647	0.0248212	0.0109735	0.00414224	0.00133133	0.000363885	8.45781e-05	1.67318e-05	2.82162e-06	4.06517e-07	5.01824e-08	5.33178e-09	4.92251e-10	4.06367e-11	3.34414e-12	4.49809e-13	
N109	0.167783	0.173084	0.168853	0.152528	0.125061	0.0916459	0.0593708	0.03375	0.0167526	0.00723861	0.00271787	0.000886099	0.000250865	6.17173e-05	1.32106e-05	2.46466e-06	4.01803e-07	5.74845e-08	7.28887e-09	8.45074e-10	1.01335e-10	2.08176e-11	
POCUEN_Sitona_lineatus	0	0	0	0	0	0	0	1	0	0	0	0	0	0	0	0	0	0	0	0	0	0	
N110	0.187304	0.211868	0.218448	0.182617	0.116963	0.056125	0.0200587	0.00535435	0.00107583	0.00016444	1.93502e-05	1.77484e-06	1.28459e-07	7.42368e-09	3.46394e-10	1.31876e-11	4.1373e-13	1.08028e-14	2.3763e-16	4.50659e-18	7.92862e-20	1.98787e-21	
POCUCL_Cleonus_sp	0	0	0	0	0	1	0	0	0	0	0	0	0	0	0	0	0	0	0	0	0	0	
N111	0.244893	0.253049	0.226696	0.157881	0.0800113	0.0287119	0.00726552	0.0013065	0.00016917	1.60185e-05	1.12712e-06	5.98729e-08	2.43757e-09	7.71493e-11	1.9236e-12	3.82522e-14	6.13628e-16	8.02515e-18	8.64171e-20	7.73941e-22	5.91906e-24	6.22207e-26	
POCUMO_Larinus_sp	0	0	1	0	0	0	0	0	0	0	0	0	0	0	0	0	0	0	0	0	0	0	
POCUMO_Lixus_sp	0	1	0	0	0	0	0	0	0	0	0	0	0	0	0	0	0	0	0	0	0	0	
N112	0.0559135	0.0745433	0.103431	0.132659	0.150344	0.14829	0.126535	0.0931202	0.0589922	0.0321364	0.0150477	0.00605758	0.00209802	0.000625957	0.000161159	3.58842e-05	6.93067e-06	1.16665e-06	1.73039e-07	2.34235e-08	3.31045e-09	7.98195e-10	
POCUEN_Bothrometopus_sp	0	0	0	0	0	0	0	0	0	0	0	1	0	0	0	0	0	0	0	0	0	0	
POCUEN_Foucartia_squamulata	0	0	1	0	0	0	0	0	0	0	0	0	0	0	0	0	0	0	0	0	0	0	
N113	0.0799155	0.096736	0.121839	0.146202	0.156876	0.144984	0.113069	0.0736013	0.0397636	0.0177825	0.00657748	0.00201315	0.000510546	0.00010751	1.88502e-05	2.76127e-06	3.39318e-07	3.51624e-08	3.0984e-09	2.37583e-10	1.77036e-11	2.29843e-12	
N114	0.0375313	0.0525398	0.0804713	0.117165	0.150763	0.165335	0.151537	0.114788	0.0714041	0.0363527	0.0151288	0.00514834	0.0014348	0.000328287	6.18707e-05	9.64409e-06	1.24981e-06	1.35668e-07	1.25006e-08	1.00798e-09	7.82509e-11	9.33075e-12	
N115	0.0234244	0.0386988	0.0691898	0.11189	0.154256	0.176699	0.165598	0.125653	0.0766529	0.0374253	0.0145881	0.00453562	0.00112526	0.000223093	3.54309e-05	4.52198e-06	4.65673e-07	3.88983e-08	2.65816e-09	1.51883e-10	7.9712e-12	6.74576e-13	
N116	0.000264359	0.000793996	0.00284686	0.00923368	0.0253035	0.0571711	0.105198	0.156384	0.186698	0.178193	0.13553	0.0819776	0.0394021	0.015055	0.00458005	0.00111246	0.000216613	3.40149e-05	4.35574e-06	4.69171e-07	4.80502e-08	7.99334e-09	
N117	1.66228e-06	7.98477e-06	5.13263e-05	0.000303603	0.00151214	0.0061381	0.0199582	0.0513925	0.10391	0.163853	0.200422	0.189395	0.137893	0.0772515	0.0333094	0.011075	0.0028504	0.000571703	9.05323e-05	1.17084e-05	1.39445e-06	2.54449e-07	
N118	3.71001e-19	2.47517e-17	1.90867e-15	1.28768e-13	7.20667e-12	3.24734e-10	1.15329e-08	3.1668e-07	6.58835e-06	0.000101478	0.0011258	0.00869821	0.0448744	0.146568	0.283462	0.300131	0.162457	0.0450281	0.00687199	0.00063181	4.0274e-05	3.3591e-06	
POCUDR_Sitophilus_granarius	0	0	0	0	0	0	0	0	0	0	0	0	0	0	0	1	0	0	0	0	0	0	
POCUDR_Sitophilus_zeamais	0	0	0	0	0	0	0	0	0	0	0	0	0	0	0	0	1	0	0	0	0	0	
POCUDR_Sitophilus_oryzae	0	0	0	0	0	0	0	0	0	0	1	0	0	0	0	0	0	0	0	0	0	0	
POCUMO_Pachylobius_picivorus	0	0	0	0	0	0	0	0	0	1	0	0	0	0	0	0	0	0	0	0	0	0	
N119	0.0570833	0.0792297	0.114595	0.150215	0.168877	0.159099	0.124033	0.0793809	0.0414944	0.0176651	0.00611854	0.001725	0.000396542	7.45304e-05	1.14937e-05	1.46042e-06	1.53616e-07	1.34478e-08	9.86917e-10	6.18565e-11	3.64116e-12	3.61745e-13	
N120	0.0734064	0.125161	0.206441	0.249523	0.199702	0.102776	0.0342018	0.00752983	0.00112957	0.000118999	9.05568e-06	5.10546e-07	2.18055e-08	7.19457e-10	1.8655e-11	3.85917e-13	6.45569e-15	8.84108e-17	1.00416e-18	9.65506e-21	8.36471e-23	9.76437e-25	
N121	0.0310883	0.0980034	0.230492	0.31229	0.2262	0.0843567	0.0159451	0.00154353	7.93487e-05	2.28725e-06	3.91473e-08	4.19172e-10	2.93765e-12	1.40027e-14	4.69045e-17	1.13538e-19	2.03439e-22	2.7553e-25	2.87274e-28	2.34356e-31	1.5238e-34	1.02663e-37	
N122	0.00174382	0.0109564	0.0605075	0.194288	0.328918	0.274473	0.107476	0.0197866	0.00176586	8.25092e-05	2.19264e-06	3.56048e-08	3.74645e-10	2.67915e-12	1.35381e-14	4.9923e-17	1.38024e-19	2.92726e-22	4.85679e-25	6.41234e-28	6.86217e-31	7.9599e-34	
POCUCU_Gymnetron_tetrum	0	0	0	0	0	0	0	1	0	0	0	0	0	0	0	0	0	0	0	0	0	0	
POCUCE_Phytobius_sp	0	0	0	0	0	1	0	0	0	0	0	0	0	0	0	0	0	0	0	0	0	0	
N123	0.0928529	0.202577	0.31167	0.257689	0.108954	0.0234765	0.0026194	0.000156578	5.26916e-06	1.05612e-07	1.33138e-09	1.10809e-11	6.3478e-14	2.59299e-16	7.78284e-19	1.7609e-21	3.06986e-24	4.20262e-27	4.59314e-30	4.06615e-33	2.95965e-36	2.28953e-39	
POCUEN_Naupactus_xanthographus	0	1	0	0	0	0	0	0	0	0	0	0	0	0	0	0	0	0	0	0	0	0	
POCUCU_Gymnetron_antirhini	0	1	0	0	0	0	0	0	0	0	0	0	0	0	0	0	0	0	0	0	0	0	
POCUEN_Sitona_hispidulus	0	0	0	1	0	0	0	0	0	0	0	0	0	0	0	0	0	0	0	0	0	0	
POCUEN_Dyslobus_sp	0	0	1	0	0	0	0	0	0	0	0	0	0	0	0	0	0	0	0	0	0	0	
POCUEN_Otiorhynchus_armadillo	0	0	0	0	0	0	0	0	1	0	0	0	0	0	0	0	0	0	0	0	0	0	
N124	0.0592595	0.072659	0.0946374	0.120769	0.141965	0.147736	0.132896	0.101919	0.0661226	0.0361463	0.0166225	0.0064305	0.00209528	0.000576327	0.000134274	2.66245e-05	4.52345e-06	6.65006e-07	8.58683e-08	9.99738e-09	1.13041e-09	1.84927e-10	
POCUEN_Chlorophanus_sp	0	0	0	0	0	0	0	0	0	0	0	0	0	1	0	0	0	0	0	0	0	0	
N125	0.0639415	0.0760985	0.0952079	0.117457	0.135411	0.140536	0.128239	0.101423	0.0689446	0.0400962	0.019906	0.00843097	0.00304792	0.000941743	0.000249183	5.66097e-05	1.10816e-05	1.88029e-06	2.80256e-07	3.81544e-08	5.41164e-09	1.26727e-09	
POCUEN_Brachyderes_incanus	0	0	0	0	0	1	0	0	0	0	0	0	0	0	0	0	0	0	0	0	0	0	
N126	0.00920384	0.0161231	0.0335477	0.0659911	0.111586	0.156548	0.179512	0.166997	0.125565	0.0762253	0.0373998	0.0148738	0.00481527	0.00127575	0.000278262	5.02898e-05	7.5821e-06	9.60902e-07	1.03501e-07	9.74179e-09	8.99387e-10	1.41202e-10	
POCUEN_Strophosoma_melanogrammum	0	0	0	0	0	0	0	1	0	0	0	0	0	0	0	0	0	0	0	0	0	0	
POCUEN_Strophosoma_capitatum	0	0	0	0	0	0	0	1	0	0	0	0	0	0	0	0	0	0	0	0	0	0	
