NODE	7	8	9	10	11	12	13	14	15	16	17	18	19	20	21	22	23	24	25	26	27	28	29	30	31	32	33	34	
N1	0.361229	0.289291	0.187427	0.0988341	0.0425773	0.015021	0.00434746	0.00103387	0.000202342	3.26518e-05	4.35385e-06	4.80931e-07	4.41339e-08	3.37524e-09	2.15847e-10	1.15832e-11	5.23538e-13	3.3042e-17	5.94968e-18	9.88734e-19	1.5193e-19	2.1629e-20	2.85907e-21	3.5208e-22	4.06723e-23	4.49266e-24	5.03353e-25	7.53097e-26	
N2	0.193796	0.190964	0.172952	0.144124	0.110467	0.0777873	0.0502471	0.0297283	0.0160873	0.00795343	0.00358926	0.00147767	0.000554794	0.000189942	5.93046e-05	1.6891e-05	4.39042e-06	1.04203e-06	2.25976e-07	4.48109e-08	8.13227e-09	1.35201e-09	2.06205e-10	2.89328e-11	3.76739e-12	4.70971e-13	6.50198e-14	1.62458e-14	
N3	0.193963	0.194389	0.179935	0.151629	0.11477	0.0772684	0.0459892	0.0241174	0.0111263	0.00451363	0.00161051	0.000505784	0.000139945	3.41558e-05	7.36339e-06	1.40425e-06	2.37281e-07	3.55848e-08	4.74481e-09	5.63542e-10	5.97355e-11	5.66351e-12	4.81639e-13	3.69234e-14	2.5825e-15	1.70671e-16	1.18772e-17	1.29966e-18	
POCUBR_Notaris_sp	0	0	0	0	0	0	0	0	0	1	0	0	0	0	0	0	0	0	0	0	0	0	0	0	0	0	0	0	
N4	0.235147	0.225441	0.192563	0.145726	0.096996	0.0563976	0.0284901	0.012455	0.00469963	0.00152812	0.000427824	0.000103109	2.13977e-05	3.8262e-06	5.90099e-07	7.85927e-08	9.05279e-09	9.03334e-10	7.82296e-11	5.89111e-12	3.86567e-13	2.21512e-14	1.11105e-15	4.89101e-17	1.89723e-18	6.55861e-20	2.17005e-21	1.2455e-22	
N5	0.24262	0.229762	0.19237	0.142477	0.0931866	0.0536662	0.0271258	0.0119975	0.00463184	0.00155814	0.000456242	0.000116243	2.57774e-05	4.9791e-06	8.38754e-07	1.23418e-07	1.58925e-08	1.79465e-09	1.78122e-10	1.55754e-11	1.20284e-12	8.22459e-14	4.99202e-15	2.69706e-16	1.30234e-17	5.69672e-19	2.45342e-20	1.84948e-21	
N6	0.0283472	0.132723	0.388732	0.3473	0.0918123	0.0104294	0.000632323	2.33076e-05	5.68748e-07	9.75175e-09	1.22754e-10	1.17317e-12	8.74121e-15	5.1877e-17	2.49608e-19	9.88278e-22	3.26088e-24	9.06504e-27	2.14348e-29	4.34733e-32	7.61927e-35	1.16168e-37	1.55015e-40	1.82095e-43	1.89603e-46	1.77489e-49	1.57054e-52	1.6995e-55	
POCUDR_Sphenophorus_sp	0	0	0	1	0	0	0	0	0	0	0	0	0	0	0	0	0	0	0	0	0	0	0	0	0	0	0	0	
POCUDR_Metamasius_hemipterus	0	0	1	0	0	0	0	0	0	0	0	0	0	0	0	0	0	0	0	0	0	0	0	0	0	0	0	0	
POCUDR_Diocalandra_sp	0	0	1	0	0	0	0	0	0	0	0	0	0	0	0	0	0	0	0	0	0	0	0	0	0	0	0	0	
N7	0.245638	0.231998	0.193194	0.141909	0.0917824	0.052123	0.0259147	0.0112513	0.00425772	0.00140271	0.000402155	0.000100357	2.18159e-05	4.13629e-06	6.8511e-07	9.93231e-08	1.26301e-08	1.41198e-09	1.39112e-10	1.21089e-11	9.3359e-13	6.39202e-14	3.89655e-15	2.12058e-16	1.03404e-17	4.57018e-19	1.98278e-20	1.53374e-21	
POCUDR_Rhynchophorus_ferrugineus	0	1	0	0	0	0	0	0	0	0	0	0	0	0	0	0	0	0	0	0	0	0	0	0	0	0	0	0	
POCUDR_Cosmopolites_sordidus	0	0	0	1	0	0	0	0	0	0	0	0	0	0	0	0	0	0	0	0	0	0	0	0	0	0	0	0	
N8	0.102781	0.112489	0.12262	0.129335	0.128577	0.118116	0.0989112	0.0748347	0.0508637	0.0309469	0.0168194	0.00815607	0.00352714	0.00136029	0.000468017	0.000143741	3.9441e-05	9.67822e-06	2.12623e-06	4.18729e-07	7.40198e-08	1.17628e-08	1.68368e-09	2.17803e-10	2.56979e-11	2.8579e-12	3.41746e-13	7.23683e-14	
N9	0.081234	0.0926977	0.107742	0.121746	0.129169	0.125858	0.111103	0.0881009	0.0624085	0.0393504	0.0220342	0.010942	0.00481581	0.00187827	0.000649375	0.000199138	5.42143e-05	1.31175e-05	2.82429e-06	5.41868e-07	9.27822e-08	1.42023e-08	1.94754e-09	2.40071e-10	2.68344e-11	2.80478e-12	3.11391e-13	6.13253e-14	
POCUBR_Echinocnemus_sp	0	0	0	0	0	0	0	0	0	0	1	0	0	0	0	0	0	0	0	0	0	0	0	0	0	0	0	0	
POCUER_Tanysphyrus_lemnae	0	0	0	0	1	0	0	0	0	0	0	0	0	0	0	0	0	0	0	0	0	0	0	0	0	0	0	0	
POCUER_Procas_sp	0	0	0	0	0	0	1	0	0	0	0	0	0	0	0	0	0	0	0	0	0	0	0	0	0	0	0	0	
N10	0.336678	0.287903	0.197171	0.108264	0.0475408	0.0166251	0.00460915	0.00100913	0.000173992	2.35894e-05	2.51429e-06	2.1089e-07	1.39482e-08	7.29569e-10	3.02881e-11	1.0022e-12	2.65535e-14	5.66131e-16	9.76275e-18	1.36888e-19	1.56886e-21	1.47735e-23	1.14885e-25	7.41425e-28	3.99004e-30	1.79975e-32	6.91221e-35	3.37595e-37	
N11	0.320539	0.279825	0.199401	0.115954	0.0548345	0.0209906	0.00647573	0.00160461	0.000318699	5.07051e-05	6.46659e-06	6.62262e-07	5.4612e-08	3.63859e-09	1.96644e-10	8.65795e-12	3.11985e-13	9.24504e-15	2.26384e-16	4.60328e-18	7.81055e-20	1.11115e-21	1.33167e-23	1.35072e-25	1.16505e-27	8.6084e-30	5.67428e-32	5.28222e-34	
N12	0.243451	0.231655	0.194874	0.144086	0.0929725	0.0520356	0.0251522	0.0104726	0.00375163	0.00115611	0.000306648	7.00831e-05	1.38211e-05	2.35589e-06	3.47746e-07	4.45368e-08	4.95929e-09	4.81154e-10	4.07619e-11	3.02204e-12	1.9654e-13	1.12428e-14	5.67712e-16	2.54553e-17	1.02652e-18	3.85524e-20	1.51915e-21	1.06474e-22	
N13	0.227258	0.217485	0.186206	0.143131	0.098984	0.0616623	0.0346253	0.0175328	0.00800758	0.00329944	0.00122684	0.00041181	0.000124846	3.4204e-05	8.47424e-06	1.90019e-06	3.85968e-07	7.10869e-08	1.18841e-08	1.80536e-09	2.4952e-10	3.14176e-11	3.61026e-12	3.79879e-13	3.69355e-14	3.42447e-15	3.41499e-16	5.9388e-17	
N14	0.208943	0.203782	0.180718	0.145706	0.106606	0.0706033	0.0422219	0.022752	0.0110307	0.00480674	0.00188162	0.00066159	0.000208977	5.93269e-05	1.51472e-05	3.4809e-06	7.20683e-07	1.34571e-07	2.26891e-08	3.45837e-09	4.77179e-10	5.96826e-11	6.77761e-12	7.00601e-13	6.63678e-14	5.91682e-15	5.60657e-16	9.58252e-17	
N15	0.182466	0.185148	0.175232	0.152042	0.119079	0.0832723	0.0516545	0.028323	0.013706	0.00585114	0.0022042	0.000733247	0.000215608	5.6106e-05	1.2938e-05	2.64773e-06	4.8162e-07	7.79959e-08	1.12647e-08	1.45348e-09	1.67853e-10	1.73816e-11	1.61711e-12	1.35504e-13	1.02771e-14	7.19262e-16	5.16377e-17	6.73844e-18	
POCUMO_Ruteria_hypocrita	0	0	0	0	0	0	0	1	0	0	0	0	0	0	0	0	0	0	0	0	0	0	0	0	0	0	0	0	
N16	0.305117	0.278574	0.209245	0.124155	0.0566685	0.019718	0.00524684	0.00107814	0.000173238	2.20589e-05	2.25497e-06	1.87335e-07	1.27914e-08	7.25293e-10	3.44734e-11	1.3853e-12	4.74322e-14	1.39367e-15	3.53701e-17	7.79999e-19	1.50288e-20	2.54298e-22	3.79692e-24	5.02656e-26	5.9366e-28	6.34334e-30	6.47778e-32	9.62592e-34	
POCUCU_Cionus_sp	0	1	0	0	0	0	0	0	0	0	0	0	0	0	0	0	0	0	0	0	0	0	0	0	0	0	0	0	
POCUMO_Adexius_scrobipennis	0	0	1	0	0	0	0	0	0	0	0	0	0	0	0	0	0	0	0	0	0	0	0	0	0	0	0	0	
POCUTY_Tychius_sp	0	0	1	0	0	0	0	0	0	0	0	0	0	0	0	0	0	0	0	0	0	0	0	0	0	0	0	0	
N17	0.195664	0.192573	0.173992	0.144458	0.110145	0.0770075	0.0492722	0.0287949	0.0153431	0.00744363	0.00328467	0.00131757	0.000480314	0.000159144	4.79429e-05	1.31399e-05	3.27897e-06	7.45698e-07	1.54715e-07	2.93185e-08	5.08078e-09	8.0628e-10	1.17362e-10	1.57144e-11	1.95151e-12	2.32213e-13	3.04414e-14	7.29871e-15	
POCUBA_Metialma_sp	0	0	0	1	0	0	0	0	0	0	0	0	0	0	0	0	0	0	0	0	0	0	0	0	0	0	0	0	
POCUSC_Scolytus_sp	0	0	0	1	0	0	0	0	0	0	0	0	0	0	0	0	0	0	0	0	0	0	0	0	0	0	0	0	
N18	0.222221	0.216097	0.189362	0.148279	0.102829	0.0627001	0.0334533	0.0155749	0.00631977	0.00223471	0.000689065	0.000185486	4.36538e-05	8.99779e-06	1.62732e-06	2.58763e-07	3.62513e-08	4.48401e-09	4.90776e-10	4.76389e-11	4.11125e-12	3.16385e-13	2.18066e-14	1.35721e-15	7.76918e-17	4.27467e-18	2.49852e-19	2.03592e-20	
N19	0.0638526	0.074468	0.0894851	0.105109	0.116656	0.12017	0.113877	0.0988203	0.0783315	0.0566334	0.0373149	0.0223956	0.0122416	0.00609452	0.00276425	0.00114272	0.000430798	0.000148217	4.65788e-05	1.33851e-05	3.52229e-06	8.50693e-07	1.89339e-07	3.91734e-08	7.68684e-09	1.50177e-09	3.30276e-10	1.15114e-10	
N20	0.0114881	0.0164767	0.0261335	0.0405896	0.0591067	0.0796304	0.098793	0.112611	0.117747	0.112795	0.0988916	0.0792936	0.0581178	0.0389286	0.0238302	0.0133357	0.00682623	0.003199	0.00137419	0.000541973	0.000196646	6.5804e-05	2.03725e-05	5.861e-06	1.58029e-06	4.09521e-07	1.1214e-07	4.51983e-08	
POCUCE_Rhinoncus_sp	0	0	0	0	0	0	0	0	0	0	0	0	0	0	0	0	0	0	0	0	0	0	0	1	0	0	0	0	
POCUCE_Nedyus_quadrimaculatus	0	0	0	0	1	0	0	0	0	0	0	0	0	0	0	0	0	0	0	0	0	0	0	0	0	0	0	0	
POCUCE_Zacladus_geranii	0	0	0	0	0	0	1	0	0	0	0	0	0	0	0	0	0	0	0	0	0	0	0	0	0	0	0	0	
N21	0.128495	0.134788	0.136829	0.132802	0.12175	0.104404	0.083153	0.0612168	0.0415273	0.0259055	0.0148422	0.00780428	0.0037647	0.00166588	0.000676258	0.000251915	8.61471e-05	2.70579e-05	7.81056e-06	2.07354e-06	5.06697e-07	1.14094e-07	2.37161e-08	4.57074e-09	8.27863e-10	1.47597e-10	3.02414e-11	1.07688e-11	
POCUMO_Acalles_camelus	0	0	0	0	0	0	0	0	1	0	0	0	0	0	0	0	0	0	0	0	0	0	0	0	0	0	0	0	
POCUMO_Acalles_echinatus	0	0	0	1	0	0	0	0	0	0	0	0	0	0	0	0	0	0	0	0	0	0	0	0	0	0	0	0	
N22	0.24935	0.23619	0.196781	0.14319	0.0902079	0.048815	0.022556	0.00886516	0.00295748	0.000836921	0.000200988	4.10145e-05	7.12558e-06	1.05646e-06	1.34038e-07	1.45958e-08	1.36844e-09	1.10822e-10	7.77793e-12	4.74667e-13	2.52723e-14	1.17784e-15	4.82205e-17	1.74143e-18	5.58746e-20	1.62406e-21	4.61621e-23	2.05751e-24	
N23	0.164281	0.174551	0.176345	0.162002	0.131023	0.0915162	0.0546181	0.027691	0.0118901	0.00431832	0.00132641	0.000344839	7.59939e-05	1.42251e-05	2.26744e-06	3.08643e-07	3.59899e-08	3.60707e-09	3.11816e-10	2.33342e-11	1.51742e-12	8.6116e-14	4.28729e-15	1.8866e-16	7.43486e-18	2.69276e-19	9.53915e-21	4.91646e-22	
N24	0.12657	0.143634	0.160553	0.164745	0.148296	0.114168	0.0741041	0.0402099	0.0181463	0.00679077	0.0021043	0.000539814	0.000114713	2.02211e-05	2.96251e-06	3.61584e-07	3.68665e-08	3.14934e-09	2.26125e-10	1.36917e-11	7.0151e-13	3.05222e-14	1.13196e-15	3.59361e-17	9.8241e-19	2.34379e-20	5.20545e-22	1.89465e-23	
N25	0.0653838	0.0877531	0.121674	0.153196	0.166234	0.152216	0.116363	0.0737741	0.0386213	0.0166499	0.00590332	0.00172129	0.000413158	8.17924e-05	1.33906e-05	1.8189e-06	2.05764e-07	1.9466e-08	1.54683e-09	1.03718e-10	5.89608e-12	2.8558e-13	1.18508e-14	4.24354e-16	1.3269e-17	3.71501e-19	9.94096e-21	3.815e-22	
POCUSC_Ips_acuminatus	0	1	0	0	0	0	0	0	0	0	0	0	0	0	0	0	0	0	0	0	0	0	0	0	0	0	0	0	
N26	0.0356873	0.053309	0.0855996	0.126092	0.160169	0.170723	0.150364	0.108349	0.0634574	0.0300809	0.0115142	0.00355581	0.000886261	0.000178528	2.91304e-05	3.8615e-06	4.17305e-07	3.69108e-08	2.68358e-09	1.61103e-10	8.02363e-12	3.33134e-13	1.15884e-14	3.39565e-16	8.44046e-18	1.80673e-19	3.5432e-21	1.04222e-22	
N27	0.013623	0.0224868	0.0427871	0.0775341	0.12293	0.16374	0.179082	0.158565	0.112639	0.0638316	0.0287642	0.0102928	0.00292481	0.000660771	0.000118934	1.71046e-05	1.97245e-06	1.8314e-07	1.3756e-08	8.40288e-10	4.19911e-11	1.72808e-12	5.90094e-14	1.68664e-15	4.07963e-17	8.5072e-19	1.63287e-20	4.84229e-22	
N28	0.00930077	0.0156901	0.0306612	0.0576306	0.096466	0.138585	0.167284	0.167444	0.137868	0.0929509	0.0512116	0.0230548	0.00849206	0.00256559	0.00063786	0.000131029	2.23417e-05	3.17838e-06	3.79421e-07	3.82499e-08	3.2799e-09	2.41216e-10	1.53631e-11	8.57198e-13	4.24991e-14	1.91216e-15	8.24385e-17	4.53474e-18	
N29	0.0384587	0.0479738	0.0650271	0.0886505	0.114335	0.134034	0.13945	0.127015	0.100514	0.0688281	0.0407052	0.0207791	0.00915869	0.00348877	0.00115013	0.000328704	8.16051e-05	1.76377e-05	3.32668e-06	5.48916e-07	7.94436e-08	1.01125e-08	1.1356e-09	1.12954e-10	1.00311e-11	8.15585e-13	6.77251e-14	9.80416e-15	
N30	0.0272332	0.0402975	0.0655743	0.100781	0.137024	0.160027	0.158041	0.130771	0.0901603	0.0516337	0.0245287	0.00966571	0.00316275	0.000860974	0.000195491	3.71382e-05	5.92372e-06	7.96333e-07	9.05855e-08	8.75539e-09	7.22041e-10	5.10199e-11	3.10192e-12	1.62967e-13	7.43857e-15	2.99095e-16	1.1462e-17	7.38784e-19	
POCUSC_Ips_montanus	0	0	1	0	0	0	0	0	0	0	0	0	0	0	0	0	0	0	0	0	0	0	0	0	0	0	0	0	
N31	0.00969266	0.0164865	0.0333326	0.0645984	0.108926	0.153596	0.17789	0.167626	0.127829	0.078667	0.0390295	0.0156181	0.00504908	0.00132216	0.000281403	4.88761e-05	6.95896e-06	8.16157e-07	7.92472e-08	6.40365e-09	4.32891e-10	2.46098e-11	1.18267e-12	4.82946e-14	1.68552e-15	5.08539e-17	1.41147e-18	6.32634e-20	
POCUSC_Ips_paraconfusus	0	0	0	0	0	0	0	0	0	1	0	0	0	0	0	0	0	0	0	0	0	0	0	0	0	0	0	0	
N32	0.00250764	0.00534222	0.0143692	0.036597	0.0786099	0.135932	0.185257	0.196879	0.162297	0.103599	0.0512571	0.0197182	0.00592682	0.00140063	0.000262115	3.91473e-05	4.70392e-06	4.58471e-07	3.65398e-08	2.40019e-09	1.30935e-10	5.97538e-12	2.29718e-13	7.48891e-15	2.08371e-16	4.99159e-18	1.07983e-19	3.74559e-21	
POCUSC_Ips_confusus	0	0	0	0	0	0	1	0	0	0	0	0	0	0	0	0	0	0	0	0	0	0	0	0	0	0	0	0	
POCUSC_Ips_hoppingi	0	0	0	0	0	0	0	0	0	1	0	0	0	0	0	0	0	0	0	0	0	0	0	0	0	0	0	0	
POCUSC_Ips_lecontei	0	0	0	0	0	0	0	1	0	0	0	0	0	0	0	0	0	0	0	0	0	0	0	0	0	0	0	0	
N33	0.00129229	0.00215054	0.00445876	0.00961341	0.0196759	0.0367354	0.061445	0.0912412	0.119682	0.138289	0.140563	0.125633	0.0987725	0.0683723	0.0417313	0.0225011	0.0107431	0.00455487	0.00172098	0.000582005	0.000177157	4.88899e-05	1.23488e-05	2.88997e-06	6.36284e-07	1.34177e-07	2.77849e-08	6.76051e-09	
POCUSC_Ips_cribricollis	0	0	0	0	0	0	0	0	0	0	0	0	0	0	0	0	0	0	0	1	0	0	0	0	0	0	0	0	
POCUSC_Ips_calligraphus	0	0	0	0	0	0	0	0	0	0	0	0	0	0	0	0	0	0	0	0	0	1	0	0	0	0	0	0	
N34	0.0187024	0.0274733	0.0467728	0.0789647	0.12025	0.157021	0.17109	0.15319	0.111721	0.0660391	0.0315656	0.0121949	0.00381159	0.000965819	0.000198978	3.34488e-05	4.60663e-06	5.2207e-07	4.89155e-08	3.80754e-09	2.47455e-10	1.3498e-11	6.21535e-13	2.43376e-14	8.20176e-16	2.43909e-17	6.83524e-19	2.72192e-20	
N35	0.0314747	0.0435242	0.0672544	0.101841	0.139219	0.163811	0.161269	0.130581	0.0860708	0.0459086	0.019755	0.00685109	0.00191568	0.000432526	7.90353e-05	1.17223e-05	1.41598e-06	1.39823e-07	1.13323e-08	7.57011e-10	4.18618e-11	1.92485e-12	7.3929e-14	2.38298e-15	6.48048e-17	1.50013e-18	3.10668e-20	1.02042e-21	
N36	0.058431	0.0742379	0.100657	0.131081	0.153039	0.154313	0.13183	0.0944881	0.0565334	0.0281692	0.0116808	0.00403256	0.00116052	0.000278959	5.61473e-05	9.49068e-06	1.35168e-06	1.62782e-07	1.66387e-08	1.44909e-09	1.07958e-10	6.90777e-12	3.81173e-13	1.82201e-14	7.59293e-16	2.80394e-17	9.88831e-19	5.68363e-20	
POCUSC_Ips_bonanseai	0	0	1	0	0	0	0	0	0	0	0	0	0	0	0	0	0	0	0	0	0	0	0	0	0	0	0	0	
N37	0.0508393	0.067803	0.0967032	0.130195	0.154961	0.158066	0.136111	0.098193	0.0591208	0.029659	0.012394	0.00431736	0.00125549	0.000305425	6.23171e-05	1.06958e-05	1.54938e-06	1.90096e-07	1.98279e-08	1.76497e-09	1.34604e-10	8.82972e-12	5.00185e-13	2.45686e-14	1.0517e-15	3.97233e-17	1.42301e-18	8.59037e-20	
POCUSC_Ips_pini	0	1	0	0	0	0	0	0	0	0	0	0	0	0	0	0	0	0	0	0	0	0	0	0	0	0	0	0	
N38	0.007112	0.0126802	0.0272689	0.0563947	0.101154	0.150458	0.181767	0.176499	0.136994	0.084762	0.0417692	0.0164019	0.0051409	0.00128952	0.000259737	4.21808e-05	5.54802e-06	5.93931e-07	5.20185e-08	3.74734e-09	2.2325e-10	1.10595e-11	4.58057e-13	1.59491e-14	4.69838e-16	1.18623e-17	2.74073e-19	1.00068e-20	
POCUSC_Ips_avulsus	0	0	0	0	0	0	0	0	1	0	0	0	0	0	0	0	0	0	0	0	0	0	0	0	0	0	0	0	
N39	0.00538746	0.0095937	0.0213262	0.0466678	0.0890831	0.140723	0.179767	0.183705	0.149374	0.0964032	0.0493511	0.0200548	0.00648148	0.00167066	0.000344684	5.71632e-05	7.65647e-06	8.32486e-07	7.38746e-08	5.38009e-09	3.23372e-10	1.61319e-11	6.71709e-13	2.34776e-14	6.93307e-16	1.75282e-17	4.05817e-19	1.47592e-20	
N40	0.000123459	0.000485234	0.00237121	0.0100615	0.0336201	0.0849455	0.158799	0.217006	0.215444	0.15502	0.0808684	0.0306808	0.0085207	0.00174991	0.00026925	3.14967e-05	2.84381e-06	2.0112e-07	1.12972e-08	5.10568e-10	1.87866e-11	5.68933e-13	1.43217e-14	3.024e-16	5.40162e-18	8.24726e-20	1.12273e-21	2.29179e-23	
POCUSC_Ips_plastographus	0	0	0	0	0	1	0	0	0	0	0	0	0	0	0	0	0	0	0	0	0	0	0	0	0	0	0	0	
POCUSC_Ips_integer	0	0	0	0	0	0	0	0	0	0	0	1	0	0	0	0	0	0	0	0	0	0	0	0	0	0	0	0	
POCUSC_Orthotomicus_suturalis	0	0	0	0	0	0	0	0	0	1	0	0	0	0	0	0	0	0	0	0	0	0	0	0	0	0	0	0	
N41	0.0365257	0.0473653	0.0676371	0.096352	0.127402	0.149376	0.151036	0.12951	0.0932574	0.0560878	0.0281044	0.0117267	0.00407804	0.00118418	0.000287867	5.8765e-05	1.01087e-05	1.47071e-06	1.81673e-07	1.91293e-08	1.72393e-09	1.33534e-10	8.93298e-12	5.19427e-13	2.6559e-14	1.22831e-15	5.61632e-17	3.90517e-18	
N42	0.0438701	0.0535296	0.0702644	0.0928224	0.116592	0.1338	0.136786	0.122694	0.0957166	0.0646282	0.0376773	0.0189491	0.00822308	0.00308187	0.000998973	0.000280575	6.84262e-05	1.45243e-05	2.69002e-06	4.35863e-07	6.19531e-08	7.74676e-09	8.54749e-10	8.35404e-11	7.288e-12	5.82172e-13	4.7694e-14	6.81996e-15	
N43	1.10456e-16	4.62093e-14	1.57821e-11	3.90693e-09	6.62544e-07	7.09779e-05	0.00423488	0.112525	0.797561	0.083265	0.00231368	2.85046e-05	1.94303e-07	8.29524e-10	2.40077e-12	4.9762e-15	7.69095e-18	9.14093e-21	8.56054e-24	6.44275e-27	3.96074e-30	2.01649e-33	8.60508e-37	3.11335e-40	9.68215e-44	2.65247e-47	6.79117e-51	1.92336e-54	
POCUSC_Ips_perturbatus	0	0	0	0	0	0	0	0	1	0	0	0	0	0	0	0	0	0	0	0	0	0	0	0	0	0	0	0	
POCUSC_Ips_hunteri	0	0	0	0	0	0	0	0	1	0	0	0	0	0	0	0	0	0	0	0	0	0	0	0	0	0	0	0	
N44	0.000241184	0.00156099	0.0105159	0.0495121	0.148977	0.26957	0.281007	0.166652	0.0577755	0.0123138	0.00170284	0.000160404	1.0726e-05	5.26946e-07	1.95701e-08	5.62708e-10	1.27812e-11	2.33291e-13	3.47262e-15	4.2697e-17	4.38513e-19	3.79951e-21	2.80261e-23	1.77565e-25	9.77122e-28	4.77166e-30	2.19396e-32	1.29127e-34	
POCUSC_Ips_pilifrons	0	0	0	0	0	0	1	0	0	0	0	0	0	0	0	0	0	0	0	0	0	0	0	0	0	0	0	0	
N45	4.83371e-06	9.84914e-05	0.00203692	0.0244383	0.141354	0.333843	0.332924	0.139668	0.0236604	0.0018886	8.09629e-05	2.05e-06	3.28919e-08	3.52926e-10	2.64252e-12	1.42907e-14	5.74323e-17	1.75674e-19	4.17404e-22	7.84014e-25	1.18208e-27	1.44996e-30	1.46423e-33	1.2303e-36	8.68331e-40	5.19239e-43	2.65639e-46	1.46856e-49	
POCUSC_Ips_borealis	0	0	0	0	1	0	0	0	0	0	0	0	0	0	0	0	0	0	0	0	0	0	0	0	0	0	0	0	
POCUSC_Ips_tridens	0	0	0	0	0	0	0	1	0	0	0	0	0	0	0	0	0	0	0	0	0	0	0	0	0	0	0	0	
POCUSC_Ips_woodi	0	0	0	0	0	0	0	0	0	1	0	0	0	0	0	0	0	0	0	0	0	0	0	0	0	0	0	0	
N46	0.000122923	0.000295368	0.000930075	0.00286681	0.00792293	0.0191363	0.039979	0.0717955	0.110316	0.144504	0.160926	0.152062	0.121767	0.0825871	0.0474473	0.023106	0.00954958	0.0033553	0.00100437	0.000256775	5.62252e-05	1.05775e-05	1.71576e-06	2.41126e-07	2.96447e-08	3.28841e-09	3.73603e-10	7.29492e-11	
N47	5.98695e-06	2.11535e-05	0.000104643	0.000503732	0.00211022	0.0073944	0.0213103	0.0500631	0.0953316	0.146575	0.181483	0.180657	0.144483	0.0928566	0.0480087	0.0200081	0.00674109	0.00184296	0.000410699	7.49857e-05	1.12801e-05	1.40636e-06	1.4621e-07	1.2757e-08	9.41744e-10	5.99761e-11	3.63233e-12	3.74757e-13	
POCUSC_Orthotomicus_caelatus	0	0	0	0	0	0	0	0	0	0	0	0	0	0	0	1	0	0	0	0	0	0	0	0	0	0	0	0	
POCUSC_Ips_perroti	0	0	0	0	0	0	0	1	0	0	0	0	0	0	0	0	0	0	0	0	0	0	0	0	0	0	0	0	
POCUSC_Ips_typographus	0	0	0	0	0	0	0	0	0	0	0	0	0	0	1	0	0	0	0	0	0	0	0	0	0	0	0	0	
N48	0.0564348	0.0672706	0.0844459	0.104994	0.123157	0.132063	0.127085	0.108603	0.081937	0.0544011	0.0317337	0.016254	0.00731093	0.00288958	0.00100461	0.000307643	8.31165e-05	1.98478e-05	4.19769e-06	7.881e-07	1.31704e-07	1.96584e-08	2.63365e-09	3.19226e-10	3.55288e-11	3.74772e-12	4.10424e-13	7.02855e-14	
POCUSC_Ips_sexdentatus	0	0	0	0	0	0	0	0	0	0	0	0	0	1	0	0	0	0	0	0	0	0	0	0	0	0	0	0	
N49	0.104255	0.112896	0.121377	0.126832	0.125934	0.116469	0.0987644	0.0759115	0.0524639	0.0324316	0.0178732	0.00876527	0.00382208	0.00148174	0.000510957	0.000156857	4.29164e-05	1.04794e-05	2.28717e-06	4.46914e-07	7.83186e-08	1.23315e-08	1.74803e-09	2.23713e-10	2.60278e-11	2.83175e-12	3.29543e-13	7.02743e-14	
POCUSC_Ips_emarginatus	0	0	0	0	1	0	0	0	0	0	0	0	0	0	0	0	0	0	0	0	0	0	0	0	0	0	0	0	
POCUSC_Ips_knausi	0	0	0	0	0	1	0	0	0	0	0	0	0	0	0	0	0	0	0	0	0	0	0	0	0	0	0	0	
N50	0.128334	0.139078	0.14796	0.149082	0.137671	0.113664	0.0824911	0.0520561	0.0283776	0.0133163	0.00537097	0.00186197	0.000555345	0.000142739	3.16842e-05	6.08884e-06	1.01574e-06	1.47506e-07	1.87016e-08	2.07617e-09	2.02427e-10	1.73889e-11	1.32102e-12	8.92741e-14	5.43745e-15	3.09707e-16	1.84091e-17	1.66369e-18	
N51	0.0928464	0.102699	0.113735	0.122107	0.123918	0.116953	0.101666	0.0809384	0.0588145	0.0389289	0.0234414	0.0128329	0.00638503	0.00288738	0.001187	0.000443806	0.000151003	4.67906e-05	1.32163e-05	3.40669e-06	8.02569e-07	1.73192e-07	3.43651e-08	6.31636e-09	1.09309e-09	1.85509e-10	3.4778e-11	1.06058e-11	
POCUSC_Orthotomicus_erosus	0	1	0	0	0	0	0	0	0	0	0	0	0	0	0	0	0	0	0	0	0	0	0	0	0	0	0	0	
POCUSC_Pityogenes_chalcographus	0	0	0	0	0	0	0	0	0	0	0	0	0	1	0	0	0	0	0	0	0	0	0	0	0	0	0	0	
N52	0.0520648	0.0621055	0.0779505	0.0970324	0.114661	0.125168	0.124227	0.111052	0.0889202	0.0635595	0.0404745	0.0229348	0.0115577	0.0051791	0.00206412	0.000732035	0.000231186	6.50769e-05	1.63458e-05	3.6681e-06	7.36432e-07	1.32482e-07	2.13967e-08	3.11256e-09	4.114e-10	5.1062e-11	6.83143e-12	1.63102e-12	
N53	0.0176924	0.0255267	0.0409234	0.063955	0.0921738	0.11961	0.137967	0.140306	0.125103	0.0974358	0.0661266	0.0390506	0.020054	0.00895571	0.00347972	0.00117743	0.0003474	8.95168e-05	2.0181e-05	3.98852e-06	6.92561e-07	1.059e-07	1.42975e-08	1.71032e-09	1.82627e-10	1.78737e-11	1.8131e-12	3.28077e-13	
POCUSC_Ips_latidens	0	0	0	0	0	0	0	0	0	0	0	0	0	1	0	0	0	0	0	0	0	0	0	0	0	0	0	0	
POCUSC_Ips_spinifer	0	0	0	0	1	0	0	0	0	0	0	0	0	0	0	0	0	0	0	0	0	0	0	0	0	0	0	0	
POCUSC_Orthotomicus_laricis	0	0	0	0	0	0	0	1	0	0	0	0	0	0	0	0	0	0	0	0	0	0	0	0	0	0	0	0	
POCUSC_Pityogenes_hopkinsi_M	0	0	1	0	0	0	0	0	0	0	0	0	0	0	0	0	0	0	0	0	0	0	0	0	0	0	0	0	
N54	0.136809	0.145656	0.150117	0.145639	0.130123	0.105611	0.0772777	0.0507767	0.0299001	0.0157635	0.00743712	0.00313954	0.00118591	0.000400904	0.000121326	3.28825e-05	7.98525e-06	1.73852e-06	3.39576e-07	5.95523e-08	9.38542e-09	1.33069e-09	1.69997e-10	1.96285e-11	2.06631e-12	2.04781e-13	2.1864e-14	4.29064e-15	
N55	0.0324959	0.0426892	0.0602491	0.0826566	0.105308	0.122349	0.128605	0.121798	0.10367	0.0791765	0.0542027	0.0332409	0.0182578	0.00898173	0.00395843	0.00156362	0.000553919	0.000176113	5.0297e-05	1.29162e-05	2.98594e-06	6.22346e-07	1.17222e-07	2.00501e-08	3.15469e-09	4.75304e-10	7.85262e-11	2.20594e-11	
N56	3.03204e-07	1.44997e-06	9.02331e-06	5.12215e-05	0.000251319	0.0010536	0.00374988	0.0112634	0.0283813	0.0596412	0.103933	0.14942	0.17643	0.170496	0.13452	0.0865501	0.045414	0.01946	0.00682724	0.00196835	0.000468526	9.25739e-05	1.52759e-05	2.12017e-06	2.50198e-07	2.58495e-08	2.64782e-09	4.65665e-10	
POCUSC_Xylosandrus_germanus	0	0	0	0	0	0	0	0	0	0	0	0	0	0	0	0	0	1	0	0	0	0	0	0	0	0	0	0	
POCUSC_Xylosandrus_compactus	0	0	0	0	0	0	0	0	0	0	0	0	1	0	0	0	0	0	0	0	0	0	0	0	0	0	0	0	
POCUSC_Xyleborus_sp	0	0	0	0	0	1	0	0	0	0	0	0	0	0	0	0	0	0	0	0	0	0	0	0	0	0	0	0	
N57	0.153436	0.158606	0.156168	0.14442	0.123743	0.0972228	0.0695561	0.0451156	0.0264609	0.0140122	0.00669365	0.00288331	0.00111978	0.000392123	0.000123841	3.52881e-05	9.07681e-06	2.10887e-06	4.42887e-07	8.4145e-08	1.44773e-08	2.25853e-09	3.2015e-10	4.14252e-11	4.95551e-12	5.70072e-13	7.16114e-14	1.52268e-14	
POCUSC_Dryocoetes_affaber	0	0	1	0	0	0	0	0	0	0	0	0	0	0	0	0	0	0	0	0	0	0	0	0	0	0	0	0	
POCUSC_Dryocoetes_autographus	0	0	0	1	0	0	0	0	0	0	0	0	0	0	0	0	0	0	0	0	0	0	0	0	0	0	0	0	
N58	0.315008	0.27716	0.200288	0.1186	0.0572488	0.0223991	0.00706907	0.00179318	0.000364851	5.95022e-05	7.78207e-06	8.17462e-07	6.91319e-08	4.7212e-09	2.61301e-10	1.17673e-11	4.33029e-13	1.30801e-14	3.25815e-16	6.72414e-18	1.15521e-19	1.65996e-21	2.00433e-23	2.04309e-25	1.76626e-27	1.30252e-29	8.41826e-32	7.4924e-34	
N59	0.296886	0.265945	0.19968	0.125907	0.0666259	0.0295328	0.0109426	0.00338328	0.000871985	0.000187296	3.35454e-05	5.01616e-06	6.27402e-07	6.57922e-08	5.80008e-09	4.31149e-10	2.7111e-11	1.44689e-12	6.57643e-14	2.55455e-15	8.50984e-17	2.43961e-18	6.03969e-20	1.29576e-21	2.41911e-23	3.96692e-25	6.02905e-27	1.40512e-28	
N60	0.252872	0.237891	0.196103	0.141238	0.0884379	0.0478998	0.0223456	0.00895083	0.0030725	0.000902908	0.000227108	4.89163e-05	9.03076e-06	1.431e-06	1.94955e-07	2.28802e-08	2.31822e-09	2.03248e-10	1.54573e-11	1.02229e-12	5.89497e-14	2.97163e-15	1.31303e-16	5.09965e-18	1.74742e-19	5.34086e-21	1.56165e-22	7.59976e-24	
N61	0.230554	0.220522	0.188381	0.143922	0.0982799	0.0598797	0.032475	0.0156381	0.00667022	0.00251482	0.000836627	0.000245271	6.33077e-05	1.43794e-05	2.87359e-06	5.05334e-07	7.82331e-08	1.06698e-08	1.28312e-09	1.36214e-10	1.27825e-11	1.06227e-12	7.83773e-14	5.15661e-15	3.05332e-16	1.671e-17	9.42631e-19	9.70481e-20	
N62	0.201211	0.197467	0.177265	0.145533	0.109076	0.0744411	0.0461332	0.0258947	0.0131356	0.00601145	0.00247888	0.000920309	0.000307503	9.24686e-05	2.50319e-05	6.10362e-06	1.34157e-06	2.66066e-07	4.76671e-08	7.72505e-09	1.13447e-09	1.51352e-10	1.84233e-11	2.06424e-12	2.17136e-13	2.24224e-14	2.50501e-15	4.09465e-16	
POCUSC_Crypturgus_pusillus	0	0	0	0	0	0	0	1	0	0	0	0	0	0	0	0	0	0	0	0	0	0	0	0	0	0	0	0	
POCUCU_Rhynchaenus_sp	0	0	0	0	0	1	0	0	0	0	0	0	0	0	0	0	0	0	0	0	0	0	0	0	0	0	0	0	
N63	0.224124	0.215376	0.185769	0.144127	0.100624	0.0631761	0.0356228	0.0180107	0.00815169	0.00329778	0.00119096	0.000383578	0.000110104	2.81576e-05	6.4154e-06	1.30255e-06	2.35789e-07	3.80832e-08	5.49322e-09	7.08442e-10	8.18035e-11	8.47274e-12	7.89329e-13	6.64807e-14	5.12105e-15	3.72009e-16	2.80867e-17	3.40972e-18	
N64	0.210956	0.205317	0.181404	0.145556	0.105907	0.0697004	0.041373	0.0220878	0.0105796	0.00453719	0.00173957	0.000595631	0.000182023	4.96358e-05	1.2079e-05	2.62434e-06	5.09379e-07	8.84046e-08	1.37332e-08	1.91181e-09	2.38815e-10	2.68067e-11	2.7083e-12	2.46847e-13	2.04092e-14	1.56471e-15	1.2437e-16	1.78407e-17	
POCUSC_Polygraphus_poligraphus_M	0	0	0	1	0	0	0	0	0	0	0	0	0	0	0	0	0	0	0	0	0	0	0	0	0	0	0	0	
N65	0.191896	0.191061	0.175752	0.148398	0.114069	0.0791874	0.0493149	0.0274097	0.013547	0.00593927	0.00230647	0.000792856	0.000241233	6.49899e-05	1.55148e-05	3.28541e-06	6.17905e-07	1.03364e-07	1.54032e-08	2.04823e-09	2.43466e-10	2.59172e-11	2.47556e-12	2.12683e-13	1.65146e-14	1.18181e-15	8.68587e-17	1.16256e-17	
POCUEN_Tanymecus_sp	0	0	0	1	0	0	0	0	0	0	0	0	0	0	0	0	0	0	0	0	0	0	0	0	0	0	0	0	
POCUSC_Polygraphus_grandiclava	0	0	0	0	0	1	0	0	0	0	0	0	0	0	0	0	0	0	0	0	0	0	0	0	0	0	0	0	
POCUCU_Anthonomus_sp	0	0	0	0	0	1	0	0	0	0	0	0	0	0	0	0	0	0	0	0	0	0	0	0	0	0	0	0	
N66	0.140068	0.150388	0.156847	0.153232	0.135895	0.107006	0.0737647	0.0441423	0.0228216	0.010168	0.00390008	0.00128772	0.00036621	8.97957e-05	1.90111e-05	3.48105e-06	5.52315e-07	7.60906e-08	9.12213e-09	9.53863e-10	8.72066e-11	6.9888e-12	4.924e-13	3.06233e-14	1.69442e-15	8.52712e-17	4.2551e-18	3.5128e-19	
N67	0.0194564	0.0284361	0.0469142	0.0754244	0.109852	0.140211	0.154377	0.145461	0.116799	0.0797442	0.0462485	0.0227805	0.00953457	0.00339422	0.00102919	0.000266288	5.89142e-05	1.1172e-05	1.8206e-06	2.55661e-07	3.10271e-08	3.26406e-09	2.98608e-10	2.38448e-11	1.67243e-12	1.05042e-13	6.509e-15	6.98786e-16	
N68	0.00708922	0.0116911	0.0227973	0.0437781	0.0761374	0.115382	0.149412	0.163582	0.150542	0.116091	0.0749125	0.04044	0.0182734	0.00691989	0.00219986	0.000588338	0.000132699	2.53113e-05	4.09512e-06	5.63781e-07	6.62679e-08	6.67381e-09	5.78067e-10	4.3266e-11	2.8204e-12	1.63597e-13	9.24058e-15	8.66395e-16	
N69	0.00615044	0.0123557	0.0307396	0.0705801	0.131708	0.189981	0.20764	0.170856	0.105964	0.0498251	0.0179205	0.00498235	0.00108287	0.000186078	2.55607e-05	2.83639e-06	2.56783e-07	1.91417e-08	1.18507e-09	6.14209e-11	2.68486e-12	9.96684e-14	3.16243e-15	8.62931e-17	2.03831e-18	4.2171e-20	8.08013e-22	2.41675e-23	
POCUSC_Phloeotribus_sp	0	0	0	0	0	1	0	0	0	0	0	0	0	0	0	0	0	0	0	0	0	0	0	0	0	0	0	0	
POCUMO_Lepyrus_sp	0	0	0	0	0	0	1	0	0	0	0	0	0	0	0	0	0	0	0	0	0	0	0	0	0	0	0	0	
POCUSC_Cryphalus_abietis	0	0	0	0	0	0	0	0	0	0	0	0	0	0	1	0	0	0	0	0	0	0	0	0	0	0	0	0	
N70	0.0155126	0.024191	0.043018	0.073738	0.112836	0.148659	0.165439	0.153893	0.118982	0.0762598	0.0404951	0.0178304	0.00652201	0.00198715	0.00050599	0.000108081	1.94467e-05	2.96018e-06	3.82926e-07	4.22881e-08	4.00506e-09	3.26776e-10	2.30715e-11	1.41588e-12	7.59304e-14	3.6059e-15	1.64576e-16	1.31159e-17	
POCUCO_Telephae_sp	0	0	0	1	0	0	0	0	0	0	0	0	0	0	0	0	0	0	0	0	0	0	0	0	0	0	0	0	
POCUSC_Trypodendron_lineatum	0	0	0	0	0	0	0	0	0	0	1	0	0	0	0	0	0	0	0	0	0	0	0	0	0	0	0	0	
N71	0.119939	0.133797	0.147564	0.152571	0.142459	0.117501	0.0845365	0.0526634	0.0282836	0.0130624	0.00518086	0.00176401	0.000515745	0.000129587	2.80168e-05	5.22035e-06	8.39891e-07	1.16924e-07	1.41169e-08	1.48184e-09	1.35596e-10	1.08485e-11	7.61702e-13	4.72013e-14	2.60979e-15	1.32058e-16	6.60549e-18	5.1745e-19	
POCUSC_Hylurgops_sp	0	0	0	0	1	0	0	0	0	0	0	0	0	0	0	0	0	0	0	0	0	0	0	0	0	0	0	0	
N72	0.0647089	0.0836573	0.112372	0.14031	0.154828	0.147843	0.12096	0.0843306	0.0499292	0.025052	0.0106404	0.00382431	0.00116354	0.000299954	6.56164e-05	1.22035e-05	1.93402e-06	2.61861e-07	3.03768e-08	3.02823e-09	2.60255e-10	1.93484e-11	1.24907e-12	7.03766e-14	3.49246e-15	1.56167e-16	6.80902e-18	4.70072e-19	
POCUSC_Hylastes_sp	0	0	0	1	0	0	0	0	0	0	0	0	0	0	0	0	0	0	0	0	0	0	0	0	0	0	0	0	
N73	0.0273569	0.0396345	0.064341	0.10024	0.138254	0.162677	0.160513	0.131682	0.0894203	0.0501429	0.0231938	0.00884784	0.002785	0.000724121	0.000155775	2.7783e-05	4.11834e-06	5.08786e-07	5.2547e-08	4.55183e-09	3.31858e-10	2.04365e-11	1.06698e-12	4.74107e-14	1.80124e-15	5.91252e-17	1.78673e-18	8.80718e-20	
N74	0.0125862	0.0190779	0.0340321	0.0607582	0.0987529	0.139035	0.165199	0.163371	0.133483	0.0897674	0.0496081	0.0225221	0.00840577	0.00258253	0.00065439	0.000137075	2.38001e-05	3.4355e-06	4.1361e-07	4.1674e-08	3.52668e-09	2.51602e-10	1.51928e-11	7.8015e-13	3.43228e-14	1.31878e-15	4.78416e-17	2.74588e-18	
N75	0.000784396	0.00166989	0.00453828	0.0120653	0.0285059	0.0578065	0.0990208	0.141955	0.169284	0.167272	0.13665	0.0922246	0.0514481	0.0237631	0.00911158	0.00291026	0.000777452	0.000174491	3.30608e-05	5.31441e-06	7.2843e-07	8.55661e-08	8.65724e-09	7.58396e-10	5.7933e-11	3.93477e-12	2.63091e-13	3.10507e-14	
POCUSC_Dendroctonus_jeffreyi	0	0	0	0	0	0	0	0	1	0	0	0	0	0	0	0	0	0	0	0	0	0	0	0	0	0	0	0	
POCUSC_Dendroctonus_ponderosae	0	0	0	0	0	0	0	0	0	0	0	1	0	0	0	0	0	0	0	0	0	0	0	0	0	0	0	0	
N76	0.00891638	0.0137037	0.0251628	0.0469289	0.0806977	0.121447	0.155542	0.166966	0.14898	0.110021	0.0671172	0.0338092	0.0140722	0.00484646	0.00138384	0.000328402	6.49528e-05	1.074e-05	1.4896e-06	1.73905e-07	1.71526e-08	1.43479e-09	1.02219e-10	6.23577e-12	3.28773e-13	1.53382e-14	6.89186e-16	4.84067e-17	
POCUSC_Dendroctonus_frontalis	0	0	0	0	0	0	0	0	0	1	0	0	0	0	0	0	0	0	0	0	0	0	0	0	0	0	0	0	
N77	0.00407888	0.00663593	0.0133952	0.0279036	0.0538582	0.0912598	0.132172	0.161381	0.164895	0.140436	0.0994982	0.0586082	0.0287125	0.0117123	0.00398493	0.00113336	0.000270157	5.41306e-05	9.14601e-06	1.30755e-06	1.58732e-07	1.64236e-08	1.4541e-09	1.10699e-10	7.30453e-12	4.26911e-13	2.42035e-14	2.26639e-15	
POCUSC_Dendroctonus_adjunctus	0	0	0	0	0	0	0	0	0	0	0	1	0	0	0	0	0	0	0	0	0	0	0	0	0	0	0	0	
N78	0.00271462	0.00465154	0.0100794	0.0224856	0.0460849	0.0822428	0.124676	0.158661	0.168487	0.148862	0.109289	0.0666683	0.0338197	0.0142892	0.00503941	0.00148748	0.000368617	7.69564e-05	1.35853e-05	2.0358e-06	2.60009e-07	2.8419e-08	2.66931e-09	2.16405e-10	1.52332e-11	9.46986e-13	5.72184e-14	6.06311e-15	
POCUSC_Dendroctonus_approximatus	0	0	0	0	0	0	0	0	0	0	1	0	0	0	0	0	0	0	0	0	0	0	0	0	0	0	0	0	
POCUSC_Dendroctonus_brevicomis	0	0	0	0	0	0	0	1	0	0	0	0	0	0	0	0	0	0	0	0	0	0	0	0	0	0	0	0	
N79	0.00606046	0.0117375	0.0253599	0.0504141	0.087608	0.13013	0.162798	0.169741	0.146415	0.103974	0.0606065	0.0289578	0.0113398	0.00364283	0.000961716	0.000209183	3.76045e-05	5.60731e-06	6.96315e-07	7.23184e-08	6.30987e-09	4.64635e-10	2.90093e-11	1.5429e-12	7.02737e-14	2.77101e-15	1.01361e-16	6.2488e-18	
N80	0.0481692	0.0635162	0.0915364	0.12747	0.157651	0.165176	0.143172	0.101577	0.0587737	0.0277407	0.0107066	0.00339157	0.000885779	0.000191684	3.45504e-05	5.215e-06	6.6271e-07	7.12816e-08	6.52366e-09	5.10608e-10	3.43496e-11	1.99565e-12	1.00598e-13	4.41997e-15	1.70119e-16	5.79711e-18	1.86872e-19	1.02315e-20	
POCUSC_Dendroctonus_simplex	0	0	0	0	1	0	0	0	0	0	0	0	0	0	0	0	0	0	0	0	0	0	0	0	0	0	0	0	
POCUSC_Dendroctonus_pseudotsugae	0	0	0	0	1	0	0	0	0	0	0	0	0	0	0	0	0	0	0	0	0	0	0	0	0	0	0	0	
N81	0.000208133	0.000620547	0.00227888	0.00766538	0.0218586	0.051394	0.0982261	0.151214	0.186298	0.182853	0.142552	0.0881258	0.0431807	0.0167797	0.00517898	0.00127256	0.000249694	3.92664e-05	4.96966e-06	5.0853e-07	4.22793e-08	2.87083e-09	1.60062e-10	7.36887e-12	2.81865e-13	9.05599e-15	2.59608e-16	1.19319e-17	
N82	1.43386e-05	4.75271e-05	0.000218193	0.000970955	0.00375043	0.0120886	0.0319602	0.0686741	0.119243	0.166671	0.187054	0.168315	0.121371	0.0701636	0.0325566	0.0121489	0.0036555	0.000889738	0.00017584	2.83367e-05	3.74088e-06	4.06609e-07	3.65893e-08	2.74397e-09	1.73292e-10	9.45936e-12	4.91574e-13	3.9644e-14	
POCUSC_Dendroctonus_punctatus	0	0	0	0	0	0	0	0	0	0	1	0	0	0	0	0	0	0	0	0	0	0	0	0	0	0	0	0	
N83	6.55204e-30	1.79026e-27	5.00935e-25	1.24577e-22	2.66531e-20	4.78568e-18	7.07014e-16	8.4437e-14	8.00825e-12	5.91455e-10	3.32413e-08	1.38199e-06	4.0989e-05	0.000826367	0.010581	0.0777095	0.277411	0.368152	0.209365	0.0510616	0.00464038	0.000205775	5.26197e-06	8.60478e-08	9.65153e-10	7.84704e-12	4.98991e-14	3.75825e-16	
POCUSC_Dendroctonus_rufipennis	0	0	0	0	0	0	0	0	0	0	0	0	0	0	0	0	0	0	0	1	0	0	0	0	0	0	0	0	
POCUSC_Dendroctonus_murrayanae	0	0	0	0	0	0	0	0	0	0	0	0	0	0	0	0	1	0	0	0	0	0	0	0	0	0	0	0	
N84	0.00025785	0.000679027	0.00249305	0.00880847	0.0261217	0.0621929	0.11695	0.172365	0.198295	0.177762	0.124208	0.0677912	0.0290093	0.00978245	0.00261544	0.000558185	9.57824e-05	1.33139e-05	1.51043e-06	1.40898e-07	1.08864e-08	7.01629e-10	3.79786e-11	1.73792e-12	6.7678e-14	2.26636e-15	6.93495e-17	3.52142e-18	
POCUSC_Dendroctonus_valens	0	0	0	0	0	0	0	0	1	0	0	0	0	0	0	0	0	0	0	0	0	0	0	0	0	0	0	0	
POCUSC_Dendroctonus_terebrans	0	0	0	0	0	0	0	0	1	0	0	0	0	0	0	0	0	0	0	0	0	0	0	0	0	0	0	0	
N85	0.239214	0.226683	0.190292	0.141949	0.0942338	0.0557055	0.0293253	0.0137462	0.00573672	0.00213141	0.000705103	0.000207764	5.45576e-05	1.27772e-05	2.6712e-06	4.99043e-07	8.34172e-08	1.2492e-08	1.67832e-09	2.02596e-10	2.20079e-11	2.15502e-12	1.90607e-13	1.52789e-14	1.11942e-15	7.71798e-17	5.60159e-18	6.89036e-19	
N86	0.21164	0.205776	0.181499	0.14534	0.105553	0.069374	0.0411568	0.0219822	0.0105455	0.00453515	0.00174585	0.000601015	0.000184923	5.08458e-05	1.24957e-05	2.74608e-06	5.40038e-07	9.51239e-08	1.50237e-08	2.13015e-09	2.71495e-10	3.11491e-11	3.22213e-12	3.01148e-13	2.55568e-14	2.01102e-15	1.64351e-16	2.45931e-17	
N87	0.179441	0.182938	0.174465	0.152665	0.120504	0.0848017	0.0528344	0.0290359	0.0140522	0.00598642	0.00224568	0.000742412	0.000216549	5.58067e-05	1.27269e-05	2.57283e-06	4.61911e-07	7.37905e-08	1.05102e-08	1.33747e-09	1.52381e-10	1.55763e-11	1.43164e-12	1.18606e-13	8.89611e-15	6.14905e-16	4.35531e-17	5.68988e-18	
POCUMO_Magdalis_sp	0	0	0	0	0	0	1	0	0	0	0	0	0	0	0	0	0	0	0	0	0	0	0	0	0	0	0	0	
POCUCU_Dorytomus_sp	0	1	0	0	0	0	0	0	0	0	0	0	0	0	0	0	0	0	0	0	0	0	0	0	0	0	0	0	
N88	0.187958	0.188044	0.174487	0.148977	0.115877	0.0813184	0.0510676	0.0285201	0.0141023	0.00615626	0.00236878	0.000802812	0.000239663	6.30569e-05	1.46365e-05	3.00106e-06	5.44391e-07	8.75153e-08	1.24909e-08	1.58591e-09	1.79479e-10	1.81424e-11	1.64156e-12	1.3329e-13	9.75753e-15	6.55625e-16	4.48373e-17	5.58257e-18	
POCUCU_Curculio_dentipes	0	0	0	0	0	1	0	0	0	0	0	0	0	0	0	0	0	0	0	0	0	0	0	0	0	0	0	0	
N89	0.118879	0.149642	0.185678	0.196586	0.164945	0.106232	0.0519279	0.0192533	0.00544321	0.00118359	0.000200022	2.65689e-05	2.80567e-06	2.38177e-07	1.64279e-08	9.29873e-10	4.35999e-11	1.70817e-12	5.63707e-14	1.57862e-15	3.77741e-17	7.77265e-19	1.38352e-20	2.14254e-22	2.90527e-24	3.49306e-26	3.92966e-28	6.5216e-30	
N90	0.0562432	0.101292	0.174197	0.228475	0.214037	0.139441	0.0624328	0.019162	0.00405335	0.000598505	6.27964e-05	4.77696e-06	2.68882e-07	1.14184e-08	3.72479e-10	9.48787e-12	1.91535e-13	3.10569e-15	4.09401e-17	4.43577e-19	3.98961e-21	3.00576e-23	1.91258e-25	1.03563e-27	4.8053e-30	1.92326e-32	6.73991e-35	3.06519e-37	
POCUCU_Curculio_nucum_M	0	0	0	0	0	0	0	1	0	0	0	0	0	0	0	0	0	0	0	0	0	0	0	0	0	0	0	0	
N91	0.043172	0.411683	0.491998	0.0513226	0.00179474	2.93116e-05	2.62756e-07	1.42532e-09	4.99856e-12	1.1895e-14	1.99397e-17	2.4267e-20	2.19864e-23	1.51499e-26	8.08729e-30	3.39905e-33	1.14098e-36	3.09802e-40	6.88194e-44	1.26355e-47	1.9352e-51	2.49307e-55	2.72209e-59	2.5364e-63	2.02962e-67	1.40302e-71	8.46848e-76	5.41442e-80	
POCUEN_Scepticus_griseus	0	1	0	0	0	0	0	0	0	0	0	0	0	0	0	0	0	0	0	0	0	0	0	0	0	0	0	0	
POCUEN_Scepticus_insularis	0	0	1	0	0	0	0	0	0	0	0	0	0	0	0	0	0	0	0	0	0	0	0	0	0	0	0	0	
POCUCU_Curculio_distinguendus	0	0	0	1	0	0	0	0	0	0	0	0	0	0	0	0	0	0	0	0	0	0	0	0	0	0	0	0	
N92	0.167934	0.169278	0.160006	0.141525	0.116714	0.0893732	0.0632932	0.0413113	0.0247818	0.0136344	0.00686969	0.00316682	0.00133498	0.000514539	0.000181347	5.84651e-05	1.72505e-05	4.66138e-06	1.15446e-06	2.62306e-07	5.47438e-08	1.0513e-08	1.86365e-09	3.07032e-10	4.77915e-11	7.33875e-12	1.25539e-12	3.51292e-13	
N93	0.0410261	0.0624032	0.103118	0.152727	0.186048	0.180071	0.136685	0.0811278	0.0377489	0.013851	0.00403957	0.000944919	0.000178978	2.77153e-05	3.54179e-06	3.76891e-07	3.36812e-08	2.54805e-09	1.64404e-10	9.1101e-12	4.36391e-13	1.81837e-14	6.63297e-16	2.13423e-17	6.13005e-19	1.61206e-20	4.16596e-22	1.59318e-23	
POCUMO_Pissodes_schwarzi_M	0	0	0	0	0	1	0	0	0	0	0	0	0	0	0	0	0	0	0	0	0	0	0	0	0	0	0	0	
N94	0.0124356	0.0275888	0.0704366	0.147363	0.223563	0.23482	0.167822	0.0814684	0.027088	0.00625935	0.00102327	0.000120627	1.04507e-05	6.77636e-07	3.3451e-08	1.27711e-09	3.82592e-11	9.11335e-13	1.74705e-14	2.72532e-16	3.49465e-18	3.7178e-20	3.30952e-22	2.48456e-24	1.58458e-26	8.65119e-29	4.14427e-31	2.6814e-33	
N95	0.00751619	0.0202808	0.0647301	0.158436	0.255224	0.256498	0.158696	0.0610341	0.0149225	0.00238513	0.000256583	1.91074e-05	1.0111e-06	3.89391e-08	1.11525e-09	2.42226e-11	4.06034e-13	5.33663e-15	5.57875e-17	4.69871e-19	3.22609e-21	1.82495e-23	8.58838e-26	3.39241e-28	1.13389e-30	3.2313e-33	7.95082e-36	2.40901e-38	
POCUMO_Pissodes_strobi	0	0	0	0	0	1	0	0	0	0	0	0	0	0	0	0	0	0	0	0	0	0	0	0	0	0	0	0	
POCUBA_Limnobaris_sp	0	0	0	0	1	0	0	0	0	0	0	0	0	0	0	0	0	0	0	0	0	0	0	0	0	0	0	0	
POCUMO_Pissodes_nemorensis	0	0	0	0	0	0	1	0	0	0	0	0	0	0	0	0	0	0	0	0	0	0	0	0	0	0	0	0	
N96	2.04866e-14	5.8447e-12	1.3438e-09	2.16748e-07	2.29475e-05	0.00144203	0.0453478	0.499249	0.425252	0.0280316	0.000647359	7.4909e-06	5.15447e-08	2.33401e-10	7.43765e-13	1.74954e-15	3.14823e-18	4.45541e-21	5.06973e-24	4.72289e-27	3.65713e-30	2.38511e-33	1.32627e-36	6.37083e-40	2.69003e-43	1.02753e-46	3.73423e-50	1.44776e-53	
POCUMO_Hylobius_piceus	0	0	0	0	0	0	0	0	1	0	0	0	0	0	0	0	0	0	0	0	0	0	0	0	0	0	0	0	
POCUMO_Hylobius_abietis	0	0	0	0	0	0	0	1	0	0	0	0	0	0	0	0	0	0	0	0	0	0	0	0	0	0	0	0	
N97	0.230793	0.224041	0.194709	0.149248	0.0994207	0.0569026	0.0277692	0.011503	0.00403562	0.00119838	0.000301355	6.42584e-05	1.16401e-05	1.79528e-06	2.36354e-07	2.66334e-08	2.57612e-09	2.14513e-10	1.54236e-11	9.60434e-13	5.19517e-14	2.44844e-15	1.00849e-16	3.64304e-18	1.16065e-19	3.31522e-21	9.16419e-23	4.02617e-24	
N98	0.211448	0.207207	0.184712	0.148805	0.107415	0.0689045	0.0390109	0.0193931	0.0084353	0.00320338	0.00106094	0.000306357	7.71554e-05	1.6961e-05	3.25825e-06	5.47745e-07	8.07111e-08	1.04427e-08	1.18859e-09	1.19246e-10	1.05663e-11	8.2865e-13	5.76401e-14	3.56516e-15	1.96975e-16	9.88554e-18	4.94183e-19	4.28511e-20	
N99	0.129139	0.140151	0.148561	0.148065	0.134931	0.110573	0.0807353	0.0522549	0.0298915	0.015085	0.00670884	0.00262782	0.000906353	0.000275298	7.36684e-05	1.73784e-05	3.61706e-06	6.64927e-07	1.0809e-07	1.55587e-08	1.986e-09	2.25157e-10	2.27126e-11	2.04331e-12	1.64782e-13	1.21576e-14	9.14795e-16	1.23436e-16	
N100	0.149651	0.156028	0.155735	0.146087	0.126573	0.0999481	0.0712658	0.0456015	0.0260809	0.0132984	0.0060358	0.00243655	0.000874576	0.000279168	7.92842e-05	2.00487e-05	4.51842e-06	9.08626e-07	1.63247e-07	2.62412e-08	3.77976e-09	4.88673e-10	5.68234e-11	5.9621e-12	5.69053e-13	5.08389e-14	4.78679e-15	7.89624e-16	
POCUEN_Liophloeus_tessulatus	0	0	0	0	0	0	0	0	1	0	0	0	0	0	0	0	0	0	0	0	0	0	0	0	0	0	0	0	
N101	0.203015	0.200199	0.180814	0.148705	0.110473	0.0735292	0.0435324	0.0227964	0.0105164	0.00426274	0.00151606	0.000472879	0.000129391	3.10839e-05	6.56428e-06	1.2205e-06	2.00155e-07	2.90086e-08	3.72331e-09	4.24148e-10	4.29793e-11	3.88276e-12	3.13446e-13	2.26681e-14	1.4744e-15	8.75394e-17	5.22143e-18	5.69158e-19	
POCUEN_Phyllobius_argentatus	0	0	0	1	0	0	0	0	0	0	0	0	0	0	0	0	0	0	0	0	0	0	0	0	0	0	0	0	
POCUEN_Phyllobius_pyri	0	1	0	0	0	0	0	0	0	0	0	0	0	0	0	0	0	0	0	0	0	0	0	0	0	0	0	0	
N102	0.0522766	0.0660132	0.0876625	0.111697	0.130487	0.137035	0.12818	0.106242	0.0777738	0.0501725	0.02848	0.0142119	0.00623155	0.00240072	0.000812826	0.000241993	6.34013e-05	1.46326e-05	2.97843e-06	5.35419e-07	8.51376e-08	1.19972e-08	1.50197e-09	1.67776e-10	1.68877e-11	1.57716e-12	1.52531e-13	2.5073e-14	
N103	0.0121171	0.0188173	0.032653	0.0544744	0.0829135	0.112867	0.135988	0.144045	0.133504	0.1079	0.0758669	0.0463336	0.0245545	0.0112865	0.00449949	0.00155625	0.000467283	0.000121914	2.76693e-05	5.47013e-06	9.4351e-07	1.42257e-07	1.87972e-08	2.18601e-09	2.25882e-10	2.13296e-11	2.05064e-12	3.32094e-13	
N104	3.14234e-09	2.32007e-08	2.34724e-07	2.13968e-06	1.64441e-05	0.000104836	0.000550342	0.00236626	0.00829532	0.0236175	0.0544285	0.101266	0.151811	0.183159	0.17776	0.138809	0.0872916	0.0442758	0.0181518	0.00603102	0.00162912	0.000359074	6.48464e-05	9.64237e-06	1.18887e-06	1.23569e-07	1.15932e-08	1.47753e-09	
POCUEN_Eudiagogus_sp	0	0	0	0	0	0	0	0	0	0	0	0	0	0	0	0	0	0	0	0	0	0	0	0	0	0	1	0	
N105	3.19467e-09	2.16278e-08	2.20726e-07	2.09449e-06	1.67548e-05	0.000110408	0.000594163	0.00259712	0.00918026	0.0261442	0.0597997	0.109587	0.160615	0.188062	0.175844	0.131334	0.0784228	0.0374955	0.0143845	0.00443943	0.00110571	0.000223053	3.65979e-05	4.91026e-06	5.43702e-07	5.10317e-08	4.54816e-09	6.58825e-10	
N106	1.52224e-31	2.07977e-31	3.19445e-31	5.01358e-31	7.7019e-31	1.14002e-30	1.6169e-30	2.19278e-30	2.84079e-30	3.51387e-30	4.14847e-30	4.67353e-30	5.0234e-30	3.98764e-19	1.01852e-05	0.546977	0.453007	5.78753e-06	1.93679e-19	2.24634e-30	1.66573e-30	1.18125e-30	8.01762e-31	5.21708e-31	3.26937e-31	2.00376e-31	1.26556e-31	9.48932e-32	
POCUEN_Hypera_nigrirostris	0	0	0	0	0	0	0	0	0	0	0	0	0	0	0	0	1	0	0	0	0	0	0	0	0	0	0	0	
POCUEN_Hypera_postica	0	0	0	0	0	0	0	0	0	0	0	0	0	0	0	1	0	0	0	0	0	0	0	0	0	0	0	0	
N107	1.22116e-07	9.99489e-07	1.14731e-05	0.000111653	0.000834543	0.00465456	0.0191049	0.0572592	0.124773	0.197225	0.225853	0.187339	0.112751	0.0494771	0.0159676	0.00383475	0.000694646	9.62532e-05	1.03433e-05	8.73251e-07	5.86304e-08	3.1658e-09	1.38921e-10	5.005e-12	1.49782e-13	3.80172e-15	8.77287e-17	2.97029e-18	
POCUEN_Barypeithes_sp	0	0	0	0	0	1	0	0	0	0	0	0	0	0	0	0	0	0	0	0	0	0	0	0	0	0	0	0	
POCUEN_Polydrusus_mollis_M	0	0	0	0	0	0	0	0	0	0	0	0	1	0	0	0	0	0	0	0	0	0	0	0	0	0	0	0	
N108	0.0292036	0.0372422	0.0523601	0.0746454	0.101212	0.125317	0.13837	0.134456	0.114165	0.0843926	0.0542221	0.0302658	0.0146814	0.00619419	0.00227574	0.000729166	0.000204098	5.00004e-05	1.07427e-05	2.02857e-06	3.37417e-07	4.95513e-08	6.44047e-09	7.43113e-10	7.65737e-11	7.21559e-12	7.03402e-13	1.24857e-13	
POCUEN_Hypomeces_squamosus	0	0	0	0	0	0	1	0	0	0	0	0	0	0	0	0	0	0	0	0	0	0	0	0	0	0	0	0	
POCUEN_Sympiezomias_cribricollis	0	0	0	0	0	0	1	0	0	0	0	0	0	0	0	0	0	0	0	0	0	0	0	0	0	0	0	0	
POCUEN_Bothrometopus_sp	0	0	0	0	0	0	1	0	0	0	0	0	0	0	0	0	0	0	0	0	0	0	0	0	0	0	0	0	
N109	0.208909	0.203224	0.179574	0.144455	0.105863	0.0706578	0.0429146	0.0236908	0.0118728	0.00539545	0.00222114	0.000827682	0.000279033	8.50784e-05	2.34595e-05	5.85073e-06	1.32017e-06	2.69641e-07	4.98836e-08	8.36524e-09	1.27277e-09	1.759e-10	2.21176e-11	2.53824e-12	2.68097e-13	2.68307e-14	2.86925e-15	5.45922e-16	
POCUEN_Foucartia_squamulata	0	0	1	0	0	0	0	0	0	0	0	0	0	0	0	0	0	0	0	0	0	0	0	0	0	0	0	0	
N110	0.190362	0.188701	0.172621	0.145481	0.112582	0.0796931	0.0514126	0.0301341	0.016007	0.00769167	0.00333907	0.00130848	0.000462656	0.000147588	4.24828e-05	1.10385e-05	2.59052e-06	5.4948e-07	1.05432e-07	1.83175e-08	2.88471e-09	4.12311e-10	5.35759e-11	6.34859e-12	6.91776e-13	7.14121e-14	7.90794e-15	1.56277e-15	
POCUEN_Sitona_lineatus	0	0	0	0	0	0	1	0	0	0	0	0	0	0	0	0	0	0	0	0	0	0	0	0	0	0	0	0	
N111	0.175701	0.191901	0.196415	0.174318	0.128266	0.0766084	0.0368153	0.0142025	0.00440449	0.00110216	0.000223709	3.70598e-05	5.04452e-06	5.68145e-07	5.33157e-08	4.19752e-09	2.79102e-10	1.5774e-11	7.62372e-13	3.16919e-14	1.13935e-15	3.56078e-17	9.72325e-19	2.33239e-20	4.95313e-22	9.48402e-24	1.75097e-25	4.8752e-27	
POCUCL_Cleonus_sp	0	1	0	0	0	0	0	0	0	0	0	0	0	0	0	0	0	0	0	0	0	0	0	0	0	0	0	0	
N112	0.116276	0.147458	0.184078	0.195904	0.165781	0.108322	0.0540507	0.0205543	0.00597468	0.00133555	0.000231414	3.13646e-05	3.35726e-06	2.86591e-07	1.96995e-08	1.10056e-09	5.04213e-11	1.91042e-12	6.03418e-14	1.60081e-15	3.59209e-17	6.86272e-19	1.12322e-20	1.58404e-22	1.9354e-24	2.06106e-26	1.96458e-28	2.76098e-30	
POCUMO_Larinus_sp	0	0	0	1	0	0	0	0	0	0	0	0	0	0	0	0	0	0	0	0	0	0	0	0	0	0	0	0	
POCUMO_Lixus_sp	0	0	0	0	0	0	1	0	0	0	0	0	0	0	0	0	0	0	0	0	0	0	0	0	0	0	0	0	
N113	0.0604303	0.0720803	0.0903646	0.111695	0.129424	0.136048	0.127233	0.104688	0.0753108	0.0472064	0.0257381	0.0121978	0.00502461	0.00179981	0.000561024	0.000152336	3.6076e-05	7.46178e-06	1.35012e-06	2.14096e-07	2.98175e-08	3.65661e-09	3.9617e-10	3.81142e-11	3.28912e-12	2.62089e-13	2.16754e-14	3.20564e-15	
N114	0.0136382	0.0183904	0.0281374	0.0440877	0.0661667	0.09174	0.115348	0.130233	0.131292	0.117777	0.093798	0.0662205	0.0414041	0.0229151	0.0112241	0.00486616	0.00186808	0.000635401	0.00019165	5.13165e-05	1.22162e-05	2.59097e-06	4.91305e-07	8.38402e-08	1.30614e-08	1.92759e-09	3.03909e-10	7.96248e-11	
POCUEN_Chlorophanus_sp	0	0	0	0	0	0	0	0	0	0	0	0	0	1	0	0	0	0	0	0	0	0	0	0	0	0	0	0	
N115	0.00925658	0.0132221	0.0216171	0.0357967	0.0563389	0.0817179	0.10749	0.127026	0.134069	0.125888	0.104882	0.0773946	0.0505263	0.0291635	0.0148789	0.00671029	0.00267613	0.000944341	0.000295093	8.17432e-05	2.00992e-05	4.3946e-06	8.56829e-07	1.49798e-07	2.38033e-08	3.57665e-09	5.79952e-10	1.58284e-10	
N116	5.18298e-12	7.5775e-11	1.32587e-09	2.0237e-08	2.62842e-07	2.87112e-06	2.60515e-05	0.000193674	0.00116195	0.00553333	0.020545	0.0583739	0.124574	0.196329	0.225514	0.187317	0.112216	0.0485984	0.0153309	0.00356823	0.000622946	8.30742e-05	8.61976e-06	7.08747e-07	4.71246e-08	2.6161e-09	1.331e-10	1.04229e-11	
POCUEN_Strophosoma_melanogrammum	0	0	0	0	0	0	0	0	0	0	0	0	0	0	0	0	0	1	0	0	0	0	0	0	0	0	0	0	
POCUEN_Strophosoma_capitatum	0	0	0	0	0	0	0	0	0	0	0	0	0	1	0	0	0	0	0	0	0	0	0	0	0	0	0	0	
POCUEN_Brachyderes_incanus	0	0	0	0	1	0	0	0	0	0	0	0	0	0	0	0	0	0	0	0	0	0	0	0	0	0	0	0	
N117	0.0571594	0.0676611	0.0843145	0.104554	0.122932	0.132451	0.127969	0.109444	0.0822406	0.0540766	0.0310501	0.0155556	0.00679911	0.00259395	0.000864514	0.00025198	6.43181e-05	1.44006e-05	2.83367e-06	4.91217e-07	7.52452e-08	1.02271e-08	1.24053e-09	1.35432e-10	1.34759e-11	1.24834e-12	1.14673e-13	1.56598e-14	
POCUEN_Otiorhynchus_armadillo	0	0	0	0	0	0	0	0	0	0	0	0	0	0	0	1	0	0	0	0	0	0	0	0	0	0	0	0	
N118	0.0691029	0.0805474	0.0972772	0.115329	0.128576	0.131028	0.119977	0.0977205	0.0703839	0.0446768	0.0249448	0.0122391	0.00527526	0.00199768	0.000664968	0.000194714	5.02046e-05	1.14116e-05	2.28975e-06	4.06166e-07	6.37947e-08	8.88745e-09	1.10031e-09	1.21373e-10	1.19991e-11	1.08844e-12	1.02141e-13	1.73368e-14	
N119	0.0122982	0.0178872	0.0300893	0.0507492	0.0793084	0.11079	0.136185	0.146217	0.136603	0.110814	0.0779678	0.0475588	0.0251533	0.0115417	0.00459922	0.00159378	0.000481078	0.000126725	2.91927e-05	5.8942e-06	1.04557e-06	1.63368e-07	2.25499e-08	2.76109e-09	3.02571e-10	3.05474e-11	3.20819e-12	5.89649e-13	
N120	8.3172e-05	0.000435478	0.0025185	0.0119801	0.0430142	0.111273	0.201001	0.248124	0.206809	0.116193	0.0443701	0.0117014	0.00217538	0.000291511	2.8786e-05	2.1387e-06	1.21856e-07	5.41688e-09	1.90798e-10	5.39915e-12	1.24276e-13	2.3529e-15	3.70143e-17	4.88484e-19	5.46627e-21	5.2872e-23	4.71911e-25	5.85931e-27	
N121	5.34204e-06	4.45738e-05	0.000476714	0.00394523	0.0223749	0.0825952	0.19224	0.276123	0.241784	0.128743	0.041974	0.00850392	0.00109266	9.11581e-05	5.06137e-06	1.91659e-07	5.0669e-09	9.55931e-11	1.31334e-12	1.33864e-14	1.02958e-16	6.06869e-19	2.78041e-21	1.00305e-23	2.88344e-26	6.68018e-29	1.26862e-31	2.77032e-34	
N122	2.33678e-06	2.5489e-05	0.000354191	0.00355064	0.0230982	0.0927051	0.219989	0.298945	0.229863	0.100895	0.0260265	0.00410429	0.000412389	2.74546e-05	1.25465e-06	4.0612e-08	9.57198e-10	1.68309e-11	2.25552e-13	2.34754e-15	1.92955e-17	1.27124e-19	6.80284e-22	2.99232e-24	1.09354e-26	3.35287e-29	8.75332e-32	2.78964e-34	
POCUCU_Gymnetron_antirhini	0	0	0	0	0	0	0	0	1	0	0	0	0	0	0	0	0	0	0	0	0	0	0	0	0	0	0	0	
POCUEN_Naupactus_xanthographus	0	0	0	0	0	0	1	0	0	0	0	0	0	0	0	0	0	0	0	0	0	0	0	0	0	0	0	0	
N123	3.29271e-06	2.69051e-05	0.000308197	0.00274661	0.0167544	0.0667843	0.168951	0.265701	0.256631	0.151861	0.0554676	0.0127065	0.00186629	0.000180271	1.17592e-05	5.31727e-07	1.70858e-08	3.9925e-10	6.92971e-12	9.10794e-14	9.22482e-16	7.31486e-18	4.60675e-20	2.33437e-22	9.63096e-25	3.27202e-27	9.38304e-30	3.37186e-32	
POCUCU_Gymnetron_tetrum	0	0	0	0	0	0	0	0	1	0	0	0	0	0	0	0	0	0	0	0	0	0	0	0	0	0	0	0	
POCUCE_Phytobius_sp	0	0	0	0	0	0	0	0	0	1	0	0	0	0	0	0	0	0	0	0	0	0	0	0	0	0	0	0	
POCUEN_Sitona_hispidulus	0	0	0	0	0	0	1	0	0	0	0	0	0	0	0	0	0	0	0	0	0	0	0	0	0	0	0	0	
POCUEN_Dyslobus_sp	0	0	0	0	0	0	0	0	0	0	0	0	1	0	0	0	0	0	0	0	0	0	0	0	0	0	0	0	
N124	0.181172	0.184043	0.175005	0.153206	0.121167	0.0850837	0.0523113	0.0278739	0.0127844	0.00502649	0.00169074	0.000486336	0.000119717	2.52587e-05	4.57759e-06	7.14405e-07	9.62876e-08	1.12416e-08	1.14046e-09	1.00859e-10	7.80055e-12	5.29325e-13	3.16202e-14	1.66952e-15	7.84568e-17	3.35077e-18	1.42334e-19	9.94402e-21	
N125	0.204969	0.204041	0.186437	0.153784	0.112327	0.0713769	0.0389038	0.0180051	0.00703012	0.00230766	0.000636055	0.000147279	2.86979e-05	4.71772e-06	6.56379e-07	7.75633e-08	7.81414e-09	6.73801e-10	4.99272e-11	3.19175e-12	1.76733e-13	8.50924e-15	3.576e-16	1.31662e-17	4.26381e-19	1.22387e-20	3.29228e-22	1.5006e-23	
POCUDR_Sitophilus_oryzae	0	0	1	0	0	0	0	0	0	0	0	0	0	0	0	0	0	0	0	0	0	0	0	0	0	0	0	0	
N126	0.00022096	0.00765176	0.143233	0.734766	0.109578	0.00446837	8.07269e-05	8.01572e-07	4.94188e-09	2.04586e-11	6.00531e-14	1.30092e-16	2.14451e-19	2.75602e-22	2.81605e-25	2.32521e-28	1.57286e-31	8.81879e-35	4.14012e-38	1.64191e-41	5.54388e-45	1.60483e-48	4.00782e-52	8.68429e-56	1.64218e-59	2.7361e-63	4.1747e-67	7.3982e-71	
POCUDR_Sitophilus_granarius	0	0	0	1	0	0	0	0	0	0	0	0	0	0	0	0	0	0	0	0	0	0	0	0	0	0	0	0	
POCUDR_Sitophilus_zeamais	0	0	0	1	0	0	0	0	0	0	0	0	0	0	0	0	0	0	0	0	0	0	0	0	0	0	0	0	
POCUMO_Pachylobius_picivorus	0	0	0	0	1	0	0	0	0	0	0	0	0	0	0	0	0	0	0	0	0	0	0	0	0	0	0	0	
