NODE	7	8	9	10	11	12	13	14	15	16	17	18	19	20	21	22	23	24	25	26	27	28	29	30	31	32	33	
N1	0.426598	0.31348	0.169861	0.0669736	0.0188337	0.0037036	0.000501562	4.63479e-05	2.91314e-06	1.24799e-07	3.6664e-09	7.45412e-11	1.06043e-12	2.18467e-17	1.85758e-18	1.34654e-19	8.37479e-21	4.49683e-22	2.09704e-23	8.54169e-25	3.05536e-26	9.64692e-28	2.70212e-29	6.75342e-31	1.52381e-32	3.25033e-34	8.33107e-36	
N2	0.164754	0.174507	0.173943	0.158621	0.128994	0.0918144	0.0565058	0.0298501	0.0134816	0.00519641	0.00170879	0.000479708	0.00011512	2.36592e-05	4.17329e-06	6.33363e-07	8.29232e-08	9.3922e-09	9.22974e-10	7.89287e-11	5.89138e-12	3.85008e-13	2.21015e-14	1.11965e-15	5.07508e-17	2.23642e-18	1.73483e-19	
N3	0.0941672	0.115603	0.141899	0.159403	0.156735	0.132213	0.0947334	0.0573264	0.0291914	0.0124808	0.00447538	0.00134569	0.000339516	7.19692e-05	1.28418e-05	1.9334e-06	2.4628e-07	2.66235e-08	2.45047e-09	1.92696e-10	1.29919e-11	7.5377e-13	3.77835e-14	1.64538e-15	6.31725e-17	2.31041e-18	1.41947e-19	
POCUBR_Notaris_sp	0	0	0	1	0	0	0	0	0	0	0	0	0	0	0	0	0	0	0	0	0	0	0	0	0	0	0	
N4	0.0519218	0.0722851	0.10487	0.139413	0.161083	0.158279	0.13082	0.0903659	0.0519618	0.0248141	0.0098304	0.00323035	0.000881116	0.000199762	3.77161e-05	5.94448e-06	7.843e-07	8.68913e-08	8.11054e-09	6.40084e-10	4.28684e-11	2.44573e-12	1.19356e-13	5.01047e-15	1.83586e-16	6.33672e-18	3.60964e-19	
N5	0.0708633	0.0900451	0.119885	0.150801	0.166422	0.154282	0.117446	0.0726402	0.0363688	0.0147442	0.00485299	0.00130216	0.000286247	5.18344e-05	7.77669e-06	9.72344e-07	1.01916e-07	9.00707e-09	6.74991e-10	4.31296e-11	2.36222e-12	1.11468e-13	4.55425e-15	1.61937e-16	5.05878e-18	1.47666e-19	7.35822e-21	
N6	1.78752e-05	0.00037517	0.00647852	0.0632441	0.282789	0.40319	0.207517	0.0338011	0.00248415	0.000100242	2.49507e-06	4.13393e-08	4.81075e-10	4.09247e-12	2.62499e-14	1.30138e-16	5.08908e-19	1.59672e-21	4.07823e-24	8.58632e-27	1.50658e-29	2.2245e-32	2.78799e-35	2.99028e-38	2.77395e-41	2.30773e-44	2.32382e-47	
POCUDR_Sphenophorus_sp	0	0	0	0	1	0	0	0	0	0	0	0	0	0	0	0	0	0	0	0	0	0	0	0	0	0	0	
POCUDR_Metamasius_hemipterus	0	0	0	0	0	0	1	0	0	0	0	0	0	0	0	0	0	0	0	0	0	0	0	0	0	0	0	
POCUDR_Diocalandra_sp	0	0	0	0	1	0	0	0	0	0	0	0	0	0	0	0	0	0	0	0	0	0	0	0	0	0	0	
N7	7.13377e-05	0.000243113	0.00103635	0.00394978	0.012584	0.0329709	0.0704554	0.121948	0.169889	0.189441	0.168327	0.118812	0.0665234	0.0295554	0.0104414	0.00294415	0.000665972	0.000121599	1.80459e-05	2.19279e-06	2.19814e-07	1.83156e-08	1.27804e-09	7.52878e-11	3.80205e-12	1.79027e-13	1.46079e-14	
POCUDR_Cosmopolites_sordidus	0	0	0	0	0	0	0	0	0	0	1	0	0	0	0	0	0	0	0	0	0	0	0	0	0	0	0	
POCUDR_Rhynchophorus_ferrugineus	0	0	0	0	0	0	0	0	0	0	0	0	0	1	0	0	0	0	0	0	0	0	0	0	0	0	0	
N8	0.0848435	0.102141	0.124619	0.143388	0.148745	0.135772	0.107633	0.0735766	0.0432018	0.021747	0.00937952	0.00346751	0.00110001	0.000299947	7.04515e-05	1.42891e-05	2.5094e-06	3.82695e-07	5.08369e-08	5.90077e-09	6.00376e-10	5.3718e-11	4.24105e-12	2.96881e-13	1.87264e-14	1.17732e-15	1.36289e-16	
N9	0.000217886	0.00102152	0.00534704	0.0220592	0.0669462	0.145278	0.221496	0.235116	0.173173	0.0884751	0.0314413	0.00783717	0.00139261	0.000180212	1.73768e-05	1.27634e-06	7.28658e-08	3.29186e-09	1.19565e-10	3.54057e-12	8.65371e-14	1.76498e-15	3.03365e-17	4.43642e-19	5.59653e-21	6.41204e-23	1.07949e-24	
POCUBR_Echinocnemus_sp	0	0	0	0	0	1	0	0	0	0	0	0	0	0	0	0	0	0	0	0	0	0	0	0	0	0	0	
POCUER_Tanysphyrus_lemnae	0	0	0	0	0	0	0	0	0	0	1	0	0	0	0	0	0	0	0	0	0	0	0	0	0	0	0	
POCUER_Procas_sp	0	0	0	0	1	0	0	0	0	0	0	0	0	0	0	0	0	0	0	0	0	0	0	0	0	0	0	
N10	0.411649	0.315465	0.175701	0.0713652	0.0208335	0.00429954	0.000619629	6.19708e-05	4.29977e-06	2.07921e-07	7.06551e-09	1.70561e-10	2.95956e-12	3.6892e-14	3.29467e-16	2.1211e-18	1.00986e-20	4.02272e-23	2.34292e-25	3.10971e-27	4.99037e-29	7.07838e-31	8.5436e-33	8.7964e-35	7.81973e-37	6.31144e-39	7.19295e-41	
N11	0.369883	0.305525	0.191152	0.0905464	0.0322799	0.00861167	0.0017149	0.000255235	2.85215e-05	2.40966e-06	1.5523e-07	7.6966e-09	2.96587e-10	8.96982e-12	2.14964e-13	4.12039e-15	6.37351e-17	8.02382e-19	8.28807e-21	7.07811e-23	5.03405e-25	3.00215e-27	1.51108e-29	6.45997e-32	2.36381e-34	7.63024e-37	3.27581e-39	
N12	0.147475	0.167831	0.182857	0.176609	0.143811	0.0960835	0.0519694	0.0226211	0.00790966	0.00222288	0.000503083	9.19541e-05	1.36212e-05	1.64158e-06	1.61633e-07	1.30595e-08	8.69814e-10	4.79784e-11	2.20202e-12	8.44888e-14	2.72281e-15	7.40456e-17	1.70707e-18	3.3519e-20	5.64072e-22	8.4391e-24	1.94634e-25	
N13	0.137467	0.155438	0.170014	0.168786	0.145438	0.105991	0.0644495	0.032488	0.0135424	0.00466715	0.00133138	0.000315023	6.19896e-05	1.01757e-05	1.39807e-06	1.6135e-07	1.56996e-08	1.29283e-09	9.045e-11	5.39726e-12	2.75754e-13	1.21097e-14	4.58898e-16	1.50761e-17	4.34188e-19	1.17257e-20	5.22737e-22	
N14	0.224466	0.220021	0.191965	0.148532	0.101255	0.0603933	0.0313272	0.0140694	0.00545539	0.00182381	0.000525626	0.0001307	2.80838e-05	5.2255e-06	8.4407e-07	1.1869e-07	1.45721e-08	1.56689e-09	1.48022e-10	1.23241e-11	9.07193e-13	5.92261e-14	3.44023e-15	1.78535e-16	8.38242e-18	3.87533e-19	3.25923e-20	
POCUMO_Acalles_camelus	0	1	0	0	0	0	0	0	0	0	0	0	0	0	0	0	0	0	0	0	0	0	0	0	0	0	0	
POCUMO_Acalles_echinatus	0	0	0	1	0	0	0	0	0	0	0	0	0	0	0	0	0	0	0	0	0	0	0	0	0	0	0	
N15	0.0557192	0.0775531	0.11103	0.143937	0.161398	0.154138	0.124594	0.0849841	0.0488363	0.0236288	0.00962654	0.00330463	0.000956976	0.000234145	4.84958e-05	8.52137e-06	1.27337e-06	1.62251e-07	1.76776e-08	1.65177e-09	1.32779e-10	9.21383e-12	5.54152e-13	2.90719e-14	1.35542e-15	6.17542e-17	4.93265e-18	
POCUCE_Zacladus_geranii	0	1	0	0	0	0	0	0	0	0	0	0	0	0	0	0	0	0	0	0	0	0	0	0	0	0	0	
N16	0.0188133	0.0293843	0.0506582	0.0823328	0.118552	0.14763	0.157338	0.142813	0.110151	0.0721263	0.0400916	0.0189269	0.00759572	0.00259464	0.000755597	0.000187935	4.00068e-05	7.30585e-06	1.1474e-06	1.55412e-07	1.82135e-08	1.85476e-09	1.65236e-10	1.30566e-11	9.47192e-13	6.98624e-14	7.96357e-15	
POCUCE_Nedyus_quadrimaculatus	0	0	0	0	0	0	0	0	0	0	0	0	0	0	0	0	1	0	0	0	0	0	0	0	0	0	0	
POCUCE_Rhinoncus_sp	0	0	0	0	0	0	0	1	0	0	0	0	0	0	0	0	0	0	0	0	0	0	0	0	0	0	0	
N17	0.0807909	0.104438	0.136886	0.162745	0.166371	0.142738	0.101548	0.0595347	0.0286775	0.0113399	0.00368305	0.000984041	0.000216769	3.94774e-05	5.96222e-06	7.49243e-07	7.86169e-08	6.913e-09	5.11324e-10	3.19354e-11	1.69103e-12	7.62629e-14	2.94722e-15	9.86534e-17	2.93131e-18	8.29616e-20	3.44667e-21	
N18	0.00077017	0.00165427	0.0042349	0.0103849	0.0228867	0.0443495	0.0748808	0.10968	0.139034	0.152305	0.144049	0.117562	0.0827715	0.0502784	0.0263582	0.0119333	0.00466996	0.00158173	0.000464472	0.000118525	2.63714e-05	5.14242e-06	8.86324e-07	1.37092e-07	1.96488e-08	2.87691e-09	6.59555e-10	
POCUBA_Metialma_sp	0	0	0	0	0	0	0	0	1	0	0	0	0	0	0	0	0	0	0	0	0	0	0	0	0	0	0	
POCUSC_Scolytus_sp	0	0	0	0	0	0	0	0	0	0	0	0	0	0	0	0	0	0	0	0	1	0	0	0	0	0	0	
N19	0.1011	0.120341	0.143733	0.159465	0.155922	0.130455	0.0919854	0.0542584	0.0266876	0.0109362	0.00373567	0.00106522	0.000254091	5.08305e-05	8.55277e-06	1.21426e-06	1.4595e-07	1.4904e-08	1.29768e-09	9.66923e-11	6.18832e-12	3.41463e-13	1.63108e-14	6.78494e-16	2.49897e-17	8.85226e-19	5.1963e-20	
POCUTY_Tychius_sp	0	1	0	0	0	0	0	0	0	0	0	0	0	0	0	0	0	0	0	0	0	0	0	0	0	0	0	
N20	0.0741235	0.0917282	0.116357	0.139338	0.150084	0.141756	0.115788	0.0811413	0.0485574	0.0247523	0.0107368	0.00396327	0.00124604	0.000334162	7.65921e-05	1.50394e-05	2.5365e-06	3.68497e-07	4.6252e-08	5.03134e-09	4.7589e-10	3.92757e-11	2.84071e-12	1.81446e-13	1.0463e-14	5.99125e-16	5.87237e-17	
POCUMO_Ruteria_hypocrita	0	0	0	0	0	0	0	0	0	0	0	1	0	0	0	0	0	0	0	0	0	0	0	0	0	0	0	
N21	0.131727	0.158748	0.185875	0.189001	0.155945	0.10095	0.0505875	0.0195895	0.00589028	0.00138677	0.000258208	3.84257e-05	4.61873e-06	4.52957e-07	3.659e-08	2.45646e-09	1.38194e-10	6.56502e-12	2.65236e-13	9.17365e-15	2.73289e-16	7.05278e-18	1.58548e-19	3.12449e-21	5.46736e-23	8.99885e-25	2.30257e-26	
POCUCU_Cionus_sp	0	0	0	0	1	0	0	0	0	0	0	0	0	0	0	0	0	0	0	0	0	0	0	0	0	0	0	
POCUMO_Adexius_scrobipennis	0	0	1	0	0	0	0	0	0	0	0	0	0	0	0	0	0	0	0	0	0	0	0	0	0	0	0	
N22	0.344616	0.294045	0.196481	0.103379	0.0429064	0.0140547	0.00363586	0.00074394	0.000120712	1.55904e-05	1.61021e-06	1.33708e-07	8.97916e-09	4.90698e-10	2.19611e-11	8.10096e-13	2.47866e-14	6.32997e-16	1.35744e-17	2.45877e-19	3.78308e-21	4.97115e-23	5.60839e-25	5.46264e-27	4.63677e-29	3.57773e-31	3.93325e-33	
N23	0.332269	0.289218	0.199953	0.109607	0.0474256	0.0161381	0.004312	0.000905298	0.00014974	1.9594e-05	2.03905e-06	1.69778e-07	1.13849e-08	6.19068e-10	2.74875e-11	1.00356e-12	3.0335e-14	7.64266e-16	1.61533e-17	2.88212e-19	4.36748e-21	5.65505e-23	6.29815e-25	6.09179e-27	5.22633e-29	4.22812e-31	4.57717e-33	
N24	0.313988	0.282585	0.205737	0.11896	0.0537293	0.018752	0.00502911	0.00103462	0.000163412	1.98672e-05	1.86655e-06	1.36172e-07	7.75664e-09	3.47044e-10	1.22729e-11	3.45277e-13	7.77835e-15	1.41237e-16	2.0805e-18	2.50216e-20	2.47231e-22	2.01916e-24	1.37115e-26	7.78673e-29	3.72166e-31	1.52807e-33	8.15501e-36	
N25	0.222463	0.22636	0.204733	0.157971	0.101279	0.053279	0.0228976	0.00803803	0.00230933	0.000544669	0.00010585	1.70187e-05	2.2735e-06	2.53459e-07	2.36864e-08	1.86383e-09	1.24038e-10	7.012e-12	3.38168e-13	1.39718e-14	4.96582e-16	1.52442e-17	4.05899e-19	9.42814e-21	1.94106e-22	3.837e-24	1.18904e-25	
N26	0.0305107	0.0450564	0.0717086	0.106643	0.1398	0.157773	0.151638	0.123459	0.0849352	0.0493341	0.0241997	0.0100348	0.00352301	0.00104923	0.000265687	5.73464e-05	1.05795e-05	1.67306e-06	2.27494e-07	2.66834e-08	2.70927e-09	2.39117e-10	1.84543e-11	1.25926e-12	7.80185e-14	4.79087e-15	4.7793e-16	
N27	0.0417982	0.056892	0.0848833	0.12236	0.156222	0.168351	0.149552	0.108387	0.0638717	0.0306158	0.0119666	0.00382838	0.00100707	0.000218926	3.95394e-05	5.96525e-06	7.55915e-07	8.08951e-08	7.35008e-09	5.69953e-10	3.79098e-11	2.17343e-12	1.07915e-13	4.66443e-15	1.77421e-16	6.37454e-18	3.98755e-19	
POCUSC_Ips_latidens	0	0	0	0	0	1	0	0	0	0	0	0	0	0	0	0	0	0	0	0	0	0	0	0	0	0	0	
POCUSC_Ips_spinifer	0	0	0	0	0	1	0	0	0	0	0	0	0	0	0	0	0	0	0	0	0	0	0	0	0	0	0	
POCUSC_Orthotomicus_laricis	0	0	0	0	0	0	0	0	0	0	0	0	0	0	0	1	0	0	0	0	0	0	0	0	0	0	0	
N28	0.201871	0.202769	0.184983	0.152017	0.111406	0.0721424	0.040983	0.02032	0.00876466	0.00328299	0.00106728	0.000301233	7.38917e-05	1.57777e-05	2.93837e-06	4.78384e-07	6.82561e-08	8.55765e-09	9.45395e-10	9.22871e-11	7.98314e-12	6.13716e-13	4.20617e-14	2.58257e-15	1.44443e-16	8.11243e-18	8.28829e-19	
POCUSC_Orthotomicus_erosus	0	0	1	0	0	0	0	0	0	0	0	0	0	0	0	0	0	0	0	0	0	0	0	0	0	0	0	
POCUSC_Pityogenes_chalcographus	0	0	0	0	0	1	0	0	0	0	0	0	0	0	0	0	0	0	0	0	0	0	0	0	0	0	0	
N29	0.325123	0.286111	0.201749	0.113381	0.0503057	0.0174597	0.0047078	0.000982456	0.000158546	1.98181e-05	1.92578e-06	1.46219e-07	8.72787e-09	4.1236e-10	1.55324e-11	4.69904e-13	1.15033e-14	2.29549e-16	3.76098e-18	5.09493e-20	5.74541e-22	5.42832e-24	4.32384e-26	2.92104e-28	1.685e-30	8.50547e-33	5.80164e-35	
N30	0.286784	0.262493	0.201159	0.129593	0.0702631	0.0320558	0.012301	0.00397004	0.00107816	0.000246667	4.76274e-05	7.7793e-06	1.07789e-06	1.27095e-07	1.2796e-08	1.10401e-09	8.1926e-11	5.24869e-12	2.91403e-13	1.40727e-14	5.93343e-16	2.19226e-17	7.12595e-19	2.04895e-20	5.28498e-22	1.30795e-23	5.26321e-25	
POCUSC_Ips_acuminatus	0	0	0	0	1	0	0	0	0	0	0	0	0	0	0	0	0	0	0	0	0	0	0	0	0	0	0	
N31	0.297376	0.268523	0.200723	0.125044	0.0651614	0.0284635	0.0104365	0.00321589	0.000833892	0.000182262	3.3647e-05	5.25915e-06	6.97934e-07	7.8883e-08	7.61846e-09	6.30937e-10	4.49689e-11	2.76853e-12	1.47778e-13	6.86445e-15	2.78505e-16	9.90517e-18	3.09917e-19	8.56345e-21	2.10545e-22	4.85888e-24	1.88763e-25	
POCUSC_Ips_sexdentatus	0	1	0	0	0	0	0	0	0	0	0	0	0	0	0	0	0	0	0	0	0	0	0	0	0	0	0	
N32	0.280694	0.264977	0.209797	0.13528	0.0694789	0.0280989	0.0089224	0.00223031	0.000441457	6.97228e-05	8.86169e-06	9.14382e-07	7.72671e-08	5.39247e-09	3.1334e-10	1.52758e-11	6.29341e-13	2.20599e-14	6.62091e-16	1.71165e-17	3.83286e-19	7.47335e-21	1.27506e-22	1.91262e-24	2.53783e-26	3.08304e-28	5.83494e-30	
POCUSC_Ips_emarginatus	0	1	0	0	0	0	0	0	0	0	0	0	0	0	0	0	0	0	0	0	0	0	0	0	0	0	0	
POCUSC_Ips_knausi	0	0	0	1	0	0	0	0	0	0	0	0	0	0	0	0	0	0	0	0	0	0	0	0	0	0	0	
N33	0.291427	0.26954	0.207567	0.130494	0.0654442	0.0256521	0.0077397	0.00178013	0.000310608	4.10797e-05	4.12712e-06	3.16379e-07	1.86187e-08	8.47216e-10	3.00449e-11	8.37297e-13	1.84925e-14	3.2643e-16	4.64387e-18	5.36774e-20	5.08082e-22	3.9681e-24	2.57556e-26	1.39893e-28	6.40158e-31	2.50647e-33	1.2613e-35	
N34	0.245658	0.24019	0.205301	0.149558	0.0904265	0.0443986	0.0174281	0.00541571	0.00132533	0.000254997	3.86089e-05	4.6131e-06	4.3675e-07	3.29287e-08	1.98812e-09	9.66991e-11	3.81225e-12	1.22581e-13	3.23476e-15	7.04864e-17	1.27591e-18	1.92988e-20	2.45303e-22	2.63485e-24	2.40739e-26	1.9255e-28	2.18547e-30	
N35	0.197984	0.205195	0.194648	0.162913	0.11644	0.069414	0.0339994	0.0135664	0.00439233	0.00115294	0.000245692	4.26273e-05	6.0449e-06	7.03865e-07	6.76363e-08	5.39221e-09	3.58606e-10	2.00038e-11	9.41073e-13	3.75385e-14	1.27631e-15	3.71793e-17	9.32845e-19	2.02947e-20	3.88675e-22	7.00808e-24	1.94559e-25	
N36	0.13659	0.160796	0.183295	0.183564	0.151908	0.100626	0.0525756	0.0215502	0.00692844	0.00175237	0.000350405	5.57401e-05	7.10322e-06	7.30566e-07	6.11067e-08	4.18847e-09	2.3704e-10	1.11573e-11	4.39875e-13	1.4624e-14	4.12637e-16	9.94253e-18	2.05771e-19	3.67886e-21	5.72697e-23	8.10169e-25	1.78493e-26	
POCUSC_Ips_montanus	0	0	0	0	0	0	1	0	0	0	0	0	0	0	0	0	0	0	0	0	0	0	0	0	0	0	0	
N37	0.122483	0.173878	0.224538	0.219758	0.153223	0.0743605	0.0249278	0.00578128	0.00093501	0.000106779	8.74459e-06	5.22327e-07	2.31532e-08	7.74588e-10	1.98735e-11	3.96913e-13	6.25634e-15	7.8822e-17	8.0301e-19	6.68601e-21	4.59444e-23	2.62919e-25	1.26337e-27	5.13669e-30	1.78065e-32	5.36694e-35	2.0851e-37	
POCUSC_Ips_paraconfusus	0	1	0	0	0	0	0	0	0	0	0	0	0	0	0	0	0	0	0	0	0	0	0	0	0	0	0	
N38	0.0555518	0.114286	0.201796	0.249944	0.208751	0.115696	0.0421703	0.0100603	0.00157086	0.000161775	1.1183e-05	5.31516e-07	1.78296e-08	4.32999e-10	7.79397e-12	1.06208e-13	1.11662e-15	9.211e-18	6.05183e-20	3.20974e-22	1.39087e-24	4.97787e-27	1.48595e-29	3.73284e-32	7.95636e-35	1.45739e-37	3.21221e-40	
POCUSC_Ips_confusus	0	1	0	0	0	0	0	0	0	0	0	0	0	0	0	0	0	0	0	0	0	0	0	0	0	0	0	
POCUSC_Ips_hoppingi	0	0	0	0	0	0	0	0	1	0	0	0	0	0	0	0	0	0	0	0	0	0	0	0	0	0	0	
POCUSC_Ips_lecontei	0	0	0	0	0	0	0	1	0	0	0	0	0	0	0	0	0	0	0	0	0	0	0	0	0	0	0	
N39	0.207514	0.210439	0.193255	0.157039	0.110531	0.0663302	0.0335897	0.0142664	0.00506656	0.00150327	0.000372922	7.75005e-05	1.35305e-05	1.99131e-06	2.47999e-07	2.62451e-08	2.37032e-09	1.83499e-10	1.22305e-11	7.04925e-13	3.5286e-14	1.54052e-15	5.89134e-17	1.98446e-18	5.97357e-20	1.73776e-21	8.43424e-23	
POCUSC_Ips_cribricollis	0	0	0	0	0	0	1	0	0	0	0	0	0	0	0	0	0	0	0	0	0	0	0	0	0	0	0	
POCUSC_Ips_calligraphus	0	0	1	0	0	0	0	0	0	0	0	0	0	0	0	0	0	0	0	0	0	0	0	0	0	0	0	
N40	0.245279	0.242683	0.209828	0.152271	0.0892959	0.0411301	0.0146045	0.00395435	0.000812177	0.00012639	1.49286e-05	1.34353e-06	9.26201e-08	4.92217e-09	2.03074e-10	6.55295e-12	1.6666e-13	3.36661e-15	5.4433e-17	7.09771e-19	7.51904e-21	6.51776e-23	4.6551e-25	2.75793e-27	1.36544e-29	5.77781e-32	3.17478e-34	
N41	0.19573	0.203756	0.194419	0.163574	0.117435	0.0703357	0.0346652	0.0139579	0.00457923	0.00122457	0.000267593	4.79654e-05	7.08576e-06	8.67193e-07	8.84099e-08	7.55048e-09	5.43212e-10	3.31041e-11	1.71812e-12	7.63409e-14	2.91872e-15	9.64936e-17	2.77253e-18	6.97122e-20	1.56273e-21	3.40879e-23	1.17282e-24	
N42	0.000237821	0.00132618	0.00770531	0.0330578	0.0975106	0.192284	0.252138	0.220576	0.129043	0.0504145	0.0131216	0.00228761	0.000273371	2.31139e-05	1.42776e-06	6.63193e-08	2.37491e-09	6.69742e-11	1.51456e-12	2.78952e-14	4.24097e-16	5.38495e-18	5.7701e-20	5.26905e-22	4.15511e-24	2.96395e-26	2.9687e-28	
POCUSC_Orthotomicus_caelatus	0	0	0	0	0	0	0	0	0	0	1	0	0	0	0	0	0	0	0	0	0	0	0	0	0	0	0	
POCUSC_Ips_perroti	0	0	0	0	1	0	0	0	0	0	0	0	0	0	0	0	0	0	0	0	0	0	0	0	0	0	0	
POCUSC_Ips_typographus	0	0	0	0	1	0	0	0	0	0	0	0	0	0	0	0	0	0	0	0	0	0	0	0	0	0	0	
N43	0.23177	0.233554	0.208323	0.157381	0.0969054	0.0473242	0.0180156	0.00529395	0.00119549	0.000207342	2.76782e-05	2.8556e-06	2.28969e-07	1.43616e-08	7.09694e-10	2.78381e-11	8.73446e-13	2.209e-14	4.53755e-16	7.62674e-18	1.05654e-19	1.21474e-21	1.16692e-23	9.42682e-26	6.45084e-28	3.84571e-30	3.15912e-32	
N44	0.116269	0.145647	0.176298	0.184386	0.159279	0.111747	0.0632128	0.028731	0.0104785	0.00306755	0.000722031	0.000137027	2.10447e-05	2.62705e-06	2.67859e-07	2.24254e-08	1.55009e-09	8.89624e-11	4.26341e-12	1.71583e-13	5.83175e-15	1.68323e-16	4.1494e-18	8.79759e-20	1.62787e-21	2.79238e-23	7.24557e-25	
N45	0.183994	0.197612	0.197054	0.171841	0.124877	0.0733009	0.0341593	0.0125414	0.00362201	0.000824727	0.000148743	2.13768e-05	2.46485e-06	2.2968e-07	1.74239e-08	1.08407e-09	5.57204e-11	2.38273e-12	8.53502e-14	2.57777e-15	6.6057e-17	1.44486e-18	2.71291e-20	4.39675e-22	6.19075e-24	7.82791e-26	1.52127e-27	
N46	3.19021e-05	0.00689218	0.524184	0.464099	0.00477641	1.58547e-05	2.52269e-08	2.30001e-11	1.33133e-14	5.22953e-18	1.46069e-21	3.00318e-25	4.66752e-29	5.60044e-33	5.27731e-37	3.96082e-41	2.39591e-45	1.1798e-49	4.76977e-54	1.59483e-58	4.43791e-63	1.03332e-67	2.02252e-72	3.34171e-77	4.68811e-82	5.74044e-87	7.63664e-92	
POCUSC_Ips_perturbatus	0	0	1	0	0	0	0	0	0	0	0	0	0	0	0	0	0	0	0	0	0	0	0	0	0	0	0	
POCUSC_Ips_hunteri	0	0	0	1	0	0	0	0	0	0	0	0	0	0	0	0	0	0	0	0	0	0	0	0	0	0	0	
N47	0.0789483	0.19677	0.338416	0.269572	0.0979939	0.0167275	0.00149318	7.71601e-05	2.49736e-06	5.37357e-08	8.04726e-10	8.69615e-12	6.98185e-14	4.26609e-16	2.02436e-18	7.59002e-21	2.28234e-23	5.57667e-26	1.12006e-28	1.86827e-31	2.61206e-34	3.08661e-37	3.10614e-40	2.68064e-43	1.99917e-46	1.3193e-49	1.04367e-52	
N48	0.101689	0.289592	0.409964	0.171515	0.0255895	0.00160164	4.80844e-05	7.72374e-07	7.23717e-09	4.2338e-11	1.63199e-13	4.32895e-16	8.18761e-19	1.13729e-21	1.18943e-24	9.56741e-28	6.02846e-31	3.02356e-34	1.22414e-37	4.05083e-41	1.10783e-44	2.5289e-48	4.86195e-52	7.93651e-56	1.10813e-59	1.33276e-63	1.59938e-67	
POCUSC_Ips_borealis	0	1	0	0	0	0	0	0	0	0	0	0	0	0	0	0	0	0	0	0	0	0	0	0	0	0	0	
POCUSC_Ips_tridens	0	0	1	0	0	0	0	0	0	0	0	0	0	0	0	0	0	0	0	0	0	0	0	0	0	0	0	
POCUSC_Ips_pilifrons	0	0	0	0	1	0	0	0	0	0	0	0	0	0	0	0	0	0	0	0	0	0	0	0	0	0	0	
POCUSC_Ips_woodi	0	0	0	0	0	0	0	0	0	0	0	1	0	0	0	0	0	0	0	0	0	0	0	0	0	0	0	
N49	0.227781	0.228473	0.204092	0.156896	0.100312	0.0519323	0.0213888	0.00693998	0.00176743	0.000353503	5.5724e-05	6.96072e-06	6.936e-07	5.55373e-08	3.60082e-09	1.9051e-10	8.28818e-12	2.98723e-13	8.98434e-15	2.27049e-16	4.85335e-18	8.8306e-20	1.37585e-21	1.84656e-23	2.15261e-25	2.26819e-27	3.56875e-29	
N50	0.212016	0.223468	0.212406	0.169232	0.106709	0.0513998	0.0185794	0.00500909	0.00100853	0.000152518	1.74701e-05	1.5307e-06	1.03675e-07	5.48676e-09	2.29312e-10	7.64706e-12	2.05506e-13	4.49278e-15	8.06217e-17	1.19756e-18	1.4842e-20	1.54626e-22	1.36365e-24	1.0248e-26	6.61079e-29	3.75712e-31	2.95035e-33	
N51	0.184398	0.220503	0.235259	0.191906	0.110625	0.0434787	0.0115054	0.00205262	0.000249312	2.09207e-05	1.23382e-06	5.20726e-08	1.60127e-09	3.65059e-11	6.27276e-13	8.24996e-15	8.42503e-17	6.76996e-19	4.33338e-21	2.23468e-23	9.38195e-26	3.23785e-28	9.26792e-31	2.21851e-33	4.47592e-36	7.71601e-39	1.59707e-41	
N52	0.214321	0.239399	0.235224	0.176431	0.0926921	0.0328127	0.00774927	0.00122846	0.000132645	9.94041e-06	5.27651e-07	2.025e-08	5.73126e-10	1.21882e-11	1.98174e-13	2.50339e-15	2.49325e-17	1.98425e-19	1.27747e-21	6.72822e-24	2.92891e-26	1.06377e-28	3.25143e-31	8.42998e-34	1.86787e-36	3.58668e-39	8.47655e-42	
POCUSC_Orthotomicus_suturalis	0	0	1	0	0	0	0	0	0	0	0	0	0	0	0	0	0	0	0	0	0	0	0	0	0	0	0	
POCUSC_Ips_avulsus	0	0	1	0	0	0	0	0	0	0	0	0	0	0	0	0	0	0	0	0	0	0	0	0	0	0	0	
N53	0.00442464	0.023006	0.10263	0.259023	0.327506	0.206925	0.0652894	0.0102707	0.0008789	4.47221e-05	1.45278e-06	3.18283e-08	4.90938e-10	5.51808e-12	4.64869e-14	3.0051e-16	1.52064e-18	6.12732e-21	1.99553e-23	5.32186e-26	1.17575e-28	2.1742e-31	3.39652e-34	4.52016e-37	5.16406e-40	5.12211e-43	5.90151e-46	
POCUSC_Ips_plastographus	0	0	0	0	0	0	1	0	0	0	0	0	0	0	0	0	0	0	0	0	0	0	0	0	0	0	0	
POCUSC_Ips_integer	0	0	0	1	0	0	0	0	0	0	0	0	0	0	0	0	0	0	0	0	0	0	0	0	0	0	0	
POCUSC_Ips_pini	0	0	0	0	1	0	0	0	0	0	0	0	0	0	0	0	0	0	0	0	0	0	0	0	0	0	0	
POCUSC_Ips_bonanseai	0	0	0	0	1	0	0	0	0	0	0	0	0	0	0	0	0	0	0	0	0	0	0	0	0	0	0	
POCUSC_Pityogenes_hopkinsi_M	0	1	0	0	0	0	0	0	0	0	0	0	0	0	0	0	0	0	0	0	0	0	0	0	0	0	0	
N54	0.224934	0.222749	0.196526	0.15211	0.101633	0.0578627	0.0278116	0.0112176	0.0037833	0.00106507	0.000250177	4.90604e-05	8.04313e-06	1.10454e-06	1.27364e-07	1.23661e-08	1.01404e-09	7.04574e-11	4.16215e-12	2.09769e-13	9.05178e-15	3.3562e-16	1.07312e-17	2.97045e-19	7.17041e-21	1.5884e-22	5.79473e-24	
N55	0.219846	0.217596	0.192786	0.151447	0.104162	0.0619529	0.03154	0.0136408	0.00498728	0.00153732	0.00039916	8.73385e-05	1.6128e-05	2.51903e-06	3.3371e-07	3.76144e-08	3.61972e-09	2.98465e-10	2.11648e-11	1.29558e-12	6.87192e-14	3.17016e-15	1.27685e-16	4.51131e-18	1.41507e-19	4.23309e-21	2.13499e-22	
N56	0.10307	0.137444	0.178662	0.196129	0.171481	0.116742	0.0613811	0.0249066	0.00782953	0.00191991	0.000370475	5.68076e-05	6.99234e-06	6.97869e-07	5.70267e-08	3.85076e-09	2.16743e-10	1.02518e-11	4.10576e-13	1.40209e-14	4.10947e-16	1.04008e-17	2.28612e-19	4.38878e-21	7.42318e-23	1.15888e-24	2.866e-26	
POCUSC_Xylosandrus_germanus	0	0	1	0	0	0	0	0	0	0	0	0	0	0	0	0	0	0	0	0	0	0	0	0	0	0	0	
POCUSC_Xylosandrus_compactus	0	0	0	0	0	0	1	0	0	0	0	0	0	0	0	0	0	0	0	0	0	0	0	0	0	0	0	
POCUSC_Xyleborus_sp	0	0	0	1	0	0	0	0	0	0	0	0	0	0	0	0	0	0	0	0	0	0	0	0	0	0	0	
N57	0.184317	0.192769	0.186178	0.160797	0.12123	0.0786398	0.0435478	0.0205047	0.0081946	0.00277838	0.000799536	0.000195503	4.06873e-05	7.22207e-06	1.09604e-06	1.42607e-07	1.59546e-08	1.53964e-09	1.2857e-10	9.32163e-12	5.88755e-13	3.25075e-14	1.57533e-15	6.74497e-17	2.60408e-18	9.95226e-20	6.2949e-21	
POCUSC_Dryocoetes_affaber	0	0	1	0	0	0	0	0	0	0	0	0	0	0	0	0	0	0	0	0	0	0	0	0	0	0	0	
POCUSC_Dryocoetes_autographus	0	0	0	0	0	0	0	0	1	0	0	0	0	0	0	0	0	0	0	0	0	0	0	0	0	0	0	
N58	0.299567	0.276277	0.209567	0.12687	0.0595456	0.021208	0.00565706	0.00112284	0.000165591	1.81824e-05	1.49344e-06	9.23557e-08	4.33348e-09	1.55607e-10	4.31491e-12	9.32607e-14	1.58584e-15	2.14118e-17	2.31628e-19	2.02515e-21	1.44309e-23	8.44855e-26	4.09491e-28	1.65515e-30	5.61906e-33	1.62699e-35	5.87136e-38	
N59	0.283913	0.267037	0.21038	0.134577	0.0678513	0.0263748	0.00779537	0.00173933	0.000292329	3.70637e-05	3.55945e-06	2.60468e-07	1.4628e-08	6.35566e-10	2.1546e-11	5.749e-13	1.21796e-14	2.06653e-16	2.83194e-18	3.16013e-20	2.89412e-22	2.19171e-24	1.38237e-26	7.31219e-29	3.26978e-31	1.2703e-33	6.46236e-36	
N60	0.22286	0.230413	0.21162	0.16256	0.100111	0.0481904	0.0178736	0.0050696	0.00109638	0.000180834	2.28071e-05	2.20912e-06	1.65258e-07	9.60996e-09	4.37498e-10	1.57094e-11	4.48317e-13	1.02466e-14	1.88995e-16	2.83422e-18	3.48088e-20	3.52593e-22	2.96573e-24	2.08498e-26	1.2335e-28	6.27053e-31	4.23782e-33	
N61	0.215828	0.216652	0.195783	0.155987	0.107051	0.0619995	0.0298316	0.0117978	0.00381014	0.00100163	0.000214184	3.72945e-05	5.30026e-06	6.168e-07	5.8999e-08	4.65827e-09	3.0494e-10	1.66265e-11	7.58564e-13	2.90937e-14	9.42383e-16	2.58998e-17	6.06938e-19	1.22022e-20	2.13091e-22	3.42959e-24	8.85045e-26	
N62	0.215293	0.214497	0.192124	0.15286	0.106479	0.0640639	0.0329276	0.0143405	0.00526293	0.00162233	0.000419443	9.09566e-05	1.65622e-05	2.53742e-06	3.27948e-07	3.58683e-08	3.33128e-09	2.63697e-10	1.7859e-11	1.03888e-12	5.21128e-14	2.26336e-15	8.54939e-17	2.827e-18	8.31951e-20	2.33995e-21	1.05768e-22	
N63	0.23329	0.227812	0.196692	0.148864	0.0975799	0.0547271	0.0259876	0.0103649	0.00345296	0.000957698	0.000220837	4.2343e-05	6.75973e-06	9.00503e-07	1.00395e-07	9.39918e-09	7.41731e-10	4.9535e-11	2.81112e-12	1.36135e-13	5.64955e-15	2.01759e-16	6.22678e-18	1.66872e-19	3.92162e-21	8.55714e-23	3.02416e-24	
POCUSC_Polygraphus_grandiclava	0	0	0	0	1	0	0	0	0	0	0	0	0	0	0	0	0	0	0	0	0	0	0	0	0	0	0	
N64	0.242065	0.234209	0.198683	0.146617	0.0930546	0.0502176	0.0228227	0.00867393	0.00274462	0.000721514	0.000157545	2.86091e-05	4.33086e-06	5.48276e-07	5.82662e-08	5.21956e-09	3.95879e-10	2.55374e-11	1.40756e-12	6.6593e-14	2.71657e-15	9.59783e-17	2.94965e-18	7.92094e-20	1.87354e-21	4.1148e-23	1.49734e-24	
POCUSC_Polygraphus_poligraphus_M	0	0	0	1	0	0	0	0	0	0	0	0	0	0	0	0	0	0	0	0	0	0	0	0	0	0	0	
POCUEN_Tanymecus_sp	0	0	1	0	0	0	0	0	0	0	0	0	0	0	0	0	0	0	0	0	0	0	0	0	0	0	0	
POCUCU_Anthonomus_sp	0	0	0	0	0	0	1	0	0	0	0	0	0	0	0	0	0	0	0	0	0	0	0	0	0	0	0	
N65	0.18373	0.189605	0.181072	0.157015	0.12111	0.0816228	0.047421	0.023534	0.00992281	0.00354551	0.0010731	0.00027541	6.00646e-05	1.11629e-05	1.77371e-06	2.41812e-07	2.83906e-08	2.8815e-09	2.53782e-10	1.94695e-11	1.30609e-12	7.69421e-14	4.00389e-15	1.86307e-16	8.03035e-18	3.58655e-19	2.45133e-20	
POCUCU_Rhynchaenus_sp	0	0	0	0	0	0	0	1	0	0	0	0	0	0	0	0	0	0	0	0	0	0	0	0	0	0	0	
POCUSC_Crypturgus_pusillus	0	0	0	0	0	0	1	0	0	0	0	0	0	0	0	0	0	0	0	0	0	0	0	0	0	0	0	
N66	0.137463	0.164083	0.188694	0.187684	0.151744	0.0967829	0.0480496	0.0184736	0.00549572	0.00126721	0.000227233	3.18306e-05	3.50166e-06	3.04308e-07	2.10226e-08	1.16202e-09	5.17321e-11	1.86722e-12	5.5e-14	1.33061e-15	2.66062e-17	4.42411e-19	6.15469e-21	7.2101e-23	7.18756e-25	6.37427e-27	8.0094e-29	
N67	0.0955282	0.115765	0.140517	0.157272	0.154962	0.13147	0.0950772	0.0583683	0.0303868	0.0134255	0.0050432	0.00161473	0.000441954	0.000103733	2.09494e-05	3.65271e-06	5.51759e-07	7.24567e-08	8.30085e-09	8.32626e-10	7.34139e-11	5.71783e-12	3.96273e-13	2.4774e-14	1.44076e-15	8.51241e-17	7.79452e-18	
POCUSC_Trypodendron_lineatum	0	0	0	0	0	0	0	0	0	0	0	0	0	0	1	0	0	0	0	0	0	0	0	0	0	0	0	
N68	0.362492	0.319814	0.204636	0.0859751	0.0227879	0.00383879	0.000423074	3.15837e-05	1.65192e-06	6.2404e-08	1.74871e-09	3.72018e-11	6.1303e-13	7.96283e-15	8.27882e-17	6.98286e-19	4.83544e-21	2.77832e-23	1.33721e-25	5.4375e-28	1.88261e-30	5.59015e-33	1.43398e-35	3.20766e-38	6.37984e-41	1.19564e-43	2.76869e-46	
N69	0.361911	0.328148	0.208333	0.0807171	0.0182434	0.00243698	0.00019945	1.04228e-05	3.61822e-07	8.64619e-09	1.46739e-10	1.81747e-12	1.68221e-14	1.18783e-16	6.51588e-19	2.8215e-21	9.78231e-24	2.75013e-26	6.34079e-29	1.21131e-31	1.93511e-34	2.60707e-37	2.98492e-40	2.92484e-43	2.46881e-46	1.80964e-49	1.49056e-52	
POCUSC_Cryphalus_abietis	0	1	0	0	0	0	0	0	0	0	0	0	0	0	0	0	0	0	0	0	0	0	0	0	0	0	0	
POCUCO_Telephae_sp	0	0	1	0	0	0	0	0	0	0	0	0	0	0	0	0	0	0	0	0	0	0	0	0	0	0	0	
N70	0.286645	0.373597	0.25897	0.071374	0.00883173	0.000561426	2.02965e-05	4.50164e-07	6.49375e-09	6.38145e-11	4.43619e-13	2.25083e-15	8.55746e-18	2.49327e-20	5.6757e-23	1.02663e-25	1.49749e-28	1.78464e-31	1.75798e-34	1.44635e-37	1.0032e-40	5.91603e-44	2.98908e-47	1.30302e-50	4.93235e-54	1.63296e-57	5.82692e-61	
POCUSC_Phloeotribus_sp	0	1	0	0	0	0	0	0	0	0	0	0	0	0	0	0	0	0	0	0	0	0	0	0	0	0	0	
POCUMO_Lepyrus_sp	0	0	1	0	0	0	0	0	0	0	0	0	0	0	0	0	0	0	0	0	0	0	0	0	0	0	0	
N71	0.105081	0.136265	0.173031	0.189155	0.168375	0.119243	0.06649	0.0290633	0.00995042	0.00267266	0.0005651	9.4501e-05	1.25703e-05	1.33852e-06	1.14876e-07	8.00245e-09	4.55727e-10	2.13679e-11	8.30654e-13	2.69545e-14	7.34934e-16	1.69455e-17	3.32578e-19	5.60208e-21	8.24015e-23	1.1288e-24	2.25586e-26	
POCUSC_Hylurgops_sp	0	1	0	0	0	0	0	0	0	0	0	0	0	0	0	0	0	0	0	0	0	0	0	0	0	0	0	
N72	0.0147991	0.0294959	0.0639181	0.119714	0.179291	0.207206	0.181211	0.118618	0.0578068	0.0209473	0.00565506	0.00114249	0.000173853	2.00855e-05	1.77769e-06	1.21697e-07	6.50828e-09	2.74629e-10	9.23396e-12	2.49768e-13	5.48529e-15	9.86906e-17	1.46818e-18	1.8271e-20	1.94493e-22	1.89293e-24	2.48516e-26	
POCUSC_Hylastes_sp	0	0	0	0	0	0	0	0	1	0	0	0	0	0	0	0	0	0	0	0	0	0	0	0	0	0	0	
N73	0.00969512	0.0204583	0.0488542	0.101847	0.168612	0.212389	0.198996	0.136958	0.0687981	0.0251666	0.00670938	0.00130781	0.000187343	1.98538e-05	1.5687e-06	9.32085e-08	4.20293e-09	1.45183e-10	3.87861e-12	8.0897e-14	1.32958e-15	1.73761e-17	1.82166e-19	1.5455e-21	1.07173e-23	6.25082e-26	4.87905e-28	
N74	0.0153216	0.027367	0.0572409	0.109636	0.171031	0.206366	0.188013	0.127846	0.0645669	0.0242036	0.00675074	0.00140756	0.000220804	2.62588e-05	2.38748e-06	1.67448e-07	9.14298e-09	3.92256e-10	1.33442e-11	3.6319e-13	7.97723e-15	1.42584e-16	2.09071e-18	2.53577e-20	2.57503e-22	2.29168e-24	2.8223e-26	
N75	0.000819837	0.0021647	0.00685641	0.0198679	0.0484786	0.096179	0.15236	0.190773	0.187738	0.144792	0.0874441	0.0413819	0.0153767	0.00450101	0.00104255	0.000192159	2.83696e-05	3.37948e-06	3.27365e-07	2.59944e-08	1.7056e-09	9.32082e-11	4.27513e-12	1.65875e-13	5.51314e-15	1.6761e-16	8.47395e-18	
POCUSC_Dendroctonus_jeffreyi	0	0	0	0	0	1	0	0	0	0	0	0	0	0	0	0	0	0	0	0	0	0	0	0	0	0	0	
POCUSC_Dendroctonus_ponderosae	0	0	0	0	0	0	0	0	0	0	0	0	0	1	0	0	0	0	0	0	0	0	0	0	0	0	0	
N76	0.0268518	0.0444253	0.0819072	0.136428	0.186009	0.198187	0.161183	0.0988583	0.0454805	0.0156813	0.00406187	0.000794239	0.000118011	1.3429e-05	1.18054e-06	8.09089e-08	4.36365e-09	1.86936e-10	6.41971e-12	1.78316e-13	4.04067e-15	7.53148e-17	1.16386e-18	1.50295e-20	1.63972e-22	1.57789e-24	2.15626e-26	
POCUSC_Dendroctonus_frontalis	0	0	0	1	0	0	0	0	0	0	0	0	0	0	0	0	0	0	0	0	0	0	0	0	0	0	0	
N77	0.031512	0.0483918	0.0841547	0.136541	0.184273	0.195329	0.15825	0.0967846	0.0444801	0.0153618	0.00399918	0.000788871	0.000118699	1.37294e-05	1.23098e-06	8.63104e-08	4.77482e-09	2.10283e-10	7.43718e-12	2.13048e-13	4.98409e-15	9.59778e-17	1.53297e-18	2.04637e-20	2.30754e-22	2.29385e-24	3.24969e-26	
POCUSC_Dendroctonus_adjunctus	0	0	0	0	0	0	0	1	0	0	0	0	0	0	0	0	0	0	0	0	0	0	0	0	0	0	0	
N78	0.0386928	0.0577865	0.0955146	0.145895	0.185741	0.187193	0.145669	0.0865477	0.039116	0.0134605	0.00354066	0.000716173	0.000112218	1.37342e-05	1.32452e-06	1.01565e-07	6.24881e-09	3.11231e-10	1.26581e-11	4.23919e-13	1.17841e-14	2.73978e-16	5.36633e-18	8.91761e-20	1.26915e-21	1.61743e-23	3.1159e-25	
POCUSC_Dendroctonus_approximatus	0	0	0	1	0	0	0	0	0	0	0	0	0	0	0	0	0	0	0	0	0	0	0	0	0	0	0	
POCUSC_Dendroctonus_brevicomis	0	0	0	0	0	0	1	0	0	0	0	0	0	0	0	0	0	0	0	0	0	0	0	0	0	0	0	
N79	0.000128536	0.000511139	0.00253054	0.0106913	0.0352414	0.0876713	0.161588	0.218092	0.214019	0.152156	0.0783217	0.0292465	0.00795553	0.00158589	0.000233418	2.55851e-05	2.10819e-06	1.31883e-07	6.32725e-09	2.35179e-10	6.84068e-12	1.57245e-13	2.88384e-15	4.25935e-17	5.12122e-19	5.19676e-21	7.33452e-23	
N80	9.05425e-05	0.000281225	0.0012213	0.0049931	0.0168917	0.045421	0.0955964	0.156295	0.197703	0.193163	0.145824	0.0852377	0.0387155	0.0137301	0.00382388	0.00084177	0.000147498	2.07239e-05	2.3524e-06	2.17368e-07	1.64738e-08	1.03172e-09	5.38079e-11	2.35983e-12	8.89633e-14	3.16067e-15	1.77509e-16	
POCUSC_Dendroctonus_simplex	0	0	0	0	0	0	0	0	0	0	0	0	0	1	0	0	0	0	0	0	0	0	0	0	0	0	0	
POCUSC_Dendroctonus_pseudotsugae	0	0	0	0	0	0	0	0	0	1	0	0	0	0	0	0	0	0	0	0	0	0	0	0	0	0	0	
N81	3.52964e-05	0.000147851	0.00088526	0.00469327	0.0192121	0.0582037	0.128163	0.203106	0.230343	0.186453	0.107713	0.0445066	0.0132083	0.00283209	0.000441959	5.06225e-05	4.2956e-06	2.72708e-07	1.30853e-08	4.79466e-10	1.35542e-11	2.98621e-13	5.17815e-15	7.1351e-17	7.89243e-19	7.22179e-21	8.95642e-23	
N82	5.65389e-05	0.000212462	0.00107935	0.00492275	0.0179989	0.0508269	0.109044	0.176182	0.213364	0.193323	0.131132	0.0667678	0.0256349	0.00746684	0.00166205	0.000285048	3.80018e-05	3.9749e-06	3.29292e-07	2.1811e-08	1.16588e-09	5.07528e-11	1.81541e-12	5.38702e-14	1.34753e-15	3.03922e-17	1.0547e-18	
POCUSC_Dendroctonus_punctatus	0	0	0	0	0	0	0	0	0	0	0	0	0	1	0	0	0	0	0	0	0	0	0	0	0	0	0	
N83	6.17887e-08	3.14314e-06	0.000146944	0.00427948	0.064041	0.369929	0.441909	0.108922	0.0102703	0.000485218	1.33072e-05	2.32299e-07	2.7492e-09	2.3095e-11	1.42628e-13	6.65747e-16	2.40228e-18	6.82829e-21	1.55346e-23	2.86791e-26	4.34841e-29	5.47297e-32	5.77328e-35	5.15255e-38	3.94409e-41	2.70839e-44	2.20618e-47	
POCUSC_Dendroctonus_rufipennis	0	0	0	0	0	1	0	0	0	0	0	0	0	0	0	0	0	0	0	0	0	0	0	0	0	0	0	
POCUSC_Dendroctonus_murrayanae	0	0	0	0	0	0	1	0	0	0	0	0	0	0	0	0	0	0	0	0	0	0	0	0	0	0	0	
N84	4.83229e-05	0.000179242	0.000927831	0.0043711	0.0165023	0.047951	0.105464	0.174027	0.214374	0.196722	0.134547	0.0687804	0.0264098	0.00766756	0.00169671	0.000288733	3.81473e-05	3.95172e-06	3.2417e-07	2.12657e-08	1.12631e-09	4.86096e-11	1.72491e-12	5.08052e-14	1.2625e-15	2.84598e-17	9.91746e-19	
POCUSC_Dendroctonus_valens	0	0	0	0	0	0	0	0	0	0	0	1	0	0	0	0	0	0	0	0	0	0	0	0	0	0	0	
POCUSC_Dendroctonus_terebrans	0	0	0	0	0	0	0	0	1	0	0	0	0	0	0	0	0	0	0	0	0	0	0	0	0	0	0	
N85	0.232928	0.229608	0.200256	0.15161	0.0976631	0.0526415	0.0234457	0.00855286	0.00254089	0.000612738	0.00011979	1.8991e-05	2.4453e-06	2.5637e-07	2.19572e-08	1.54216e-09	8.92031e-11	4.26873e-12	1.69801e-13	5.64164e-15	1.57327e-16	3.70036e-18	7.37586e-20	1.25197e-21	1.82055e-23	2.3431e-25	4.56872e-27	
N86	0.171772	0.183531	0.18406	0.166072	0.129884	0.085745	0.0469769	0.0211454	0.00777728	0.00233164	0.000569578	0.000113493	1.84855e-05	2.46836e-06	2.71154e-07	2.46015e-08	1.85134e-09	1.16072e-10	6.0907e-12	2.6874e-13	1.00172e-14	3.16903e-16	8.54867e-18	1.97646e-19	3.95428e-21	7.21902e-23	2.06278e-24	
N87	0.0526126	0.0721808	0.104096	0.138951	0.161586	0.159344	0.131543	0.0903282	0.0514401	0.0242725	0.0094953	0.00308468	0.000834297	0.000188469	3.56945e-05	5.69126e-06	7.67337e-07	8.78896e-08	8.59219e-09	7.20337e-10	5.20316e-11	3.25316e-12	1.76866e-13	8.40515e-15	3.53343e-16	1.41876e-17	1.00467e-18	
POCUMO_Magdalis_sp	0	0	0	0	1	0	0	0	0	0	0	0	0	0	0	0	0	0	0	0	0	0	0	0	0	0	0	
POCUCU_Dorytomus_sp	0	0	0	0	0	0	0	0	0	1	0	0	0	0	0	0	0	0	0	0	0	0	0	0	0	0	0	
N88	0.133956	0.150172	0.163828	0.164789	0.146096	0.110633	0.0701461	0.0367984	0.0158694	0.00561017	0.00162526	0.000386352	7.55529e-05	1.21949e-05	1.63106e-06	1.81548e-07	1.68938e-08	1.32046e-09	8.7109e-11	4.87331e-12	2.32314e-13	9.48121e-15	3.32848e-16	1.01068e-17	2.68542e-19	6.64716e-21	2.67577e-22	
POCUCU_Curculio_dentipes	0	0	0	0	0	1	0	0	0	0	0	0	0	0	0	0	0	0	0	0	0	0	0	0	0	0	0	
N89	0.0819408	0.102737	0.132703	0.159437	0.166503	0.145645	0.104721	0.0613283	0.0291385	0.0112227	0.00350815	0.000892411	0.000185422	3.1608e-05	4.44255e-06	5.17577e-07	5.02595e-08	4.09067e-09	2.80629e-10	1.63168e-11	8.08445e-13	3.43137e-14	1.25404e-15	3.96718e-17	1.09634e-18	2.80256e-20	1.1969e-21	
POCUCU_Curculio_nucum_M	0	0	0	0	0	0	1	0	0	0	0	0	0	0	0	0	0	0	0	0	0	0	0	0	0	0	0	
N90	0.000261875	0.00244502	0.0203715	0.100464	0.256464	0.325772	0.211327	0.070029	0.0117118	0.00109014	6.20903e-05	2.32661e-06	6.05516e-08	1.14075e-09	1.60689e-11	1.73704e-13	1.47211e-15	9.95737e-18	5.45791e-20	2.4563e-22	9.18082e-25	2.8788e-27	7.64167e-30	1.73173e-32	3.38631e-35	5.92375e-38	1.30357e-40	
N91	6.40078e-07	0.000105464	0.0109183	0.351264	0.586632	0.0498492	0.00121877	1.22117e-05	5.93009e-08	1.55699e-10	2.40141e-13	2.32405e-16	1.4884e-19	6.58734e-23	2.08783e-26	4.88147e-30	8.63178e-34	1.17906e-37	1.26691e-41	1.0878e-45	7.56657e-50	4.31539e-54	2.03955e-58	8.06403e-63	2.68999e-67	7.63548e-72	2.10645e-76	
POCUEN_Scepticus_griseus	0	0	0	1	0	0	0	0	0	0	0	0	0	0	0	0	0	0	0	0	0	0	0	0	0	0	0	
POCUEN_Scepticus_insularis	0	0	0	0	1	0	0	0	0	0	0	0	0	0	0	0	0	0	0	0	0	0	0	0	0	0	0	
POCUCU_Curculio_distinguendus	0	0	0	0	0	0	0	1	0	0	0	0	0	0	0	0	0	0	0	0	0	0	0	0	0	0	0	
N92	0.233616	0.227933	0.196551	0.148606	0.0973885	0.0546773	0.0260347	0.0104327	0.00349995	0.00098004	0.000228801	4.45542e-05	7.2482e-06	9.87589e-07	1.13059e-07	1.09146e-08	8.92084e-10	6.19889e-11	3.67785e-12	1.87121e-13	8.19935e-15	3.10781e-16	1.02369e-17	2.94951e-19	7.55879e-21	1.8592e-22	7.2808e-24	
N93	0.195892	0.207061	0.200217	0.167794	0.117141	0.0665018	0.0302998	0.0110117	0.00318695	0.000735561	0.000135854	2.0175e-05	2.42268e-06	2.36701e-07	1.8938e-08	1.24895e-09	6.83408e-11	3.12271e-12	1.19901e-13	3.8922e-15	1.07444e-16	2.53638e-18	5.14813e-20	9.0354e-22	1.38543e-23	1.9648e-25	4.32251e-27	
POCUMO_Pissodes_schwarzi_M	0	0	0	0	0	0	1	0	0	0	0	0	0	0	0	0	0	0	0	0	0	0	0	0	0	0	0	
N94	0.223556	0.228199	0.208291	0.161634	0.101802	0.0503386	0.0191571	0.00555831	0.00122676	0.000206461	2.66379e-05	2.6536e-06	2.05757e-07	1.25252e-08	6.03853e-10	2.32579e-11	7.21784e-13	1.81984e-14	3.75754e-16	6.40213e-18	9.06669e-20	1.07467e-21	1.07313e-23	9.08467e-26	6.56536e-28	4.15733e-30	3.65672e-32	
N95	0.232198	0.235901	0.212103	0.159554	0.0956221	0.0441729	0.0154483	0.00406233	0.000803796	0.000120324	1.37394e-05	1.20847e-06	8.27411e-08	4.4572e-09	1.9092e-10	6.56966e-12	1.83399e-13	4.19244e-15	7.91732e-17	1.24546e-18	1.64478e-20	1.83688e-22	1.7467e-24	1.42337e-26	1.00061e-28	6.20671e-31	5.39193e-33	
POCUBA_Limnobaris_sp	0	0	0	1	0	0	0	0	0	0	0	0	0	0	0	0	0	0	0	0	0	0	0	0	0	0	0	
POCUMO_Pissodes_strobi	0	0	1	0	0	0	0	0	0	0	0	0	0	0	0	0	0	0	0	0	0	0	0	0	0	0	0	
POCUMO_Pissodes_nemorensis	0	0	0	1	0	0	0	0	0	0	0	0	0	0	0	0	0	0	0	0	0	0	0	0	0	0	0	
N96	2.62063e-07	3.3765e-05	0.00267805	0.0929251	0.834876	0.0680357	0.00143797	1.33357e-05	6.80016e-08	2.16228e-10	4.64589e-13	7.13131e-16	8.14614e-19	7.14457e-22	4.93103e-25	2.73202e-28	1.23522e-31	4.62064e-35	1.4469e-38	3.83119e-42	8.6537e-46	1.68053e-49	2.82699e-53	4.15707e-57	5.44289e-61	6.71354e-65	9.45965e-69	
POCUMO_Hylobius_piceus	0	0	0	0	1	0	0	0	0	0	0	0	0	0	0	0	0	0	0	0	0	0	0	0	0	0	0	
POCUMO_Hylobius_abietis	0	0	0	0	1	0	0	0	0	0	0	0	0	0	0	0	0	0	0	0	0	0	0	0	0	0	0	
N97	0.203716	0.214025	0.20398	0.166809	0.112438	0.0609652	0.0262259	0.00888689	0.00236534	0.000494535	8.13957e-05	1.05852e-05	1.09282e-06	9.00621e-08	5.96048e-09	3.18795e-10	1.38692e-11	4.94018e-13	1.45015e-14	3.53059e-16	7.17416e-18	1.22414e-19	1.76437e-21	2.16061e-23	2.26474e-25	2.1034e-27	2.83939e-29	
N98	0.187829	0.196549	0.190482	0.164793	0.12267	0.0762488	0.0387277	0.0158458	0.00517865	0.00134615	0.000277999	4.56592e-05	5.97998e-06	6.26891e-07	5.28421e-08	3.59975e-09	1.99262e-10	9.01329e-12	3.35072e-13	1.02963e-14	2.63024e-16	5.61707e-18	1.00835e-19	1.52984e-21	1.97396e-23	2.23154e-25	3.725e-27	
N99	0.142306	0.158894	0.171534	0.16902	0.144878	0.104508	0.0621335	0.0300719	0.0117682	0.00371242	0.000943659	0.000193553	3.21227e-05	4.32984e-06	4.76108e-07	4.29188e-08	3.18836e-09	1.96254e-10	1.00643e-11	4.3237e-13	1.56458e-14	4.79443e-16	1.25075e-17	2.79355e-19	5.39447e-21	9.47903e-23	2.59625e-24	
N100	0.0976899	0.12087	0.150596	0.170887	0.166084	0.133576	0.0871721	0.0456427	0.0190581	0.00633022	0.00167267	0.000352278	5.93302e-05	8.02508e-06	8.76168e-07	7.76399e-08	5.6166e-09	3.33703e-10	1.63824e-11	6.68569e-13	2.28169e-14	6.54994e-16	1.59056e-17	3.28579e-19	5.81752e-21	9.18805e-23	2.25016e-24	
N101	0.0887581	0.112771	0.144809	0.168539	0.167727	0.138607	0.0936457	0.0513027	0.0227061	0.00811452	0.00234555	0.000550232	0.000105226	1.6492e-05	2.13071e-06	2.28305e-07	2.04149e-08	1.5329e-09	9.72455e-11	5.2433e-12	2.41671e-13	9.57503e-15	3.27844e-16	9.75284e-18	2.54223e-19	6.12593e-21	2.47035e-22	
POCUEN_Hypomeces_squamosus	0	0	0	0	0	0	0	1	0	0	0	0	0	0	0	0	0	0	0	0	0	0	0	0	0	0	0	
POCUEN_Sympiezomias_cribricollis	0	0	1	0	0	0	0	0	0	0	0	0	0	0	0	0	0	0	0	0	0	0	0	0	0	0	0	
N102	0.0347746	0.0547597	0.0935545	0.143816	0.183042	0.185838	0.147776	0.0911821	0.0434765	0.0160091	0.00456138	0.00100962	0.000174543	2.37219e-05	2.55287e-06	2.19208e-07	1.51369e-08	8.47205e-10	3.87339e-11	1.45761e-12	4.54813e-14	1.18504e-15	2.59597e-17	4.8139e-19	7.63095e-21	1.08226e-22	2.32097e-24	
N103	7.14921e-19	3.20139e-15	9.87805e-12	1.89457e-08	1.986e-05	0.0089815	0.984524	0.00646416	1.02285e-05	6.90113e-09	2.49947e-12	5.49324e-16	7.8936e-20	7.78995e-24	5.46163e-28	2.78624e-32	1.05184e-36	2.97254e-41	6.33422e-46	1.02126e-50	1.24565e-55	1.14499e-60	7.86898e-66	3.99425e-71	1.47654e-76	4.0068e-82	9.36702e-88	
POCUEN_Hypera_nigrirostris	0	0	0	0	0	0	1	0	0	0	0	0	0	0	0	0	0	0	0	0	0	0	0	0	0	0	0	
POCUEN_Hypera_postica	0	0	0	0	0	0	1	0	0	0	0	0	0	0	0	0	0	0	0	0	0	0	0	0	0	0	0	
N104	0.0130721	0.0250941	0.0551745	0.108021	0.170238	0.20689	0.189938	0.130401	0.0666854	0.025409	0.00723889	0.00155115	0.000251927	3.12889e-05	3.00039e-06	2.24371e-07	1.32164e-08	6.19324e-10	2.33109e-11	7.11306e-13	1.77521e-14	3.65413e-16	6.25336e-18	8.96489e-20	1.08613e-21	1.15073e-23	1.77336e-25	
POCUEN_Eudiagogus_sp	0	0	0	0	0	0	1	0	0	0	0	0	0	0	0	0	0	0	0	0	0	0	0	0	0	0	0	
N105	0.00212469	0.00574989	0.0190548	0.0545599	0.120481	0.196187	0.230211	0.192253	0.113713	0.0477133	0.0143023	0.00309666	0.000490908	5.78354e-05	5.14164e-06	3.50141e-07	1.85294e-08	7.72416e-10	2.56869e-11	6.89521e-13	1.51037e-14	2.72696e-16	4.09602e-18	5.16256e-20	5.50783e-22	5.11608e-24	6.84176e-26	
POCUEN_Barypeithes_sp	0	0	0	0	0	0	0	0	1	0	0	0	0	0	0	0	0	0	0	0	0	0	0	0	0	0	0	
POCUEN_Polydrusus_mollis_M	0	0	0	0	0	0	1	0	0	0	0	0	0	0	0	0	0	0	0	0	0	0	0	0	0	0	0	
N106	0.0224837	0.0403081	0.0796779	0.136782	0.187292	0.198925	0.162173	0.101006	0.047968	0.0173707	0.00480532	0.00101894	0.000166414	2.10591e-05	2.07916e-06	1.61362e-07	9.92219e-09	4.87325e-10	1.9273e-11	6.18679e-13	1.62458e-14	3.51594e-16	6.31719e-18	9.49404e-20	1.20837e-21	1.38517e-23	2.46663e-25	
POCUEN_Phyllobius_pyri	0	0	0	0	0	0	0	1	0	0	0	0	0	0	0	0	0	0	0	0	0	0	0	0	0	0	0	
N107	0.0214838	0.0392974	0.0788237	0.136475	0.18787	0.200127	0.163257	0.101504	0.0479999	0.0172621	0.00472871	0.000989855	0.00015907	1.97388e-05	1.90425e-06	1.43894e-07	8.58451e-09	4.07642e-10	1.55341e-11	4.78905e-13	1.20392e-14	2.48684e-16	4.25216e-18	6.06369e-20	7.29421e-22	7.82738e-24	1.34929e-25	
POCUEN_Liophloeus_tessulatus	0	0	0	0	0	0	0	0	0	0	1	0	0	0	0	0	0	0	0	0	0	0	0	0	0	0	0	
POCUEN_Phyllobius_argentatus	0	1	0	0	0	0	0	0	0	0	0	0	0	0	0	0	0	0	0	0	0	0	0	0	0	0	0	
N108	0.172524	0.181911	0.179794	0.161635	0.128196	0.0874642	0.0503916	0.0242138	0.00963045	0.00315773	0.000852411	0.000189533	3.47759e-05	5.27996e-06	6.65625e-07	6.99451e-08	6.15209e-09	4.54896e-10	2.84022e-11	1.50411e-12	6.78627e-14	2.62014e-15	8.69599e-17	2.49454e-18	6.26406e-20	1.47313e-21	5.55616e-23	
N109	0.154566	0.166639	0.170689	0.160272	0.133907	0.0975009	0.0610335	0.0325646	0.0147325	0.00563561	0.00182089	0.000497069	0.000114787	2.24696e-05	3.73812e-06	5.30127e-07	6.43019e-08	6.69455e-09	6.00439e-10	4.65686e-11	3.13498e-12	1.83885e-13	9.43535e-15	4.25759e-16	1.71339e-17	6.65379e-19	4.46516e-20	
POCUEN_Sitona_lineatus	0	0	0	0	0	0	0	1	0	0	0	0	0	0	0	0	0	0	0	0	0	0	0	0	0	0	0	
N110	0.166958	0.207452	0.23128	0.198103	0.122331	0.053313	0.0163648	0.00356749	0.000560074	6.43896e-05	5.5169e-06	3.58403e-07	1.79447e-08	7.03005e-10	2.18508e-11	5.45703e-13	1.10771e-14	1.84681e-16	2.55325e-18	2.95278e-20	2.87941e-22	2.3851e-24	1.68976e-26	1.0311e-28	5.48052e-31	2.65767e-33	1.78263e-35	
POCUCL_Cleonus_sp	0	0	0	0	0	1	0	0	0	0	0	0	0	0	0	0	0	0	0	0	0	0	0	0	0	0	0	
N111	0.224883	0.253336	0.243149	0.169328	0.0792103	0.0243777	0.00496623	0.000681471	6.43598e-05	4.27855e-06	2.04658e-07	7.1915e-09	1.89246e-10	3.79597e-12	5.89821e-14	7.20443e-16	7.01085e-18	5.50204e-20	3.52113e-22	1.85631e-24	8.13703e-27	2.99108e-29	9.29272e-32	2.45784e-34	5.57177e-37	1.09458e-39	2.61778e-42	
POCUMO_Larinus_sp	0	0	1	0	0	0	0	0	0	0	0	0	0	0	0	0	0	0	0	0	0	0	0	0	0	0	0	
POCUMO_Lixus_sp	0	1	0	0	0	0	0	0	0	0	0	0	0	0	0	0	0	0	0	0	0	0	0	0	0	0	0	
N112	0.0433882	0.0642831	0.0985429	0.135617	0.160445	0.16098	0.136147	0.0967019	0.0575477	0.0286573	0.0119379	0.00416261	0.00121663	0.000298699	6.17705e-05	1.07951e-05	1.60018e-06	2.01998e-07	2.18069e-08	2.02205e-09	1.61753e-10	1.12122e-11	6.76483e-13	3.57224e-14	1.6742e-15	7.57755e-17	6.07135e-18	
POCUEN_Bothrometopus_sp	0	0	0	0	0	0	0	0	0	0	0	1	0	0	0	0	0	0	0	0	0	0	0	0	0	0	0	
POCUEN_Foucartia_squamulata	0	0	1	0	0	0	0	0	0	0	0	0	0	0	0	0	0	0	0	0	0	0	0	0	0	0	0	
N113	0.0567696	0.0772322	0.111893	0.150556	0.173665	0.165077	0.126899	0.0781888	0.0384592	0.0150828	0.0047185	0.00117958	0.000236273	3.80496e-05	4.94619e-06	5.21314e-07	4.4762e-08	3.14682e-09	1.82067e-10	8.71498e-12	3.4696e-13	1.15498e-14	3.23194e-16	7.64416e-18	1.5401e-19	2.75975e-21	7.76755e-23	
N114	0.023227	0.0375149	0.0674926	0.112317	0.158943	0.183884	0.170402	0.125088	0.0723269	0.0328691	0.0117439	0.00330608	0.000735934	0.000130139	1.83815e-05	2.08627e-06	1.9149e-07	1.43077e-08	8.76066e-10	4.42527e-11	1.85625e-12	6.50808e-14	1.92002e-15	4.80669e-17	1.03928e-18	2.08059e-20	6.27613e-22	
N115	0.0136252	0.0267017	0.056467	0.104644	0.159428	0.193784	0.184498	0.135974	0.0770073	0.033379	0.0110567	0.00280019	0.000543323	8.10399e-05	9.33331e-06	8.3439e-07	5.82498e-08	3.19615e-09	1.38783e-10	4.80268e-12	1.33405e-13	2.99576e-15	5.47735e-17	8.21208e-19	1.0186e-20	1.08343e-22	1.63475e-24	
N116	7.61746e-05	0.000299933	0.00138666	0.00560022	0.01849	0.0486862	0.100801	0.162438	0.202144	0.193107	0.141023	0.0785409	0.0333385	0.0107977	0.00267593	0.000509672	7.50404e-05	8.60021e-06	7.73279e-07	5.50098e-08	3.1234e-09	1.42809e-10	5.30478e-12	1.61546e-13	4.08494e-15	9.07383e-17	3.11895e-18	
N117	2.26616e-07	1.5461e-06	1.39156e-05	0.000111076	0.000721235	0.00368784	0.0145802	0.0439911	0.100228	0.17092	0.216595	0.202851	0.139899	0.0709345	0.0264537	0.00727507	0.00148265	0.000225543	2.58482e-05	2.25605e-06	1.51742e-07	7.96128e-09	3.29804e-10	1.09192e-11	2.93408e-13	6.78782e-15	2.39486e-16	
N118	5.6443e-21	5.8168e-19	6.80353e-17	6.84044e-15	5.58929e-13	3.60786e-11	1.80299e-09	6.84346e-08	1.93208e-06	3.95985e-05	0.000572073	0.00561533	0.0357182	0.138286	0.299501	0.324896	0.157325	0.0340832	0.00372342	0.000230084	8.78601e-06	2.21565e-07	3.88166e-09	4.91549e-11	4.6493e-13	3.43884e-15	3.18456e-17	
POCUDR_Sitophilus_granarius	0	0	0	0	0	0	0	0	0	0	0	0	0	0	0	1	0	0	0	0	0	0	0	0	0	0	0	
POCUDR_Sitophilus_zeamais	0	0	0	0	0	0	0	0	0	0	0	0	0	0	0	0	1	0	0	0	0	0	0	0	0	0	0	
POCUDR_Sitophilus_oryzae	0	0	0	0	0	0	0	0	0	0	1	0	0	0	0	0	0	0	0	0	0	0	0	0	0	0	0	
POCUMO_Pachylobius_picivorus	0	0	0	0	0	0	0	0	0	1	0	0	0	0	0	0	0	0	0	0	0	0	0	0	0	0	0	
N119	0.0397392	0.0637506	0.10603	0.153905	0.184205	0.177435	0.135639	0.0815772	0.0384123	0.0141344	0.00406659	0.000917103	0.00016278	2.28597e-05	2.55567e-06	2.29012e-07	1.65678e-08	9.74885e-10	4.7008e-11	1.87131e-12	6.19486e-14	1.71749e-15	4.0151e-17	7.96851e-19	1.35526e-20	2.06858e-22	4.86317e-24	
N120	0.0505853	0.1063	0.209525	0.276877	0.219882	0.10257	0.0286623	0.0049878	0.00056438	4.32437e-05	2.32532e-06	9.04887e-08	2.61612e-09	5.74698e-11	9.78057e-13	1.31145e-14	1.40612e-16	1.22136e-18	8.6949e-21	5.12635e-23	2.52671e-25	1.05005e-27	3.7082e-30	1.12108e-32	2.92913e-35	6.84682e-38	2.08346e-40	
N121	0.0194939	0.0803014	0.228353	0.338222	0.241172	0.0796624	0.011942	0.00082513	2.76844e-05	4.88304e-07	4.89212e-09	2.97312e-11	1.15685e-13	3.01245e-16	5.4458e-19	7.04794e-22	6.70286e-25	4.79064e-28	2.62366e-31	1.11994e-34	3.78247e-38	1.02432e-41	2.2509e-45	4.05679e-49	6.05499e-53	7.55672e-57	9.30678e-61	
N122	0.000721144	0.00644224	0.0469659	0.184113	0.349158	0.29438	0.102368	0.014887	0.00093538	2.85416e-05	4.73253e-07	4.66117e-09	2.92096e-11	1.22883e-13	3.62204e-16	7.74434e-19	1.23606e-21	1.5086e-24	1.43704e-27	1.08734e-30	6.63584e-34	3.31035e-37	1.36593e-40	4.71104e-44	1.37094e-47	3.398e-51	8.71884e-55	
POCUCU_Gymnetron_tetrum	0	0	0	0	0	0	0	1	0	0	0	0	0	0	0	0	0	0	0	0	0	0	0	0	0	0	0	
POCUCE_Phytobius_sp	0	0	0	0	0	1	0	0	0	0	0	0	0	0	0	0	0	0	0	0	0	0	0	0	0	0	0	
N123	0.0688503	0.19271	0.336396	0.277464	0.104789	0.0182361	0.00149244	6.01366e-05	1.27911e-06	1.55105e-08	1.14977e-10	5.52492e-13	1.80583e-15	4.17656e-18	7.06238e-21	8.97327e-24	8.76724e-27	6.71855e-30	4.10775e-33	2.03378e-36	8.2613e-40	2.78514e-43	7.87342e-47	1.8836e-50	3.8452e-54	6.75314e-58	1.21589e-61	
POCUEN_Naupactus_xanthographus	0	1	0	0	0	0	0	0	0	0	0	0	0	0	0	0	0	0	0	0	0	0	0	0	0	0	0	
POCUCU_Gymnetron_antirhini	0	1	0	0	0	0	0	0	0	0	0	0	0	0	0	0	0	0	0	0	0	0	0	0	0	0	0	
POCUEN_Sitona_hispidulus	0	0	0	1	0	0	0	0	0	0	0	0	0	0	0	0	0	0	0	0	0	0	0	0	0	0	0	
POCUEN_Dyslobus_sp	0	0	1	0	0	0	0	0	0	0	0	0	0	0	0	0	0	0	0	0	0	0	0	0	0	0	0	
POCUEN_Otiorhynchus_armadillo	0	0	0	0	0	0	0	0	1	0	0	0	0	0	0	0	0	0	0	0	0	0	0	0	0	0	0	
N124	0.0398387	0.0545036	0.0815919	0.118028	0.152058	0.166655	0.151653	0.113155	0.0688137	0.0340288	0.0136822	0.00447919	0.00119673	0.000261738	4.70274e-05	6.96847e-06	8.55127e-07	8.72789e-08	7.44242e-09	5.32658e-10	3.21542e-11	1.64631e-12	7.20347e-14	2.72836e-15	9.18935e-17	2.95366e-18	1.37354e-19	
POCUEN_Chlorophanus_sp	0	0	0	0	0	0	0	0	0	0	0	0	0	1	0	0	0	0	0	0	0	0	0	0	0	0	0	
N125	0.0442431	0.0582012	0.0828926	0.115215	0.145139	0.158555	0.146568	0.113139	0.0724379	0.0383549	0.0167851	0.00607707	0.00182394	0.000455069	9.46956e-05	1.64957e-05	2.41503e-06	2.98391e-07	3.12467e-08	2.78518e-09	2.12233e-10	1.38858e-11	7.83657e-13	3.8391e-14	1.66125e-15	6.93926e-17	4.8959e-18	
POCUEN_Brachyderes_incanus	0	0	0	0	0	1	0	0	0	0	0	0	0	0	0	0	0	0	0	0	0	0	0	0	0	0	0	
N126	0.00435667	0.00932835	0.0239936	0.055974	0.107586	0.164687	0.197565	0.18406	0.132575	0.0737935	0.0318371	0.0107078	0.00282902	0.000592345	9.92196e-05	1.34229e-05	1.48045e-06	1.3433e-07	1.01142e-08	6.37094e-10	3.38307e-11	1.52536e-12	5.87948e-14	1.95103e-15	5.64165e-17	1.51444e-18	6.72963e-20	
POCUEN_Strophosoma_melanogrammum	0	0	0	0	0	0	0	1	0	0	0	0	0	0	0	0	0	0	0	0	0	0	0	0	0	0	0	
POCUEN_Strophosoma_capitatum	0	0	0	0	0	0	0	1	0	0	0	0	0	0	0	0	0	0	0	0	0	0	0	0	0	0	0	
