NODE	18	19	20	21	22	23	24	25	26	27	28	29	30	31	32	33	34	35	36	37	38	39	40	41	42	43	44	45	46	47	48	49	50	51	52	53	54	55	56	57	58	59	60	61	62	
N1	3.73775e-06	7.28512e-06	1.92922e-05	5.45406e-05	0.000150389	0.000392806	0.00096175	0.00219647	0.00466442	0.00918819	0.0167554	0.0282382	0.0439199	0.0629661	0.0831266	0.100973	0.112776	0.115756	0.109147	0.0945139	0.0751463	0.0548532	0.0367592	0.0226164	0.0127768	0.00662904	0.00315949	0.00138378	0.000557154	0.000206331	7.03232e-05	2.20755e-05	6.38886e-06	1.70681e-06	4.21629e-07	9.6534e-08	2.05526e-08	4.08829e-09	7.64972e-10	1.35947e-10	2.32634e-11	3.91224e-12	6.71888e-13	1.51013e-16	8.56722e-17	
N2	9.52829e-07	1.79645e-06	4.73084e-06	1.41721e-05	4.30752e-05	0.00012601	0.000346641	0.000887263	0.00210204	0.00459586	0.00925598	0.0171491	0.0292012	0.0456637	0.0655378	0.08629	0.104189	0.115334	0.11703	0.108841	0.0927759	0.0724847	0.0519129	0.0340879	0.0205272	0.0113396	0.00574874	0.00267577	0.00114409	0.000449642	0.000162549	5.40968e-05	1.65902e-05	4.69392e-06	1.227e-06	2.96862e-07	6.66308e-08	1.39167e-08	2.71598e-09	4.98043e-10	8.64691e-11	1.43719e-11	2.33901e-12	4.05992e-13	1.1161e-13	
N3	1.44681e-06	2.70303e-06	6.94417e-06	2.01543e-05	5.94825e-05	0.000169783	0.000457452	0.00114909	0.00267281	0.00573419	0.011319	0.0205256	0.0341565	0.0521219	0.0728967	0.0934054	0.109621	0.117812	0.115932	0.104451	0.0861614	0.0650754	0.0450053	0.0285042	0.0165359	0.00878854	0.0042804	0.00191101	0.000782349	0.000293809	0.000101262	3.2045e-05	9.3164e-06	2.48999e-06	6.12287e-07	1.38663e-07	2.89607e-08	5.58942e-09	9.99938e-10	1.66681e-10	2.61363e-11	3.93214e-12	5.95616e-13	1.0455e-13	3.22746e-14	
N4	5.04017e-06	8.93743e-06	2.1407e-05	5.76736e-05	0.000157308	0.000413012	0.00102012	0.00234559	0.00499544	0.00982831	0.0178373	0.0298351	0.0459628	0.0651895	0.0850944	0.102205	0.112932	0.114785	0.107311	0.092275	0.0729821	0.0530965	0.0355366	0.0218831	0.0124005	0.00646781	0.0031058	0.00137344	0.000559499	0.000210036	7.26869e-05	2.31986e-05	6.83118e-06	1.85678e-06	4.66089e-07	1.08105e-07	2.31818e-08	4.59906e-09	8.44968e-10	1.44024e-10	2.28712e-11	3.42507e-12	5.03182e-13	8.32406e-14	2.41203e-14	
N5	1.50524e-05	2.56224e-05	5.70206e-05	0.000140575	0.000350186	0.000842694	0.00191678	0.00407677	0.00806258	0.014782	0.0250807	0.0393401	0.0570068	0.0762802	0.094222	0.107411	0.112988	0.109662	0.0981973	0.0811256	0.0618362	0.0434896	0.0282247	0.0169058	0.00934721	0.00477151	0.00224937	0.000979526	0.00039414	0.000146591	5.04127e-05	1.60368e-05	4.72078e-06	1.28653e-06	3.24736e-07	7.59554e-08	1.64714e-08	3.31366e-09	6.18929e-10	1.07491e-10	1.74227e-11	2.66672e-12	4.01574e-13	6.8797e-14	2.08496e-14	
N6	0.000124488	0.000178495	0.00031205	0.00060319	0.00120042	0.00235645	0.00445662	0.00801962	0.0136408	0.0218542	0.0329157	0.0465555	0.0617962	0.0769496	0.0898663	0.0984157	0.101057	0.0972929	0.0878208	0.0743225	0.0589748	0.0438796	0.0306159	0.020034	0.0122965	0.00708037	0.00382534	0.00193958	0.000923133	0.000412519	0.000173124	6.82537e-05	2.52859e-05	8.80549e-06	2.88338e-06	8.88179e-07	2.57494e-07	7.03115e-08	1.81078e-08	4.41122e-09	1.02391e-09	2.30906e-10	5.34025e-11	1.46577e-11	6.59809e-12	
N7	2.95038e-05	4.69178e-05	9.57718e-05	0.000217976	0.000505755	0.00114135	0.00244829	0.00493672	0.00930563	0.0163505	0.026736	0.0406459	0.057414	0.0753196	0.0917377	0.103715	0.108822	0.105958	0.0957366	0.0802702	0.0624584	0.0451064	0.0302389	0.0188219	0.0108803	0.00584288	0.00291585	0.00135275	0.00058366	0.000234308	8.75595e-05	3.04739e-05	9.88301e-06	2.98834e-06	8.42946e-07	2.21953e-07	5.45877e-08	1.25491e-08	2.6992e-09	5.44162e-10	1.03293e-10	1.87279e-11	3.40349e-12	7.24261e-13	2.68527e-13	
ADDYAG_Ilybius_erichsoni	0	0	0	0	0	0	0	0	0	0	0	0	0	0	0	0	0	1	0	0	0	0	0	0	0	0	0	0	0	0	0	0	0	0	0	0	0	0	0	0	0	0	0	0	0	
ADDYAG_Ilybius_albarracinensis	0	0	0	0	0	0	0	0	0	0	0	0	0	0	0	0	0	1	0	0	0	0	0	0	0	0	0	0	0	0	0	0	0	0	0	0	0	0	0	0	0	0	0	0	0	
ADDYAG_Ilybius_chalconatus	0	0	0	0	0	0	0	0	0	0	0	0	0	0	0	0	0	1	0	0	0	0	0	0	0	0	0	0	0	0	0	0	0	0	0	0	0	0	0	0	0	0	0	0	0	
N8	2.701e-05	4.364e-05	9.13678e-05	0.000213779	0.000508716	0.00117241	0.00255648	0.00521722	0.0099139	0.0174972	0.0286448	0.0434665	0.061108	0.0795687	0.0959393	0.107101	0.110687	0.105896	0.0937863	0.0768929	0.0583645	0.0410179	0.0266943	0.0160902	0.00898442	0.00464848	0.00222916	0.000991096	0.000408673	0.000156344	5.55136e-05	1.83025e-05	5.60541e-06	1.59547e-06	4.22245e-07	1.03959e-07	2.38242e-08	5.08534e-09	1.01194e-09	1.8804e-10	3.27673e-11	5.42458e-12	8.91317e-13	1.68563e-13	5.59144e-14	
N9	1.08363e-05	1.81936e-05	4.01036e-05	9.86794e-05	0.000246363	0.000595519	0.00136376	0.00292874	0.00586923	0.0109478	0.0189802	0.0305575	0.0456581	0.0632875	0.0813534	0.0969586	0.10712	0.109693	0.104106	0.0915712	0.0746524	0.0564116	0.0395178	0.0256683	0.0154627	0.0086413	0.00448145	0.00215756	0.000964698	0.00040077	0.000154769	5.55883e-05	1.85792e-05	5.7818e-06	1.67631e-06	4.53076e-07	1.14237e-07	2.68895e-08	5.91479e-09	1.21806e-09	2.35939e-10	4.36206e-11	8.08308e-12	1.75461e-12	6.61046e-13	
ADDYAG_Ilybius_vittiger	0	0	0	0	0	0	0	0	0	0	0	0	0	0	0	0	0	1	0	0	0	0	0	0	0	0	0	0	0	0	0	0	0	0	0	0	0	0	0	0	0	0	0	0	0	
ADDYAG_Ilybius_wasastjernae	0	0	0	0	0	0	0	0	0	0	0	0	0	0	0	0	0	0	0	1	0	0	0	0	0	0	0	0	0	0	0	0	0	0	0	0	0	0	0	0	0	0	0	0	0	
N10	2.18052e-06	4.59503e-06	1.33932e-05	4.25794e-05	0.000133035	0.00039108	0.00106145	0.00263704	0.00597141	0.0122968	0.0229972	0.0390238	0.0600444	0.0837319	0.105785	0.121047	0.125431	0.11769	0.0999898	0.0769297	0.0536076	0.0338425	0.0193617	0.0100427	0.00472481	0.00201738	0.000782217	0.000275609	8.83087e-05	2.57511e-05	6.83961e-06	1.65609e-06	3.65891e-07	7.3831e-08	1.36196e-08	2.29914e-09	3.55531e-10	5.04157e-11	6.56357e-12	7.85746e-13	8.67613e-14	8.91566e-15	8.80508e-16	9.47183e-17	1.80334e-17	
N11	2.52815e-07	6.31806e-07	2.32855e-06	9.41063e-06	3.68911e-05	0.000133739	0.000439783	0.00130085	0.00344722	0.00816586	0.0172671	0.0325605	0.0547128	0.081876	0.109067	0.129286	0.136341	0.127899	0.106725	0.0792236	0.0523264	0.0307603	0.0161003	0.00750697	0.00311984	0.00115645	0.00038263	0.000113095	2.98893e-05	7.06987e-06	1.49823e-06	2.84765e-07	4.85989e-08	7.45601e-09	1.02956e-09	1.28116e-10	1.4385e-11	1.45928e-12	1.33934e-13	1.11393e-14	8.41609e-16	5.81159e-17	3.75162e-18	2.51233e-19	2.97038e-20	
N12	1.83618e-07	4.62387e-07	1.75895e-06	7.3835e-06	2.99485e-05	0.000111807	0.000377305	0.00114247	0.0030933	0.00747447	0.0160974	0.0308693	0.0526694	0.0799061	0.10774	0.129059	0.13731	0.129736	0.108858	0.081122	0.0537024	0.0315913	0.0165215	0.00768567	0.00318231	0.0011737	0.000385914	0.000113225	2.96721e-05	6.95304e-06	1.45853e-06	2.74214e-07	4.62638e-08	7.0134e-09	9.56602e-10	1.17555e-10	1.30335e-11	1.30558e-12	1.18335e-13	9.72032e-15	7.2526e-16	4.94173e-17	3.14033e-18	2.067e-19	2.43596e-20	
ADDYAG_Ilybius_ater	0	0	0	0	0	0	0	0	0	0	0	0	0	0	0	0	0	1	0	0	0	0	0	0	0	0	0	0	0	0	0	0	0	0	0	0	0	0	0	0	0	0	0	0	0	
N13	1.24965e-10	6.79933e-10	5.68538e-09	4.75765e-08	3.62397e-07	2.4448e-06	1.44389e-05	7.41448e-05	0.00032931	0.00125917	0.00412682	0.0115443	0.0274547	0.0553057	0.094064	0.134713	0.162127	0.163762	0.138775	0.0987069	0.0590038	0.0297034	0.0126273	0.00454796	0.00139293	0.000364237	8.16576e-05	1.57626e-05	2.63117e-06	3.81431e-07	4.82228e-08	5.3387e-09	5.19622e-10	4.46343e-11	3.39605e-12	2.29687e-13	1.38554e-14	7.47867e-16	3.62324e-17	1.58031e-18	6.22468e-20	2.22411e-21	7.30206e-23	2.36645e-24	1.31709e-25	
ADDYAG_Ilybius_quadriguttatus	0	0	0	0	0	0	0	0	0	0	0	0	0	0	0	0	0	1	0	0	0	0	0	0	0	0	0	0	0	0	0	0	0	0	0	0	0	0	0	0	0	0	0	0	0	
ADDYAG_Ilybius_guttiger	0	0	0	0	0	0	0	0	0	0	0	0	0	0	0	0	0	1	0	0	0	0	0	0	0	0	0	0	0	0	0	0	0	0	0	0	0	0	0	0	0	0	0	0	0	
ADDYAG_Ilybius_subaeneus	0	0	0	0	0	0	0	0	0	0	0	0	0	0	0	0	0	1	0	0	0	0	0	0	0	0	0	0	0	0	0	0	0	0	0	0	0	0	0	0	0	0	0	0	0	
N14	1.13395e-08	3.90344e-08	2.00577e-07	1.07063e-06	5.36689e-06	2.44848e-05	0.000100335	0.000366691	0.00118969	0.00341455	0.00864475	0.0192576	0.0376634	0.0645451	0.0967647	0.126738	0.14488	0.144467	0.125633	0.0953029	0.0631016	0.0365035	0.0184744	0.00819329	0.0031903	0.00109298	0.000330223	8.82003e-05	2.08787e-05	4.39167e-06	8.2298e-07	1.37759e-07	2.06518e-08	2.77983e-09	3.36823e-10	3.68286e-11	3.64266e-12	3.26687e-13	2.66288e-14	1.97776e-15	1.3429e-16	8.39215e-18	4.93091e-19	2.99813e-20	3.22768e-21	
ADDYAG_Ilybius_aenescens	0	0	0	0	0	0	0	0	0	0	0	0	0	0	0	0	0	1	0	0	0	0	0	0	0	0	0	0	0	0	0	0	0	0	0	0	0	0	0	0	0	0	0	0	0	
ADDYAG_Ilybius_fuliginosus	0	0	0	0	0	0	0	0	0	0	0	0	0	0	0	0	0	1	0	0	0	0	0	0	0	0	0	0	0	0	0	0	0	0	0	0	0	0	0	0	0	0	0	0	0	
N15	2.94797e-06	5.13666e-06	1.18951e-05	3.08398e-05	8.13951e-05	0.000208841	0.000509686	0.00117089	0.00251879	0.00505991	0.00947762	0.0165368	0.0268611	0.0406	0.0570831	0.0746374	0.0907365	0.102545	0.107721	0.105173	0.0954338	0.08048	0.0630764	0.0459472	0.0311097	0.0195804	0.0114577	0.00623435	0.00315491	0.00148517	0.000650531	0.000265203	0.000100654	3.55773e-05	1.17152e-05	3.59523e-06	1.02872e-06	2.74609e-07	6.8453e-08	1.59677e-08	3.50539e-09	7.36747e-10	1.56316e-10	3.90759e-11	1.64307e-11	
N16	4.14193e-12	1.84029e-11	1.21973e-10	8.29611e-10	5.35331e-09	3.20441e-08	1.76102e-07	8.83228e-07	4.0274e-06	1.66531e-05	6.23235e-05	0.000210785	0.000643435	0.00177077	0.00438911	0.00978936	0.0196307	0.0353674	0.0572091	0.0830375	0.108098	0.126161	0.131965	0.123689	0.103871	0.0781522	0.0526874	0.0318326	0.0172408	0.00837389	0.00364905	0.00142744	0.000501576	0.000158427	4.50172e-05	1.15176e-05	2.65579e-06	5.52506e-07	1.03838e-07	1.76639e-08	2.73046e-09	3.87756e-10	5.25302e-11	7.82028e-12	2.06377e-12	
N17	9.12969e-14	4.58539e-13	3.85541e-12	3.39215e-11	2.78965e-10	2.09304e-09	1.42395e-08	8.76218e-08	4.86813e-07	2.43816e-06	1.09914e-05	4.45355e-05	0.00016196	0.000527919	0.00154038	0.00401847	0.00936208	0.0194586	0.0360467	0.059467	0.0873036	0.113993	0.132318	0.136496	0.125112	0.101895	0.0737452	0.047441	0.0271389	0.0138129	0.00625937	0.00252741	0.000910166	0.000292625	8.40885e-05	2.16234e-05	4.98242e-06	1.03012e-06	1.91402e-07	3.20237e-08	4.84142e-09	6.67641e-10	8.69187e-11	1.22725e-11	3.07701e-12	
N18	2.29338e-20	3.3406e-19	7.67082e-18	1.71982e-16	3.51158e-15	6.4297e-14	1.04942e-12	1.52058e-11	1.94862e-10	2.20005e-09	2.17967e-08	1.88706e-07	1.42143e-06	9.27347e-06	5.21558e-05	0.000251662	0.00103672	0.00362828	0.0107357	0.026731	0.0557648	0.0970881	0.140607	0.168968	0.168224	0.138689	0.0947355	0.0537036	0.0253292	0.00997296	0.00329107	0.000914302	0.000214852	4.29162e-05	7.32304e-06	1.07275e-06	1.35569e-07	1.48501e-08	1.41651e-09	1.18199e-10	8.67156e-12	5.63556e-13	3.31167e-14	1.93406e-15	1.95384e-16	
ADDYAG_Agabus_bipustulatus	0	0	0	0	0	0	0	0	0	0	0	0	0	0	0	0	0	0	0	0	0	0	0	0	1	0	0	0	0	0	0	0	0	0	0	0	0	0	0	0	0	0	0	0	0	
ADDYAG_Agabus_conspersus	0	0	0	0	0	0	0	0	0	0	0	0	0	0	0	0	0	0	0	0	0	0	0	0	1	0	0	0	0	0	0	0	0	0	0	0	0	0	0	0	0	0	0	0	0	
ADDYAG_Agabus_biguttatus	0	0	0	0	0	0	0	0	0	0	0	0	0	0	0	0	0	0	0	0	0	0	0	0	0	1	0	0	0	0	0	0	0	0	0	0	0	0	0	0	0	0	0	0	0	
N19	1.83951e-12	7.47295e-12	4.99982e-11	3.58582e-10	2.44085e-09	1.5294e-08	8.74671e-08	4.55129e-07	2.15078e-06	9.21749e-06	3.57794e-05	0.000125646	0.00039873	0.0011423	0.0029514	0.0068713	0.0144031	0.0271616	0.0460524	0.0701615	0.0960032	0.117936	0.130034	0.128657	0.11422	0.0909887	0.0650469	0.0417402	0.0240499	0.0124475	0.00579016	0.00242214	0.00091182	0.000309142	9.44744e-05	2.60486e-05	6.48657e-06	1.46054e-06	2.97806e-07	5.51226e-08	9.31049e-09	1.45536e-09	2.19668e-10	3.66331e-11	1.02952e-11	
N20	4.02326e-37	5.54041e-35	9.17837e-33	1.45712e-30	2.12164e-28	2.77462e-26	3.22254e-24	3.29835e-22	2.95501e-20	2.3015e-18	1.54684e-16	8.89812e-15	4.3407e-13	1.77693e-11	6.03101e-10	1.67362e-08	3.73562e-07	6.57818e-06	8.9293e-05	0.000908456	0.00669325	0.0342324	0.115406	0.241349	0.294363	0.202157	0.0809712	0.0201201	0.00329587	0.000374838	3.08777e-05	1.90686e-06	9.07975e-08	3.41187e-09	1.03157e-10	2.55104e-12	5.23298e-14	9.01364e-16	1.31796e-17	1.65283e-19	1.79758e-21	1.72144e-23	1.49184e-25	1.23808e-27	1.30601e-29	
ADDYAG_Agabus_confinis	0	0	0	0	0	0	0	0	0	0	0	0	0	0	0	0	0	0	0	0	0	0	0	0	1	0	0	0	0	0	0	0	0	0	0	0	0	0	0	0	0	0	0	0	0	
ADDYAG_Agabus_sturmii	0	0	0	0	0	0	0	0	0	0	0	0	0	0	0	0	0	0	0	0	0	0	0	0	1	0	0	0	0	0	0	0	0	0	0	0	0	0	0	0	0	0	0	0	0	
ADDYAG_Agabus_ramblae	0	0	0	0	0	0	0	0	0	0	0	0	0	0	0	0	0	0	0	0	0	0	0	0	0	1	0	0	0	0	0	0	0	0	0	0	0	0	0	0	0	0	0	0	0	
N21	1.53182e-05	2.46893e-05	5.08343e-05	0.000115616	0.000267245	0.000602777	0.00130102	0.00266102	0.00513075	0.00929809	0.0158092	0.0251908	0.0375889	0.0524981	0.0686021	0.0838547	0.0958592	0.10247	0.10242	0.0957116	0.0836249	0.0683125	0.0521766	0.0372641	0.0248878	0.0155458	0.00908307	0.00496501	0.00253955	0.00121573	0.000544834	0.00022864	8.98718e-05	3.30989e-05	1.14254e-05	3.69803e-06	1.12288e-06	3.201e-07	8.57894e-08	2.1682e-08	5.2067e-09	1.21216e-09	2.89062e-10	8.16631e-11	3.7494e-11	
N22	3.62155e-26	1.806e-24	1.04866e-22	5.65999e-21	2.79314e-19	1.24495e-17	4.95673e-16	1.74516e-14	5.38161e-13	1.4398e-11	3.30931e-10	6.4661e-09	1.06167e-07	1.4459e-06	1.60954e-05	0.000144006	0.00101586	0.00552824	0.0226527	0.0681277	0.146761	0.222218	0.234171	0.171264	0.087175	0.0311899	0.00799356	0.00150369	0.000213001	2.32767e-05	2.00557e-06	1.38884e-07	7.85981e-09	3.68839e-10	1.45361e-11	4.86521e-13	1.39677e-14	3.47105e-16	7.53119e-18	1.43966e-19	2.4515e-21	3.77903e-23	5.41623e-25	7.56429e-27	1.37253e-28	
ADDYCO_Colymbetes_striatus	0	0	0	0	0	0	0	0	0	0	0	0	0	0	0	0	0	0	0	0	0	0	0	0	1	0	0	0	0	0	0	0	0	0	0	0	0	0	0	0	0	0	0	0	0	
ADDYCO_Colymbetes_paykulli	0	0	0	0	0	0	0	0	0	0	0	0	0	0	0	0	0	0	0	0	1	0	0	0	0	0	0	0	0	0	0	0	0	0	0	0	0	0	0	0	0	0	0	0	0	
N23	1.2754e-07	9.10715e-07	6.40725e-06	3.89031e-05	0.000199214	0.000851219	0.00302673	0.00897157	0.0222494	0.0463558	0.0814407	0.121006	0.152354	0.162689	0.1473	0.112916	0.0730832	0.0397751	0.0181015	0.00683941	0.00212672	0.00053865	0.000109867	1.78455e-05	2.28851e-06	2.31125e-07	1.84907e-08	1.18594e-09	6.18773e-11	2.66574e-12	9.6158e-14	2.94102e-15	7.7126e-17	1.75133e-18	3.47356e-20	6.06451e-22	9.3863e-24	1.29649e-25	1.60899e-27	1.80795e-29	1.85807e-31	1.77318e-33	1.60898e-35	1.44097e-37	1.61195e-39	
ADDYCO_Rhantus_exsoletus	0	0	0	0	0	0	0	0	0	0	0	0	0	0	0	0	0	0	0	0	0	0	0	0	1	0	0	0	0	0	0	0	0	0	0	0	0	0	0	0	0	0	0	0	0	
ADDYAG_Platambus_sp	0	1	0	0	0	0	0	0	0	0	0	0	0	0	0	0	0	0	0	0	0	0	0	0	0	0	0	0	0	0	0	0	0	0	0	0	0	0	0	0	0	0	0	0	0	
N24	4.27567e-06	7.95758e-06	1.90538e-05	4.9112e-05	0.000126913	0.000318257	0.000760633	0.00171403	0.00361771	0.00712265	0.0130473	0.0221996	0.0350467	0.051298	0.0695802	0.087427	0.101736	0.109623	0.109368	0.101024	0.0864016	0.0684246	0.0501828	0.03409	0.0214549	0.0125132	0.00676537	0.00339194	0.00157766	0.000681043	0.00027299	0.000101663	3.51963e-05	1.1336e-05	3.39978e-06	9.50603e-07	2.48246e-07	6.07188e-08	1.3975e-08	3.05101e-09	6.40538e-10	1.32297e-10	2.78692e-11	6.37822e-12	2.02017e-12	
N25	5.91317e-07	1.11781e-06	2.84247e-06	7.95057e-06	2.2324e-05	6.0643e-05	0.000156874	0.000383481	0.000882083	0.00190424	0.00385156	0.00729031	0.0129027	0.0213387	0.0329607	0.047534	0.0639827	0.0803654	0.0941776	0.102953	0.104981	0.0998475	0.0885767	0.0732945	0.0565749	0.0407403	0.0273738	0.0171647	0.0100466	0.00549023	0.00280206	0.00133603	0.000595341	0.000248032	9.66637e-05	3.52633e-05	1.20535e-05	3.86666e-06	1.16755e-06	3.33761e-07	9.13885e-08	2.45514e-08	6.80403e-09	2.1736e-09	1.04166e-09	
ADDYDY_Eretes_sticticus	0	0	0	0	0	0	0	0	0	0	0	0	0	0	0	0	0	0	0	0	0	0	0	0	0	1	0	0	0	0	0	0	0	0	0	0	0	0	0	0	0	0	0	0	0	
N26	5.50769e-08	1.21479e-07	3.9161e-07	1.4192e-06	5.12146e-06	1.75566e-05	5.61618e-05	0.000166457	0.000455644	0.0011499	0.00267241	0.0057146	0.0112356	0.020299	0.0336817	0.0513051	0.0717155	0.0919643	0.108163	0.116659	0.115371	0.104617	0.0869873	0.0663288	0.0463893	0.0297651	0.0175268	0.00947456	0.00470392	0.00214591	0.000900001	0.000347219	0.0001233	4.03288e-05	1.21584e-05	3.38131e-06	8.68216e-07	2.06046e-07	4.52603e-08	9.22492e-09	1.75429e-09	3.16084e-10	5.66093e-11	1.1727e-11	4.19938e-12	
ADDYDY_Dytiscus_dauricus	0	0	0	0	0	0	0	0	0	0	0	0	0	0	0	0	0	0	0	1	0	0	0	0	0	0	0	0	0	0	0	0	0	0	0	0	0	0	0	0	0	0	0	0	0	
N27	2.74027e-15	2.69867e-14	3.92827e-13	5.61234e-12	7.36081e-11	8.6617e-10	9.0372e-09	8.29615e-08	6.65999e-07	4.64926e-06	2.80666e-05	0.00014569	0.000646509	0.00243808	0.00776701	0.0207797	0.0464258	0.0861757	0.132313	0.167469	0.174359	0.149216	0.105043	0.0609599	0.0292634	0.0116715	0.00388761	0.00108753	0.000257013	5.16206e-05	8.8637e-06	1.30871e-06	1.67083e-07	1.8544e-08	1.79828e-09	1.53106e-10	1.14971e-11	7.64769e-13	4.52546e-14	2.3928e-15	1.1368e-16	4.8998e-18	1.96087e-19	7.86501e-21	5.08161e-22	
ADDYDY_Dytiscus_marginalis_M	0	0	0	0	0	0	0	0	0	0	0	0	0	0	0	0	0	0	0	0	1	0	0	0	0	0	0	0	0	0	0	0	0	0	0	0	0	0	0	0	0	0	0	0	0	
ADDYDY_Dytiscus_circumcinctus	0	0	0	0	0	0	0	0	0	0	0	0	0	0	0	0	0	0	0	0	1	0	0	0	0	0	0	0	0	0	0	0	0	0	0	0	0	0	0	0	0	0	0	0	0	
N28	1.34255e-06	2.4108e-06	5.75347e-06	1.51693e-05	4.03468e-05	0.000104152	0.000256571	0.000598263	0.00131464	0.00271526	0.00526232	0.00955891	0.0162613	0.0258915	0.038568	0.0537296	0.0699846	0.0852133	0.0969757	0.103139	0.10251	0.0952095	0.0826366	0.0670297	0.0508164	0.0360112	0.0238581	0.0147803	0.00856405	0.00464229	0.00235489	0.00111824	0.000497255	0.000207152	8.08884e-05	2.9625e-05	1.01866e-05	3.29387e-06	1.00457e-06	2.90652e-07	8.0724e-08	2.20495e-08	6.23144e-09	2.03765e-09	9.98719e-10	
ADDYDY_Cybister_sugillatus	0	0	0	0	0	0	0	0	0	0	0	0	0	0	0	0	0	0	0	0	0	0	0	0	0	1	0	0	0	0	0	0	0	0	0	0	0	0	0	0	0	0	0	0	0	
N29	2.96021e-08	7.36135e-08	2.72065e-07	1.10858e-06	4.41891e-06	1.65144e-05	5.69664e-05	0.000180219	0.000521272	0.00137605	0.00331106	0.00725523	0.0144659	0.0262276	0.043217	0.064689	0.0879275	0.108496	0.121509	0.123498	0.113908	0.0953478	0.0724412	0.0499653	0.0312956	0.0178067	0.00920789	0.00432938	0.00185194	0.000721172	0.000255833	8.2738e-05	2.44135e-05	6.57809e-06	1.61998e-06	3.64993e-07	7.5317e-08	1.42528e-08	2.47784e-09	3.96953e-10	5.89819e-11	8.26107e-12	1.139e-12	1.74663e-13	4.40529e-14	
N30	6.06364e-08	1.95793e-07	8.79012e-07	3.97577e-06	1.67736e-05	6.46508e-05	0.000225684	0.000709805	0.00200401	0.00506554	0.0114409	0.0230556	0.0414096	0.0662351	0.0942925	0.119421	0.134514	0.134728	0.11998	0.0950018	0.0668915	0.0418907	0.0233403	0.011575	0.00511194	0.0020118	0.000706067	0.000221182	6.19047e-05	1.54969e-05	3.47399e-06	6.98292e-07	1.26027e-07	2.04521e-08	2.98889e-09	3.93966e-10	4.69114e-11	5.0546e-12	4.93672e-13	4.37918e-14	3.53848e-15	2.62267e-16	1.82887e-17	1.341e-18	1.73612e-19	
ADDYDY_Cybister_lateralimarginalis	0	0	0	0	1	0	0	0	0	0	0	0	0	0	0	0	0	0	0	0	0	0	0	0	0	0	0	0	0	0	0	0	0	0	0	0	0	0	0	0	0	0	0	0	0	
ADDYDY_Cybister_japonicus	0	0	0	0	0	0	0	0	0	0	0	0	0	0	0	0	0	0	0	0	0	0	0	0	0	1	0	0	0	0	0	0	0	0	0	0	0	0	0	0	0	0	0	0	0	
ADDYDY_Cybister_tripunctatus	0	0	0	0	0	0	0	0	0	0	0	0	0	0	0	0	0	0	0	0	0	0	0	0	0	1	0	0	0	0	0	0	0	0	0	0	0	0	0	0	0	0	0	0	0	
N31	3.47414e-06	5.87112e-06	1.28201e-05	3.06932e-05	7.41416e-05	0.000174419	0.000393673	0.000846538	0.00172775	0.00333888	0.00609948	0.0105203	0.0171163	0.0262505	0.0379304	0.0516169	0.0661355	0.0797699	0.0905662	0.0967849	0.0973608	0.0922027	0.0822169	0.0690457	0.0546257	0.0407284	0.0286299	0.0189837	0.0118803	0.00702179	0.00392263	0.00207301	0.00103747	0.000492302	0.000221831	9.50923e-05	3.88705e-05	1.51979e-05	5.7074e-06	2.07049e-06	7.31347e-07	2.54291e-07	8.85056e-08	3.22323e-08	1.51731e-08	
N32	4.45424e-09	7.90293e-09	1.87604e-08	5.02273e-08	1.39038e-07	3.82729e-07	1.02914e-06	2.67978e-06	6.72605e-06	1.62304e-05	3.75953e-05	8.35119e-05	0.000177785	0.000362564	0.000708072	0.00132395	0.00236968	0.0040594	0.00665486	0.0104394	0.0156689	0.0225007	0.030912	0.0406271	0.0510805	0.0614395	0.0706973	0.0778295	0.0819805	0.0826343	0.0797222	0.0736359	0.0651429	0.0552281	0.044908	0.0350643	0.0263342	0.01907	0.013364	0.0091132	0.00610093	0.00407162	0.00278702	0.00206163	0.00178175	
ADDYHY_Nebrioporus_lanceolatus_M	0	0	0	0	0	0	0	0	0	0	0	0	0	0	0	0	0	0	0	0	0	0	0	0	0	0	0	0	0	0	0	1	0	0	0	0	0	0	0	0	0	0	0	0	0	
ADDYHY_Stictotarsus_griseostriatus	0	0	0	0	0	0	0	0	0	0	0	0	0	0	0	0	0	0	0	0	0	0	0	0	0	0	0	0	0	0	0	0	0	0	0	0	0	0	0	0	0	0	0	1	0	
ADDYHY_Hydroporus_sp	0	0	0	0	0	0	0	0	0	0	0	0	0	0	0	0	0	1	0	0	0	0	0	0	0	0	0	0	0	0	0	0	0	0	0	0	0	0	0	0	0	0	0	0	0	
ADDYHY_Hydrovatus_sp	0	0	0	0	0	0	0	0	0	0	0	0	0	0	0	1	0	0	0	0	0	0	0	0	0	0	0	0	0	0	0	0	0	0	0	0	0	0	0	0	0	0	0	0	0	
