NODE	7	8	9	10	11	12	13	14	15	16	17	18	19	20	21	22	23	24	25	26	27	28	29	30	31	32	33	34	35	36	37	
N1	0.253901	0.22866	0.186002	0.13661	0.0903761	0.0536756	0.0285136	0.0135	0.00567856	0.00211639	0.000697374	0.000202828	5.20079e-05	1.17477e-05	2.33671e-06	4.09249e-07	6.31232e-08	8.57839e-09	1.02787e-09	1.08693e-10	1.01565e-11	8.40047e-13	6.89124e-17	1.7615e-17	4.26028e-18	9.79231e-19	2.15455e-19	4.59044e-20	9.63896e-21	2.06197e-21	5.51461e-22	
N2	0.0169364	0.0215081	0.0299467	0.0424758	0.05857	0.0765484	0.0935651	0.106187	0.111443	0.107907	0.0962681	0.0790697	0.0597659	0.0415655	0.0265977	0.0156615	0.00848774	0.00423494	0.00194605	0.000823951	0.000321589	0.000115771	3.84675e-05	1.18078e-05	3.35311e-06	8.83489e-07	2.17539e-07	5.10425e-08	1.20581e-08	3.32802e-09	1.49202e-09	
N3	1.01119e-05	2.77567e-05	9.91615e-05	0.000352048	0.00114979	0.00336008	0.00867923	0.0196876	0.0390557	0.067551	0.101619	0.132692	0.15015	0.147047	0.124513	0.0911018	0.057578	0.0314348	0.0148298	0.00604927	0.00213559	0.000653291	0.000173427	4.00267e-05	8.0509e-06	1.41639e-06	2.19491e-07	3.04717e-08	3.96912e-09	5.54621e-10	1.27694e-10	
N4	4.40992e-06	1.22198e-05	4.62149e-05	0.000179235	0.000647265	0.00209266	0.00594923	0.0147376	0.0316481	0.0587149	0.0938723	0.129078	0.152404	0.154317	0.133868	0.099426	0.0632004	0.0343805	0.0160096	0.00638503	0.00218284	0.000640394	0.000161454	3.50413e-05	6.56117e-06	1.06312e-06	1.49888e-07	1.86376e-08	2.13427e-09	2.6416e-10	6.06313e-11	
N5	7.25842e-06	2.85555e-05	0.000161433	0.000858204	0.00381828	0.0136859	0.0387978	0.0859475	0.147497	0.195002	0.198196	0.155098	0.0938997	0.0443066	0.0164422	0.00484702	0.00114678	0.000219986	3.45517e-05	4.48468e-06	4.85239e-07	4.41222e-08	3.39707e-09	2.23019e-10	1.25675e-11	6.11888e-13	2.59322e-14	9.67374e-16	3.25323e-17	1.05989e-18	5.26891e-20	
ADCACA_Carabus_granulatus	0	0	0	0	0	0	0	0	0	1	0	0	0	0	0	0	0	0	0	0	0	0	0	0	0	0	0	0	0	0	0	
ADCACA_Carabus_punctatoauratus	0	0	0	0	0	0	0	0	0	1	0	0	0	0	0	0	0	0	0	0	0	0	0	0	0	0	0	0	0	0	0	
N6	3.03661e-15	6.16502e-14	1.58856e-12	3.68904e-11	7.35824e-10	1.23081e-08	1.69998e-07	1.91736e-06	1.75021e-05	0.000128304	0.000750107	0.00347508	0.0126842	0.0362924	0.0810538	0.140823	0.189882	0.198434	0.16067	0.100863	0.0491714	0.0186617	0.00553189	0.00128605	0.000235664	3.4259e-05	3.98747e-06	3.77504e-07	3.00781e-08	2.21841e-09	2.29528e-10	
N7	4.76034e-15	9.44253e-14	2.67583e-12	6.78647e-11	1.43789e-09	2.49566e-08	3.51124e-07	3.97094e-06	3.58187e-05	0.000255791	0.00143595	0.00629485	0.0214173	0.0562502	0.113518	0.175393	0.206948	0.186224	0.127788	0.0669478	0.0268408	0.00826375	0.00196254	0.000361446	5.19456e-05	5.86725e-06	5.25312e-07	3.77237e-08	2.22667e-09	1.19778e-10	1.09727e-11	
N8	3.46584e-21	2.72022e-19	2.74455e-17	2.32557e-15	1.59034e-13	8.64299e-12	3.67973e-10	1.20844e-08	3.01001e-07	5.58445e-06	7.57169e-05	0.000735935	0.00503385	0.0238326	0.0770122	0.167944	0.245068	0.23796	0.153419	0.0658006	0.0188956	0.00367463	0.000491718	4.6152e-05	3.10162e-06	1.52359e-07	5.5799e-09	1.55293e-10	3.3607e-12	6.06097e-14	1.52178e-15	
ADCACA_Pamborus_alternans	0	0	0	0	0	0	0	0	0	0	0	0	0	0	0	0	0	0	0	0	1	0	0	0	0	0	0	0	0	0	0	
N9	1.953e-22	2.68153e-20	4.43181e-18	5.92175e-16	6.22147e-14	5.04881e-12	3.103e-10	1.41236e-08	4.64166e-07	1.07085e-05	0.000168311	0.00175129	0.0117983	0.0508842	0.139768	0.243405	0.267005	0.182984	0.0778306	0.0205713	0.00342748	0.00036856	2.62897e-05	1.27935e-06	4.3637e-08	1.06984e-09	1.9294e-11	2.61403e-13	2.71407e-15	2.23808e-17	2.36372e-19	
ADCACA_Pamborus_opacus	0	0	0	0	0	0	0	0	0	0	0	1	0	0	0	0	0	0	0	0	0	0	0	0	0	0	0	0	0	0	0	
ADCACA_Pamborus_tropicus	0	0	0	0	0	0	0	0	0	0	0	0	0	0	0	0	0	0	1	0	0	0	0	0	0	0	0	0	0	0	0	
ADCACA_Calosoma_inquistor	0	0	0	0	0	0	0	0	0	0	0	1	0	0	0	0	0	0	0	0	0	0	0	0	0	0	0	0	0	0	0	
N10	9.27532e-22	3.13602e-20	1.55232e-18	6.9036e-17	2.63498e-15	8.54733e-14	2.34094e-12	5.37919e-11	1.03051e-09	1.63535e-08	2.13604e-07	2.28179e-06	1.98096e-05	0.000138912	0.000782148	0.00351598	0.012551	0.0354023	0.0785551	0.136607	0.185642	0.196791	0.16264	0.10489	0.0529121	0.0209594	0.00655618	0.00163329	0.000329898	5.77355e-05	1.2694e-05	
ADCACA_Carabus_auronitens	0	0	0	0	0	0	0	0	0	0	0	0	0	0	0	0	0	0	0	0	0	0	0	0	0	0	0	0	0	1	0	
ADCACA_Carabus_nemoralis	0	0	0	0	0	0	0	0	0	0	0	0	0	0	0	0	0	0	0	0	0	1	0	0	0	0	0	0	0	0	0	
ADCACA_Cychrus_caraboides	0	0	0	0	0	0	0	0	0	0	0	0	0	0	0	1	0	0	0	0	0	0	0	0	0	0	0	0	0	0	0	
N11	0.0102204	0.0141521	0.0226729	0.0376232	0.0600085	0.0881283	0.116356	0.136259	0.14042	0.126758	0.0999689	0.0687879	0.0412785	0.0216068	0.00987218	0.00394152	0.00137702	0.000421641	0.00011336	2.68126e-05	5.59088e-06	1.02997e-06	1.68016e-07	2.43281e-08	3.13535e-09	3.60992e-10	3.73761e-11	3.53318e-12	3.17483e-13	3.02934e-14	4.48049e-15	
ADCANE_Notiophilus_sp	0	0	0	0	0	0	0	0	0	0	0	1	0	0	0	0	0	0	0	0	0	0	0	0	0	0	0	0	0	0	0	
N12	0.00849421	0.012588	0.021954	0.0391363	0.065671	0.0992361	0.13176	0.151521	0.14961	0.126167	0.0905847	0.0552768	0.0286483	0.0126105	0.00471738	0.00150123	0.00040698	9.41461e-05	1.86192e-05	3.15473e-06	4.58969e-07	5.74725e-08	6.20979e-09	5.80444e-10	4.70646e-11	3.32022e-12	2.04522e-13	1.10645e-14	5.3463e-16	2.52538e-17	2.11858e-18	
N13	0.0273568	0.0373442	0.057225	0.0869182	0.120872	0.147539	0.154729	0.137917	0.103921	0.0660392	0.0353759	0.0159862	0.00610405	0.0019738	0.000541973	0.000126757	2.53345e-05	4.34217e-06	6.40474e-07	8.15964e-08	9.01144e-09	8.65856e-10	7.26412e-11	5.33997e-12	3.45157e-13	1.96829e-14	9.93631e-16	4.45829e-17	1.79691e-18	7.00264e-20	4.80359e-21	
ADCAPA_Penetretus_sp	0	0	0	1	0	0	0	0	0	0	0	0	0	0	0	0	0	0	0	0	0	0	0	0	0	0	0	0	0	0	0	
ADCASC_Clivina_sp	0	0	0	0	0	0	0	1	0	0	0	0	0	0	0	0	0	0	0	0	0	0	0	0	0	0	0	0	0	0	0	
N14	0.0036563	0.00599284	0.0118387	0.0237568	0.0445758	0.0750555	0.110878	0.141823	0.15582	0.146338	0.117135	0.0797868	0.0462195	0.022773	0.00955032	0.00341295	0.00104098	0.000271512	6.06913e-05	1.16552e-05	1.92803e-06	2.75503e-07	3.41051e-08	3.6686e-09	3.43957e-10	2.81972e-11	2.02837e-12	1.28756e-13	7.34203e-15	4.13466e-16	4.05092e-17	
ADCABR_Promecoderus_sp	0	0	0	0	0	0	1	0	0	0	0	0	0	0	0	0	0	0	0	0	0	0	0	0	0	0	0	0	0	0	0	
N15	7.82346e-17	4.78191e-15	3.0215e-13	1.60683e-11	7.04113e-10	2.48822e-08	6.91879e-07	1.47103e-05	0.000231066	0.00256934	0.0191453	0.0889559	0.234992	0.32156	0.22919	0.0850753	0.0163522	0.00178564	0.00012143	5.52211e-06	1.77194e-07	4.18016e-09	7.48687e-11	1.04463e-12	1.15969e-14	1.04251e-16	7.70437e-19	4.74752e-21	2.4861e-23	1.16731e-25	7.09185e-28	
ADCAPS_Mecyclothorax_sp	0	0	0	0	0	0	0	0	0	0	0	0	0	0	0	1	0	0	0	0	0	0	0	0	0	0	0	0	0	0	0	
ADCAPS_Amblytelus_curtus	0	0	0	0	0	0	0	0	0	0	0	0	1	0	0	0	0	0	0	0	0	0	0	0	0	0	0	0	0	0	0	
N16	0.243359	0.228637	0.18955	0.139856	0.0923114	0.0546072	0.0289393	0.0137182	0.00580548	0.00218926	0.000734453	0.000218918	5.79217e-05	1.35955e-05	2.83033e-06	5.22615e-07	8.56186e-08	1.24517e-08	1.60875e-09	1.84811e-10	1.88946e-11	1.71994e-12	1.3926e-13	9.99683e-15	6.33003e-16	3.5173e-17	1.71052e-18	7.31552e-20	2.83513e-21	1.14543e-22	9.45402e-24	
N17	0.159141	0.16132	0.154188	0.138675	0.116977	0.0922111	0.0677015	0.0461667	0.029176	0.0170602	0.0092195	0.00460116	0.00211966	0.000901173	0.000353574	0.000128036	4.28018e-05	1.32136e-05	3.76872e-06	9.93598e-07	2.423e-07	5.46988e-08	1.14435e-08	2.22222e-09	4.0156e-10	6.78093e-11	1.07817e-11	1.63775e-12	2.45577e-13	4.02658e-14	1.07742e-14	
ADCANE_Nebria_brevicollis	0	0	0	1	0	0	0	0	0	0	0	0	0	0	0	0	0	0	0	0	0	0	0	0	0	0	0	0	0	0	0	
N18	0.113938	0.120488	0.124475	0.124298	0.118563	0.106858	0.0901885	0.0707942	0.0514242	0.0344445	0.0212226	0.0120089	0.00623449	0.00296784	0.00129513	0.000518103	0.000190028	6.39214e-05	1.97279e-05	5.58904e-06	1.45434e-06	3.47819e-07	7.65149e-08	1.54983e-08	2.89486e-09	4.99964e-10	8.02902e-11	1.21539e-11	1.80159e-12	2.96406e-13	8.30557e-14	
N19	0.0334075	0.0402657	0.0514577	0.0659037	0.0815647	0.0956497	0.105186	0.107849	0.102742	0.090731	0.0741579	0.0560369	0.0391173	0.0252125	0.0149994	0.00823501	0.00417225	0.00195084	0.000841952	0.000335487	0.000123462	4.19808e-05	1.31974e-05	3.83913e-06	1.03505e-06	2.59451e-07	6.09186e-08	1.36547e-08	3.07496e-09	7.99763e-10	3.36787e-10	
N20	2.77571e-08	1.42413e-07	9.70919e-07	6.1171e-06	3.38721e-05	0.000163233	0.000680732	0.00244313	0.00750291	0.0196007	0.0433012	0.0804273	0.124916	0.16145	0.172956	0.153132	0.111886	0.0674603	0.0336124	0.0138783	0.0047672	0.00136887	0.000330364	6.74058e-05	1.16993e-05	1.73891e-06	2.2314e-07	2.50468e-08	2.53905e-09	2.6081e-10	4.52394e-11	
ADCATR_Trechus_quadristriatus	0	0	0	0	0	0	0	0	0	0	0	0	0	0	0	1	0	0	0	0	0	0	0	0	0	0	0	0	0	0	0	
ADCATR_Trechus_obtusus	0	0	0	0	0	0	0	0	0	0	0	0	0	0	0	0	1	0	0	0	0	0	0	0	0	0	0	0	0	0	0	
N21	0.0500672	0.0607187	0.0775692	0.0974809	0.115355	0.125536	0.124077	0.110629	0.0886497	0.0637126	0.0410264	0.0236609	0.0122228	0.00565801	0.00234861	0.00087498	0.000292876	8.81835e-05	2.39152e-05	5.84992e-06	1.29257e-06	2.58376e-07	4.67995e-08	7.69415e-09	1.1504e-09	1.56828e-10	1.95814e-11	2.26383e-12	2.50578e-13	3.00099e-14	6.2689e-15	
ADCATR_Bembidion_ruficorne	0	0	0	0	0	0	0	0	0	0	1	0	0	0	0	0	0	0	0	0	0	0	0	0	0	0	0	0	0	0	0	
ADCATR_Perileptus_areolatus	0	1	0	0	0	0	0	0	0	0	0	0	0	0	0	0	0	0	0	0	0	0	0	0	0	0	0	0	0	0	0	
N22	0.0690411	0.0777695	0.0895546	0.102134	0.1121	0.1159	0.111244	0.0981961	0.0792401	0.0582367	0.0388893	0.0235628	0.012943	0.00644308	0.00290653	0.0011884	0.000440585	0.000148192	4.52552e-05	1.25591e-05	3.17092e-06	7.2938e-07	1.53128e-07	2.94145e-08	5.18801e-09	8.44583e-10	1.27924e-10	1.82614e-11	2.52034e-12	3.65263e-13	8.25565e-14	
N23	0.049859	0.0613227	0.0795452	0.100857	0.119551	0.1295	0.126652	0.111041	0.0868734	0.060459	0.0373479	0.0204487	0.00991419	0.00425424	0.00161545	0.000542914	0.000161549	4.25869e-05	9.95386e-06	2.06476e-06	3.80532e-07	6.23882e-08	9.11175e-09	1.18726e-09	1.3825e-10	1.44146e-11	1.34946e-12	1.14139e-13	8.92978e-15	7.25126e-16	1.06239e-16	
N24	0.161311	0.164567	0.158753	0.143744	0.121023	0.0938537	0.0664793	0.0427133	0.0247591	0.0128959	0.00601811	0.00251141	0.000936037	0.000311398	9.2452e-05	2.45009e-05	5.79872e-06	1.22656e-06	2.32087e-07	3.93272e-08	5.975e-09	8.14994e-10	9.9941e-11	1.10342e-11	1.09859e-12	9.88175e-14	8.05476e-15	5.99584e-16	4.18985e-17	3.07276e-18	3.86205e-19	
N25	0.178837	0.179455	0.167906	0.14584	0.116828	0.0856877	0.0571422	0.0344341	0.0186551	0.00904976	0.00391923	0.00151206	0.000518975	0.000158351	4.29436e-05	1.03532e-05	2.22023e-06	4.23862e-07	7.21133e-08	1.09472e-08	1.48485e-09	1.80216e-10	1.96024e-11	1.91397e-12	1.68033e-13	1.32879e-14	9.48485e-16	6.13569e-17	3.65681e-18	2.22001e-19	2.4842e-20	
ADCATR_Bembidion_coxendix	0	0	0	1	0	0	0	0	0	0	0	0	0	0	0	0	0	0	0	0	0	0	0	0	0	0	0	0	0	0	0	
N26	0.103005	0.186964	0.28648	0.256808	0.125038	0.0349185	0.0060373	0.000691165	5.52904e-05	3.22469e-06	1.41822e-07	4.83306e-09	1.30489e-10	2.8432e-12	5.07778e-14	7.53213e-16	9.38631e-18	9.92479e-20	8.98235e-22	7.01233e-24	4.7549e-26	2.8179e-28	1.46778e-30	6.75409e-33	2.75863e-35	1.00455e-37	3.27649e-40	9.63473e-43	2.5947e-45	6.75064e-48	2.26949e-50	
ADCATR_Bembidion_umbratum	0	0	0	1	0	0	0	0	0	0	0	0	0	0	0	0	0	0	0	0	0	0	0	0	0	0	0	0	0	0	0	
ADCATR_Bembidion_insulatum	0	0	1	0	0	0	0	0	0	0	0	0	0	0	0	0	0	0	0	0	0	0	0	0	0	0	0	0	0	0	0	
ADCATR_Bembidion_aenulum	0	0	0	0	0	1	0	0	0	0	0	0	0	0	0	0	0	0	0	0	0	0	0	0	0	0	0	0	0	0	0	
N27	0.0189037	0.0260554	0.0402708	0.0621263	0.0896904	0.117303	0.13662	0.140304	0.126265	0.0991703	0.0677885	0.040252	0.0207369	0.00926229	0.00358576	0.00120325	0.000350104	8.8382e-05	1.93737e-05	3.69136e-06	6.12065e-07	8.84356e-08	1.1151e-08	1.22898e-09	1.18602e-10	1.00418e-11	7.47939e-13	4.92643e-14	2.92399e-15	1.73582e-16	1.88706e-17	
N28	0.0121513	0.0174765	0.0284681	0.0462879	0.0707085	0.0985965	0.123515	0.137631	0.135506	0.117348	0.0891114	0.0592187	0.0343962	0.0174505	0.00773163	0.00299217	0.00101198	0.000299341	7.7517e-05	1.75947e-05	3.50516e-06	6.13798e-07	9.46336e-08	1.28689e-08	1.54668e-09	1.64734e-10	1.56226e-11	1.33476e-12	1.06448e-13	8.87569e-15	1.17925e-15	
N29	0.00476564	0.00884268	0.0200019	0.0433017	0.0814029	0.128201	0.16655	0.177081	0.153489	0.108348	0.0623743	0.0293817	0.0113793	0.00364453	0.00097151	0.000216997	4.08893e-05	6.54371e-06	8.95184e-07	1.05335e-07	1.07241e-08	9.49964e-10	7.36037e-11	5.01326e-12	3.0165e-13	1.61179e-14	7.69849e-16	3.32381e-17	1.32969e-18	5.30437e-20	3.3242e-21	
ADCATR_Bembidion_tairuense	0	0	0	0	0	0	0	1	0	0	0	0	0	0	0	0	0	0	0	0	0	0	0	0	0	0	0	0	0	0	0	
ADCATR_Bembidion_quadrimaculatum	0	0	0	0	0	0	0	1	0	0	0	0	0	0	0	0	0	0	0	0	0	0	0	0	0	0	0	0	0	0	0	
N30	3.42862e-08	2.1329e-07	1.65403e-06	1.16992e-05	7.10771e-05	0.000364383	0.00156318	0.00557728	0.0164606	0.039986	0.079583	0.129241	0.170649	0.18266	0.158132	0.110545	0.0623493	0.0283702	0.0104214	0.00309491	0.000744664	0.000145571	2.31981e-05	3.02537e-06	3.24282e-07	2.87061e-08	2.11065e-09	1.30032e-10	6.87036e-12	3.46807e-13	3.09786e-14	
N31	7.76304e-09	4.4572e-08	3.86348e-07	3.20776e-06	2.29616e-05	0.000137856	0.00068705	0.00282457	0.00952948	0.0262607	0.0588585	0.106884	0.156734	0.185078	0.17561	0.133689	0.081592	0.0399198	0.0156682	0.00494043	0.00125415	0.000257029	4.26698e-05	5.76032e-06	6.35126e-07	5.74846e-08	4.29883e-09	2.68574e-10	1.44117e-11	7.33083e-13	5.90763e-14	
N32	1.25221e-12	1.64171e-11	3.01482e-10	5.13224e-09	7.38897e-08	8.76304e-07	8.46603e-06	6.6122e-05	0.000414688	0.00207496	0.00823199	0.0257395	0.0630683	0.120448	0.178404	0.204033	0.179495	0.121115	0.0625684	0.0247353	0.00749126	0.00174287	0.000312875	4.3596e-05	4.74911e-06	4.07744e-07	2.78333e-08	1.525e-09	6.80602e-11	2.65609e-12	1.66025e-13	
N33	5.55432e-20	2.90244e-18	2.00544e-16	1.21508e-14	5.99264e-13	2.35862e-11	7.32807e-10	1.78038e-08	3.35129e-07	4.84252e-06	5.32193e-05	0.00044076	0.00272594	0.0124781	0.0419164	0.102496	0.181094	0.229702	0.208073	0.134117	0.0614085	0.0199837	0.00463522	0.000770326	9.2412e-05	8.08004e-06	5.21172e-07	2.52056e-08	9.40788e-10	2.98189e-11	1.4792e-12	
N34	3.6606e-22	2.68314e-20	2.74974e-18	2.37117e-16	1.64216e-14	9.00362e-13	3.86693e-11	1.28795e-09	3.29352e-08	6.40158e-07	9.36322e-06	0.000102041	0.000820611	0.00482464	0.0205556	0.0629501	0.137569	0.213234	0.233343	0.179759	0.0974066	0.0371774	0.0100306	0.00192404	0.000264431	2.62975e-05	1.91682e-06	1.04331e-07	4.38638e-09	1.55091e-10	7.09197e-12	
N35	1.01401e-48	8.85758e-46	8.99374e-43	8.10056e-40	6.26294e-37	4.11506e-34	2.28041e-31	1.05757e-28	4.07052e-26	1.28859e-23	3.32237e-21	6.90246e-19	1.14203e-16	1.48526e-14	1.49637e-12	1.14866e-10	6.59133e-09	2.76481e-07	8.2538e-06	0.000169734	0.0023086	0.0197211	0.098972	0.267726	0.351372	0.202518	0.0507746	0.00603411	0.000380466	1.47526e-05	6.47806e-07	
N36	1.82526e-60	7.00498e-57	2.7281e-53	9.14171e-50	2.61658e-46	6.35009e-43	1.29622e-39	2.20605e-36	3.10023e-33	3.55951e-30	3.29972e-27	2.43748e-24	1.41375e-21	6.33193e-19	2.14881e-16	5.40622e-14	9.83179e-12	1.25454e-09	1.08396e-07	6.07379e-06	0.000209214	0.0041395	0.0430782	0.209735	0.40911	0.268692	0.0594989	0.0053018	0.000223256	5.16269e-06	1.21373e-07	
ADCATR_Bembidion_arenobilis	0	0	0	0	0	0	0	0	0	0	0	0	0	0	0	0	0	0	0	0	0	0	0	0	1	0	0	0	0	0	0	
ADCATR_Bembidion_rufotinctum	0	0	0	0	0	0	0	0	0	0	0	0	0	0	0	0	0	0	0	0	0	0	0	0	0	1	0	0	0	0	0	
N37	2.48518e-77	4.17688e-73	6.95738e-69	1.00891e-64	1.26506e-60	1.36251e-56	1.25134e-52	9.72188e-49	6.33317e-45	3.4255e-41	1.5216e-37	5.48276e-34	1.58044e-30	3.58718e-27	6.29526e-24	8.3635e-21	8.20573e-18	5.77314e-15	2.81079e-12	9.06435e-10	1.83174e-07	2.15682e-05	0.00133748	0.0374068	0.353402	0.456584	0.144755	0.00639352	9.85453e-05	7.2504e-07	4.35803e-09	
ADCATR_Bembidion_honestum	0	0	0	0	0	0	0	0	0	0	0	0	0	0	0	0	0	0	0	0	0	0	0	0	0	0	1	0	0	0	0	
ADCATR_Bembidion_integrum	0	0	0	0	0	0	0	0	0	0	0	0	0	0	0	0	0	0	0	0	0	0	0	0	1	0	0	0	0	0	0	
N38	4.16843e-29	1.03324e-26	2.97949e-24	7.04324e-22	1.3362e-19	2.00972e-17	2.36592e-15	2.15004e-13	1.48582e-11	7.68359e-10	2.9225e-08	8.02843e-07	1.56308e-05	0.000211591	0.00195473	0.0121143	0.0496353	0.132962	0.231182	0.259994	0.189088	0.0891495	0.0273753	0.00551272	0.000734907	6.56656e-05	3.99423e-06	1.68552e-07	5.06817e-09	1.17141e-10	3.50734e-12	
N39	3.13048e-27	5.42834e-25	1.15897e-22	2.06722e-20	2.99434e-18	3.47766e-16	3.19658e-14	2.29257e-12	1.26312e-10	5.25644e-09	1.62214e-07	3.63989e-06	5.81682e-05	0.000648108	0.00493052	0.0251202	0.0843176	0.184168	0.259732	0.235741	0.137846	0.0521832	0.0128974	0.00210548	0.000230364	1.71852e-05	8.91083e-07	3.27879e-08	8.77251e-10	1.8177e-11	5.21966e-13	
N40	9.46802e-57	1.11239e-52	1.35809e-48	1.40109e-44	1.19556e-40	8.33936e-37	4.69532e-33	2.10334e-29	7.37252e-26	1.98281e-22	3.99721e-19	5.87055e-16	6.06124e-13	4.20032e-10	1.83363e-07	4.59223e-05	0.00564436	0.244108	0.499425	0.245046	0.00568447	4.63467e-05	1.85151e-07	4.23489e-10	6.08785e-13	5.85916e-16	3.9542e-19	1.94024e-22	7.15355e-26	2.0958e-29	6.35252e-33	
ADCATR_Bembidion_louisella	0	0	0	0	0	0	0	0	0	0	0	0	0	0	0	0	0	1	0	0	0	0	0	0	0	0	0	0	0	0	0	
ADCATR_Bembidion_bellorum	0	0	0	0	0	0	0	0	0	0	0	0	0	0	0	0	0	0	0	1	0	0	0	0	0	0	0	0	0	0	0	
N41	3.01956e-58	2.1125e-53	1.33332e-48	6.36995e-44	2.27648e-39	6.05209e-35	1.18626e-30	1.69148e-26	1.72166e-22	1.21859e-18	5.78346e-15	1.74741e-11	3.10986e-08	2.87462e-05	0.0109274	0.965455	0.0234568	0.000131799	3.01575e-07	3.53357e-10	2.39531e-13	1.01208e-16	2.80083e-20	5.25604e-24	6.85919e-28	6.34139e-32	4.21042e-36	2.02871e-40	7.18051e-45	1.94489e-49	4.92811e-54	
ADCATR_Bembidion_americanum	0	0	0	0	0	0	0	0	0	0	0	0	0	0	0	1	0	0	0	0	0	0	0	0	0	0	0	0	0	0	0	
ADCATR_Bembidion_bifossulatum	0	0	0	0	0	0	0	0	0	0	0	0	0	0	0	1	0	0	0	0	0	0	0	0	0	0	0	0	0	0	0	
N42	7.35506e-37	2.39616e-34	9.29546e-32	3.09621e-29	8.7278e-27	2.06394e-24	4.05641e-22	6.55851e-20	8.62679e-18	9.12011e-16	7.64764e-14	5.01452e-12	2.53186e-10	9.68406e-09	2.75804e-07	5.74481e-06	8.59056e-05	0.000904704	0.00657647	0.0322902	0.104545	0.21726	0.281391	0.220715	0.102729	0.0282957	0.00468454	0.000482204	3.23828e-05	1.5746e-06	1.01287e-07	
ADCATR_Bembidion_chalceum	0	0	0	0	0	0	0	0	0	0	0	0	0	0	0	0	0	0	0	0	0	0	0	1	0	0	0	0	0	0	0	
ADCATR_Bembidion_rothfelsi	0	0	0	0	0	0	0	0	0	0	0	0	0	0	0	0	0	0	0	0	0	0	0	0	0	1	0	0	0	0	0	
ADCATR_Bembidion_antiquum	0	0	0	0	0	0	0	0	0	0	0	0	0	0	0	1	0	0	0	0	0	0	0	0	0	0	0	0	0	0	0	
N43	2.49172e-14	1.41792e-12	9.79465e-11	5.3523e-09	2.15242e-07	6.14211e-06	0.000120063	0.00154595	0.01256	0.0616294	0.175967	0.286354	0.265374	0.141925	0.0447914	0.00859838	0.00104199	8.28755e-05	4.48756e-06	1.70916e-07	4.71058e-09	9.62812e-11	1.49075e-12	1.78111e-14	1.66893e-16	1.24424e-18	7.47919e-21	3.67564e-23	1.50922e-25	5.49733e-28	2.4799e-30	
N44	2.02072e-15	1.71109e-13	1.75847e-11	1.35482e-09	7.41847e-08	2.78828e-06	6.92727e-05	0.00109015	0.0103733	0.0570059	0.174643	0.294258	0.273185	0.140938	0.0408992	0.00681498	0.000676121	4.17058e-05	1.66878e-06	4.50004e-08	8.45469e-10	1.13899e-11	1.12789e-13	8.38893e-16	4.77571e-18	2.11589e-20	7.40477e-23	2.07454e-25	4.71244e-28	8.84023e-31	1.92681e-33	
ADCATR_Bembidion_confusum	0	0	0	0	0	0	0	0	0	1	0	0	0	0	0	0	0	0	0	0	0	0	0	0	0	0	0	0	0	0	0	
ADCATR_Bembidion_lapponicum	0	0	0	0	0	0	0	0	0	0	0	0	0	0	1	0	0	0	0	0	0	0	0	0	0	0	0	0	0	0	0	
ADCATR_Bembidion_balli	0	0	0	0	0	0	0	0	0	0	1	0	0	0	0	0	0	0	0	0	0	0	0	0	0	0	0	0	0	0	0	
N45	2.82276e-16	5.95344e-15	1.70659e-13	4.52912e-12	1.04752e-10	2.06024e-09	3.3961e-08	4.63825e-07	5.19084e-06	4.70535e-05	0.000341182	0.00195235	0.00869103	0.0296551	0.0764475	0.146975	0.208625	0.217245	0.165488	0.0922471	0.0377585	0.0114287	0.00258544	0.000443099	5.8401e-05	6.01171e-06	4.90831e-07	3.23225e-08	1.76405e-09	8.75314e-11	6.83997e-12	
ADCATR_Bembidion_rapidum	0	0	0	0	0	0	0	0	0	0	0	0	0	0	0	1	0	0	0	0	0	0	0	0	0	0	0	0	0	0	0	
ADCATR_Bembidion_levigatum	0	0	0	0	0	0	0	0	0	0	0	0	0	0	0	0	0	0	0	0	1	0	0	0	0	0	0	0	0	0	0	
N46	4.30217e-08	2.46513e-07	2.08029e-06	1.64966e-05	0.000110533	0.000607676	0.00270981	0.00973367	0.0280117	0.0642928	0.11725	0.169394	0.193464	0.174454	0.124173	0.0698171	0.0310649	0.0109697	0.00308611	0.000694993	0.000125973	1.8489e-05	2.2114e-06	2.16971e-07	1.75797e-08	1.18408e-09	6.67419e-11	3.17152e-12	1.28868e-13	4.82007e-15	2.96644e-16	
N47	5.79496e-15	1.48702e-13	5.14471e-12	1.57095e-10	3.95776e-09	8.03489e-08	1.29506e-06	1.63503e-05	0.000159442	0.00118292	0.00656784	0.0268069	0.0789108	0.164251	0.237146	0.233598	0.155319	0.069605	0.0212157	0.00447464	0.000667257	7.19661e-05	5.73908e-06	3.45424e-07	1.59876e-08	5.78703e-10	1.66325e-11	3.84836e-13	7.27443e-15	1.17737e-16	2.79524e-18	
N48	6.88549e-27	2.0445e-24	6.99591e-22	1.94996e-19	4.28216e-17	7.28177e-15	9.41788e-13	9.0783e-11	6.37184e-09	3.1691e-07	1.08159e-05	0.000243704	0.00345734	0.0291053	0.134914	0.313916	0.331871	0.151477	0.0315025	0.00330269	0.000191992	6.68911e-06	1.48583e-07	2.21073e-09	2.29327e-11	1.7142e-13	9.49174e-16	3.98555e-18	1.2954e-20	3.35414e-23	1.00729e-25	
N49	1.65994e-34	2.39098e-31	3.40195e-28	3.80725e-25	3.28946e-22	2.15204e-19	1.04264e-16	3.64589e-14	8.92861e-12	1.47774e-09	1.58365e-07	1.04295e-05	0.000395469	0.00794443	0.0758249	0.297769	0.405806	0.181518	0.0287813	0.00189055	5.92822e-05	9.91898e-07	9.64952e-09	5.83657e-11	2.3152e-13	6.28889e-16	1.21225e-18	1.7084e-21	1.80533e-24	1.46525e-27	1.18949e-30	
N50	1.32689e-38	3.73276e-35	1.00736e-31	2.16582e-28	3.64466e-25	4.70705e-22	4.55951e-19	3.22385e-16	1.6106e-13	5.46455e-11	1.19869e-08	1.59687e-06	0.000119017	0.00443727	0.0704301	0.370758	0.434613	0.110577	0.00878115	0.00027869	4.19714e-06	3.39451e-08	1.61602e-10	4.85666e-13	9.73165e-16	1.35815e-18	1.36791e-21	1.02397e-24	5.83947e-28	2.59318e-31	1.11322e-34	
ADCATR_Bembidion_properans	0	0	0	0	0	0	0	0	0	0	0	0	0	0	0	0	1	0	0	0	0	0	0	0	0	0	0	0	0	0	0	
ADCATR_Bembidion_obtusum	0	0	0	0	0	0	0	0	0	0	0	0	0	0	0	1	0	0	0	0	0	0	0	0	0	0	0	0	0	0	0	
ADCATR_Bembidion_levettei_carrianum	0	0	0	0	0	0	0	0	0	0	0	0	0	0	0	0	0	1	0	0	0	0	0	0	0	0	0	0	0	0	0	
ADCATR_Bembidion_inaequale	0	0	0	0	0	0	0	0	0	0	0	0	0	0	0	0	1	0	0	0	0	0	0	0	0	0	0	0	0	0	0	
ADCATR_Bembidion_levettei	0	0	0	0	0	0	0	0	0	0	0	0	0	0	0	1	0	0	0	0	0	0	0	0	0	0	0	0	0	0	0	
N51	8.74463e-08	1.09855e-06	1.8351e-05	0.000237537	0.00217053	0.0134708	0.0551224	0.14532	0.243461	0.258643	0.175735	0.0776607	0.0228456	0.00459396	0.000648696	6.59775e-05	4.94625e-06	2.79016e-07	1.2061e-08	4.06047e-10	1.0801e-11	2.29958e-13	3.96433e-15	5.59234e-17	6.51749e-19	6.33056e-21	5.16697e-23	3.57331e-25	2.12063e-27	1.13161e-29	8.11741e-32	
N52	2.23439e-08	7.80733e-07	2.88801e-05	0.000668894	0.00866316	0.0583163	0.199656	0.339444	0.273375	0.0998281	0.0181118	0.00179822	0.000105413	3.86913e-06	9.31713e-08	1.52952e-09	1.76783e-11	1.47883e-13	9.17001e-16	4.30405e-18	1.55755e-20	4.41735e-23	9.96248e-26	1.81024e-28	2.68152e-31	3.27285e-34	3.32334e-37	2.83239e-40	2.04266e-43	1.26029e-46	8.59152e-50	
N53	9.75804e-13	1.65606e-10	2.62639e-08	2.57553e-06	0.000143472	0.00416734	0.0565897	0.305216	0.489562	0.132907	0.0110228	0.000382015	6.62669e-06	6.46634e-08	3.8534e-10	1.49098e-12	3.92864e-15	7.32451e-18	9.97084e-21	1.01749e-23	7.95946e-27	4.86562e-30	2.36347e-33	9.25707e-37	2.96161e-40	7.82896e-44	1.72771e-47	3.21249e-51	5.07516e-55	6.86694e-59	9.2703e-63	
ADCATR_Bembidion_lampros	0	0	0	0	0	0	0	0	1	0	0	0	0	0	0	0	0	0	0	0	0	0	0	0	0	0	0	0	0	0	0	
ADCATR_Bembidion_concolor	0	0	0	0	0	0	0	0	1	0	0	0	0	0	0	0	0	0	0	0	0	0	0	0	0	0	0	0	0	0	0	
ADCATR_Bembidion_californicum	0	0	0	0	1	0	0	0	0	0	0	0	0	0	0	0	0	0	0	0	0	0	0	0	0	0	0	0	0	0	0	
ADCATR_Bembidion_planatum	0	0	0	0	0	0	0	0	0	0	1	0	0	0	0	0	0	0	0	0	0	0	0	0	0	0	0	0	0	0	0	
N54	0.0132278	0.0184866	0.0298179	0.0492381	0.0769335	0.108798	0.135925	0.148027	0.139462	0.113178	0.0789217	0.0472301	0.0242462	0.0106794	0.00403833	0.00131236	0.000367008	8.84627e-05	1.84116e-05	3.31543e-06	5.17646e-07	7.02357e-08	8.30125e-09	8.56741e-10	7.74039e-11	6.13763e-12	4.28355e-13	2.64329e-14	1.46516e-15	8.00379e-17	7.67667e-18	
N55	0.00882439	0.012601	0.0211685	0.0368643	0.0611292	0.0920629	0.122865	0.143476	0.145637	0.128063	0.0973892	0.0640151	0.0363746	0.0178794	0.00761071	0.00280961	0.000901101	0.000251575	6.12736e-05	1.30499e-05	2.43635e-06	3.99738e-07	5.77898e-08	7.38109e-09	8.35113e-10	8.39281e-11	7.51461e-12	6.02399e-13	4.4037e-14	3.27082e-15	4.45202e-16	
ADCATR_Bembidion_punctulatum	0	0	0	0	0	0	0	0	0	1	0	0	0	0	0	0	0	0	0	0	0	0	0	0	0	0	0	0	0	0	0	
ADCATR_Bembidion_articulatum	0	0	0	0	0	0	0	0	1	0	0	0	0	0	0	0	0	0	0	0	0	0	0	0	0	0	0	0	0	0	0	
N56	0.00751668	0.0121216	0.0227193	0.0418818	0.0707429	0.105973	0.138262	0.155353	0.149229	0.121956	0.0845343	0.0496079	0.0246257	0.0103396	0.0036738	0.00110576	0.00028233	6.12592e-05	1.13187e-05	1.78496e-06	2.40856e-07	2.78825e-08	2.77692e-09	2.38617e-10	1.77429e-11	1.14507e-12	6.43386e-14	3.15928e-15	1.36994e-16	5.64937e-18	4.05033e-19	
N57	0.0456881	0.0664396	0.10453	0.150071	0.18077	0.175659	0.135247	0.0819715	0.0391157	0.0147593	0.00443367	0.00106904	0.000208727	3.32958e-05	4.37749e-06	4.78327e-07	4.37858e-08	3.3829e-09	2.22134e-10	1.24777e-11	6.03225e-13	2.52408e-14	9.18962e-16	2.92553e-17	8.18153e-19	2.01885e-20	4.41516e-22	8.60748e-24	1.51634e-25	2.56073e-27	6.68239e-29	
ADCATR_Bembidion_tibiale	0	0	0	0	0	0	1	0	0	0	0	0	0	0	0	0	0	0	0	0	0	0	0	0	0	0	0	0	0	0	0	
ADCATR_Bembidion_tetracolum	0	0	1	0	0	0	0	0	0	0	0	0	0	0	0	0	0	0	0	0	0	0	0	0	0	0	0	0	0	0	0	
N58	0.00125266	0.00238165	0.00562415	0.0132771	0.0287249	0.0548797	0.0908786	0.129047	0.156081	0.160085	0.138837	0.101635	0.0627448	0.0326609	0.0143413	0.00531719	0.00166702	0.000442769	9.98517e-05	1.91678e-05	3.14078e-06	4.40597e-07	5.3082e-08	5.51022e-09	4.94486e-10	3.84937e-11	2.60906e-12	1.54799e-13	8.17259e-15	4.2054e-16	3.7352e-17	
N59	4.82785e-08	3.03683e-07	2.50924e-06	1.88931e-05	0.000121889	0.000658198	0.00292584	0.0105592	0.0305738	0.0703081	0.127346	0.180513	0.199363	0.171106	0.11401	0.0590024	0.0237591	0.00746845	0.00184136	0.000358328	5.54555e-05	6.88376e-06	6.91582e-07	5.67528e-08	3.83875e-09	2.159e-10	1.01817e-11	4.06051e-13	1.38802e-14	4.35077e-16	2.23762e-17	
ADCATR_Bembidion_mexicanum	0	0	0	0	0	0	0	0	0	0	0	0	0	0	0	0	0	1	0	0	0	0	0	0	0	0	0	0	0	0	0	
N60	7.09233e-36	1.26602e-31	2.06042e-27	2.55064e-23	2.25079e-19	1.35507e-15	5.28233e-12	1.23517e-08	1.52995e-05	0.00795805	0.980816	0.0111804	3.01454e-05	3.40151e-08	2.02285e-11	7.16774e-15	1.6306e-18	2.50144e-22	2.67677e-26	2.04647e-30	1.13696e-34	4.6443e-39	1.40538e-43	3.1624e-48	5.29306e-53	6.56757e-58	5.99653e-63	3.98158e-68	1.89526e-73	6.50234e-79	1.88558e-84	
ADCATR_Bembidion_sejunctum	0	0	0	0	0	0	0	0	0	0	1	0	0	0	0	0	0	0	0	0	0	0	0	0	0	0	0	0	0	0	0	
ADCATR_Bembidion_transversale	0	0	0	0	0	0	0	0	0	0	1	0	0	0	0	0	0	0	0	0	0	0	0	0	0	0	0	0	0	0	0	
ADCATR_Bembidion_decorum	0	0	0	0	0	0	0	0	0	1	0	0	0	0	0	0	0	0	0	0	0	0	0	0	0	0	0	0	0	0	0	
ADCATR_Pogonus_chalceus	0	0	0	0	0	0	0	0	0	0	0	0	0	0	1	0	0	0	0	0	0	0	0	0	0	0	0	0	0	0	0	
N61	0.236872	0.224812	0.189344	0.142024	0.0950892	0.0569096	0.0304737	0.0146086	0.00627212	0.00241253	0.00083159	0.000256955	7.12013e-05	1.77017e-05	3.95101e-06	7.92321e-07	1.42888e-07	2.31989e-08	3.39525e-09	4.48609e-10	5.36084e-11	5.8064e-12	5.71543e-13	5.13007e-14	4.21705e-15	3.19249e-16	2.24163e-17	1.47267e-18	9.15669e-20	5.58199e-21	4.81545e-22	
ADCASC_Dyschirius_sp	0	0	0	0	0	0	0	0	0	0	0	1	0	0	0	0	0	0	0	0	0	0	0	0	0	0	0	0	0	0	0	
N62	0.255835	0.238466	0.193956	0.138282	0.0866781	0.0478615	0.0233104	0.0100221	0.00380582	0.00127696	0.000378681	9.92775e-05	2.30163e-05	4.72046e-06	8.56809e-07	1.37711e-07	1.96118e-08	2.4766e-09	2.77566e-10	2.7636e-11	2.44717e-12	1.92961e-13	1.35672e-14	8.5189e-16	4.7852e-17	2.40929e-18	1.08984e-19	4.4439e-21	1.64965e-22	5.99099e-24	3.90509e-25	
N63	0.246709	0.231895	0.191737	0.140088	0.0907348	0.0522233	0.0267595	0.0122254	0.0049861	0.00181741	0.000592623	0.000173045	4.52909e-05	1.06356e-05	2.2431e-06	4.25336e-07	7.25936e-08	1.11649e-08	1.54935e-09	1.94246e-10	2.20342e-11	2.26508e-12	2.11414e-13	1.79593e-14	1.39309e-15	9.91649e-17	6.52886e-18	4.02688e-19	2.37712e-20	1.41735e-21	1.26531e-22	
N64	0.25476	0.237782	0.193864	0.138645	0.0871999	0.0483077	0.0235948	0.0101666	0.00386624	0.00129818	0.000385061	0.000100956	2.34136e-05	4.80766e-06	8.74961e-07	1.41304e-07	2.02774e-08	2.58928e-09	2.94661e-10	2.9932e-11	2.71855e-12	2.21139e-13	1.61388e-14	1.05858e-15	6.25205e-17	3.3318e-18	1.60695e-19	7.0603e-21	2.88472e-22	1.19391e-23	8.19629e-25	
N65	0.258341	0.240585	0.19514	0.138258	0.085646	0.0463794	0.0219399	0.00905901	0.00326266	0.00102461	0.000280576	6.70269e-05	1.39801e-05	2.54885e-06	4.06806e-07	5.69353e-08	7.00087e-09	7.57857e-10	7.23807e-11	6.11268e-12	4.57525e-13	3.04231e-14	1.80168e-15	9.52854e-17	4.51508e-18	1.9255e-19	7.44358e-21	2.6423e-22	8.82565e-24	2.9312e-25	1.40461e-26	
N66	0.258362	0.241512	0.196833	0.139644	0.0858636	0.0455055	0.0206731	0.00801279	0.00264008	0.000737644	0.000174542	3.49654e-05	5.93324e-06	8.53859e-07	1.04395e-07	1.08672e-08	9.65553e-10	7.34227e-11	4.79212e-12	2.69252e-13	1.3063e-14	5.48922e-16	2.00399e-17	6.37567e-19	1.77308e-20	4.32367e-22	9.27691e-24	1.76067e-25	2.99852e-27	4.88302e-29	1.20896e-30	
N67	0.253871	0.239292	0.197653	0.142161	0.088191	0.046714	0.0209364	0.00788157	0.00247889	0.000649088	0.000141223	2.5514e-05	3.82895e-06	4.77879e-07	4.96906e-08	4.31459e-09	3.1366e-10	1.91471e-11	9.84526e-13	4.27807e-14	1.57626e-15	4.94141e-17	1.32258e-18	3.03275e-20	5.97859e-22	1.0167e-23	1.4966e-25	1.91413e-27	2.14198e-29	2.181e-31	3.25922e-33	
N68	0.243296	0.232365	0.196511	0.145717	0.093545	0.0513478	0.0238486	0.00929808	0.00302651	0.0008197	0.000184428	3.44614e-05	5.35167e-06	6.9176e-07	7.45837e-08	6.72452e-09	5.08462e-10	3.23438e-11	1.73658e-12	7.89679e-14	3.05197e-15	1.00605e-16	2.83865e-18	6.88027e-20	1.43771e-21	2.59999e-23	4.08852e-25	5.63588e-27	6.94595e-29	8.12352e-31	1.30243e-32	
N69	0.243118	0.232408	0.196749	0.145918	0.0935673	0.0512436	0.0237337	0.00922921	0.00299868	0.000811707	0.000182798	3.42416e-05	5.33884e-06	6.93825e-07	7.53004e-08	6.84068e-09	5.21562e-10	3.3471e-11	1.81349e-12	8.32202e-14	3.24511e-15	1.07884e-16	3.06804e-18	7.48845e-20	1.57396e-21	2.85823e-23	4.4992e-25	6.16078e-27	7.38284e-29	8.04361e-31	1.31693e-32	
N70	0.240402	0.228105	0.191703	0.14278	0.0941036	0.0547562	0.0280618	0.0126419	0.00499999	0.00173521	0.000528467	0.000141345	3.32403e-05	6.88446e-06	1.25812e-06	2.033e-07	2.91143e-08	3.70387e-09	4.19604e-10	4.24346e-11	3.84023e-12	3.11747e-13	2.27557e-14	1.49707e-15	8.89762e-17	4.78948e-18	2.34319e-19	1.05015e-20	4.42798e-22	1.94804e-23	1.39694e-24	
N71	0.210556	0.204288	0.179687	0.143755	0.104823	0.0697539	0.042391	0.023537	0.0119427	0.00553852	0.00234799	0.000910113	0.000322632	0.000104637	3.10614e-05	8.44396e-06	2.10343e-06	4.8047e-07	1.00716e-07	1.939e-08	3.43159e-09	5.58795e-10	8.38058e-11	1.15877e-11	1.47874e-12	1.74376e-13	1.90394e-14	1.9363e-15	1.88356e-16	1.99695e-17	3.96446e-18	
ADCAHA_Platymetopus_sp	0	1	0	0	0	0	0	0	0	0	0	0	0	0	0	0	0	0	0	0	0	0	0	0	0	0	0	0	0	0	0	
ADCAHA_Amblystomus_sp	0	0	0	1	0	0	0	0	0	0	0	0	0	0	0	0	0	0	0	0	0	0	0	0	0	0	0	0	0	0	0	
N72	0.247331	0.232321	0.191852	0.139936	0.0904502	0.0519379	0.0265466	0.0120979	0.0049232	0.00179162	0.000583889	0.000170661	4.48031e-05	1.05811e-05	2.25163e-06	4.3244e-07	7.50851e-08	1.18067e-08	1.68424e-09	2.18346e-10	2.57698e-11	2.77371e-12	2.72741e-13	2.4543e-14	2.02466e-15	1.53403e-16	1.0702e-17	6.9124e-19	4.21683e-20	2.6849e-21	3.10352e-22	
ADCAHA_Anisodactylus_virens	0	1	0	0	0	0	0	0	0	0	0	0	0	0	0	0	0	0	0	0	0	0	0	0	0	0	0	0	0	0	0	
ADCAHA_Anisodactylus_hispanus	0	1	0	0	0	0	0	0	0	0	0	0	0	0	0	0	0	0	0	0	0	0	0	0	0	0	0	0	0	0	0	
N73	0.183071	0.188735	0.181881	0.158626	0.122042	0.0814918	0.0467805	0.022963	0.00960978	0.00342339	0.00103758	0.000267611	5.87816e-05	1.10103e-05	1.76164e-06	2.41264e-07	2.8349e-08	2.86528e-09	2.49787e-10	1.88361e-11	1.23227e-12	7.01497e-14	3.48545e-15	1.51608e-16	5.79063e-18	1.94806e-19	5.79171e-21	1.52932e-22	3.63534e-24	8.29684e-26	3.01174e-27	
N74	0.161686	0.163908	0.156617	0.14065	0.118149	0.0923175	0.066722	0.044379	0.0270489	0.015056	0.00763409	0.00351992	0.00147422	0.000560552	0.000193488	6.06441e-05	1.72687e-05	4.47091e-06	1.05342e-06	2.26118e-07	4.42688e-08	7.91454e-09	1.29385e-09	1.93678e-10	2.65906e-11	3.35622e-12	3.91288e-13	4.26678e-14	4.52088e-15	5.25869e-16	1.03347e-16	
ADCAHA_Parophonus_hespericus	0	0	0	0	0	1	0	0	0	0	0	0	0	0	0	0	0	0	0	0	0	0	0	0	0	0	0	0	0	0	0	
ADCAHA_Notiobia_sp	0	0	0	0	0	0	1	0	0	0	0	0	0	0	0	0	0	0	0	0	0	0	0	0	0	0	0	0	0	0	0	
N75	0.0871759	0.112484	0.145625	0.167802	0.164649	0.135625	0.0932868	0.0534298	0.0254347	0.0100509	0.00329473	0.000895835	0.000202135	3.78903e-05	5.91003e-06	7.68682e-07	8.3581e-08	7.61977e-09	5.84319e-10	3.78213e-11	2.07388e-12	9.66998e-14	3.84884e-15	1.31274e-16	3.85169e-18	9.7594e-20	2.14372e-21	4.09953e-23	6.88167e-25	1.0637e-26	2.53939e-28	
N76	0.0454757	0.0694665	0.10871	0.148889	0.171435	0.164197	0.130206	0.0852054	0.0458917	0.0203028	0.00736781	0.0021917	0.0005344	0.000106871	1.75501e-05	2.37076e-06	2.64032e-07	2.43078e-08	1.85554e-09	1.17836e-10	6.24769e-12	2.77605e-13	1.03774e-14	3.27663e-16	8.7738e-18	2.0004e-19	3.89906e-21	6.52393e-23	9.42855e-25	1.22218e-26	2.38788e-28	
N77	0.115491	0.128842	0.142896	0.149799	0.142757	0.120581	0.0888766	0.0566233	0.0310022	0.014538	0.00582857	0.00199662	0.000584535	0.000146387	3.14047e-05	5.7821e-06	9.15627e-07	1.2501e-07	1.47537e-08	1.50934e-09	1.34228e-10	1.04074e-11	7.05617e-13	4.19583e-14	2.19472e-15	1.01282e-16	4.13596e-18	1.49985e-19	4.87447e-21	1.51494e-22	8.07203e-24	
N78	0.108503	0.120993	0.134728	0.143133	0.139882	0.122693	0.0950732	0.0644373	0.0379593	0.0193609	0.00853132	0.00324469	0.00106506	0.000301922	7.40019e-05	1.57075e-05	2.89279e-06	4.63243e-07	6.4655e-08	7.88461e-09	8.42305e-10	7.90364e-11	6.53172e-12	4.76709e-13	3.08098e-14	1.76813e-15	9.0356e-17	4.12687e-18	1.70355e-19	6.85749e-21	4.86889e-22	
ADCAHA_Dixus_capito	0	0	0	1	0	0	0	0	0	0	0	0	0	0	0	0	0	0	0	0	0	0	0	0	0	0	0	0	0	0	0	
N79	0.0368301	0.0505375	0.0757797	0.108935	0.140137	0.156211	0.148578	0.11965	0.0812558	0.0464494	0.0223404	0.00904557	0.00308763	0.000890342	0.000217452	4.51197e-05	7.98045e-06	1.20758e-06	1.56915e-07	1.75773e-08	1.70403e-09	1.43524e-10	1.05432e-11	6.78064e-13	3.83198e-14	1.90985e-15	8.42443e-17	3.30175e-18	1.16017e-19	3.90334e-21	2.29254e-22	
ADCAHA_Abax_ovalis	0	0	0	0	0	0	0	0	0	1	0	0	0	0	0	0	0	0	0	0	0	0	0	0	0	0	0	0	0	0	0	
ADCAHA_Abax_parallelepipedus	0	0	0	0	0	1	0	0	0	0	0	0	0	0	0	0	0	0	0	0	0	0	0	0	0	0	0	0	0	0	0	
N80	0.134969	0.158113	0.180137	0.180638	0.151107	0.102782	0.0561606	0.024521	0.00854615	0.0023818	0.000532857	9.62001e-05	1.41026e-05	1.69013e-06	1.6676e-07	1.36424e-08	9.3185e-10	5.35057e-11	2.59946e-12	1.07522e-13	3.80901e-15	1.16214e-16	3.07001e-18	7.05715e-20	1.41834e-21	2.50349e-23	3.89797e-25	5.38141e-27	6.66261e-29	7.82874e-31	1.3955e-32	
N81	0.0802526	0.110955	0.158747	0.196097	0.191053	0.141188	0.0778167	0.0317624	0.00958318	0.00214043	0.00035529	4.4079e-05	4.1162e-06	2.91625e-07	1.58091e-08	6.61555e-10	2.15605e-11	5.52091e-13	1.12039e-14	1.81704e-16	2.37408e-18	2.51834e-20	2.18484e-22	1.5612e-24	9.24983e-27	4.57376e-29	1.9033e-31	6.91574e-34	3.12514e-36	5.10196e-38	2.38044e-39	
N82	0.0794669	0.109996	0.157854	0.195776	0.191537	0.142126	0.0786479	0.0322291	0.0097626	0.00218928	0.000364895	4.54632e-05	4.26429e-06	3.03524e-07	1.65352e-08	6.95564e-10	2.27957e-11	5.87218e-13	1.19934e-14	1.95855e-16	2.57822e-18	2.7594e-20	2.44568e-22	2.0971e-24	4.49933e-26	3.1024e-27	2.46419e-28	1.82453e-29	1.24695e-30	8.07999e-32	7.22006e-33	
ADCAHA_Carterus_rotundicollis_M	0	0	0	0	0	0	0	1	0	0	0	0	0	0	0	0	0	0	0	0	0	0	0	0	0	0	0	0	0	0	0	
ADCAHA_Licinus_sp	0	0	0	0	0	0	1	0	0	0	0	0	0	0	0	0	0	0	0	0	0	0	0	0	0	0	0	0	0	0	0	
ADCAHA_Carterus_fulvipes	0	0	1	0	0	0	0	0	0	0	0	0	0	0	0	0	0	0	0	0	0	0	0	0	0	0	0	0	0	0	0	
ADCAHA_Abacetus_sp	0	1	0	0	0	0	0	0	0	0	0	0	0	0	0	0	0	0	0	0	0	0	0	0	0	0	0	0	0	0	0	
N83	0.00301601	0.00706772	0.0177899	0.0395309	0.0748712	0.119255	0.158353	0.174192	0.158028	0.11787	0.0721427	0.0361972	0.0148865	0.00502134	0.00139103	0.000317103	5.9637e-05	9.28124e-06	1.19944e-06	1.29207e-07	1.16495e-08	8.82867e-10	5.64899e-11	3.06547e-12	1.41742e-13	5.6125e-15	1.91505e-16	5.6885e-18	1.50524e-19	3.7995e-21	1.40846e-22	
ADCAHA_Harpalus_pennsylvanicus	0	0	0	0	0	0	0	0	1	0	0	0	0	0	0	0	0	0	0	0	0	0	0	0	0	0	0	0	0	0	0	
N84	0.000367588	0.000987055	0.00324407	0.00988958	0.0258935	0.056619	0.102016	0.150279	0.180059	0.174862	0.137326	0.0871048	0.0446073	0.0184522	0.006173	0.00167334	0.000368474	6.61145e-05	9.70034e-06	1.16834e-06	1.16002e-07	9.53655e-09	6.52134e-10	3.72699e-11	1.78904e-12	7.25342e-14	2.50201e-15	7.43215e-17	1.94987e-18	4.81796e-20	1.66369e-21	
N85	3.16931e-09	1.97163e-08	1.66327e-07	1.31388e-06	9.17451e-06	5.5543e-05	0.000287697	0.00126112	0.00463434	0.0141565	0.0356727	0.0736404	0.123778	0.168533	0.185149	0.163684	0.116307	0.0664396	0.0305639	0.0113578	0.00342428	0.000842132	0.00016999	2.83548e-05	3.93595e-06	4.57958e-07	4.50039e-08	3.77235e-09	2.76126e-10	1.96208e-11	2.39091e-12	
ADCAHA_Nesarpalus_sp	0	0	0	0	0	0	0	0	0	0	0	0	0	1	0	0	0	0	0	0	0	0	0	0	0	0	0	0	0	0	0	
ADCAHA_Acinopus_picipes	0	0	0	0	0	0	0	0	0	0	0	0	0	0	0	0	0	0	1	0	0	0	0	0	0	0	0	0	0	0	0	
N86	8.37303e-05	0.000249744	0.000947833	0.00344342	0.0109325	0.029117	0.0637113	0.11323	0.162342	0.186966	0.172496	0.127295	0.0750973	0.03543	0.0133836	0.00405597	0.000988812	0.000194574	3.10241e-05	4.0258e-06	4.27157e-07	3.72449e-08	2.68246e-09	1.60434e-10	8.01188e-12	3.36065e-13	1.19266e-14	3.62245e-16	9.64872e-18	2.40948e-19	8.53815e-21	
N87	4.26697e-06	1.77278e-05	9.84036e-05	0.000519638	0.00235199	0.00873735	0.0260958	0.0619653	0.116177	0.171182	0.197579	0.178237	0.125494	0.0689221	0.0295298	0.00987849	0.00258404	0.00052968	8.53125e-05	1.0832e-05	1.08824e-06	8.68674e-08	5.53439e-09	2.82786e-10	1.16483e-11	3.8897e-13	1.05989e-14	2.37791e-16	4.4702e-18	7.54833e-20	2.09345e-21	
N88	9.59149e-06	3.90393e-05	0.000197983	0.000924281	0.00367835	0.012115	0.032542	0.0706524	0.123203	0.171738	0.190698	0.168274	0.117843	0.0654737	0.0288811	0.0101312	0.00283342	0.000633894	0.000113905	1.65162e-05	1.94246e-06	1.86322e-07	1.46612e-08	9.52094e-10	5.13502e-11	2.31613e-12	8.81248e-14	2.86776e-15	8.22339e-17	2.26415e-18	8.78387e-20	
ADCAHA_Harpalus_anxius	0	0	0	0	0	0	0	0	0	0	0	0	0	0	0	0	1	0	0	0	0	0	0	0	0	0	0	0	0	0	0	
N89	0.0704095	0.126562	0.228706	0.280224	0.197266	0.0771792	0.0171839	0.00227216	0.000186725	9.94936e-06	3.56843e-07	8.89937e-09	1.58717e-10	2.07396e-12	2.02785e-14	1.51133e-16	8.75675e-19	4.50956e-21	9.46134e-23	1.06002e-23	1.26225e-24	1.37681e-25	1.37482e-26	1.26034e-27	1.06363e-28	8.2864e-30	5.97985e-31	4.02208e-32	2.56455e-33	1.63731e-34	1.32711e-35	
N90	0.0705507	0.127006	0.229565	0.280656	0.196635	0.0763702	0.016833	0.0021969	0.000177645	9.28366e-06	3.25489e-07	7.90856e-09	1.36953e-10	1.73178e-12	1.63306e-14	1.16975e-16	6.46845e-19	2.8012e-21	9.62221e-24	2.65194e-26	5.92517e-29	1.08331e-31	1.63473e-34	2.05252e-37	2.1664e-40	2.01014e-43	2.428e-46	1.02771e-48	8.23818e-51	6.6507e-53	5.95231e-55	
ADCAHA_Harpalus_aesculanus	0	0	0	1	0	0	0	0	0	0	0	0	0	0	0	0	0	0	0	0	0	0	0	0	0	0	0	0	0	0	0	
N91	0.0393072	0.22579	0.436655	0.263555	0.0330835	0.00157332	3.60904e-05	4.56833e-07	3.48669e-09	1.71122e-11	5.67486e-14	1.32308e-16	2.24047e-19	2.83174e-22	2.73392e-25	2.05672e-28	1.22665e-31	5.88825e-35	2.30549e-38	7.45053e-42	2.00839e-45	4.55893e-49	8.78919e-53	1.45034e-56	2.06297e-60	2.54572e-64	2.74149e-68	2.59046e-72	2.15853e-76	1.59513e-80	1.21604e-84	
ADCAHA_Harpalus_affinis	0	0	0	1	0	0	0	0	0	0	0	0	0	0	0	0	0	0	0	0	0	0	0	0	0	0	0	0	0	0	0	
ADCAHA_Harpalus_distinguendus	0	1	0	0	0	0	0	0	0	0	0	0	0	0	0	0	0	0	0	0	0	0	0	0	0	0	0	0	0	0	0	
ADCAHA_Harpalus_contemptus	0	0	0	1	0	0	0	0	0	0	0	0	0	0	0	0	0	0	0	0	0	0	0	0	0	0	0	0	0	0	0	
N92	3.4072e-07	1.60046e-06	1.07701e-05	7.02864e-05	0.000396264	0.00184902	0.00700731	0.0213558	0.0520241	0.100894	0.155352	0.189591	0.183237	0.14025	0.0850777	0.0409625	0.0156868	0.0047912	0.00117094	0.000229845	3.63887e-05	4.66768e-06	4.8746e-07	4.16571e-08	2.92864e-09	1.70354e-10	8.25481e-12	3.36748e-13	1.18518e-14	3.91143e-16	1.91037e-17	
N93	8.42495e-09	5.09931e-08	4.62928e-07	4.01852e-06	2.98793e-05	0.000184246	0.000930181	0.00381724	0.0126684	0.0338655	0.0726915	0.124983	0.17184	0.188742	0.165557	0.116019	0.0650218	0.029192	0.0105229	0.00305427	0.000716218	0.000136212	2.10989e-05	2.67406e-06	2.78657e-07	2.39996e-08	1.71828e-09	1.03117e-10	5.29728e-12	2.55465e-13	1.96559e-14	
N94	6.6474e-19	5.31767e-17	4.93785e-15	4.0041e-13	2.67296e-11	1.41916e-09	5.82621e-08	1.79502e-06	4.00264e-05	0.000616574	0.00617028	0.0370949	0.124472	0.241592	0.281503	0.19954	0.0849264	0.0209149	0.00287633	0.000237791	1.27812e-05	4.7498e-07	1.27848e-08	2.58298e-10	4.02854e-12	4.96198e-14	4.92085e-16	4.00358e-18	2.74374e-20	1.68808e-22	1.31483e-24	
ADCAHA_Harpalus_attenuatus	0	0	0	0	0	0	0	0	0	0	0	1	0	0	0	0	0	0	0	0	0	0	0	0	0	0	0	0	0	0	0	
ADCAHA_Harpalus_rubripes	0	0	0	0	0	0	0	0	0	0	0	0	0	0	0	0	0	1	0	0	0	0	0	0	0	0	0	0	0	0	0	
N95	1.04968e-12	1.45007e-11	2.67957e-10	4.59324e-09	6.66082e-08	7.93115e-07	7.65921e-06	5.95548e-05	0.000370797	0.00184	0.00724804	0.0225872	0.0555285	0.107452	0.163397	0.195044	0.182665	0.134224	0.0774338	0.035114	0.0125395	0.00353531	0.000789447	0.000140188	1.98932e-05	2.26902e-06	2.09519e-07	1.58223e-08	9.99331e-10	5.80048e-11	5.45632e-12	
N96	2.63507e-15	4.66873e-14	1.27904e-12	3.17435e-11	6.60733e-10	1.13147e-08	1.57899e-07	1.78333e-06	1.62046e-05	0.000117848	0.000682729	0.00313782	0.0114004	0.0326474	0.0735202	0.129975	0.180202	0.195861	0.166944	0.111707	0.0587833	0.0243893	0.00800561	0.00208799	0.000435089	7.29325e-05	9.91951e-06	1.10704e-06	1.03257e-07	8.49972e-09	8.59613e-10	
N97	9.59959e-35	4.5365e-32	2.48488e-29	1.19622e-26	4.84472e-24	1.62435e-21	4.45243e-19	9.84416e-17	1.72863e-14	2.36712e-12	2.47255e-10	1.91693e-08	1.06528e-06	4.0515e-05	0.000988542	0.014049	0.0994354	0.272346	0.341662	0.207288	0.0576367	0.00620874	0.000333641	1.0466e-05	2.11191e-07	2.92593e-09	2.9176e-11	2.17407e-13	1.25815e-15	6.07208e-18	3.44594e-20	
ADCAHA_Harpalus_decipiens	0	0	0	0	0	0	0	0	0	0	0	0	0	0	0	0	1	0	0	0	0	0	0	0	0	0	0	0	0	0	0	
ADCAHA_Harpalus_wagneri	0	0	0	0	0	0	0	0	0	0	0	0	0	0	0	0	0	0	0	0	1	0	0	0	0	0	0	0	0	0	0	
ADCAHA_Harpalus_ebeninus	0	0	0	0	0	0	0	0	0	0	0	0	0	0	0	0	0	0	0	0	0	0	0	0	0	0	0	0	1	0	0	
ADCAHA_Harpalus_honestus	0	0	0	0	0	0	0	0	0	1	0	0	0	0	0	0	0	0	0	0	0	0	0	0	0	0	0	0	0	0	0	
ADCAHA_Harpalus_dimidiatus	0	0	0	0	0	0	0	0	0	0	0	0	0	0	1	0	0	0	0	0	0	0	0	0	0	0	0	0	0	0	0	
ADCAHA_Harpalus_serripes	0	0	0	0	0	0	0	0	0	0	0	0	1	0	0	0	0	0	0	0	0	0	0	0	0	0	0	0	0	0	0	
N98	0.177247	0.180618	0.172853	0.152813	0.122443	0.0873572	0.0547009	0.0297427	0.0139405	0.00560656	0.00192992	0.000568037	0.000142978	3.08052e-05	5.68998e-06	9.02777e-07	1.23318e-07	1.4539e-08	1.48343e-09	1.31351e-10	1.01221e-11	6.80831e-13	4.00872e-14	2.07221e-15	9.43146e-17	3.79042e-18	1.34901e-19	4.26603e-21	1.20884e-22	3.25886e-24	1.48365e-25	
N99	0.153042	0.163305	0.167121	0.157593	0.132969	0.0986366	0.0637016	0.0356255	0.0172035	0.00716319	0.00257074	0.00079547	0.000212427	4.90273e-05	9.79708e-06	1.6987e-06	2.56176e-07	3.36888e-08	3.87386e-09	3.90612e-10	3.46373e-11	2.70902e-12	1.87422e-13	1.15036e-14	6.28206e-16	3.06099e-17	1.3346e-18	5.22446e-20	1.85328e-21	6.37714e-23	3.86317e-24	
ADCAHA_Ophonus_stictus	0	0	0	0	0	0	0	1	0	0	0	0	0	0	0	0	0	0	0	0	0	0	0	0	0	0	0	0	0	0	0	
ADCAHA_Graphipterus_sp	0	1	0	0	0	0	0	0	0	0	0	0	0	0	0	0	0	0	0	0	0	0	0	0	0	0	0	0	0	0	0	
N100	0.163193	0.17236	0.173336	0.1597	0.130738	0.0932014	0.0571396	0.029896	0.0132872	0.00500333	0.00159432	0.000429879	9.81513e-05	1.9004e-05	3.12637e-06	4.38039e-07	5.2412e-08	5.37114e-09	4.72899e-10	3.58872e-11	2.35512e-12	1.34104e-13	6.64777e-15	2.87849e-16	1.09229e-17	3.64424e-19	1.07243e-20	2.79336e-22	6.4851e-24	1.4111e-25	5.07047e-27	
ADCAHA_Ophonus_longicollis	0	1	0	0	0	0	0	0	0	0	0	0	0	0	0	0	0	0	0	0	0	0	0	0	0	0	0	0	0	0	0	
N101	0.0932257	0.112139	0.137328	0.156461	0.157119	0.135233	0.0983569	0.0600162	0.0306189	0.0130453	0.00464279	0.00138208	0.000344844	7.23123e-05	1.2784e-05	1.91208e-06	2.4286e-07	2.62978e-08	2.43753e-09	1.94187e-10	1.33507e-11	7.95364e-13	4.1223e-14	1.86607e-15	7.40608e-17	2.58663e-18	7.97891e-20	2.1822e-21	5.33245e-23	1.22836e-24	4.71641e-26	
ADCAHA_Ophonus_azureus	0	0	0	0	0	0	0	0	1	0	0	0	0	0	0	0	0	0	0	0	0	0	0	0	0	0	0	0	0	0	0	
ADCAHA_Bradybaenus_sp	0	0	0	0	1	0	0	0	0	0	0	0	0	0	0	0	0	0	0	0	0	0	0	0	0	0	0	0	0	0	0	
N102	0.054728	0.0681124	0.088482	0.110157	0.12619	0.130973	0.122492	0.103036	0.0778995	0.0529246	0.0323107	0.0177272	0.00874224	0.00387629	0.00154592	0.000554812	0.000179286	5.22015e-05	1.37055e-05	3.24758e-06	6.95169e-07	1.34565e-07	2.35811e-08	3.74533e-09	5.39831e-10	7.07142e-11	8.4384e-12	9.23356e-13	9.52458e-14	1.05572e-14	2.1468e-15	
N103	0.114056	0.187256	0.259551	0.238991	0.137649	0.0492064	0.0113203	0.00176001	0.000193566	1.56513e-05	9.60389e-07	4.59025e-08	1.74619e-09	5.38348e-11	1.36587e-12	2.88955e-14	5.15543e-16	7.83472e-18	1.02307e-19	1.15685e-21	1.14064e-23	9.86821e-26	7.53357e-28	5.10161e-30	3.07983e-32	1.66619e-34	8.13177e-37	3.62058e-39	1.50612e-41	6.17491e-44	3.16175e-46	
ADCAHA_Egadroma_marginatum	0	0	0	0	1	0	0	0	0	0	0	0	0	0	0	0	0	0	0	0	0	0	0	0	0	0	0	0	0	0	0	
ADCAHA_Amphasia_sericea	0	1	0	0	0	0	0	0	0	0	0	0	0	0	0	0	0	0	0	0	0	0	0	0	0	0	0	0	0	0	0	
N104	0.00424644	0.00679476	0.0130116	0.0250384	0.0446103	0.0713209	0.101163	0.126773	0.140121	0.136497	0.11715	0.0885743	0.0589996	0.0346309	0.0179193	0.00817823	0.00329448	0.00117241	0.000368961	0.000102799	2.539e-05	5.56687e-06	1.08516e-06	1.88371e-07	2.91708e-08	4.03863e-09	5.01594e-10	5.63516e-11	5.89707e-12	6.51255e-13	1.27303e-13	
ADCAHA_Stenolophus_teutonus	0	0	0	0	0	0	0	0	0	0	0	0	0	1	0	0	0	0	0	0	0	0	0	0	0	0	0	0	0	0	0	
N105	3.18578e-05	9.26465e-05	0.000346143	0.00125305	0.0040602	0.0114207	0.0274587	0.0559091	0.0958243	0.137686	0.165399	0.165828	0.138626	0.0965968	0.0561215	0.0272079	0.0110214	0.00373743	0.00106351	0.000254689	5.15051e-05	8.82885e-06	1.28811e-06	1.60649e-07	1.72033e-08	1.58909e-09	1.27237e-10	8.8917e-12	5.52933e-13	3.37978e-14	3.59862e-15	
ADCAHA_Stenolophus_mixtus	0	0	0	0	0	0	0	0	0	0	0	0	0	0	0	0	0	1	0	0	0	0	0	0	0	0	0	0	0	0	0	
ADCAHA_Stenolophus_lecontei	0	0	0	0	0	0	0	1	0	0	0	0	0	0	0	0	0	0	0	0	0	0	0	0	0	0	0	0	0	0	0	
N106	0.123961	0.144621	0.16502	0.169045	0.149344	0.112101	0.0711339	0.0381022	0.017226	0.00657689	0.00212274	0.000579972	0.000134362	2.64455e-05	4.43173e-06	6.33821e-07	7.75567e-08	8.14088e-09	7.35019e-10	5.72406e-11	3.85575e-12	2.25289e-13	1.14508e-14	5.07729e-16	1.96957e-17	6.70406e-19	2.00904e-20	5.3287e-22	1.27023e-23	2.92766e-25	1.06798e-26	
N107	0.188224	0.196183	0.190349	0.164032	0.121378	0.0756028	0.0392037	0.0168224	0.00595429	0.00173586	0.000416686	8.24038e-05	1.34416e-05	1.81165e-06	2.02186e-07	1.87315e-08	1.44461e-09	9.30253e-11	5.01776e-12	2.27471e-13	8.69641e-15	2.81365e-16	7.73131e-18	1.81062e-19	3.62689e-21	6.23592e-23	9.23514e-25	1.18219e-26	1.31397e-28	1.30249e-30	1.89823e-32	
N108	0.207717	0.208053	0.191055	0.156734	0.111882	0.068035	0.0347176	0.0147228	0.00515866	0.00148894	0.000353617	6.91241e-05	1.1136e-05	1.48159e-06	1.6322e-07	1.49352e-08	1.13903e-09	7.26696e-11	3.8936e-12	1.75901e-13	6.7279e-15	2.1876e-16	6.07183e-18	1.44445e-19	2.9571e-21	5.23027e-23	8.02365e-25	1.072e-26	1.25604e-28	1.34082e-30	2.12296e-32	
N109	0.205936	0.202703	0.182395	0.149113	0.109775	0.0720818	0.0418457	0.021319	0.0094773	0.00366113	0.00122571	0.000355102	8.89799e-05	1.92898e-05	3.62124e-06	5.89512e-07	8.33707e-08	1.02642e-08	1.10264e-09	1.03613e-10	8.5385e-12	6.18723e-13	3.95303e-14	2.23287e-15	1.11809e-16	4.97668e-18	1.97438e-19	7.00333e-21	2.23887e-22	6.86417e-24	3.6536e-25	
N110	0.178536	0.182722	0.175481	0.154724	0.122595	0.0858219	0.0524435	0.0277529	0.0126571	0.0049617	0.00167009	0.00048274	0.000119943	2.5658e-05	4.73539e-06	7.5584e-07	1.04619e-07	1.25932e-08	1.32223e-09	1.21464e-10	9.79267e-12	6.95046e-13	4.35633e-14	2.4185e-15	1.19286e-16	5.2423e-18	2.05878e-19	7.24898e-21	2.30693e-22	7.06243e-24	3.76909e-25	
ADCAHA_Platyderus_lusitanicus	0	0	0	0	0	1	0	0	0	0	0	0	0	0	0	0	0	0	0	0	0	0	0	0	0	0	0	0	0	0	0	
ADCAHA_Platyderus_varians	0	0	0	1	0	0	0	0	0	0	0	0	0	0	0	0	0	0	0	0	0	0	0	0	0	0	0	0	0	0	0	
N111	0.116379	0.139844	0.167609	0.179597	0.161267	0.117619	0.0687858	0.03215	0.0120322	0.00362308	0.000883442	0.000175718	2.87288e-05	3.89075e-06	4.39787e-07	4.17932e-08	3.36228e-09	2.30506e-10	1.355e-11	6.86967e-13	3.02027e-14	1.15745e-15	3.88506e-17	1.14738e-18	2.99418e-20	6.93209e-22	1.42934e-23	2.63559e-25	4.38027e-27	6.87653e-29	1.72324e-30	
ADCAHA_Amara_sp	0	0	0	1	0	0	0	0	0	0	0	0	0	0	0	0	0	0	0	0	0	0	0	0	0	0	0	0	0	0	0	
ADCAHA_Zabrus_sp	0	0	0	0	0	1	0	0	0	0	0	0	0	0	0	0	0	0	0	0	0	0	0	0	0	0	0	0	0	0	0	
N112	0.184808	0.191776	0.186197	0.162491	0.123288	0.0794801	0.0428892	0.019189	0.00707634	0.00214357	0.000532545	0.000108488	1.81384e-05	2.49318e-06	2.82414e-07	2.64397e-08	2.0526e-09	1.32618e-10	7.15842e-12	3.24103e-13	1.23588e-14	3.98567e-16	1.09159e-17	2.54945e-19	5.09849e-21	8.76587e-23	1.30087e-24	1.67324e-26	1.87783e-28	1.90679e-30	2.84473e-32	
N113	0.163043	0.170218	0.168995	0.155099	0.128355	0.0940759	0.0603406	0.033609	0.0161773	0.00670978	0.00239454	0.000734968	0.000194098	4.41505e-05	8.66325e-06	1.46927e-06	2.1586e-07	2.75403e-08	3.05946e-09	2.96758e-10	2.52048e-11	1.87995e-12	1.23498e-13	7.16626e-15	3.68384e-16	1.68241e-17	6.84616e-19	2.49092e-20	8.17858e-22	2.58694e-23	1.4161e-24	
ADCAHA_Stomis_sp	0	0	0	1	0	0	0	0	0	0	0	0	0	0	0	0	0	0	0	0	0	0	0	0	0	0	0	0	0	0	0	
N114	0.087614	0.110509	0.140341	0.160926	0.159592	0.134958	0.09685	0.058869	0.0302822	0.0131794	0.00485439	0.00151445	0.000400705	9.00799e-05	1.72438e-05	2.81823e-06	3.94393e-07	4.74105e-08	4.91216e-09	4.4019e-10	3.42396e-11	2.32006e-12	1.37441e-13	7.14369e-15	3.26922e-16	1.32182e-17	4.73789e-19	1.51115e-20	4.3243e-22	1.17715e-23	5.45855e-25	
ADCAHA_Pterostichus_herculeanus	0	1	0	0	0	0	0	0	0	0	0	0	0	0	0	0	0	0	0	0	0	0	0	0	0	0	0	0	0	0	0	
ADCAHA_Pterostichus_angustus	0	0	0	0	0	0	0	0	0	0	1	0	0	0	0	0	0	0	0	0	0	0	0	0	0	0	0	0	0	0	0	
N115	0.150266	0.165708	0.175758	0.168075	0.139249	0.0978843	0.0577352	0.0283921	0.0115956	0.00392418	0.00109933	0.00025495	4.89935e-05	7.81477e-06	1.03706e-06	1.14826e-07	1.06424e-08	8.28616e-10	5.44037e-11	3.02401e-12	1.42881e-13	5.7621e-15	1.99152e-16	5.92314e-18	1.52209e-19	3.39314e-21	6.59052e-23	1.12206e-24	1.69915e-26	2.42873e-28	5.12802e-30	
N116	0.0817215	0.106202	0.139495	0.16414	0.16524	0.14003	0.0991859	0.0584779	0.0286181	0.0116046	0.00389574	0.0010827	0.000249295	4.76233e-05	7.56313e-06	1.00104e-06	1.10747e-07	1.02746e-08	8.02178e-10	5.29007e-11	2.95806e-12	1.40804e-13	5.72808e-15	1.9995e-16	6.01276e-18	1.56374e-19	3.5309e-21	6.95053e-23	1.20154e-24	1.90879e-26	4.7368e-28	
N117	0.000962796	0.00245789	0.00733736	0.0198453	0.0455327	0.0866294	0.135315	0.172602	0.179183	0.15105	0.103252	0.0571965	0.0256817	0.0093566	0.00277119	0.00066899	0.000132078	2.14095e-05	2.86201e-06	3.17031e-07	2.92473e-08	2.25882e-09	1.46815e-10	8.07309e-12	3.77528e-13	1.50911e-14	5.18268e-16	1.53761e-17	3.98205e-19	9.53616e-21	3.68178e-22	
N118	4.73853e-05	0.000155477	0.000677566	0.00276137	0.00955314	0.0271295	0.0622445	0.114304	0.166962	0.193137	0.176405	0.126996	0.072023	0.0321998	0.0113697	0.00318033	0.000707559	0.000125817	1.7981e-05	2.07783e-06	1.95388e-07	1.50494e-08	9.55749e-10	5.03757e-11	2.21794e-12	8.20836e-14	2.56919e-15	6.84346e-17	1.56645e-18	3.24546e-20	1.05858e-21	
N119	2.06871e-33	1.01548e-29	4.4565e-26	1.59639e-22	4.41966e-19	9.0234e-16	1.29479e-12	1.23116e-09	7.14592e-07	0.000222698	0.029523	0.949064	0.0210755	0.000113517	2.60211e-07	3.20403e-10	2.40827e-13	1.19788e-16	4.16792e-20	1.0562e-23	2.00993e-27	2.94177e-31	3.37555e-35	3.08437e-39	2.27346e-43	1.36651e-47	6.76011e-52	2.77592e-56	9.57471e-61	2.88999e-65	9.47665e-70	
ADCAHA_Pterostichus_nigrita	0	0	0	0	0	0	0	0	0	0	0	1	0	0	0	0	0	0	0	0	0	0	0	0	0	0	0	0	0	0	0	
ADCAHA_Pterostichus_anthracinus	0	0	0	0	0	0	0	0	0	0	0	1	0	0	0	0	0	0	0	0	0	0	0	0	0	0	0	0	0	0	0	
N120	1.01117e-08	8.68359e-08	1.02621e-06	1.08308e-05	9.39815e-05	0.000649192	0.00349832	0.0144673	0.0452325	0.105415	0.180769	0.225626	0.203405	0.131977	0.0616926	0.0208915	0.00517431	0.000949123	0.000130793	1.37448e-05	1.11794e-06	7.1386e-08	3.62681e-09	1.48439e-10	4.95055e-12	1.3596e-13	3.10471e-15	5.94788e-17	9.65247e-19	1.37703e-20	2.95403e-22	
ADCAHA_Pterostichus_nemoralis	0	0	0	0	0	0	0	0	0	0	0	0	0	0	1	0	0	0	0	0	0	0	0	0	0	0	0	0	0	0	0	
ADCAHA_Pterostichus_alacer	0	0	0	0	0	0	0	0	0	0	0	1	0	0	0	0	0	0	0	0	0	0	0	0	0	0	0	0	0	0	0	
ADCAHA_Pterostichus_aterrimus	0	0	0	0	0	0	0	0	0	1	0	0	0	0	0	0	0	0	0	0	0	0	0	0	0	0	0	0	0	0	0	
N121	0.150787	0.162063	0.168537	0.162125	0.138429	0.101736	0.0630656	0.0325718	0.0139222	0.00491026	0.00142835	0.000343123	6.82353e-05	1.127e-05	1.55184e-06	1.78892e-07	1.73408e-08	1.41989e-09	9.86609e-11	5.84436e-12	2.96489e-13	1.29391e-14	4.8789e-16	1.59631e-17	4.55075e-19	1.13489e-20	2.4855e-22	4.79874e-24	8.21401e-26	1.29526e-27	3.25453e-29	
N122	0.114136	0.13385	0.157119	0.169092	0.157489	0.122833	0.0787816	0.0411539	0.017434	0.00598424	0.00166687	0.000377957	7.00629e-05	1.06715e-05	1.3429e-06	1.40427e-07	1.22745e-08	9.02102e-10	5.60701e-11	2.96409e-12	1.34006e-13	5.20872e-15	1.74954e-16	5.10288e-18	1.29846e-19	2.89532e-21	5.68138e-23	9.85127e-25	1.51777e-26	2.15168e-28	4.81861e-30	
ADCAHA_Pterostichus_niger	0	0	0	0	0	0	1	0	0	0	0	0	0	0	0	0	0	0	0	0	0	0	0	0	0	0	0	0	0	0	0	
ADCAHA_Pterostichus_interruptus	0	0	0	1	0	0	0	0	0	0	0	0	0	0	0	0	0	0	0	0	0	0	0	0	0	0	0	0	0	0	0	
N123	0.102546	0.182861	0.267618	0.250693	0.13986	0.045957	0.00918606	0.00117218	0.00010012	5.96471e-06	2.56564e-07	8.20041e-09	1.9952e-10	3.77156e-12	5.63679e-14	6.76221e-16	6.59831e-18	5.29814e-20	3.53722e-22	1.98187e-24	9.39719e-27	3.79947e-29	1.31902e-31	3.95672e-34	1.03158e-36	2.35011e-39	4.70185e-42	8.30187e-45	1.30271e-47	1.87242e-50	3.45376e-53	
ADCAHA_Pterostichus_ziegleri	0	1	0	0	0	0	0	0	0	0	0	0	0	0	0	0	0	0	0	0	0	0	0	0	0	0	0	0	0	0	0	
N124	0.0292153	0.0946587	0.247434	0.341318	0.216929	0.0615494	0.00829257	0.000580305	2.29176e-05	5.47236e-07	8.35586e-09	8.53959e-11	6.06523e-13	3.08931e-15	1.15883e-17	3.27491e-20	7.11124e-23	1.20704e-25	1.62592e-28	1.76161e-31	1.55369e-34	1.12757e-37	6.7995e-41	3.43717e-44	1.46831e-47	5.33984e-51	1.66447e-54	4.47484e-58	1.04361e-61	2.12452e-65	4.52577e-69	
N125	0.00850949	0.0407782	0.171095	0.358307	0.308113	0.0991366	0.0132035	0.000829764	2.75134e-05	5.2585e-07	6.21055e-09	4.79091e-11	2.52465e-13	9.42937e-16	2.57401e-18	5.27056e-21	8.27663e-24	1.01605e-26	9.91492e-30	7.80423e-33	5.01955e-36	2.6687e-39	1.185e-42	4.43565e-46	1.41145e-49	3.84737e-53	9.04636e-57	1.84657e-60	3.29145e-64	5.15363e-68	8.33867e-72	
ADCAHA_Pterostichus_spinolae	0	0	0	0	1	0	0	0	0	0	0	0	0	0	0	0	0	0	0	0	0	0	0	0	0	0	0	0	0	0	0	
ADCAHA_Pterostichus_flavofemoratus	0	0	0	0	1	0	0	0	0	0	0	0	0	0	0	0	0	0	0	0	0	0	0	0	0	0	0	0	0	0	0	
ADCAHA_Pterostichus_globosus	0	0	0	1	0	0	0	0	0	0	0	0	0	0	0	0	0	0	0	0	0	0	0	0	0	0	0	0	0	0	0	
ADCAHA_Pterostichus_melanarius	0	0	0	1	0	0	0	0	0	0	0	0	0	0	0	0	0	0	0	0	0	0	0	0	0	0	0	0	0	0	0	
N126	0.216517	0.212824	0.18974	0.151234	0.106189	0.0649139	0.0342652	0.0155368	0.00603343	0.00200384	0.000569071	0.000138282	2.87902e-05	5.14519e-06	7.91068e-07	1.04903e-07	1.20316e-08	1.19699e-09	1.03612e-10	7.82754e-12	5.17712e-13	3.00717e-14	1.53879e-15	6.95803e-17	2.78877e-18	9.93896e-20	3.16183e-21	9.03845e-23	2.36504e-24	6.09838e-26	2.48009e-27	
ADCAHA_Dicrochile_sp	0	0	1	0	0	0	0	0	0	0	0	0	0	0	0	0	0	0	0	0	0	0	0	0	0	0	0	0	0	0	0	
N127	0.227375	0.219948	0.190993	0.147752	0.100855	0.060194	0.0311785	0.0139368	0.00535522	0.00176447	0.000497841	0.000120233	2.48626e-05	4.406e-06	6.70052e-07	8.7596e-08	9.86384e-09	9.5888e-10	8.0665e-11	5.88721e-12	3.73749e-13	2.06949e-14	1.00218e-15	4.25614e-17	1.58953e-18	5.23486e-20	1.52472e-21	3.94319e-23	9.15677e-25	2.0369e-26	7.39547e-28	
N128	0.21763	0.213244	0.189275	0.150374	0.105553	0.0647377	0.0344014	0.0157453	0.00618268	0.00207788	0.000596984	0.00014658	3.07707e-05	5.52812e-06	8.51161e-07	1.12515e-07	1.27957e-08	1.25476e-09	1.06354e-10	7.81192e-12	4.98562e-13	2.77214e-14	1.3466e-15	5.73039e-17	2.14221e-18	7.05513e-20	2.05352e-21	5.30918e-23	1.23692e-24	2.77998e-26	9.92788e-28	
ADCAHA_Poecilus_chalcites	0	0	0	0	0	0	0	1	0	0	0	0	0	0	0	0	0	0	0	0	0	0	0	0	0	0	0	0	0	0	0	
N129	0.220033	0.216878	0.193411	0.152857	0.104987	0.0617482	0.030795	0.0129445	0.00457113	0.00135442	0.000336799	7.03785e-05	1.23849e-05	1.84043e-06	2.31693e-07	2.47972e-08	2.26468e-09	1.77176e-10	1.19208e-11	6.92491e-13	3.48689e-14	1.52775e-15	5.84663e-17	1.96155e-18	5.79026e-20	1.50908e-21	3.48436e-23	7.15281e-25	1.31436e-26	2.26614e-28	6.31485e-30	
N130	0.259964	0.245065	0.201366	0.142135	0.0847126	0.0419847	0.0171126	0.0056987	0.00154642	0.000342092	6.18481e-05	9.17498e-06	1.12229e-06	1.13808e-07	9.62252e-09	6.82268e-10	4.08009e-11	2.06959e-12	8.95328e-14	3.32097e-15	1.06157e-16	2.93871e-18	7.07816e-20	1.48998e-21	2.75287e-23	4.48232e-25	6.45676e-27	8.25927e-29	9.42425e-31	9.85562e-33	1.57583e-34	
ADCAHA_Poecilus_versicolor	0	0	1	0	0	0	0	0	0	0	0	0	0	0	0	0	0	0	0	0	0	0	0	0	0	0	0	0	0	0	0	
ADCAHA_Poecilus_lucublandus	0	0	1	0	0	0	0	0	0	0	0	0	0	0	0	0	0	0	0	0	0	0	0	0	0	0	0	0	0	0	0	
ADCAHA_Poecilus_cupreus	0	0	0	0	0	1	0	0	0	0	0	0	0	0	0	0	0	0	0	0	0	0	0	0	0	0	0	0	0	0	0	
ADCAHA_Sarothrocrepis_sp	0	1	0	0	0	0	0	0	0	0	0	0	0	0	0	0	0	0	0	0	0	0	0	0	0	0	0	0	0	0	0	
N131	0.0167797	0.0273978	0.0478505	0.0763405	0.10747	0.132766	0.1439	0.13693	0.11448	0.084156	0.0544374	0.0310106	0.01557	0.00689633	0.00269717	0.000932387	0.000285201	7.72802e-05	1.85726e-05	3.96391e-06	7.52327e-07	1.27159e-07	1.91693e-08	2.58182e-09	3.1131e-10	3.37037e-11	3.29422e-12	2.94487e-13	2.49624e-14	2.23577e-15	3.17886e-16	
N132	1.8008e-09	1.14475e-08	9.16383e-08	6.74587e-07	4.35928e-06	2.44865e-05	0.000119087	0.00049993	0.00180615	0.00559814	0.0148383	0.0335235	0.0643432	0.104573	0.143456	0.16561	0.160448	0.130144	0.0882107	0.049894	0.0235352	0.00925905	0.00304069	0.000834964	0.000192205	3.7227e-05	6.10183e-06	8.5636e-07	1.0637e-07	1.32301e-08	2.72622e-09	
N133	4.8922e-19	1.39792e-17	5.3792e-16	1.9264e-14	6.06404e-13	1.63976e-11	3.75893e-10	7.22913e-09	1.15462e-07	1.51506e-06	1.61395e-05	0.000137745	0.000928132	0.00485787	0.0194058	0.0580764	0.127828	0.203504	0.231416	0.186753	0.106968	0.043782	0.0129708	0.002829	0.000462893	5.79223e-05	5.65036e-06	4.38985e-07	2.80901e-08	1.63016e-09	1.44536e-10	
ADCAHA_Agonum_marginatum	0	0	0	0	0	0	0	0	0	0	0	0	0	0	0	0	0	1	0	0	0	0	0	0	0	0	0	0	0	0	0	
ADCAHA_Oodes_sp	0	0	0	0	0	0	0	0	0	0	0	0	0	0	0	0	0	0	0	0	1	0	0	0	0	0	0	0	0	0	0	
N134	6.43096e-20	2.78531e-18	1.50764e-16	7.24198e-15	2.91977e-13	9.66045e-12	2.592e-10	5.59273e-09	9.63393e-08	1.31564e-06	1.41456e-05	0.000118923	0.000776471	0.00391134	0.015105	0.0444574	0.0991876	0.166962	0.211215	0.200209	0.14192	0.075174	0.0297688	0.00883023	0.00196928	0.000332236	4.28442e-05	4.30631e-06	3.52874e-07	2.71416e-08	3.53432e-09	
N135	1.02139e-21	4.58678e-20	2.8927e-18	1.59025e-16	7.33025e-15	2.80555e-13	8.8481e-12	2.28208e-10	4.77658e-09	8.0506e-08	1.08408e-06	1.1573e-05	9.72021e-05	0.000637653	0.00324485	0.0127289	0.0382803	0.0878468	0.153265	0.202765	0.20311	0.154007	0.0884825	0.0386131	0.0128524	0.00328494	0.000652178	0.000102854	1.35338e-05	1.66412e-06	2.71026e-07	
N136	2.25957e-26	1.24758e-24	9.81155e-23	6.87716e-21	4.1688e-19	2.17007e-17	9.64131e-16	3.63265e-14	1.15297e-12	3.0609e-11	6.74693e-10	1.22527e-08	1.81862e-07	2.18789e-06	2.11524e-05	0.000162908	0.000990604	0.00471324	0.0173896	0.0493131	0.106568	0.17412	0.213621	0.195769	0.133633	0.0679852	0.025932	0.00754139	0.00175042	0.000372858	0.000113883	
ADCAHA_Notagonum_sp	0	0	0	0	0	0	0	0	0	0	0	0	0	0	0	0	0	0	0	0	0	0	0	0	1	0	0	0	0	0	0	
ADCAHA_Percus_politus	0	0	0	0	0	0	0	0	0	0	0	0	0	0	0	0	0	0	0	0	0	0	0	0	0	1	0	0	0	0	0	
ADCAHA_Agonum_muelleri	0	0	0	0	0	0	0	0	0	0	0	0	0	0	0	0	0	0	0	0	0	0	1	0	0	0	0	0	0	0	0	
N137	2.56002e-19	8.77635e-18	4.28014e-16	1.84566e-14	6.64848e-13	1.97483e-11	4.798e-10	9.46284e-09	1.50353e-07	1.90984e-06	1.92457e-05	0.000152686	0.000946534	0.00455216	0.0168694	0.0478727	0.103471	0.169554	0.209911	0.195879	0.137629	0.0728353	0.0290838	0.00879138	0.00202159	0.000356113	4.85527e-05	5.21535e-06	4.59155e-07	3.74138e-08	4.81072e-09	
N138	4.34814e-20	2.3115e-18	1.67824e-16	1.04588e-14	5.3818e-13	2.25623e-11	7.60946e-10	2.03616e-08	4.25658e-07	6.83409e-06	8.27031e-05	0.000739272	0.00477983	0.0219029	0.0698937	0.153408	0.230214	0.23616	0.16629	0.0809806	0.0275695	0.00665367	0.00115704	0.000147526	1.40359e-05	1.01355e-06	5.64724e-08	2.47033e-09	8.71232e-11	2.69089e-12	1.20407e-13	
N139	4.11437e-24	8.47583e-22	2.04183e-19	3.99194e-17	6.18551e-15	7.46149e-13	6.86426e-11	4.70047e-09	2.32737e-07	8.04391e-06	0.000185817	0.00271766	0.0235268	0.111386	0.268089	0.322067	0.195035	0.0635313	0.0119609	0.00138353	0.000103299	5.18172e-06	1.80535e-07	4.49396e-09	8.19067e-11	1.11684e-12	1.1614e-14	9.37214e-17	5.9733e-19	3.12459e-21	2.0402e-23	
ADCAHA_Microlestes_sp	0	0	0	0	0	0	0	0	0	0	0	0	0	0	0	1	0	0	0	0	0	0	0	0	0	0	0	0	0	0	0	
ADCAHA_Chlaenius_sp	0	0	0	0	0	0	0	0	0	0	0	0	0	1	0	0	0	0	0	0	0	0	0	0	0	0	0	0	0	0	0	
ADCAHA_Craspedophorus_sp	0	0	0	0	0	0	0	0	0	0	0	0	0	0	0	0	0	0	0	1	0	0	0	0	0	0	0	0	0	0	0	
ADCAHA_Loxandrus_sp	0	0	0	0	0	0	0	0	0	0	0	0	0	0	0	0	0	0	0	0	0	1	0	0	0	0	0	0	0	0	0	
ADCAHA_Pterostichus_oblongopunctatus	0	1	0	0	0	0	0	0	0	0	0	0	0	0	0	0	0	0	0	0	0	0	0	0	0	0	0	0	0	0	0	
N140	0.114245	0.128602	0.144009	0.151635	0.144252	0.121046	0.0883633	0.0556639	0.0301147	0.0139539	0.00552987	0.00187344	0.000542727	0.000134548	2.85798e-05	5.20948e-06	8.16348e-07	1.10202e-07	1.28437e-08	1.29541e-09	1.13343e-10	8.62503e-12	5.72298e-13	3.31988e-14	1.68817e-15	7.54554e-17	2.97338e-18	1.03767e-19	3.25226e-21	9.90012e-23	5.04601e-24	
N141	0.0088121	0.0151016	0.0306859	0.0597323	0.101531	0.14526	0.172193	0.167859	0.134054	0.0875483	0.0467371	0.0204066	0.00729761	0.00214185	0.000517304	0.000103133	1.70315e-05	2.33854e-06	2.68037e-07	2.57506e-08	2.08229e-09	1.42329e-10	8.25818e-12	4.08447e-13	1.72922e-14	6.29213e-16	1.97577e-17	5.377e-19	1.27849e-20	2.79828e-22	9.92068e-24	
N142	0.00794187	0.012248	0.0228299	0.0434075	0.0758429	0.115593	0.15004	0.164088	0.150488	0.115534	0.0742335	0.0399474	0.0180295	0.0068379	0.00218437	0.000589342	0.000134692	2.61606e-05	4.33262e-06	6.14006e-07	7.4726e-08	7.83835e-09	7.11237e-10	5.60301e-11	3.84606e-12	2.30882e-13	1.21709e-14	5.67172e-16	2.38546e-17	9.95807e-19	6.83825e-20	
ADCAHA_Cymindis_sp	0	0	0	0	0	0	0	0	0	1	0	0	0	0	0	0	0	0	0	0	0	0	0	0	0	0	0	0	0	0	0	
N143	7.23164e-09	1.25294e-07	2.32812e-06	3.38007e-05	0.000366776	0.00288104	0.0159106	0.0601656	0.152027	0.250582	0.262705	0.170487	0.0667323	0.0156083	0.00226798	0.000215773	1.41115e-05	6.60961e-07	2.29339e-08	6.06148e-10	1.24896e-11	2.04576e-13	2.70838e-15	2.93975e-17	2.6488e-19	2.00296e-21	1.28379e-23	7.04659e-26	3.36793e-28	1.47795e-30	8.48613e-33	
ADCAHA_Calathus_micropterus	0	0	0	0	0	0	0	0	0	0	0	0	1	0	0	0	0	0	0	0	0	0	0	0	0	0	0	0	0	0	0	
N144	1.23713e-13	6.01074e-11	2.51358e-08	5.96081e-06	0.000612381	0.0093888	0.0592032	0.187667	0.316918	0.282223	0.122602	0.0208761	0.000498174	4.78653e-06	2.38288e-08	6.95794e-11	1.28901e-13	1.6029e-16	1.39707e-19	8.83496e-23	4.17028e-26	1.50443e-29	4.23178e-33	9.44207e-37	1.69611e-40	2.48488e-44	3.0031e-48	3.02428e-52	2.5608e-56	1.84223e-60	1.33822e-64	
ADCAHA_Dromius_sp	0	0	0	0	1	0	0	0	0	0	0	0	0	0	0	0	0	0	0	0	0	0	0	0	0	0	0	0	0	0	0	
ADCAHA_Diplocheila_sp	0	0	0	0	0	0	0	0	0	0	0	1	0	0	0	0	0	0	0	0	0	0	0	0	0	0	0	0	0	0	0	
N145	0.00223682	0.00471704	0.0126921	0.0325878	0.0709811	0.12536	0.176045	0.194727	0.168864	0.114594	0.0608681	0.0253507	0.00830407	0.00214815	0.000441002	7.22455e-05	9.50081e-06	1.00925e-06	8.71561e-08	6.15834e-09	3.5833e-10	1.72786e-11	6.94749e-13	2.34348e-14	6.67022e-16	1.61105e-17	3.31983e-19	5.86772e-21	8.9568e-23	1.22445e-24	2.54336e-26	
N146	1.57364e-05	7.31014e-05	0.000469989	0.0026722	0.0118971	0.039695	0.0972793	0.173372	0.223681	0.20864	0.14082	0.068948	0.0245859	0.00641852	0.00123478	0.000176386	1.88713e-05	1.52644e-06	9.42778e-08	4.49193e-09	1.6681e-10	4.87755e-12	1.13421e-13	2.11774e-15	3.20431e-17	3.96353e-19	4.04141e-21	3.42456e-23	2.43719e-25	1.52402e-27	1.33154e-29	
N147	1.41523e-05	6.6836e-05	0.000447536	0.00264428	0.0120918	0.0409314	0.10067	0.178407	0.227097	0.207576	0.13645	0.0646884	0.0222044	0.00554598	0.00101409	0.000136724	1.37033e-05	1.03023e-06	5.86652e-08	2.55593e-09	8.60809e-11	2.26423e-12	4.69875e-14	7.76877e-16	1.03308e-17	1.11492e-19	9.84959e-22	7.18308e-24	4.37077e-26	2.30877e-28	1.69119e-30	
ADCAPS_Olisthopus_sp	0	0	0	0	0	0	0	0	0	0	0	0	0	0	1	0	0	0	0	0	0	0	0	0	0	0	0	0	0	0	0	
N148	0.000447839	0.00324079	0.0251	0.116168	0.277759	0.326883	0.187787	0.0538545	0.00806127	0.000664286	3.17576e-05	9.23549e-07	1.70284e-08	2.06328e-10	1.69484e-12	9.69857e-15	3.96035e-17	1.17897e-19	2.60826e-22	4.3633e-25	5.60694e-28	5.61447e-31	4.43866e-34	2.8039e-37	1.43095e-40	5.95989e-44	2.04481e-47	5.8294e-51	1.39258e-54	2.83619e-58	6.25111e-62	
N149	0.00154916	0.0100937	0.056978	0.187073	0.321252	0.276273	0.118065	0.0255896	0.00293208	0.000187095	7.01437e-06	1.62461e-07	2.43143e-09	2.44608e-11	1.71207e-13	8.59075e-16	3.17219e-18	8.81962e-21	1.88387e-23	3.14691e-26	4.17641e-29	4.46594e-32	3.89653e-35	2.80547e-38	1.68395e-41	8.50464e-45	3.64445e-48	1.33531e-51	4.21257e-55	1.1534e-58	3.3763e-62	
ADCAHA_Calathus_circumseptus	0	0	0	0	1	0	0	0	0	0	0	0	0	0	0	0	0	0	0	0	0	0	0	0	0	0	0	0	0	0	0	
ADCAHA_Calathus_freyi	0	1	0	0	0	0	0	0	0	0	0	0	0	0	0	0	0	0	0	0	0	0	0	0	0	0	0	0	0	0	0	
N150	0.000289973	0.00215052	0.018416	0.0957019	0.257476	0.337888	0.212142	0.0648868	0.0101447	0.000861172	4.21574e-05	1.25722e-06	2.39652e-08	3.04391e-10	2.67005e-12	1.66833e-14	7.62742e-17	2.61201e-19	6.83891e-22	1.39404e-24	2.24805e-27	2.90927e-30	3.06027e-33	2.6468e-36	1.90183e-39	1.14601e-42	5.84083e-46	2.53756e-49	9.46484e-53	3.05682e-56	1.06891e-59	
ADCAHA_Calathus_auctus	0	0	0	0	0	0	1	0	0	0	0	0	0	0	0	0	0	0	0	0	0	0	0	0	0	0	0	0	0	0	0	
ADCAHA_Calathus_ascendens	0	0	0	0	0	1	0	0	0	0	0	0	0	0	0	0	0	0	0	0	0	0	0	0	0	0	0	0	0	0	0	
ADCAHA_Apenes_sp	0	0	0	0	0	0	0	0	0	0	0	0	1	0	0	0	0	0	0	0	0	0	0	0	0	0	0	0	0	0	0	
N151	0.000474723	0.00135893	0.00533507	0.0194018	0.0561375	0.12206	0.194881	0.226082	0.189582	0.114654	0.0500033	0.0157534	0.00359733	0.00059828	7.29093e-05	6.55676e-06	4.38573e-07	2.20042e-08	8.35407e-10	2.42173e-11	5.40893e-13	9.39174e-15	1.27895e-16	1.3777e-18	1.18375e-20	8.17799e-23	4.57776e-25	2.09177e-27	7.86647e-30	2.49568e-32	1.02787e-34	
N152	0.000401722	0.00111721	0.00440842	0.0164135	0.048987	0.110472	0.18392	0.223727	0.197902	0.127098	0.0593092	0.0201658	0.00501884	0.000919895	0.000125093	1.27273e-05	9.7775e-07	5.7265e-08	2.58239e-09	9.05652e-11	2.49462e-12	5.44962e-14	9.53097e-16	1.34666e-17	1.55063e-19	1.46717e-21	1.14977e-23	7.5208e-26	4.14948e-28	2.02289e-30	1.36172e-32	
N153	1.38409e-17	5.08977e-15	1.65641e-12	3.91432e-10	6.20107e-08	6.06927e-06	0.000333157	0.00903132	0.10148	0.378125	0.395553	0.106766	0.00844811	0.000253433	3.53441e-06	2.64367e-08	1.17329e-10	3.32583e-13	6.36411e-16	8.58048e-19	8.4318e-22	6.20598e-25	3.49851e-28	1.53882e-31	5.36398e-35	1.50142e-38	3.43975e-42	7.90134e-44	1.52565e-43	1.93629e-43	1.97445e-43	
N154	7.44791e-20	7.03231e-17	6.08223e-14	3.40093e-11	1.12962e-08	2.04329e-06	0.000181325	0.00690525	0.0947788	0.382896	0.405503	0.102834	0.00675254	0.000144846	1.24413e-06	4.98342e-09	1.04223e-11	1.23972e-14	8.96295e-18	4.15223e-21	1.28656e-24	2.76231e-28	4.23355e-32	4.74984e-36	3.98652e-40	2.55032e-44	1.26415e-48	4.94298e-53	8.71812e-57	2.80059e-56	2.1229e-55	
N155	3.72885e-20	3.67515e-17	3.21353e-14	1.82072e-11	6.2439e-09	1.19589e-06	0.000115327	0.00488487	0.0760036	0.353304	0.430372	0.125463	0.00960619	0.000247513	2.64786e-06	1.3734e-08	3.87102e-11	6.45934e-14	6.81602e-17	4.79085e-20	2.33851e-23	8.20131e-27	2.12552e-30	4.16782e-34	6.30751e-38	7.49545e-42	1.27695e-45	1.3824e-46	2.3183e-47	2.53002e-48	1.96507e-49	
ADCAHA_Calathus_erratus	0	0	0	0	0	0	0	0	0	0	1	0	0	0	0	0	0	0	0	0	0	0	0	0	0	0	0	0	0	0	0	
ADCAHA_Calathus_abaxoides	0	0	0	0	0	0	0	0	0	0	0	1	0	0	0	0	0	0	0	0	0	0	0	0	0	0	0	0	0	0	0	
ADCAHA_Colliuris_pennsylvanica	0	0	0	0	0	0	0	0	1	0	0	0	0	0	0	0	0	0	0	0	0	0	0	0	0	0	0	0	0	0	0	
N156	1.51602e-24	3.39718e-21	6.69171e-18	9.12029e-15	8.16987e-12	4.51788e-09	1.41808e-06	0.000224377	0.0149047	0.295896	0.505724	0.17764	0.00555409	5.42704e-05	2.32255e-07	5.19405e-10	6.79123e-13	5.61603e-16	3.11381e-19	1.21092e-22	3.42355e-26	7.24542e-30	1.17596e-33	1.49389e-37	1.51143e-41	1.23625e-45	8.28177e-50	4.59622e-54	2.1346e-58	8.37295e-63	3.11387e-67	
ADCAHA_Calathus_brevis	0	0	0	0	0	0	0	0	0	1	0	0	0	0	0	0	0	0	0	0	0	0	0	0	0	0	0	0	0	0	0	
ADCAHA_Calathus_ambiguus	0	0	0	0	0	0	0	0	0	0	0	1	0	0	0	0	0	0	0	0	0	0	0	0	0	0	0	0	0	0	0	
N157	6.36899e-17	2.25368e-14	7.07001e-12	1.62041e-09	2.48458e-07	2.30467e-05	0.00112869	0.0238413	0.169555	0.380679	0.313013	0.0992921	0.0119292	0.000528097	1.03878e-05	1.06583e-07	6.39441e-10	2.43304e-12	6.23104e-15	1.12336e-17	1.47608e-20	1.45312e-23	1.09583e-26	6.44697e-30	3.00405e-33	1.12293e-36	1.09572e-39	3.23739e-39	8.80356e-39	1.44421e-38	1.67835e-38	
N158	1.00784e-19	1.40471e-16	1.6778e-13	1.26748e-10	5.44812e-08	1.15881e-05	0.000991929	0.0271486	0.19952	0.409363	0.286401	0.0707477	0.00568478	0.000129883	1.0698e-06	3.89721e-09	7.25273e-12	7.63895e-15	4.91034e-18	2.04042e-21	5.73444e-25	1.13041e-28	1.61049e-32	1.70032e-36	1.35884e-40	8.37122e-45	4.03883e-49	1.5473e-53	4.76535e-58	1.20149e-62	6.19344e-67	
N159	5.02334e-19	1.0511e-15	1.65458e-12	1.48713e-09	6.75704e-07	0.000128747	0.00758046	0.120852	0.446138	0.34372	0.0760601	0.00539889	0.000120722	8.19865e-07	2.13483e-09	2.60499e-12	1.71316e-15	6.6999e-19	1.67444e-22	2.82431e-26	3.35544e-30	2.90577e-34	1.88639e-38	9.39731e-43	3.66385e-47	1.13695e-51	2.8492e-56	5.8393e-61	9.89604e-66	1.40054e-70	1.79956e-75	
N160	6.85326e-32	4.80086e-27	2.39154e-22	7.12901e-18	1.1882e-13	1.0039e-09	3.68971e-06	0.00450617	0.988917	0.00656509	7.65325e-06	2.84537e-09	4.3949e-13	3.29691e-17	1.33262e-21	3.11812e-26	4.43657e-31	3.96512e-36	2.26918e-41	4.59283e-44	2.33386e-44	2.49981e-45	2.11943e-48	1.51851e-51	9.35348e-55	4.9928e-58	2.32546e-61	9.50713e-65	3.42926e-68	1.09637e-71	3.29923e-75	
N161	4.38069e-39	3.38596e-33	1.66401e-27	4.7839e-22	7.40763e-17	5.45061e-12	1.55568e-07	0.00118757	0.997343	0.0014694	2.2698e-07	8.9923e-12	1.33732e-16	9.22019e-22	3.36178e-27	7.07482e-33	9.12671e-39	7.52744e-45	4.08849e-51	3.91179e-57	3.23463e-60	1.29452e-63	3.87651e-68	8.10951e-73	1.31161e-77	1.62639e-82	1.51507e-87	1.02928e-92	4.8809e-98	1.51034e-103	2.73228e-109	
ADCAHA_Calathus_melanocephalus	0	0	0	0	0	0	0	0	1	0	0	0	0	0	0	0	0	0	0	0	0	0	0	0	0	0	0	0	0	0	0	
ADCAHA_Calathus_rotundatus	0	0	0	0	0	0	0	0	1	0	0	0	0	0	0	0	0	0	0	0	0	0	0	0	0	0	0	0	0	0	0	
ADCAHA_Calathus_fuscipes	0	0	0	0	0	0	0	0	1	0	0	0	0	0	0	0	0	0	0	0	0	0	0	0	0	0	0	0	0	0	0	
N162	3.67726e-15	3.46461e-12	2.50606e-09	9.99262e-07	0.000187818	0.0126672	0.163131	0.515415	0.269465	0.0374629	0.00164373	2.52589e-05	1.51319e-07	4.10603e-10	5.85858e-13	4.91043e-16	2.61972e-19	9.44269e-23	2.40714e-26	4.49932e-30	6.34888e-34	6.92784e-38	5.9649e-42	4.12246e-46	2.32092e-50	1.07815e-54	4.17918e-59	1.36523e-63	3.79187e-68	9.02596e-73	2.01318e-77	
ADCAHA_Calathus_granatensis	0	0	0	0	0	1	0	0	0	0	0	0	0	0	0	0	0	0	0	0	0	0	0	0	0	0	0	0	0	0	0	
ADCAHA_Calathus_mollis	0	0	0	0	0	0	0	1	0	0	0	0	0	0	0	0	0	0	0	0	0	0	0	0	0	0	0	0	0	0	0	
ADCAHA_Calathus_rectus	0	0	0	0	0	0	0	0	0	0	0	0	1	0	0	0	0	0	0	0	0	0	0	0	0	0	0	0	0	0	0	
ADCAHA_Calathus_asturiensis	0	0	0	0	0	0	0	0	0	0	0	0	1	0	0	0	0	0	0	0	0	0	0	0	0	0	0	0	0	0	0	
N163	0.000875198	0.00260965	0.0094726	0.0299796	0.0748986	0.142458	0.202941	0.214656	0.167767	0.0966879	0.0411052	0.0129247	0.0030198	0.000527707	6.95223e-05	6.96816e-06	5.36605e-07	3.20777e-08	1.50419e-09	5.59075e-11	1.66389e-12	4.00437e-14	7.86669e-16	1.27288e-17	1.71079e-19	1.92526e-21	1.82785e-23	1.47478e-25	1.0211e-27	6.32945e-30	5.53146e-32	
ADCAHA_Orthomus_velocissimus	0	1	0	0	0	0	0	0	0	0	0	0	0	0	0	0	0	0	0	0	0	0	0	0	0	0	0	0	0	0	0	
ADCAHA_Syntomus_sp	0	0	0	0	0	0	0	0	0	1	0	0	0	0	0	0	0	0	0	0	0	0	0	0	0	0	0	0	0	0	0	
N164	0.12319	0.135673	0.147545	0.151383	0.14117	0.116651	0.0840585	0.0523119	0.0279532	0.0127833	0.00499469	0.00166641	0.000474853	0.000115661	2.41098e-05	4.30793e-06	6.61004e-07	8.72747e-08	9.93757e-09	9.78127e-10	8.34241e-11	6.18105e-12	3.98869e-13	2.24783e-14	1.10947e-15	4.81265e-17	1.84412e-18	6.30401e-20	1.96846e-21	6.01597e-23	2.78e-24	
N165	0.162758	0.169387	0.167776	0.154235	0.128386	0.0948663	0.0613403	0.0343729	0.0165891	0.00686977	0.00243613	0.000739208	0.000191954	4.26916e-05	8.14273e-06	1.33419e-06	1.88169e-07	2.28948e-08	2.40894e-09	2.19745e-10	1.74247e-11	1.20432e-12	7.27516e-14	3.85196e-15	1.79265e-16	7.35554e-18	2.67119e-19	8.64481e-21	2.54025e-22	7.27669e-24	3.27193e-25	
ADCAHA_Lebia_sp	0	0	0	0	0	0	0	1	0	0	0	0	0	0	0	0	0	0	0	0	0	0	0	0	0	0	0	0	0	0	0	
N166	0.20849	0.205994	0.185905	0.151396	0.109727	0.069893	0.0387301	0.0185267	0.00760767	0.00267144	0.000800273	0.000204267	4.44121e-05	8.22923e-06	1.30092e-06	1.75741e-07	2.03279e-08	2.01797e-09	1.72364e-10	1.27019e-11	8.09882e-13	4.48109e-14	2.15802e-15	9.07295e-17	3.34024e-18	1.08011e-19	3.07771e-21	7.76211e-23	1.75305e-24	3.76857e-26	1.29108e-27	
ADCAHA_Galerita_sp	0	0	0	1	0	0	0	0	0	0	0	0	0	0	0	0	0	0	0	0	0	0	0	0	0	0	0	0	0	0	0	
N167	0.237814	0.227429	0.193436	0.14554	0.096061	0.0551123	0.0272504	0.011529	0.00415026	0.00126609	0.000326448	7.10385e-05	1.30411e-05	2.02043e-06	2.64449e-07	2.9289e-08	2.75052e-09	2.19535e-10	1.4932e-11	8.67932e-13	4.32416e-14	1.85226e-15	6.84304e-17	2.18735e-18	6.06859e-20	1.466e-21	3.09357e-23	5.7241e-25	9.36673e-27	1.42719e-28	3.45099e-30	
ADCAHA_Anthia_sp	0	0	1	0	0	0	0	0	0	0	0	0	0	0	0	0	0	0	0	0	0	0	0	0	0	0	0	0	0	0	0	
N168	0.23625	0.226204	0.192873	0.145706	0.0967495	0.0559743	0.0279883	0.0120137	0.00440403	0.00137378	0.000363842	8.17289e-05	1.55695e-05	2.51726e-06	3.4589e-07	4.04693e-08	4.04104e-09	3.45286e-10	2.53177e-11	1.59788e-12	8.7077e-14	4.1106e-15	1.68642e-16	6.03262e-18	1.88774e-19	5.18421e-21	1.25364e-22	2.68075e-24	5.12847e-26	9.39843e-28	2.7404e-29	
ADCAHA_Macrocheilus_sp	0	0	1	0	0	0	0	0	0	0	0	0	0	0	0	0	0	0	0	0	0	0	0	0	0	0	0	0	0	0	0	
ADCAHA_Drypta_sp	0	0	0	0	1	0	0	0	0	0	0	0	0	0	0	0	0	0	0	0	0	0	0	0	0	0	0	0	0	0	0	
ADCAHA_Sphallomorpha_sp	0	0	0	0	0	0	0	0	0	1	0	0	0	0	0	0	0	0	0	0	0	0	0	0	0	0	0	0	0	0	0	
ADCABR_Aptinus_displosor	0	0	0	1	0	0	0	0	0	0	0	0	0	0	0	0	0	0	0	0	0	0	0	0	0	0	0	0	0	0	0	
N169	0.175664	0.17546	0.163166	0.141353	0.114	0.0854727	0.0594784	0.0383525	0.0228823	0.0126169	0.00642306	0.00301691	0.00130679	0.000521855	0.000192108	6.51931e-05	2.03978e-05	5.88573e-06	1.56675e-06	3.84914e-07	8.73179e-08	1.83001e-08	3.54547e-09	6.35411e-10	1.05424e-10	1.62123e-11	2.31717e-12	3.10628e-13	4.04867e-14	5.92556e-15	1.57554e-15	
N170	0.090872	0.100986	0.112733	0.122161	0.125043	0.118753	0.103503	0.0822542	0.0593738	0.0388402	0.0229975	0.012318	0.00596788	0.00261589	0.0010379	0.000373016	0.000121536	3.59345e-05	9.65193e-06	2.35783e-06	5.24491e-07	1.06375e-07	1.96964e-08	3.33401e-09	5.16648e-10	7.34165e-11	9.5931e-12	1.16169e-12	1.34572e-13	1.71371e-14	4.00692e-15	
ADCAHA_Demetrias_atricapillus	0	0	0	0	1	0	0	0	0	0	0	0	0	0	0	0	0	0	0	0	0	0	0	0	0	0	0	0	0	0	0	
ADCABR_Brachinus_sp	0	0	0	0	0	0	0	0	0	1	0	0	0	0	0	0	0	0	0	0	0	0	0	0	0	0	0	0	0	0	0	
N171	0.172146	0.173862	0.164528	0.144999	0.118134	0.0883695	0.0603608	0.0374957	0.0211245	0.0107749	0.00497096	0.00207348	0.000782014	0.000266776	8.23718e-05	2.30397e-05	5.84353e-06	1.34545e-06	2.81571e-07	5.36291e-08	9.30892e-09	1.47466e-09	2.13504e-10	2.82927e-11	3.43689e-12	3.83397e-13	3.93831e-14	3.75114e-15	3.40199e-16	3.31909e-17	5.93946e-18	
ADCACA_Carabus_problematicus	0	0	0	0	0	1	0	0	0	0	0	0	0	0	0	0	0	0	0	0	0	0	0	0	0	0	0	0	0	0	0	
ADCABR_Pheropsophus_sp	0	0	1	0	0	0	0	0	0	0	0	0	0	0	0	0	0	0	0	0	0	0	0	0	0	0	0	0	0	0	0	
ADCALO_Loricera_pilicornis	0	0	0	0	1	0	0	0	0	0	0	0	0	0	0	0	0	0	0	0	0	0	0	0	0	0	0	0	0	0	0	
N172	0.230773	0.220342	0.187729	0.143129	0.0977798	0.0598772	0.0328632	0.0161603	0.00711755	0.00280695	0.000991077	0.000313303	8.86934e-05	2.24926e-05	5.11239e-06	1.0421e-06	1.90637e-07	3.13238e-08	4.62703e-09	6.15056e-10	7.36486e-11	7.95303e-12	7.75405e-13	6.83432e-14	5.45285e-15	3.94451e-16	2.59265e-17	1.55574e-18	8.68209e-20	4.98258e-21	5.18389e-22	
N173	0.211139	0.204762	0.179935	0.143745	0.104617	0.0694594	0.0421066	0.0233178	0.0118002	0.0054583	0.00230823	0.000892585	0.000315706	0.00010217	3.02651e-05	8.2102e-06	2.04081e-06	4.65124e-07	9.72672e-08	1.86788e-08	3.297e-09	5.35479e-10	8.01305e-11	1.10679e-11	1.41482e-12	1.6811e-13	1.87105e-14	1.97941e-15	2.05383e-16	2.2801e-17	3.95266e-18	
ADCAPA_Mystropomus_subcostatus	0	0	0	0	0	0	1	0	0	0	0	0	0	0	0	0	0	0	0	0	0	0	0	0	0	0	0	0	0	0	0	
N174	0.199851	0.195561	0.174895	0.143385	0.10796	0.0747334	0.0475879	0.0278803	0.0150289	0.00745345	0.00340052	0.00142712	0.000550919	0.000195634	6.39111e-05	1.92113e-05	5.3148e-06	1.35364e-06	3.17512e-07	6.86187e-08	1.36695e-08	2.51143e-09	4.2578e-10	6.66524e-11	9.6409e-12	1.28978e-12	1.59927e-13	1.85115e-14	2.06237e-15	2.53527e-16	5.75211e-17	
N175	0.180361	0.179664	0.166134	0.14263	0.113554	0.0836889	0.0569904	0.0358002	0.0207176	0.0110342	0.00540515	0.00243429	0.00100779	0.000383543	0.000134208	4.31907e-05	1.27883e-05	3.48533e-06	8.74804e-07	2.0233e-07	4.31482e-08	8.48992e-09	1.54237e-09	2.5891e-10	4.01957e-11	5.77925e-12	7.7189e-13	9.6694e-14	1.17706e-14	1.59651e-15	3.88684e-16	
ADCASC_Scarites_eurytus	0	0	1	0	0	0	0	0	0	0	0	0	0	0	0	0	0	0	0	0	0	0	0	0	0	0	0	0	0	0	0	
N176	0.0222307	0.0377961	0.0714217	0.120694	0.168285	0.188234	0.167138	0.117331	0.0650461	0.0284957	0.00988424	0.00272307	0.00059827	0.000105337	1.49461e-05	1.71935e-06	1.61387e-07	1.24423e-08	7.93133e-10	4.20789e-11	1.87011e-12	7.00612e-14	2.22602e-15	6.03324e-17	1.40276e-18	2.81362e-20	4.89911e-22	7.47498e-24	1.02132e-25	1.34463e-27	2.61577e-29	
ADCASC_Scarites_terricola	0	0	0	0	0	0	1	0	0	0	0	0	0	0	0	0	0	0	0	0	0	0	0	0	0	0	0	0	0	0	0	
N177	0.0207242	0.0361869	0.0698343	0.119625	0.168423	0.189701	0.169138	0.118855	0.0657283	0.0286126	0.00982018	0.00266449	0.000573651	9.84467e-05	1.35385e-05	1.50071e-06	1.34927e-07	9.90359e-09	5.97382e-10	2.98086e-11	1.23847e-12	4.31153e-14	1.26544e-15	3.14974e-17	6.6864e-19	1.21728e-20	1.91132e-22	2.60646e-24	3.12986e-26	3.52195e-28	6.77135e-30	
ADCAPA_Arthropterus_sp	0	1	0	0	0	0	0	0	0	0	0	0	0	0	0	0	0	0	0	0	0	0	0	0	0	0	0	0	0	0	0	
ADCASC_Scarites_laevigatus	0	0	0	0	0	0	0	0	0	0	0	1	0	0	0	0	0	0	0	0	0	0	0	0	0	0	0	0	0	0	0	
N178	0.208905	0.204843	0.182963	0.148075	0.107852	0.0702597	0.0407433	0.0209663	0.00955774	0.0038574	0.00137859	0.000436654	0.000122732	3.06612e-05	6.82068e-06	1.35376e-06	2.40238e-07	3.82011e-08	5.45514e-09	7.01133e-10	8.12875e-11	8.51992e-12	8.09064e-13	6.97597e-14	5.47339e-15	3.91737e-16	2.56628e-17	1.54991e-18	8.82543e-20	5.20837e-21	5.35996e-22	
N179	0.115827	0.143626	0.177902	0.192011	0.166976	0.112863	0.0584986	0.0232013	0.00706948	0.00166721	0.000307152	4.46591e-05	5.17859e-06	4.83908e-07	3.68054e-08	2.30033e-09	1.19204e-10	5.16472e-12	1.8856e-13	5.84323e-15	1.54733e-16	3.52341e-18	6.93941e-20	1.18855e-21	1.77929e-23	2.33918e-25	2.71274e-27	2.78794e-29	2.55929e-31	2.18736e-33	2.77073e-35	
N180	0.072535	0.111947	0.172805	0.215991	0.201053	0.134484	0.0637276	0.0213592	0.00509856	0.00087763	0.000110629	1.03829e-05	7.37665e-07	4.03081e-08	1.71947e-09	5.80579e-11	1.57148e-12	3.44977e-14	6.20778e-16	9.24679e-18	1.15039e-19	1.20525e-21	1.07146e-23	8.13924e-26	5.31755e-28	3.00581e-30	1.47828e-32	6.35837e-35	2.40383e-37	8.09041e-40	3.57931e-42	
ADCASC_Scarites_buparius	0	0	0	0	0	0	1	0	0	0	0	0	0	0	0	0	0	0	0	0	0	0	0	0	0	0	0	0	0	0	0	
ADCASC_Scarites_occidentalis_M	0	0	1	0	0	0	0	0	0	0	0	0	0	0	0	0	0	0	0	0	0	0	0	0	0	0	0	0	0	0	0	
ADCASC_Carenum_interruptum	0	0	0	0	1	0	0	0	0	0	0	0	0	0	0	0	0	0	0	0	0	0	0	0	0	0	0	0	0	0	0	
ADCASC_Scarites_hespericus	0	1	0	0	0	0	0	0	0	0	0	0	0	0	0	0	0	0	0	0	0	0	0	0	0	0	0	0	0	0	0	
N181	0.149472	0.157764	0.159761	0.150825	0.129759	0.100282	0.0690583	0.0421947	0.0228246	0.0109197	0.00461873	0.0017273	0.000571323	0.000167224	4.33432e-05	9.9566e-06	2.02902e-06	3.67206e-07	5.90858e-08	8.46344e-09	1.08062e-09	1.23155e-10	1.25461e-11	1.14414e-12	9.3545e-14	6.86775e-15	4.53576e-16	2.70389e-17	1.47577e-18	8.08862e-20	8.0173e-21	
N182	0.194943	0.192027	0.173749	0.1445	0.110366	0.0772939	0.0495491	0.0290273	0.0155198	0.00756561	0.00336045	0.00135951	0.000500886	0.000168073	5.13756e-05	1.4311e-05	3.63448e-06	8.42005e-07	1.7806e-07	3.43954e-08	6.07368e-09	9.81234e-10	1.45158e-10	1.96819e-11	2.44863e-12	2.79942e-13	2.94964e-14	2.88729e-15	2.70062e-16	2.7174e-17	4.91614e-18	
ADCACI_Omus_californicus	0	1	0	0	0	0	0	0	0	0	0	0	0	0	0	0	0	0	0	0	0	0	0	0	0	0	0	0	0	0	0	
N183	0.196484	0.192827	0.173414	0.143302	0.108975	0.0763131	0.0492174	0.0292273	0.0159748	0.00803244	0.00371385	0.0015783	0.000616323	0.000221106	7.28675e-05	2.20614e-05	6.13725e-06	1.56919e-06	3.68899e-07	7.9776e-08	1.58785e-08	2.91068e-09	4.91732e-10	7.66212e-11	1.10222e-11	1.4659e-12	1.80809e-13	2.08823e-14	2.33762e-15	2.89243e-16	6.37175e-17	
ADCACI_Amblycheila_baroni	0	0	0	1	0	0	0	0	0	0	0	0	0	0	0	0	0	0	0	0	0	0	0	0	0	0	0	0	0	0	0	
ADCACI_Mantichora_amygdaloides	0	0	1	0	0	0	0	0	0	0	0	0	0	0	0	0	0	0	0	0	0	0	0	0	0	0	0	0	0	0	0	
N184	0.100709	0.114787	0.131137	0.141847	0.140151	0.124151	0.0976849	0.067939	0.041653	0.0224762	0.0106651	0.00444832	0.00163075	0.000525585	0.000148993	3.71751e-05	8.17081e-06	1.58356e-06	2.70923e-07	4.09665e-08	5.48222e-09	6.50182e-10	6.84385e-11	6.40344e-12	5.33413e-13	3.96265e-14	2.63091e-15	1.56793e-16	8.53439e-18	4.66588e-19	4.4683e-20	
N185	0.0253841	0.0338282	0.0500316	0.0737268	0.101344	0.125701	0.138492	0.134535	0.114814	0.0859241	0.0563392	0.0323542	0.0162734	0.00717101	0.00276986	0.000938475	0.000279165	7.29848e-05	1.67903e-05	3.40341e-06	6.08736e-07	9.62224e-08	1.34638e-08	1.67054e-09	1.84145e-10	1.8073e-11	1.58447e-12	1.24985e-13	9.08311e-15	6.74175e-16	8.66744e-17	
N186	1.41567e-06	6.27028e-06	3.47099e-05	0.000176751	0.000779412	0.00292233	0.00922986	0.0243813	0.0535208	0.0970554	0.144626	0.176293	0.175164	0.141523	0.0928709	0.0495077	0.0214699	0.00759413	0.00219875	0.000523385	0.000102933	1.68144e-05	2.29402e-06	2.62869e-07	2.54412e-08	2.09135e-09	1.46898e-10	8.8929e-12	4.74806e-13	2.47027e-14	2.10825e-15	
N187	4.53865e-09	3.74706e-08	4.01207e-07	4.02648e-06	3.43262e-05	0.000238686	0.00132764	0.00583637	0.0200856	0.0536618	0.110458	0.174019	0.208699	0.189797	0.130624	0.0680318	0.0268673	0.00807684	0.00185839	0.000329473	4.53502e-05	4.88583e-06	4.15464e-07	2.81206e-08	1.5277e-09	6.71665e-11	2.41011e-12	7.13121e-14	1.77602e-15	4.02187e-17	1.34982e-18	
ADCACI_Ctenostoma_sp	0	0	0	0	0	0	0	0	0	0	0	0	1	0	0	0	0	0	0	0	0	0	0	0	0	0	0	0	0	0	0	
N188	5.33094e-10	5.02462e-09	6.96979e-08	9.1042e-07	9.93042e-06	8.66719e-05	0.000593546	0.00315008	0.0128288	0.0397408	0.0929053	0.162778	0.212552	0.206029	0.147946	0.0787114	0.0310963	0.00916132	0.00202473	0.000338137	4.30219e-05	4.20698e-06	3.19057e-07	1.89385e-08	8.87854e-10	3.31726e-11	9.97213e-13	2.44145e-14	4.98471e-16	9.13319e-18	2.37878e-19	
ADCACI_Lophyridia_lunulata	0	0	0	0	0	0	0	0	0	0	0	0	0	0	0	1	0	0	0	0	0	0	0	0	0	0	0	0	0	0	0	
N189	1.26309e-12	2.9787e-11	8.9417e-10	2.30303e-08	4.65872e-07	7.15878e-06	8.20628e-05	0.000692623	0.00425676	0.0188625	0.0597356	0.134177	0.212445	0.236034	0.183525	0.0997961	0.038005	0.0101715	0.00192355	0.000258903	2.50192e-05	1.75323e-06	9.0062e-08	3.43046e-09	9.80324e-11	2.12682e-12	3.54451e-14	4.59352e-16	4.70679e-18	4.02358e-20	4.53931e-22	
ADCACI_Cicindela_dorsalis	0	0	0	0	0	0	0	0	0	0	1	0	0	0	0	0	0	0	0	0	0	0	0	0	0	0	0	0	0	0	0	
N190	2.05352e-13	5.31089e-12	2.06184e-10	6.69215e-09	1.65846e-07	3.05328e-06	4.11308e-05	0.000400822	0.00279832	0.0138768	0.0485167	0.118848	0.202984	0.240899	0.198308	0.113226	0.0449121	0.0124177	0.002405	0.000328365	3.18483e-05	2.21346e-06	1.11286e-07	4.08856e-09	1.10917e-10	2.24568e-12	3.42985e-14	3.99553e-16	3.60012e-18	2.62621e-20	2.57785e-22	
N191	4.89075e-13	1.10532e-11	3.38191e-10	8.79793e-09	1.80833e-07	2.86682e-06	3.45326e-05	0.00031202	0.00208979	0.0102629	0.0366045	0.0940758	0.173212	0.227671	0.213408	0.142853	0.0685423	0.0237102	0.00595806	0.00109741	0.000149653	1.52734e-05	1.17971e-06	6.97497e-08	3.19264e-09	1.14402e-10	3.24463e-12	7.36973e-14	1.3672e-15	2.23784e-17	5.21242e-19	
N192	2.56771e-16	7.05074e-15	2.77166e-13	9.452e-12	2.65327e-10	6.04526e-09	1.10604e-07	1.60755e-06	1.83538e-05	0.000162711	0.00110686	0.00570929	0.022071	0.0632444	0.133014	0.20367	0.225746	0.180593	0.104278	0.0435913	0.0132688	0.00296531	0.00049162	6.11928e-05	5.79297e-06	4.22692e-07	2.40912e-08	1.08716e-09	3.95599e-11	1.2427e-12	5.99212e-14	
N193	1.08887e-23	1.5473e-21	2.70302e-19	3.93532e-17	4.62672e-15	4.32478e-13	3.16189e-11	1.77448e-09	7.47874e-08	2.30656e-06	5.04617e-05	0.00075395	0.00734229	0.0440243	0.1523	0.287222	0.291889	0.159755	0.0475861	0.00815633	0.000857726	5.85432e-05	2.716e-06	8.89292e-08	2.11964e-09	3.77417e-11	5.13187e-13	5.43169e-15	4.56011e-17	3.16514e-19	2.83203e-21	
ADCACI_Prothyma_sp	0	0	0	0	0	0	0	0	0	0	0	0	0	0	0	0	0	1	0	0	0	0	0	0	0	0	0	0	0	0	0	
ADCACI_Pentacomia_sp	0	0	0	0	0	0	0	0	0	0	0	0	0	0	1	0	0	0	0	0	0	0	0	0	0	0	0	0	0	0	0	
N194	3.05058e-63	3.91974e-59	5.26279e-55	6.05735e-51	5.75585e-47	4.46297e-43	2.80009e-39	1.40895e-35	5.62883e-32	1.76475e-28	4.28337e-25	7.92004e-22	1.09415e-18	1.10265e-15	7.86421e-13	3.81477e-10	1.19186e-07	2.21588e-05	0.0021627	0.0882593	0.876208	0.0330424	0.000304093	1.1776e-06	2.41621e-09	2.98561e-12	2.41069e-15	1.34642e-18	5.43972e-22	1.68745e-25	5.28657e-29	
ADCACI_Cicindela_sedecimpunctata	0	0	0	0	0	0	0	0	0	0	0	0	0	0	0	0	0	0	0	0	1	0	0	0	0	0	0	0	0	0	0	
ADCACI_Cicindela_aurulenta	0	0	0	0	0	0	0	0	0	0	0	0	0	0	0	0	0	0	0	0	1	0	0	0	0	0	0	0	0	0	0	
ADCACI_Cicindela_repanda	0	0	0	0	0	0	0	0	0	0	0	0	0	1	0	0	0	0	0	0	0	0	0	0	0	0	0	0	0	0	0	
N195	9.15424e-11	9.64734e-10	1.50962e-08	2.12091e-07	2.46053e-06	2.30644e-05	0.000172667	0.00102247	0.00474666	0.0171325	0.0477222	0.101946	0.166217	0.206195	0.19436	0.139284	0.0760633	0.0317798	0.0102132	0.00254128	0.000493232	7.5281e-05	9.11317e-06	8.82704e-07	6.90176e-08	4.39457e-09	2.2988e-10	9.97593e-12	3.65478e-13	1.2183e-14	6.40971e-16	
ADCACI_Therates_sp	0	0	0	0	0	0	0	0	0	0	0	0	0	0	0	0	0	0	1	0	0	0	0	0	0	0	0	0	0	0	0	
ADCACI_Oxycheila_sp	0	0	0	0	0	0	0	0	0	0	1	0	0	0	0	0	0	0	0	0	0	0	0	0	0	0	0	0	0	0	0	
N196	1.44732e-07	6.01942e-07	3.81839e-06	2.39069e-05	0.000131524	0.000615784	0.00242416	0.00796855	0.0217535	0.0490866	0.0911771	0.138925	0.173168	0.17626	0.146377	0.0992013	0.0549328	0.0249104	0.00927919	0.00285024	0.000725111	0.000153524	2.71907e-05	4.04973e-06	5.0994e-07	5.45793e-08	4.99271e-09	3.93024e-10	2.71043e-11	1.81056e-12	2.13788e-13	
ADCACI_Cicindela_punctulata	0	0	0	0	0	0	0	0	0	0	0	0	0	1	0	0	0	0	0	0	0	0	0	0	0	0	0	0	0	0	0	
ADCACI_Cicindela_hybrida	0	0	0	0	0	0	0	0	0	0	0	0	0	0	1	0	0	0	0	0	0	0	0	0	0	0	0	0	0	0	0	
N197	0.0147123	0.0203174	0.0319736	0.0511905	0.0776829	0.107395	0.132279	0.143318	0.135568	0.11147	0.0794731	0.0490643	0.026216	0.0121237	0.00485474	0.00168459	0.000507067	0.000132565	3.01446e-05	5.97177e-06	1.03244e-06	1.56064e-07	2.06662e-08	2.40228e-09	2.45639e-10	2.21424e-11	1.76378e-12	1.24629e-13	7.92835e-15	5.00369e-16	5.71173e-17	
N198	0.00301503	0.0051343	0.0103744	0.0209031	0.0392066	0.0663269	0.0993983	0.130465	0.148875	0.146981	0.125158	0.0917441	0.0578309	0.0313345	0.0145952	0.00584708	0.00201643	0.000599288	0.000153711	3.40793e-05	6.54291e-06	1.08993e-06	1.57861e-07	1.99233e-08	2.19613e-09	2.11945e-10	1.79586e-11	1.3424e-12	9.00586e-14	5.99513e-15	7.11557e-16	
N199	8.12667e-05	0.000183284	0.000543156	0.0016294	0.00452376	0.0112529	0.0247081	0.0474709	0.0793328	0.114827	0.143488	0.154435	0.142928	0.113623	0.0775437	0.0454276	0.0228522	0.00987822	0.00367314	0.00117655	0.000325181	7.77016e-05	1.60869e-05	2.89264e-06	4.5296e-07	6.19643e-08	7.43926e-09	7.91381e-10	7.68239e-11	7.64736e-12	1.29852e-12	
ADCACI_Cylindera_cognata	0	0	0	0	0	0	0	0	0	0	0	0	0	0	0	0	0	0	1	0	0	0	0	0	0	0	0	0	0	0	0	
ADCACI_Taenidia_circumdata	0	0	0	0	0	0	0	0	0	0	0	1	0	0	0	0	0	0	0	0	0	0	0	0	0	0	0	0	0	0	0	
N200	0.00785674	0.0124375	0.0235332	0.0446486	0.0772956	0.11669	0.150305	0.163433	0.149255	0.11425	0.0732856	0.0394322	0.0178302	0.00679246	0.00218657	0.000596808	0.000138618	2.7503e-05	4.67975e-06	6.85604e-07	8.68283e-08	9.54333e-09	9.13846e-10	7.65298e-11	5.62577e-12	3.6434e-13	2.08658e-14	1.06209e-15	4.87447e-17	2.19177e-18	1.72334e-19	
ADCACI_Ellipsoptera_marginata	0	0	0	0	0	0	0	0	0	1	0	0	0	0	0	0	0	0	0	0	0	0	0	0	0	0	0	0	0	0	0	
ADCACI_Cicindela_marutha	0	0	0	0	1	0	0	0	0	0	0	0	0	0	0	0	0	0	0	0	0	0	0	0	0	0	0	0	0	0	0	
N201	0.0192519	0.0255984	0.0383528	0.0586437	0.0853696	0.113525	0.134732	0.140867	0.128813	0.102613	0.071063	0.0427491	0.0223377	0.0101442	0.00400761	0.00137915	0.000414075	0.000108659	2.49703e-05	5.03575e-06	8.93197e-07	1.39659e-07	1.92951e-08	2.36113e-09	2.5653e-10	2.48072e-11	2.1412e-12	1.6576e-13	1.17219e-14	8.41971e-16	1.1025e-16	
N202	0.000564302	0.0015501	0.00522468	0.0160596	0.0413639	0.086411	0.143869	0.188764	0.193737	0.154897	0.0963549	0.0467019	0.0177031	0.00527765	0.00124599	0.000234775	3.55992e-05	4.38061e-06	4.41125e-07	3.66482e-08	2.53162e-09	1.46497e-10	7.15166e-12	2.96494e-13	1.05044e-14	3.19919e-16	8.4236e-18	1.92976e-19	3.89472e-21	7.3511e-23	2.16428e-24	
N203	2.87472e-05	0.000121024	0.000693579	0.00354424	0.014447	0.045076	0.105187	0.180622	0.225562	0.203359	0.132025	0.0618677	0.0210682	0.00526715	0.000978849	0.000137075	1.46677e-05	1.21583e-06	7.91054e-08	4.09023e-09	1.70032e-10	5.74432e-12	1.59296e-13	3.65963e-15	7.02503e-17	1.13572e-18	1.5577e-20	1.82496e-22	1.8392e-24	1.63536e-26	2.09531e-28	
ADCACI_Cicindela_sexguttata	0	0	0	0	0	0	0	0	1	0	0	0	0	0	0	0	0	0	0	0	0	0	0	0	0	0	0	0	0	0	0	
ADCACI_Cicindela_splendida	0	0	0	0	0	0	0	0	0	0	1	0	0	0	0	0	0	0	0	0	0	0	0	0	0	0	0	0	0	0	0	
ADCACI_Cicindela_tranquebarica	0	0	0	0	0	0	0	1	0	0	0	0	0	0	0	0	0	0	0	0	0	0	0	0	0	0	0	0	0	0	0	
ADCACI_Myriochile_undulata	0	0	0	0	0	0	1	0	0	0	0	0	0	0	0	0	0	0	0	0	0	0	0	0	0	0	0	0	0	0	0	
N204	0.117573	0.12542	0.131041	0.131674	0.124998	0.11049	0.0899695	0.0669723	0.0453321	0.0277984	0.015404	0.00770038	0.00346884	0.0014073	0.000514055	0.000169072	5.00833e-05	1.33682e-05	3.21726e-06	6.98649e-07	1.37017e-07	2.42917e-08	3.89756e-09	5.66685e-10	7.47877e-11	8.98189e-12	9.86424e-13	1.00177e-13	9.69909e-15	9.94727e-16	1.72703e-16	
N205	0.1438	0.148794	0.147434	0.138642	0.122434	0.100519	0.0760663	0.0526883	0.0332257	0.0189978	0.00981974	0.00457868	0.00192308	0.000726924	0.000247186	7.56087e-05	2.08077e-05	5.15443e-06	1.15006e-06	2.31313e-07	4.19777e-08	6.88073e-09	1.01985e-09	1.36852e-10	1.66472e-11	1.83848e-12	1.84744e-13	1.69884e-14	1.4641e-15	1.33408e-16	2.2381e-17	
ADCACI_Megacephala_whelani	0	0	0	1	0	0	0	0	0	0	0	0	0	0	0	0	0	0	0	0	0	0	0	0	0	0	0	0	0	0	0	
N206	0.115045	0.13446	0.155368	0.163498	0.150344	0.118771	0.0800811	0.0459725	0.0224601	0.00934449	0.00331573	0.00100559	0.000261368	5.84026e-05	1.12576e-05	1.87879e-06	2.72494e-07	3.44773e-08	3.81993e-09	3.72007e-10	3.19601e-11	2.43094e-12	1.64264e-13	9.89372e-15	5.32867e-16	2.57457e-17	1.1198e-18	4.40885e-20	1.5965e-21	5.74333e-23	3.50826e-24	
ADCACI_Megacephala_brasiliensis	0	1	0	0	0	0	0	0	0	0	0	0	0	0	0	0	0	0	0	0	0	0	0	0	0	0	0	0	0	0	0	
ADCACI_Megacephala_sobrina	0	0	0	0	0	0	0	1	0	0	0	0	0	0	0	0	0	0	0	0	0	0	0	0	0	0	0	0	0	0	0	
ADCACI_Lophyra_sp	0	0	0	0	0	0	0	0	0	0	0	1	0	0	0	0	0	0	0	0	0	0	0	0	0	0	0	0	0	0	0	
