NODE	7	8	9	10	11	12	13	14	15	16	17	18	19	20	21	22	23	24	25	26	27	28	29	30	31	32	33	34	35	36	37	38	39	40	41	42	43	44	45	46	47	
N1	0.461687	0.312171	0.153859	0.0552267	0.0141621	0.00254767	0.000317569	2.72534e-05	1.60753e-06	6.52953e-08	1.83469e-09	3.58933e-11	4.92789e-13	1.42545e-17	1.18824e-18	8.4163e-20	5.09122e-21	2.64383e-22	1.1846e-23	4.60276e-25	1.5585e-26	4.62075e-28	1.20514e-29	2.77728e-31	5.67954e-33	1.0349e-34	1.68685e-36	2.46875e-38	3.25576e-40	3.88222e-42	4.19926e-44	4.13307e-46	3.71246e-48	3.0518e-50	2.30207e-52	1.59756e-54	1.0224e-56	6.04812e-59	3.31453e-61	1.69029e-63	1.01632e-65	
N2	0.284624	0.303572	0.223397	0.120314	0.0487268	0.0150409	0.0035666	0.000653655	9.31356e-05	1.03813e-05	9.11169e-07	6.34014e-08	3.52149e-09	1.57196e-10	5.67749e-12	1.66999e-13	4.02598e-15	8.00378e-17	1.31994e-18	1.81603e-20	2.09597e-22	2.04001e-24	1.68303e-26	1.18285e-28	7.11746e-31	3.68627e-33	1.65378e-35	6.48593e-38	2.25948e-40	7.21014e-43	2.22757e-45	7.17215e-48	2.51562e-50	9.34905e-53	3.44644e-55	1.19636e-57	3.80763e-60	1.09946e-62	2.87305e-65	6.88877e-68	2.56713e-70	
N3	0.0872944	0.140528	0.186927	0.198134	0.167431	0.113814	0.0627892	0.0283202	0.010507	0.00322316	0.000821306	0.000174565	3.10693e-05	4.64757e-06	5.86389e-07	6.26196e-08	5.67897e-09	4.38847e-10	2.89918e-11	1.64277e-12	8.01001e-14	3.37167e-15	1.22915e-16	3.89311e-18	1.0747e-19	2.59375e-21	5.48981e-23	1.02208e-24	1.67885e-26	2.44004e-28	3.14695e-30	3.61167e-32	3.69874e-34	3.38951e-36	2.78782e-38	2.06598e-40	1.38899e-42	8.6117e-45	5.14303e-47	3.28148e-49	3.31845e-51	
POCUEN_Foucartia_squamulata	0	0	0	0	0	0	0	0	0	0	0	1	0	0	0	0	0	0	0	0	0	0	0	0	0	0	0	0	0	0	0	0	0	0	0	0	0	0	0	0	0	
N4	0.0467069	0.0896064	0.144182	0.183742	0.186607	0.152874	0.101993	0.0558087	0.025183	0.00941299	0.00292577	0.000758836	0.000164757	3.0036e-05	4.61109e-06	5.97795e-07	6.56277e-08	6.11774e-09	4.85553e-10	3.28999e-11	1.90824e-12	9.50002e-14	4.0705e-15	1.50517e-16	4.81642e-18	1.3374e-19	3.23137e-21	6.81243e-23	1.25661e-24	2.03362e-26	2.89532e-28	3.63624e-30	4.03919e-32	3.97895e-34	3.48499e-36	2.72086e-38	1.8985e-40	1.18782e-42	6.72795e-45	3.68592e-47	3.68697e-49	
N5	0.0899781	0.13156	0.16379	0.174534	0.158744	0.122789	0.0805546	0.044752	0.0210423	0.00837629	0.00282532	0.000808583	0.000196682	4.07427e-05	7.20345e-06	1.08962e-06	1.41368e-07	1.5773e-08	1.51758e-09	1.26261e-10	9.10943e-12	5.71553e-13	3.12754e-14	1.49681e-15	6.28309e-17	2.31975e-18	7.55388e-20	2.17542e-21	5.55548e-23	1.26138e-24	2.55288e-26	4.61705e-28	7.48023e-30	1.08823e-31	1.42492e-33	1.68316e-35	1.7979e-37	1.74272e-39	1.55105e-41	1.36673e-43	2.33933e-45	
N6	0.102332	0.145703	0.174516	0.177905	0.154237	0.113333	0.0703642	0.0368334	0.0162372	0.0060255	0.00188281	0.000495795	0.000110162	2.06875e-05	3.2899e-06	4.44041e-07	5.09906e-08	4.99488e-09	4.18534e-10	3.00855e-11	1.86075e-12	9.93201e-14	4.58907e-15	1.84112e-16	6.43334e-18	1.96385e-19	5.25295e-21	1.23485e-22	2.55861e-24	4.68621e-26	7.60823e-28	1.09795e-29	1.41213e-31	1.62291e-33	1.67087e-35	1.54487e-37	1.28585e-39	9.66041e-42	6.58978e-44	4.27861e-46	5.13663e-48	
N7	0.0536585	0.0871051	0.125915	0.157637	0.16811	0.151535	0.115092	0.0735783	0.0395925	0.0179414	0.0068528	0.00220892	0.000601811	0.000138834	2.71769e-05	4.52459e-06	6.42302e-07	7.79574e-08	8.11286e-09	7.2607e-10	5.60527e-11	3.74436e-12	2.17112e-13	1.09618e-14	4.83439e-16	1.86815e-17	6.34509e-19	1.89992e-20	5.03039e-22	1.18115e-23	2.46654e-25	4.59366e-27	7.65058e-29	1.14246e-30	1.5336e-32	1.85526e-34	2.02801e-36	2.01104e-38	1.83269e-40	1.65709e-42	2.89142e-44	
N8	0.0176605	0.0350032	0.0658887	0.108073	0.149355	0.171801	0.163713	0.128983	0.0839535	0.0451446	0.0200689	0.00738478	0.00225333	0.000571447	0.000120771	2.13364e-05	3.16164e-06	3.94371e-07	4.15667e-08	3.71655e-09	2.8303e-10	1.84325e-11	1.03077e-12	4.96959e-14	2.07396e-15	7.52163e-17	2.37972e-18	6.59292e-20	1.60529e-21	3.44744e-23	6.55234e-25	1.10584e-26	1.66257e-28	2.23355e-30	2.68924e-32	2.91023e-34	2.83857e-36	2.50307e-38	2.00917e-40	1.54691e-42	2.27095e-44	
POCUEN_Liophloeus_tessulatus	0	0	0	0	0	0	0	0	0	0	0	0	0	1	0	0	0	0	0	0	0	0	0	0	0	0	0	0	0	0	0	0	0	0	0	0	0	0	0	0	0	
N9	0.00238128	0.00835931	0.026122	0.0647004	0.12483	0.185436	0.209992	0.17983	0.115761	0.0557928	0.0200976	0.00541442	0.00109448	0.000166959	1.93721e-05	1.72599e-06	1.19331e-07	6.47285e-09	2.78517e-10	9.60944e-12	2.68607e-13	6.14261e-15	1.15982e-16	1.82369e-18	2.40718e-20	2.68715e-22	2.5545e-24	2.08136e-26	1.46226e-28	8.90784e-31	4.72998e-33	2.19995e-35	9.00374e-38	3.25658e-40	1.04517e-42	2.98778e-45	7.63503e-48	1.75005e-50	3.61118e-53	6.82585e-56	1.96173e-58	
POCUEN_Barypeithes_sp	0	0	0	1	0	0	0	0	0	0	0	0	0	0	0	0	0	0	0	0	0	0	0	0	0	0	0	0	0	0	0	0	0	0	0	0	0	0	0	0	0	
N10	2.63623e-05	0.000178574	0.00117965	0.00602296	0.0231476	0.0661643	0.138904	0.211421	0.230418	0.177855	0.096418	0.0365355	0.00967223	0.00179609	0.000235867	2.21615e-05	1.51092e-06	7.59166e-08	2.85649e-09	8.17711e-11	1.80816e-12	3.13305e-14	4.31103e-16	4.76911e-18	4.29015e-20	3.17119e-22	1.94472e-24	9.98179e-27	4.32319e-29	1.59183e-31	5.01752e-34	1.36258e-36	3.20693e-39	6.57758e-42	1.18174e-44	1.86866e-47	2.61241e-50	3.24241e-53	3.58737e-56	3.57509e-59	4.84174e-62	
N11	1.64234e-09	3.97472e-08	9.77552e-07	1.84646e-05	0.000254083	0.00245882	0.0161502	0.0691466	0.18418	0.29039	0.260485	0.131966	0.0379862	0.00630164	0.000622064	3.8231e-05	1.53296e-06	4.18419e-08	8.06401e-10	1.13201e-11	1.18846e-13	9.54473e-16	5.97923e-18	2.97158e-20	1.18915e-22	3.88236e-25	1.04624e-27	2.35168e-30	4.45068e-33	7.15267e-36	9.83701e-39	1.16594e-41	1.19872e-44	1.07539e-47	8.46462e-51	5.87546e-54	3.61337e-57	1.97753e-60	9.6705e-64	4.25148e-67	2.29912e-70	
N12	1.07157e-50	1.51375e-45	1.73294e-40	1.41712e-35	7.99369e-31	3.03737e-26	7.56673e-22	1.19417e-17	1.14088e-13	6.19063e-10	1.72964e-06	0.00209131	0.735405	0.262406	9.57379e-05	1.03889e-08	5.05524e-13	1.32642e-17	2.08539e-22	2.10247e-27	1.42428e-32	6.70335e-38	2.24589e-43	5.45189e-49	9.70837e-55	1.27832e-60	1.24949e-66	9.06607e-73	4.86269e-79	1.91066e-85	5.41761e-92	1.08315e-98	1.47439e-105	1.2945e-112	6.71129e-120	1.74809e-127	1.56664e-135	2.89907e-93	2.72259e-47	3.16322e-48	3.9492e-49	
POCUEN_Hypera_nigrirostris	0	0	0	0	0	0	0	0	0	0	0	0	0	1	0	0	0	0	0	0	0	0	0	0	0	0	0	0	0	0	0	0	0	0	0	0	0	0	0	0	0	
POCUEN_Hypera_postica	0	0	0	0	0	0	0	0	0	0	0	0	1	0	0	0	0	0	0	0	0	0	0	0	0	0	0	0	0	0	0	0	0	0	0	0	0	0	0	0	0	
POCUEN_Polydrusus_mollis_M	0	0	0	0	0	0	0	0	0	1	0	0	0	0	0	0	0	0	0	0	0	0	0	0	0	0	0	0	0	0	0	0	0	0	0	0	0	0	0	0	0	
POCUEN_Eudiagogus_sp	0	0	0	0	0	0	0	0	0	0	0	0	0	1	0	0	0	0	0	0	0	0	0	0	0	0	0	0	0	0	0	0	0	0	0	0	0	0	0	0	0	
POCUEN_Bothrometopus_sp	0	0	0	0	0	0	0	0	0	0	0	0	1	0	0	0	0	0	0	0	0	0	0	0	0	0	0	0	0	0	0	0	0	0	0	0	0	0	0	0	0	
N13	0.0572718	0.0958952	0.142301	0.177866	0.182311	0.151501	0.101683	0.0551197	0.0241841	0.00862	0.00250784	0.000598845	0.000118084	1.93506e-05	2.65245e-06	3.06095e-07	2.99277e-08	2.49438e-09	1.78273e-10	1.0987e-11	5.87045e-13	2.73313e-14	1.11411e-15	3.99432e-17	1.26493e-18	3.55265e-20	8.8831e-22	1.9846e-23	3.97523e-25	7.1621e-27	1.16424e-28	1.7125e-30	2.28564e-32	2.77535e-34	3.07359e-36	3.11192e-38	2.88714e-40	2.46071e-42	1.9383e-44	1.48435e-46	2.2119e-48	
POCUEN_Hypomeces_squamosus	0	0	0	0	0	0	1	0	0	0	0	0	0	0	0	0	0	0	0	0	0	0	0	0	0	0	0	0	0	0	0	0	0	0	0	0	0	0	0	0	0	
POCUEN_Sympiezomias_cribricollis	0	0	0	0	0	1	0	0	0	0	0	0	0	0	0	0	0	0	0	0	0	0	0	0	0	0	0	0	0	0	0	0	0	0	0	0	0	0	0	0	0	
N14	0.000583016	0.00161382	0.0046373	0.0119439	0.0266536	0.051218	0.0846902	0.120486	0.147429	0.155071	0.140119	0.108699	0.0723646	0.0413347	0.0202602	0.00852533	0.00308236	0.000958705	0.000256922	5.9438e-05	1.18971e-05	2.06544e-06	3.11856e-07	4.10695e-08	4.73168e-09	4.78393e-10	4.2579e-11	3.34672e-12	2.33036e-13	1.44199e-14	7.95368e-16	3.9223e-17	1.73441e-18	6.89664e-20	2.47282e-21	8.01633e-23	2.35578e-24	6.29611e-26	1.54695e-27	3.84856e-29	2.30199e-30	
POCUEN_Phyllobius_pyri	0	0	0	0	0	0	0	0	0	0	0	0	0	0	0	0	1	0	0	0	0	0	0	0	0	0	0	0	0	0	0	0	0	0	0	0	0	0	0	0	0	
POCUEN_Phyllobius_argentatus	0	0	0	0	0	0	0	0	0	0	0	0	1	0	0	0	0	0	0	0	0	0	0	0	0	0	0	0	0	0	0	0	0	0	0	0	0	0	0	0	0	
N15	1.24253e-08	1.0639e-07	9.49653e-07	7.10394e-06	4.40686e-05	0.000227359	0.000977727	0.0035087	0.0105116	0.0262876	0.0548546	0.0954521	0.138402	0.16708	0.167788	0.140051	0.0970864	0.0558573	0.0266567	0.0105479	0.00345995	0.000940889	0.000212177	3.97007e-05	6.16906e-06	7.97029e-07	8.57457e-08	7.69512e-09	5.77289e-10	3.62894e-11	1.91656e-12	8.52866e-14	3.20793e-15	1.0234e-16	2.7796e-18	6.45486e-20	1.28812e-21	2.2239e-23	3.36713e-25	4.83335e-27	1.47803e-28	
N16	5.39714e-09	3.51978e-08	2.87683e-07	2.14763e-06	1.37897e-05	7.52777e-05	0.000348299	0.00136373	0.00451281	0.0126066	0.0296968	0.0589324	0.0984364	0.138294	0.163327	0.162092	0.135157	0.0946893	0.0557524	0.0276013	0.0114975	0.00403355	0.00119309	0.000297952	6.29187e-05	1.12545e-05	1.70851e-06	2.20573e-07	2.42715e-08	2.28189e-09	1.83772e-10	1.27149e-11	7.58396e-13	3.91743e-14	1.7642e-15	7.00474e-17	2.50112e-18	8.31437e-20	2.72473e-21	9.82337e-23	6.30486e-24	
POCUEN_Otiorhynchus_armadillo	0	0	0	0	0	0	0	0	0	0	0	0	0	0	0	0	0	0	0	0	0	0	0	0	0	0	0	0	0	1	0	0	0	0	0	0	0	0	0	0	0	
N17	9.84171e-09	5.37363e-08	3.64448e-07	2.32816e-06	1.3169e-05	6.4953e-05	0.00027789	0.00102831	0.00328389	0.00903307	0.0213659	0.0433913	0.0755672	0.11274	0.143986	0.157346	0.147097	0.117652	0.0805394	0.0472173	0.0237281	0.0102326	0.00379189	0.00120933	0.000332515	7.8973e-05	1.62343e-05	2.89478e-06	4.48756e-07	6.0623e-08	7.15401e-09	7.39312e-10	6.70792e-11	5.35827e-12	3.78052e-13	2.36749e-14	1.32947e-15	6.88131e-17	3.55341e-18	2.23748e-19	2.75229e-20	
POCUEN_Dyslobus_sp	0	0	0	0	0	0	0	0	0	0	0	0	0	0	0	0	0	0	0	0	0	0	0	1	0	0	0	0	0	0	0	0	0	0	0	0	0	0	0	0	0	
POCUEN_Chlorophanus_sp	0	0	0	0	0	0	0	0	0	0	0	0	0	0	0	0	0	0	0	0	0	0	1	0	0	0	0	0	0	0	0	0	0	0	0	0	0	0	0	0	0	
N18	2.49727e-12	2.70128e-11	3.57288e-10	4.26769e-09	4.40552e-08	3.88974e-07	2.92499e-06	1.86819e-05	0.000101115	0.000462787	0.00178744	0.00581454	0.0159012	0.0364926	0.0701659	0.112857	0.151637	0.169985	0.15881	0.123542	0.0799698	0.0430539	0.0192749	0.00717646	0.00222301	0.000573331	0.000123246	2.21136e-05	3.31767e-06	4.17064e-07	4.40365e-08	3.91586e-09	2.94116e-10	1.87176e-11	1.01268e-12	4.67436e-14	1.84858e-15	6.31151e-17	1.91298e-18	5.94814e-20	4.00556e-21	
N19	4.92404e-25	2.46765e-23	1.41729e-21	7.32518e-20	3.3099e-18	1.29422e-16	4.35323e-15	1.25337e-13	3.07408e-12	6.39122e-11	1.12062e-09	1.64827e-08	2.02245e-07	2.0582e-06	1.72677e-05	0.000118683	0.000663926	0.00300267	0.0109035	0.0315691	0.0723739	0.13049	0.183844	0.201215	0.170227	0.110877	0.0554565	0.0212748	0.00626252	0.00141726	0.000247424	3.3478e-05	3.53117e-06	2.92286e-07	1.9125e-08	9.96932e-10	4.17364e-11	1.4158e-12	3.95372e-14	9.97732e-16	5.27514e-17	
N20	1.95819e-33	3.01183e-31	5.27213e-29	8.02191e-27	1.04619e-24	1.16254e-22	1.09425e-20	8.67043e-19	5.74563e-17	3.16224e-15	1.43492e-13	5.32688e-12	1.60466e-10	3.88878e-09	7.51339e-08	1.14638e-06	1.3677e-05	0.00012629	0.000893057	0.00478481	0.019216	0.0572409	0.125211	0.199295	0.229001	0.188784	0.111194	0.046709	0.0140034	0.00300586	0.000464526	5.20773e-05	4.27465e-06	2.59614e-07	1.17994e-08	4.06087e-10	1.07102e-11	2.19068e-13	3.52372e-15	4.7141e-17	1.11881e-18	
N21	5.20145e-40	1.39749e-37	4.21276e-35	1.11357e-32	2.55059e-30	5.03245e-28	8.5015e-26	1.2217e-23	1.48308e-21	1.50958e-19	1.27809e-17	8.92404e-16	5.09183e-14	2.35094e-12	8.69215e-11	2.54516e-09	5.83344e-08	1.03381e-06	1.39883e-05	0.000142662	0.00108274	0.00604038	0.0244912	0.0714618	0.14886	0.220038	0.229816	0.169098	0.0874693	0.031758	0.00808525	0.00144334	0.000180989	1.60154e-05	1.00828e-06	4.5701e-08	1.51348e-09	3.72421e-11	6.95405e-13	1.05801e-14	2.85034e-16	
POCUEN_Brachyderes_incanus	0	0	0	0	0	0	0	0	0	0	0	0	0	0	0	0	0	0	0	0	0	0	0	1	0	0	0	0	0	0	0	0	0	0	0	0	0	0	0	0	0	
N22	1.09971e-48	5.06173e-46	2.54649e-43	1.13376e-40	4.43498e-38	1.51645e-35	4.50769e-33	1.15804e-30	2.55509e-28	4.80904e-26	7.66522e-24	1.02663e-21	1.14575e-19	1.05597e-17	7.9606e-16	4.85913e-14	2.37593e-12	9.20272e-11	2.79121e-09	6.55212e-08	1.17657e-06	1.59797e-05	0.00016237	0.00122171	0.00674102	0.0270188	0.0779147	0.160002	0.231329	0.232473	0.160111	0.0744799	0.0230942	0.00473263	0.000640934	5.79727e-05	3.57039e-06	1.53623e-07	4.80696e-09	1.24973e-10	5.73119e-12	
POCUEN_Strophosoma_capitatum	0	0	0	0	0	0	0	0	0	0	0	0	0	0	0	0	0	0	0	0	0	0	0	0	0	0	0	0	0	0	0	0	0	1	0	0	0	0	0	0	0	
POCUEN_Strophosoma_melanogrammum	0	0	0	0	0	0	0	0	0	0	0	0	0	0	0	0	0	0	0	0	0	0	0	0	0	0	0	0	0	0	0	0	0	1	0	0	0	0	0	0	0	
N23	8.16182e-33	9.55419e-31	1.31918e-28	1.61126e-26	1.71749e-24	1.58881e-22	1.26834e-20	8.68491e-19	5.06811e-17	2.50306e-15	1.03854e-13	3.59129e-12	1.02628e-10	2.40176e-09	4.55859e-08	6.94539e-07	8.40216e-06	7.97859e-05	0.000587625	0.00331551	0.0141526	0.0451413	0.106316	0.182896	0.22772	0.203813	0.130632	0.0599406	0.0197551	0.00470759	0.000818729	0.000105105	1.00856e-05	7.32981e-07	4.08855e-08	1.77336e-09	6.0572e-11	1.65e-12	3.65124e-14	7.16998e-16	2.77087e-17	
POCUEN_Sitona_hispidulus	0	0	0	0	0	0	0	0	0	0	0	0	0	0	0	0	0	0	0	0	0	0	0	0	0	0	1	0	0	0	0	0	0	0	0	0	0	0	0	0	0	
POCUEN_Sitona_lineatus	0	0	0	0	0	0	0	0	0	0	0	0	0	0	0	0	0	0	0	0	0	0	0	0	0	0	1	0	0	0	0	0	0	0	0	0	0	0	0	0	0	
N24	1.53434e-30	1.15639e-28	1.05899e-26	8.63756e-25	6.17378e-23	3.84829e-21	2.08235e-19	9.73496e-18	3.91239e-16	1.34465e-14	3.93068e-13	9.71744e-12	2.01977e-10	3.508e-09	5.0593e-08	6.01974e-07	5.87012e-06	4.65993e-05	0.00029911	0.00154192	0.00634099	0.0206666	0.0530449	0.106578	0.166688	0.20191	0.18859	0.135347	0.0744476	0.0313436	0.0101011	0.00249565	0.000474161	6.95931e-05	7.93686e-06	7.08326e-07	4.98922e-08	2.80985e-09	1.31067e-10	5.92356e-12	5.57747e-13	
N25	1.62221e-47	4.87399e-45	1.66747e-42	5.15326e-40	1.41909e-37	3.46616e-35	7.47778e-33	1.41862e-30	2.35553e-28	3.40618e-26	4.26662e-24	4.60316e-22	4.25133e-20	3.3391e-18	2.21457e-16	1.23076e-14	5.68403e-13	2.16167e-11	6.70249e-10	1.67572e-08	3.33691e-07	5.21997e-06	6.31484e-05	0.000580261	0.00396656	0.0196871	0.0689529	0.164847	0.259011	0.256918	0.155285	0.0562945	0.012465	0.00175066	0.000162716	1.04169e-05	4.75817e-07	1.5994e-08	4.08739e-10	8.7359e-12	3.49451e-13	
POCUCU_Gymnetron_antirhini	0	0	0	0	0	0	0	0	0	0	0	0	0	0	0	0	0	0	0	0	0	0	0	0	0	0	0	0	0	0	1	0	0	0	0	0	0	0	0	0	0	
POCUEN_Naupactus_xanthographus	0	0	0	0	0	0	0	0	0	0	0	0	0	0	0	0	0	0	0	0	0	0	0	0	0	0	0	0	0	0	1	0	0	0	0	0	0	0	0	0	0	
N26	1.08312e-48	3.19796e-46	1.07828e-43	3.29211e-41	8.97751e-39	2.17701e-36	4.67587e-34	8.85836e-32	1.47375e-29	2.14311e-27	2.71061e-25	2.96624e-23	2.79277e-21	2.24885e-19	1.53894e-17	8.88917e-16	4.30237e-14	1.7312e-12	5.74229e-11	1.55564e-09	3.4074e-08	5.96735e-07	8.25262e-06	8.88775e-05	0.000733668	0.00455849	0.0208751	0.0687576	0.158356	0.246986	0.252065	0.16299	0.0653957	0.0163053	0.00258741	0.000270658	1.9371e-05	9.82641e-07	3.67048e-08	1.12934e-09	6.76113e-11	
POCUCE_Phytobius_sp	0	0	0	0	0	0	0	0	0	0	0	0	0	0	0	0	0	0	0	0	0	0	0	0	0	0	0	0	0	0	0	0	1	0	0	0	0	0	0	0	0	
POCUCU_Gymnetron_tetrum	0	0	0	0	0	0	0	0	0	0	0	0	0	0	0	0	0	0	0	0	0	0	0	0	0	0	0	0	0	0	0	1	0	0	0	0	0	0	0	0	0	
N27	5.05851e-17	7.77311e-16	1.50424e-14	2.69602e-13	4.28385e-12	5.97567e-11	7.28611e-10	7.73931e-09	7.13881e-08	5.70039e-07	3.92809e-06	2.32869e-05	0.000118404	0.000514794	0.00190824	0.00601334	0.0160648	0.0362872	0.0691274	0.110799	0.149093	0.168096	0.158518	0.124852	0.0820365	0.0449338	0.0205078	0.00779918	0.00247265	0.000654115	0.000144583	2.67512e-05	4.15248e-06	5.42215e-07	5.97429e-08	5.57551e-09	4.43147e-10	3.03644e-11	1.87155e-12	1.24755e-13	1.95243e-14	
POCUMO_Pachylobius_picivorus	0	0	0	0	0	0	0	0	0	0	0	0	0	0	0	0	0	0	0	0	0	0	0	0	0	1	0	0	0	0	0	0	0	0	0	0	0	0	0	0	0	
N28	4.27123e-23	1.16576e-21	4.07365e-20	1.30525e-18	3.71663e-17	9.34666e-16	2.06835e-14	4.01399e-13	6.80803e-12	1.00564e-10	1.28912e-09	1.42889e-08	1.36446e-07	1.1183e-06	7.83706e-06	4.67826e-05	0.000236964	0.00101453	0.00365721	0.0110574	0.027932	0.0587284	0.102396	0.147522	0.175028	0.17049	0.135973	0.088593	0.0470782	0.0203842	0.00719013	0.0020674	0.000485294	9.322e-05	1.47021e-05	1.91271e-06	2.06887e-07	1.89512e-08	1.55759e-09	1.40391e-10	2.75139e-11	
POCUDR_Sitophilus_oryzae	0	0	0	0	0	0	0	0	0	0	0	0	0	0	0	0	0	0	0	0	0	0	0	0	0	0	0	0	0	0	0	1	0	0	0	0	0	0	0	0	0	
N29	2.55191e-58	1.87126e-55	1.49721e-52	1.09662e-49	7.19862e-47	4.2091e-44	2.18314e-41	1.00038e-38	4.03255e-36	1.42344e-33	4.37832e-31	1.1673e-28	2.68204e-26	5.2776e-24	8.83308e-22	1.24796e-19	1.47584e-17	1.44715e-15	1.16402e-13	7.58616e-12	3.94888e-10	1.61418e-08	5.07691e-07	1.19819e-05	0.000205593	0.00246162	0.0194645	0.0941648	0.250624	0.325537	0.216757	0.0758819	0.0136333	0.00119813	5.81274e-05	1.73324e-06	3.43319e-08	4.78703e-10	4.95739e-12	4.23746e-14	5.5799e-16	
POCUDR_Sitophilus_granarius	0	0	0	0	0	0	0	0	0	0	0	0	0	0	0	0	0	0	0	0	0	0	0	0	0	0	0	0	0	0	0	0	1	0	0	0	0	0	0	0	0	
POCUDR_Sitophilus_zeamais	0	0	0	0	0	0	0	0	0	0	0	0	0	0	0	0	0	0	0	0	0	0	0	0	0	0	0	0	1	0	0	0	0	0	0	0	0	0	0	0	0	
N30	0.114081	0.164492	0.195545	0.190527	0.151482	0.0982116	0.0520043	0.0225507	0.00803367	0.00235936	0.000573243	0.000115639	1.94385e-05	2.73275e-06	3.2248e-07	3.20608e-08	2.69537e-09	1.92328e-10	1.16911e-11	6.07659e-13	2.7105e-14	1.04137e-15	3.45848e-17	9.96408e-19	2.49904e-20	5.475e-22	1.05129e-23	1.77507e-25	2.64391e-27	3.48476e-29	4.07666e-31	4.24541e-33	3.9469e-35	3.28484e-37	2.45389e-39	1.6497e-41	1.00057e-43	5.48862e-46	2.73266e-48	1.27226e-50	1.04097e-52	
N31	0.0475925	0.0817102	0.124151	0.160007	0.17287	0.156157	0.117867	0.0743208	0.0391498	0.0172348	0.00634558	0.00195626	0.000505756	0.000109861	2.00955e-05	3.10309e-06	4.05622e-07	4.50154e-08	4.25467e-09	3.43591e-10	2.37871e-11	1.41658e-12	7.2817e-14	3.24204e-15	1.25456e-16	4.23382e-18	1.25028e-19	3.24159e-21	7.40272e-23	1.49378e-24	2.67173e-26	4.24826e-28	6.02301e-30	7.63541e-32	8.67879e-34	8.86845e-36	8.16811e-38	6.79905e-40	5.14129e-42	3.68951e-44	4.992e-46	
N32	0.0190915	0.0379882	0.0707188	0.113637	0.153489	0.172609	0.160908	0.12405	0.0789879	0.0415209	0.0180231	0.0064663	0.00192055	0.00047323	9.69947e-05	1.65881e-05	2.37531e-06	2.85854e-07	2.9026e-08	2.49707e-09	1.82768e-10	1.14296e-11	6.13293e-13	2.83552e-14	1.13428e-15	3.94182e-17	1.19475e-18	3.1705e-20	7.39384e-22	1.52079e-23	2.76841e-25	4.4752e-27	6.44486e-29	8.29431e-31	9.56769e-33	9.92058e-35	9.27191e-37	7.83292e-39	6.01153e-41	4.37481e-43	6.03183e-45	
N33	0.00142894	0.00432095	0.0131519	0.0340155	0.0719272	0.123045	0.169489	0.187399	0.165952	0.117544	0.0665608	0.0301441	0.0109314	0.00318038	0.000744281	0.000140546	2.14931e-05	2.67265e-06	2.71429e-07	2.26192e-08	1.55435e-09	8.85289e-11	4.20102e-12	1.66976e-13	5.58834e-15	1.58317e-16	3.81633e-18	7.86755e-20	1.39399e-21	2.13299e-23	2.83164e-25	3.27599e-27	3.31711e-29	2.95169e-31	2.31728e-33	1.61107e-35	9.95503e-38	5.48741e-40	2.71555e-42	1.25839e-44	1.00975e-46	
POCUMO_Pissodes_schwarzi_M	0	0	0	0	0	0	0	0	0	0	0	0	0	0	0	0	0	1	0	0	0	0	0	0	0	0	0	0	0	0	0	0	0	0	0	0	0	0	0	0	0	
N34	0.000825846	0.00264629	0.00914667	0.0273173	0.0656338	0.123762	0.181091	0.204227	0.176748	0.117131	0.0594358	0.0231417	0.00694158	0.00161317	0.000292434	4.16702e-05	4.70556e-06	4.24639e-07	3.08813e-08	1.82486e-09	8.8333e-11	3.52978e-12	1.17313e-13	3.26593e-15	7.66792e-17	1.52811e-18	2.60068e-20	3.8018e-22	4.79998e-24	5.26123e-26	5.03111e-28	4.2168e-30	3.11137e-32	2.02945e-34	1.17482e-36	6.05829e-39	2.7929e-41	1.15492e-43	4.29928e-46	1.46823e-48	8.17503e-51	
POCUMO_Pissodes_strobi	0	0	0	0	0	0	0	0	1	0	0	0	0	0	0	0	0	0	0	0	0	0	0	0	0	0	0	0	0	0	0	0	0	0	0	0	0	0	0	0	0	
POCUMO_Pissodes_nemorensis	0	0	0	0	0	0	0	0	0	1	0	0	0	0	0	0	0	0	0	0	0	0	0	0	0	0	0	0	0	0	0	0	0	0	0	0	0	0	0	0	0	
N35	0.00645949	0.0167691	0.0421416	0.088283	0.147378	0.19264	0.195476	0.153327	0.0928279	0.0434042	0.0157103	0.00441854	0.000970538	0.000167521	2.28836e-05	2.49311e-06	2.18402e-07	1.55127e-08	9.00816e-10	4.31159e-11	1.71438e-12	5.70581e-14	1.60096e-15	3.81276e-17	7.75672e-19	1.35618e-20	2.04936e-22	2.69094e-24	3.08571e-26	3.10473e-28	2.75323e-30	2.16089e-32	1.50701e-34	9.37368e-37	5.21856e-39	2.60908e-41	1.17515e-43	4.78283e-46	1.76549e-48	6.05771e-51	3.47441e-53	
POCUCL_Cleonus_sp	0	0	0	0	0	0	0	0	0	0	0	1	0	0	0	0	0	0	0	0	0	0	0	0	0	0	0	0	0	0	0	0	0	0	0	0	0	0	0	0	0	
N36	0.00367495	0.0148573	0.0551997	0.144254	0.244793	0.26256	0.176548	0.0744059	0.0198427	0.00343248	0.000397875	3.19396e-05	1.82998e-06	7.68415e-08	2.41972e-09	5.82951e-11	1.09342e-12	1.62151e-14	1.92738e-16	1.85886e-18	1.47079e-20	9.64304e-23	5.28681e-25	2.44401e-27	9.59984e-30	3.22651e-32	9.33975e-35	2.34256e-37	5.11951e-40	9.79973e-43	1.65104e-45	2.45942e-48	3.25301e-51	3.83574e-54	4.04718e-57	3.83466e-60	3.27352e-63	2.52569e-66	1.76665e-69	1.12924e-72	9.51577e-76	
POCUMO_Lixus_sp	0	0	0	0	0	0	0	1	0	0	0	0	0	0	0	0	0	0	0	0	0	0	0	0	0	0	0	0	0	0	0	0	0	0	0	0	0	0	0	0	0	
POCUMO_Larinus_sp	0	0	0	1	0	0	0	0	0	0	0	0	0	0	0	0	0	0	0	0	0	0	0	0	0	0	0	0	0	0	0	0	0	0	0	0	0	0	0	0	0	
N37	0.00606428	0.0143004	0.0332169	0.0668518	0.112049	0.154743	0.175691	0.163988	0.125889	0.0795199	0.0413525	0.0177142	0.00625542	0.00182269	0.000438723	8.73544e-05	1.44108e-05	1.97328e-06	2.24731e-07	2.13335e-08	1.69208e-09	1.12417e-10	6.27255e-12	2.94753e-13	1.1698e-14	3.93258e-16	1.12318e-17	2.73363e-19	5.68687e-21	1.01433e-22	1.55591e-24	2.05882e-26	2.3572e-28	2.34222e-30	2.02591e-32	1.53009e-34	1.01257e-36	5.90071e-39	3.06351e-41	1.50362e-43	1.44074e-45	
N38	0.00302254	0.0073472	0.0178261	0.0384765	0.0713989	0.112426	0.149262	0.166508	0.155775	0.122101	0.0801583	0.044081	0.0203172	0.0078555	0.00255104	0.000696884	0.000160435	3.11923e-05	5.13362e-06	7.17042e-07	8.52338e-08	8.64766e-09	7.51168e-10	5.60409e-11	3.6026e-12	2.00219e-13	9.65204e-15	4.04955e-16	1.48358e-17	4.76173e-19	1.34331e-20	3.34145e-22	7.35185e-24	1.43513e-25	2.49294e-27	3.86476e-29	5.36286e-31	6.68533e-33	7.56598e-35	8.37234e-37	1.86606e-38	
N39	2.04431e-05	8.22884e-05	0.000359219	0.00138789	0.00458351	0.0128439	0.0304246	0.0607211	0.10179	0.142933	0.167722	0.164149	0.133786	0.0907086	0.05113	0.0239565	0.00933301	0.00302555	0.000817151	0.000184178	3.47146e-05	5.48522e-06	7.28615e-07	8.16147e-08	7.73489e-09	6.22435e-10	4.26863e-11	2.50431e-12	1.26173e-13	5.48041e-15	2.06022e-16	6.7288e-18	1.91662e-19	4.7789e-21	1.04687e-22	2.02201e-24	3.45605e-26	5.25198e-28	7.18951e-30	9.61054e-32	2.60406e-33	
POCUCU_Curculio_distinguendus	0	0	0	0	0	0	0	0	0	0	0	0	0	0	0	0	0	0	0	1	0	0	0	0	0	0	0	0	0	0	0	0	0	0	0	0	0	0	0	0	0	
N40	8.24645e-08	5.37377e-07	4.00389e-06	2.67528e-05	0.000152596	0.000730703	0.00291163	0.00959374	0.0260011	0.0576896	0.104346	0.153296	0.18236	0.175231	0.135764	0.0847109	0.0425424	0.0171966	0.00559847	0.00146979	0.000311784	5.35838e-05	7.48671e-06	8.53958e-07	7.99017e-08	6.16542e-09	3.94579e-10	2.10692e-11	9.4434e-13	3.57432e-14	1.14927e-15	3.1574e-17	7.45311e-19	1.51976e-20	2.69072e-22	4.15657e-24	5.62848e-26	6.71128e-28	7.09216e-30	6.95872e-32	1.32488e-33	
N41	4.58019e-31	9.24363e-29	1.83207e-26	3.17731e-24	4.73347e-22	5.98005e-20	6.341e-18	5.59032e-16	4.05869e-14	2.40178e-12	1.14521e-10	4.3424e-09	1.28946e-07	2.94441e-06	5.05684e-05	0.00063552	0.00564398	0.0338401	0.128813	0.285876	0.328826	0.171253	0.0404686	0.00433967	0.000242277	7.9388e-06	1.66611e-07	2.38646e-09	2.44669e-11	1.86268e-13	1.08417e-15	4.94029e-18	1.79734e-20	5.30786e-23	1.29051e-25	2.61499e-28	4.46369e-31	6.47957e-34	8.07149e-37	8.82067e-40	1.31265e-42	
POCUEN_Scepticus_insularis	0	0	0	0	0	0	0	0	0	0	0	0	0	0	0	0	0	0	0	0	0	0	1	0	0	0	0	0	0	0	0	0	0	0	0	0	0	0	0	0	0	
POCUEN_Scepticus_griseus	0	0	0	0	0	0	0	0	0	0	0	0	0	0	0	0	0	0	0	0	1	0	0	0	0	0	0	0	0	0	0	0	0	0	0	0	0	0	0	0	0	
POCUCU_Curculio_nucum_M	0	0	0	0	0	0	0	0	0	0	0	1	0	0	0	0	0	0	0	0	0	0	0	0	0	0	0	0	0	0	0	0	0	0	0	0	0	0	0	0	0	
POCUCU_Curculio_dentipes	0	0	0	0	0	0	0	0	1	0	0	0	0	0	0	0	0	0	0	0	0	0	0	0	0	0	0	0	0	0	0	0	0	0	0	0	0	0	0	0	0	
N42	0.00417196	0.00970353	0.0229231	0.0483165	0.0865572	0.129749	0.162056	0.168556	0.146086	0.105606	0.0637546	0.0321862	0.0136095	0.00482824	0.00143998	0.000361801	7.67594e-05	1.3785e-05	2.10099e-06	2.72489e-07	3.01575e-08	2.85628e-09	2.32182e-10	1.62464e-11	9.81454e-13	5.13402e-14	2.33242e-15	9.22995e-17	3.19085e-18	9.66464e-20	2.57206e-21	6.03139e-23	1.2497e-24	2.29429e-26	3.7427e-28	5.44336e-30	7.09638e-32	8.4083e-34	9.49848e-36	1.21447e-37	2.96853e-39	
N43	1.47636e-08	9.94947e-08	7.39694e-07	4.86632e-06	2.77311e-05	0.000136481	0.0005786	0.00210554	0.00654997	0.017341	0.038894	0.0735663	0.116829	0.155133	0.171603	0.157629	0.11993	0.07544	0.039192	0.0168108	0.00595649	0.00174567	0.000424027	8.5605e-05	1.44141e-05	2.03247e-06	2.41097e-07	2.41782e-08	2.06043e-09	1.49997e-10	9.37767e-12	5.06131e-13	2.37031e-14	9.6798e-16	3.46349e-17	1.09074e-18	3.0367e-20	7.50957e-22	1.66804e-23	3.63507e-25	1.80629e-26	
POCUCU_Dorytomus_sp	0	0	0	0	0	0	0	0	0	0	0	0	0	0	0	0	0	0	0	0	0	0	1	0	0	0	0	0	0	0	0	0	0	0	0	0	0	0	0	0	0	
POCUMO_Magdalis_sp	0	0	0	0	0	0	0	0	0	0	0	0	0	0	0	1	0	0	0	0	0	0	0	0	0	0	0	0	0	0	0	0	0	0	0	0	0	0	0	0	0	
N44	2.86065e-33	4.63208e-33	7.02657e-33	1.01465e-32	1.4071e-32	1.88377e-32	2.44247e-32	2.17252e-50	1.45789e-44	2.83617e-39	2.54794e-34	1.25192e-29	3.66661e-25	6.63786e-21	7.49864e-17	5.20655e-13	2.11677e-09	4.58799e-06	0.00432362	0.994561	0.0011106	3.02837e-07	3.59306e-11	2.27528e-15	8.44933e-20	1.93218e-24	2.76354e-29	2.44987e-34	1.29871e-39	3.77949e-45	5.10172e-51	2.00687e-57	2.12799e-33	1.40225e-33	9.04161e-34	5.70656e-34	3.52781e-34	2.1419e-34	1.29531e-34	8.39855e-35	7.68534e-35	
POCUMO_Hylobius_piceus	0	0	0	0	0	0	0	0	0	0	0	0	0	0	0	0	0	0	0	1	0	0	0	0	0	0	0	0	0	0	0	0	0	0	0	0	0	0	0	0	0	
POCUMO_Hylobius_abietis	0	0	0	0	0	0	0	0	0	0	0	0	0	0	0	0	0	0	0	1	0	0	0	0	0	0	0	0	0	0	0	0	0	0	0	0	0	0	0	0	0	
N45	0.00990431	0.0225981	0.0478971	0.0860815	0.129256	0.161848	0.169002	0.14723	0.107073	0.0650513	0.0330438	0.0140473	0.00500297	0.00149452	0.000374953	7.9116e-05	1.40613e-05	2.10852e-06	2.67227e-07	2.86779e-08	2.61118e-09	2.02139e-10	1.33332e-11	7.51048e-13	3.62135e-14	1.49827e-15	5.33213e-17	1.63645e-18	4.34223e-20	9.98761e-22	1.9966e-23	3.47817e-25	5.29405e-27	7.05916e-29	8.26783e-31	8.52801e-33	7.76756e-35	6.26635e-37	4.50408e-39	3.01574e-41	3.83522e-43	
N46	0.0142486	0.0260867	0.0461025	0.0748544	0.108309	0.137324	0.151207	0.143913	0.11811	0.0834922	0.0508189	0.0266375	0.0120306	0.00468565	0.00157552	0.000457963	0.000115253	2.51558e-05	4.77091e-06	7.87795e-07	1.13501e-07	1.42997e-08	1.57904e-09	1.53188e-10	1.30877e-11	9.87123e-13	6.58883e-14	3.90158e-15	2.0546e-16	9.64554e-18	4.04649e-19	1.52059e-20	5.13033e-22	1.55765e-23	4.2655e-25	1.05591e-26	2.36884e-28	4.83733e-30	9.13942e-32	1.76452e-33	7.49845e-35	
POCUSC_Crypturgus_pusillus	0	0	0	0	0	0	0	0	0	0	0	0	0	1	0	0	0	0	0	0	0	0	0	0	0	0	0	0	0	0	0	0	0	0	0	0	0	0	0	0	0	
N47	0.0074071	0.0148388	0.0294206	0.0535409	0.0863273	0.121327	0.147426	0.154185	0.138416	0.10649	0.0701478	0.039552	0.0190917	0.00789419	0.00279891	0.00085207	0.000223096	5.03369e-05	9.80863e-06	1.65461e-06	2.42249e-07	3.08656e-08	3.43195e-09	3.33965e-10	2.85242e-11	2.14457e-12	1.42346e-13	8.36537e-15	4.36515e-16	2.02819e-17	8.41421e-19	3.12525e-20	1.042e-21	3.1266e-23	8.46421e-25	2.07234e-26	4.59983e-28	9.28257e-30	1.71839e-31	3.16523e-33	1.32168e-34	
POCUDR_Cosmopolites_sordidus	0	0	0	0	0	0	0	0	0	1	0	0	0	0	0	0	0	0	0	0	0	0	0	0	0	0	0	0	0	0	0	0	0	0	0	0	0	0	0	0	0	
POCUEN_Tanymecus_sp	0	0	0	0	0	0	0	0	0	0	0	0	1	0	0	0	0	0	0	0	0	0	0	0	0	0	0	0	0	0	0	0	0	0	0	0	0	0	0	0	0	
N48	0.00458157	0.0112552	0.0265142	0.0537875	0.0920922	0.132606	0.160523	0.163432	0.140046	0.101096	0.0615412	0.0316274	0.0137394	0.00505194	0.00157458	0.000416633	9.37403e-05	1.79649e-05	2.9378e-06	4.10706e-07	4.918e-08	5.05435e-09	4.46747e-10	3.4033e-11	2.2394e-12	1.27563e-13	6.30481e-15	2.71006e-16	1.01547e-17	3.32483e-19	9.5351e-21	2.40095e-22	5.32096e-24	1.0404e-25	1.79916e-27	2.75883e-29	3.76363e-31	4.60182e-33	5.19427e-35	6.24577e-37	1.49583e-38	
N49	1.01575e-07	6.44018e-07	4.49753e-06	2.75448e-05	0.000144498	0.000646595	0.00245813	0.00789864	0.0213256	0.0480679	0.0898511	0.138364	0.174427	0.17899	0.148812	0.0999099	0.0540792	0.0236045	0.00832523	0.00238149	0.000555338	0.00010621	1.67724e-05	2.2025e-06	2.42241e-07	2.24735e-08	1.77087e-09	1.19309e-10	6.91624e-12	3.47035e-13	1.51575e-14	5.79342e-16	1.94738e-17	5.78365e-19	1.52437e-20	3.58024e-22	7.52354e-24	1.42158e-25	2.44808e-27	4.19557e-29	1.55967e-30	
POCUBR_Echinocnemus_sp	0	0	0	0	0	0	0	0	0	0	0	0	0	0	0	1	0	0	0	0	0	0	0	0	0	0	0	0	0	0	0	0	0	0	0	0	0	0	0	0	0	
POCUER_Tanysphyrus_lemnae	0	0	0	0	0	0	0	0	0	0	0	0	0	0	0	0	1	0	0	0	0	0	0	0	0	0	0	0	0	0	0	0	0	0	0	0	0	0	0	0	0	
N50	8.0518e-07	3.90988e-06	2.00996e-05	9.18556e-05	0.000365147	0.00125974	0.00377228	0.00980549	0.022119	0.0432802	0.0734185	0.107913	0.137364	0.15136	0.14432	0.119043	0.0849306	0.0524052	0.027967	0.0129104	0.00515663	0.00178275	0.000533745	0.000138475	3.11561e-05	6.08478e-06	1.03262e-06	1.5246e-07	1.96106e-08	2.20099e-09	2.15922e-10	1.8552e-11	1.39927e-12	9.28984e-14	5.44739e-15	2.83435e-16	1.31861e-17	5.58084e-19	2.26942e-20	1.08064e-21	1.21277e-22	
N51	4.07825e-51	9.48474e-48	2.00273e-44	3.71311e-41	5.99873e-38	8.37325e-35	1.0007e-31	1.01405e-28	8.61959e-26	6.07179e-23	3.49503e-20	1.61692e-17	5.89333e-15	1.65116e-12	3.44733e-10	5.15034e-08	5.21094e-06	0.000329837	0.0115417	0.179199	0.747816	0.0598099	0.0012861	1.22781e-05	6.48575e-08	2.14586e-10	4.81507e-13	7.74486e-16	9.30145e-19	8.60618e-22	6.28873e-25	3.703e-28	1.78661e-31	7.16306e-35	2.41544e-38	6.92335e-42	1.7037e-45	3.644e-49	6.96275e-53	1.3036e-56	3.23598e-60	
POCUDR_Sphenophorus_sp	0	0	0	0	0	0	0	0	0	0	0	0	0	0	0	0	0	0	0	0	1	0	0	0	0	0	0	0	0	0	0	0	0	0	0	0	0	0	0	0	0	
POCUDR_Metamasius_hemipterus	0	0	0	0	0	0	0	0	0	0	0	0	0	0	0	0	0	0	0	0	1	0	0	0	0	0	0	0	0	0	0	0	0	0	0	0	0	0	0	0	0	
N52	6.03329e-09	3.3203e-08	2.16033e-07	1.31121e-06	7.0995e-06	3.3906e-05	0.000142256	0.000523333	0.00168599	0.00475192	0.0117064	0.0251856	0.0472845	0.0774137	0.110453	0.137268	0.148526	0.139872	0.114618	0.0817172	0.0506883	0.0273577	0.0128506	0.00525521	0.00187189	0.00058111	0.000157342	3.71911e-05	7.68274e-06	1.3889e-06	2.20115e-07	3.0652e-08	3.76281e-09	4.09206e-10	3.97291e-11	3.48685e-12	2.82217e-13	2.17329e-14	1.67716e-15	1.45474e-16	2.1569e-17	
POCUDR_Rhynchophorus_ferrugineus	0	0	0	0	0	0	0	0	0	0	0	0	0	0	0	0	0	0	0	0	0	0	1	0	0	0	0	0	0	0	0	0	0	0	0	0	0	0	0	0	0	
POCUDR_Diocalandra_sp	0	0	0	0	0	0	0	0	0	0	0	0	0	0	0	0	0	0	0	0	0	0	0	0	0	0	0	0	0	0	0	0	0	0	1	0	0	0	0	0	0	
N53	0.133306	0.198426	0.233557	0.206523	0.134367	0.0641103	0.0225203	0.00586273	0.00113975	0.000166803	1.85312e-05	1.57616e-06	1.03526e-07	5.29677e-09	2.12933e-10	6.78346e-12	1.7269e-13	3.54178e-15	5.89843e-17	8.03721e-19	9.02588e-21	8.41227e-23	6.55036e-25	4.28844e-27	2.37486e-29	1.11886e-31	4.50909e-34	1.56255e-36	4.67899e-39	1.21643e-41	2.75791e-44	5.47612e-47	9.56143e-50	1.47367e-52	2.01233e-55	2.44305e-58	2.64575e-61	2.56411e-64	2.23178e-67	1.77313e-70	1.95155e-73	
N54	0.0984633	0.16233	0.21755	0.220294	0.164091	0.0891668	0.0353201	0.0102262	0.00217385	0.00034118	3.97824e-05	3.46979e-06	2.28018e-07	1.13761e-08	4.34322e-10	1.27922e-11	2.93073e-13	5.26624e-15	7.48345e-17	8.47848e-19	7.71998e-21	5.69341e-23	3.42655e-25	1.69522e-27	6.94238e-30	2.36923e-32	6.78105e-35	1.63767e-37	3.35673e-40	5.87175e-43	8.81178e-46	1.14019e-48	1.27811e-51	1.24681e-54	1.06301e-57	7.95347e-61	5.24253e-64	3.0556e-67	1.5804e-70	7.29874e-74	4.16099e-77	
N55	0.0176099	0.0430127	0.0912003	0.151802	0.196038	0.195999	0.151555	0.0906067	0.0419053	0.0150143	0.00417653	0.000904632	0.000153125	2.03423e-05	2.13139e-06	1.77095e-07	1.17383e-08	6.24568e-10	2.68514e-11	9.38972e-13	2.68869e-14	6.34616e-16	1.24277e-17	2.03204e-19	2.79126e-21	3.24009e-23	3.19639e-25	2.69438e-27	1.95072e-29	1.21901e-31	6.60583e-34	3.1181e-36	1.28747e-38	4.66897e-41	1.49282e-43	4.22361e-46	1.06113e-48	2.3754e-51	4.75987e-54	8.7683e-57	2.46098e-59	
N56	0.0184696	0.0336962	0.0585638	0.0920372	0.127044	0.151701	0.155449	0.136121	0.101646	0.0646711	0.0350558	0.0161978	0.0063855	0.00215035	0.000619502	0.000152946	3.24197e-05	5.91206e-06	9.2953e-07	1.26289e-07	1.48614e-08	1.51843e-09	1.35034e-10	1.04782e-11	7.11252e-13	4.23404e-14	2.21608e-15	1.02238e-16	4.16807e-18	1.50534e-19	4.82818e-21	1.37861e-22	3.51279e-24	8.0064e-26	1.63608e-27	3.00425e-29	4.9683e-31	7.41814e-33	1.00637e-34	1.3202e-36	3.65336e-38	
N57	0.00318648	0.00706791	0.0156717	0.031665	0.0566218	0.0887094	0.121232	0.144158	0.148911	0.133475	0.103745	0.0699026	0.0408301	0.0206803	0.00908793	0.00346773	0.00115009	0.000331925	8.34755e-05	1.83207e-05	3.51479e-06	5.90465e-07	8.7022e-08	1.12732e-08	1.28625e-09	1.29527e-10	1.15365e-11	9.10771e-13	6.38723e-14	3.98789e-15	2.22157e-16	1.1067e-17	4.9409e-19	1.98133e-20	7.15257e-22	2.33038e-23	6.8782e-25	1.85548e-26	4.71715e-28	1.28468e-29	7.64851e-31	
POCUSC_Xyleborus_sp	0	0	0	0	0	0	0	0	0	0	0	0	0	0	0	0	0	0	0	0	0	1	0	0	0	0	0	0	0	0	0	0	0	0	0	0	0	0	0	0	0	
N58	0.000327644	0.00103666	0.00348545	0.0104444	0.0266208	0.0567829	0.100488	0.146652	0.17569	0.17219	0.137751	0.0898502	0.0477847	0.0207442	0.00736702	0.00214703	0.000515529	0.000102459	1.69411e-05	2.34313e-06	2.72612e-07	2.68316e-08	2.24668e-09	1.60922e-10	9.91251e-12	5.27811e-13	2.44139e-14	9.85594e-16	3.48823e-17	1.08694e-18	2.994e-20	7.31832e-22	1.59317e-23	3.0996e-25	5.40711e-27	8.48393e-29	1.20088e-30	1.5383e-32	1.79534e-34	2.02287e-36	4.68447e-38	
POCUSC_Xylosandrus_compactus	0	0	0	0	0	0	0	0	1	0	0	0	0	0	0	0	0	0	0	0	0	0	0	0	0	0	0	0	0	0	0	0	0	0	0	0	0	0	0	0	0	
POCUSC_Xylosandrus_germanus	0	0	0	0	0	0	0	0	0	0	0	0	0	1	0	0	0	0	0	0	0	0	0	0	0	0	0	0	0	0	0	0	0	0	0	0	0	0	0	0	0	
N59	0.00744698	0.0145097	0.0277405	0.0489191	0.0773866	0.108451	0.133807	0.144839	0.137256	0.113723	0.0823212	0.0520439	0.028736	0.0138616	0.00584498	0.00215618	0.000696572	0.000197316	4.9078e-05	1.07354e-05	2.06871e-06	3.51823e-07	5.29091e-08	7.05008e-09	8.34102e-10	8.78077e-11	8.24284e-12	6.91519e-13	5.19603e-14	3.50458e-15	2.12642e-16	1.16321e-17	5.74906e-19	2.57268e-20	1.04456e-21	3.85614e-23	1.2974e-24	3.99618e-26	1.14927e-27	3.51087e-29	2.59301e-30	
POCUSC_Dryocoetes_affaber	0	0	0	0	0	0	0	0	0	0	1	0	0	0	0	0	0	0	0	0	0	0	0	0	0	0	0	0	0	0	0	0	0	0	0	0	0	0	0	0	0	
POCUSC_Dryocoetes_autographus	0	0	0	0	0	0	0	0	0	0	0	0	0	0	0	1	0	0	0	0	0	0	0	0	0	0	0	0	0	0	0	0	0	0	0	0	0	0	0	0	0	
N60	0.00170038	0.00582776	0.0186247	0.0479891	0.0975509	0.155598	0.194252	0.189484	0.144242	0.0856313	0.039646	0.0143273	0.0040488	0.000897299	0.000156576	2.16208e-05	2.37655e-06	2.09335e-07	1.48823e-08	8.6035e-10	4.07523e-11	1.59357e-12	5.18239e-14	1.41162e-15	3.2426e-17	6.32211e-19	1.05266e-20	1.50549e-22	1.85954e-24	1.99397e-26	1.86534e-28	1.52974e-30	1.10519e-32	7.07308e-35	4.0385e-37	2.07967e-39	9.84127e-42	4.42107e-44	1.9806e-46	9.32455e-49	5.68611e-51	
POCUSC_Pityogenes_hopkinsi_M	0	0	0	0	0	0	0	0	0	0	0	0	0	0	0	0	0	0	0	0	0	0	0	0	1	0	0	0	0	0	0	0	0	0	0	0	0	0	0	0	0	
N61	6.99357e-05	0.000369548	0.00189443	0.0078872	0.0257639	0.0651136	0.126305	0.186966	0.210218	0.178806	0.114653	0.0552646	0.0199839	0.00541563	0.00110018	0.000167823	1.92849e-05	1.67731e-06	1.11093e-07	5.64385e-09	2.21702e-10	6.79184e-12	1.637e-13	3.13169e-15	4.79669e-17	5.93179e-19	5.97052e-21	4.929e-23	3.36199e-25	1.90775e-27	9.06506e-30	3.62925e-32	1.23137e-34	3.56017e-37	8.81695e-40	1.8796e-42	3.46523e-45	5.5496e-48	7.76086e-51	9.69536e-54	1.71217e-56	
N62	5.1192e-06	3.92492e-05	0.000274604	0.00155097	0.00688709	0.0236761	0.0623635	0.124889	0.188942	0.214755	0.182484	0.115412	0.0541209	0.0187602	0.00479709	0.000904176	0.000125721	1.29283e-05	9.87541e-07	5.63766e-08	2.4238e-09	7.91756e-11	1.98425e-12	3.85415e-14	5.86243e-16	7.05497e-18	6.78447e-20	5.26388e-22	3.3253e-24	1.72521e-26	7.41093e-29	2.65605e-31	7.99912e-34	2.038e-36	4.42027e-39	8.20984e-42	1.313e-44	1.81786e-47	2.19405e-50	2.38422e-53	3.66838e-56	
N63	4.10027e-09	6.41222e-08	9.88623e-07	1.22103e-05	0.000116308	0.000840052	0.00455119	0.0183486	0.0546973	0.119919	0.192471	0.225242	0.191541	0.118033	0.0526021	0.0169351	0.0039386	0.000662503	8.08017e-05	7.17358e-06	4.66042e-07	2.23009e-08	7.92034e-10	2.10561e-11	4.22849e-13	6.47587e-15	7.63684e-17	7.002e-19	5.03893e-21	2.87249e-23	1.30868e-25	4.80567e-28	1.43399e-30	3.5043e-33	7.06684e-36	1.18511e-38	1.66675e-41	1.98771e-44	2.0523e-47	1.97206e-50	2.86375e-53	
N64	2.61166e-11	6.20243e-10	1.60993e-08	3.30922e-07	5.14065e-06	5.93927e-05	0.000505405	0.00314483	0.0142287	0.0466061	0.110149	0.187381	0.229066	0.201047	0.12666	0.0573037	0.018639	0.00436667	0.000738698	9.05303e-05	8.0701e-06	5.25765e-07	2.51721e-08	8.91139e-10	2.34868e-11	4.64242e-13	6.93568e-15	7.89569e-17	6.90687e-19	4.68225e-21	2.48094e-23	1.03623e-25	3.44038e-28	9.15432e-31	1.96777e-33	3.44351e-36	4.94232e-39	5.85955e-42	5.7791e-45	4.81248e-48	5.06962e-51	
N65	1.50323e-10	1.89213e-09	2.9033e-08	3.81693e-07	4.09538e-06	3.54025e-05	0.000244473	0.00133834	0.00576776	0.0194485	0.0510528	0.103943	0.163773	0.199538	0.188128	0.137528	0.0781954	0.0347182	0.0120933	0.00332183	0.000723497	0.000125658	1.75047e-05	1.96729e-06	1.79414e-07	1.33545e-08	8.15941e-10	4.11504e-11	1.72248e-12	6.01616e-14	1.76251e-15	4.35304e-17	9.10827e-19	1.62231e-20	2.47119e-22	3.2341e-24	3.65481e-26	3.59455e-28	3.14672e-30	2.70149e-32	4.14568e-34	
N66	1.01295e-10	1.07209e-09	1.40596e-08	1.63095e-07	1.58956e-06	1.28562e-05	8.57236e-05	0.000468672	0.00209045	0.00757211	0.0221832	0.0523782	0.0994004	0.151307	0.184513	0.180178	0.140936	0.0883968	0.044532	0.0180593	0.0059117	0.00156701	0.000337523	5.92992e-05	8.53198e-06	1.00955e-06	9.86638e-08	7.99937e-09	5.40456e-10	3.05649e-11	1.45342e-12	5.83719e-14	1.98881e-15	5.77414e-17	1.43512e-18	3.06964e-20	5.69449e-22	9.31025e-24	1.39864e-25	2.1565e-27	5.78888e-29	
N67	6.30111e-11	6.47411e-10	8.41266e-09	9.73923e-08	9.5255e-07	7.77945e-06	5.27384e-05	0.000295308	0.00135957	0.00512458	0.0157531	0.0393597	0.0797026	0.130512	0.172537	0.183976	0.158184	0.10971	0.0614373	0.0278217	0.0102091	0.00304307	0.000738934	0.000146639	2.38639e-05	3.19652e-06	3.53772e-07	3.24794e-08	2.48367e-09	1.58847e-10	8.53232e-12	3.86526e-13	1.48298e-14	4.83926e-16	1.34913e-17	3.23031e-19	6.69595e-21	1.22185e-22	2.04859e-24	3.53067e-26	1.06679e-27	
POCUSC_Ips_montanus	0	0	0	0	0	0	0	0	0	0	0	0	0	0	0	0	0	0	0	0	0	0	0	0	0	0	1	0	0	0	0	0	0	0	0	0	0	0	0	0	0	
N68	3.9696e-10	3.22165e-09	3.29215e-08	3.0658e-07	2.45935e-06	1.67765e-05	9.67373e-05	0.000469268	0.00190653	0.00645982	0.0181809	0.0423486	0.081372	0.128622	0.166872	0.177406	0.154394	0.109956	0.0641015	0.0306196	0.0120031	0.00386978	0.0010288	0.000226241	4.12974e-05	6.28101e-06	7.99171e-07	8.54241e-08	7.70424e-09	5.88839e-10	3.83089e-11	2.13086e-12	1.01779e-13	4.1925e-15	1.49566e-16	4.64022e-18	1.25728e-19	2.99209e-21	6.36113e-23	1.34297e-24	6.15418e-26	
POCUSC_Ips_paraconfusus	0	0	0	0	0	0	0	0	0	0	0	0	0	0	0	0	0	0	0	1	0	0	0	0	0	0	0	0	0	0	0	0	0	0	0	0	0	0	0	0	0	
N69	9.70967e-17	3.10055e-15	1.13633e-13	3.66037e-12	1.00037e-10	2.2844e-09	4.30775e-08	6.62993e-07	8.22246e-06	8.1008e-05	0.000623877	0.00368854	0.0164076	0.0537248	0.126607	0.210268	0.242143	0.191623	0.10394	0.0387581	0.0100291	0.00183102	0.00024095	2.33829e-05	1.71095e-06	9.63416e-08	4.25205e-09	1.49511e-10	4.24917e-12	9.88676e-14	1.90489e-15	3.07021e-17	4.1775e-19	4.83834e-21	4.80564e-23	4.12135e-25	3.07108e-27	2.00091e-29	1.15169e-31	6.18221e-34	5.75316e-36	
POCUSC_Ips_confusus	0	0	0	0	0	0	0	0	0	0	0	0	0	0	0	1	0	0	0	0	0	0	0	0	0	0	0	0	0	0	0	0	0	0	0	0	0	0	0	0	0	
POCUSC_Ips_hoppingi	0	0	0	0	0	0	0	0	0	0	0	0	0	0	0	0	0	0	0	1	0	0	0	0	0	0	0	0	0	0	0	0	0	0	0	0	0	0	0	0	0	
POCUSC_Ips_lecontei	0	0	0	0	0	0	0	0	0	0	0	0	0	0	0	0	0	0	0	0	0	0	0	0	1	0	0	0	0	0	0	0	0	0	0	0	0	0	0	0	0	
N70	7.31831e-12	5.62762e-11	5.51606e-10	5.10211e-09	4.22152e-08	3.08577e-07	1.98271e-06	1.11607e-05	5.4876e-05	0.000235036	0.000874601	0.00282056	0.00786503	0.0189223	0.0392015	0.0698112	0.106701	0.139786	0.156797	0.150464	0.123451	0.0865747	0.0518931	0.0265925	0.0116568	0.00437451	0.00140703	0.000388427	9.21899e-05	1.8848e-05	3.32662e-06	5.08085e-07	6.73273e-08	7.76217e-09	7.81013e-10	6.88465e-11	5.35039e-12	3.72315e-13	2.44248e-14	1.82962e-15	3.19902e-16	
POCUSC_Ips_cribricollis	0	0	0	0	0	0	0	0	0	0	0	0	0	0	0	0	0	0	0	0	0	0	1	0	0	0	0	0	0	0	0	0	0	0	0	0	0	0	0	0	0	
POCUSC_Ips_calligraphus	0	0	0	0	0	0	0	0	0	0	0	0	0	0	0	0	0	0	0	0	0	0	0	0	0	0	0	0	1	0	0	0	0	0	0	0	0	0	0	0	0	
N71	8.17012e-13	2.15692e-11	6.52067e-10	1.59079e-08	3.0018e-07	4.32193e-06	4.70316e-05	0.000383816	0.00233411	0.010527	0.0350996	0.0863818	0.156896	0.210561	0.209264	0.154489	0.0850371	0.0350463	0.0108631	0.00254441	0.00045254	6.14207e-05	6.39374e-06	5.13101e-07	3.19097e-08	1.54602e-09	5.867e-11	1.7535e-12	4.15042e-14	7.82379e-16	1.18126e-17	1.43664e-19	1.41551e-21	1.13637e-23	7.47562e-26	4.05297e-28	1.82162e-30	6.83526e-33	2.17285e-35	6.27031e-38	2.8632e-40	
N72	1.35087e-10	1.08913e-09	1.08723e-08	9.98616e-08	8.02183e-07	5.55955e-06	3.30188e-05	0.000167208	0.000718854	0.00261363	0.00800993	0.0206361	0.0446052	0.0807932	0.122577	0.155819	0.166123	0.148768	0.112131	0.0712998	0.0383464	0.0174914	0.00678608	0.00224575	0.00063578	0.00015442	3.2269e-05	5.81804e-06	9.07574e-07	1.22827e-07	1.44611e-08	1.48524e-09	1.33449e-10	1.05223e-11	7.30926e-13	4.49973e-14	2.48366e-15	1.26269e-16	6.3256e-18	3.69941e-19	4.19481e-20	
N73	4.1718e-25	1.18914e-23	3.96861e-22	1.23326e-20	3.48497e-19	8.87372e-18	2.02551e-16	4.12955e-15	7.49659e-14	1.20822e-12	1.72374e-11	2.17043e-10	2.40445e-09	2.33606e-08	1.98375e-07	1.4672e-06	9.4163e-06	5.22347e-05	0.000249422	0.00102073	0.00356364	0.0105629	0.0264477	0.0556456	0.0978551	0.143056	0.172941	0.172022	0.140146	0.0931545	0.0503664	0.0221067	0.00787023	0.00227378	0.000534271	0.0001026	1.62694e-05	2.18132e-06	2.6314e-07	3.46758e-08	9.80406e-09	
POCUSC_Orthotomicus_caelatus	0	0	0	0	0	0	0	0	0	0	0	0	0	0	0	0	0	0	0	0	0	0	0	0	0	0	0	0	0	0	0	0	0	0	0	1	0	0	0	0	0	
POCUSC_Ips_perroti	0	0	0	0	0	0	0	0	0	0	0	0	0	0	0	0	0	0	0	0	0	0	0	0	0	0	0	0	0	1	0	0	0	0	0	0	0	0	0	0	0	
POCUSC_Ips_typographus	0	0	0	0	0	0	0	0	0	0	0	0	0	0	0	0	0	1	0	0	0	0	0	0	0	0	0	0	0	0	0	0	0	0	0	0	0	0	0	0	0	
N74	3.13001e-13	7.12143e-12	1.9331e-10	4.36228e-09	7.86199e-08	1.11788e-06	1.24251e-05	0.000107072	0.000710258	0.00360568	0.0139487	0.0410145	0.0915807	0.155387	0.200739	0.198048	0.149795	0.0872393	0.0393067	0.0137686	0.00376836	0.000809888	0.000137362	1.84767e-05	1.98069e-06	1.70041e-07	1.1747e-08	6.56174e-10	2.97793e-11	1.10328e-12	3.35278e-14	8.39731e-16	1.74161e-17	3.00527e-19	4.33492e-21	5.2516e-23	5.37004e-25	4.66669e-27	3.51391e-29	2.54639e-31	3.38305e-33	
N75	3.1152e-13	4.15674e-12	6.93497e-11	1.03805e-09	1.33199e-08	1.44872e-07	1.32691e-06	1.01777e-05	6.50362e-05	0.000344585	0.00150745	0.00542572	0.0160227	0.0387463	0.0766386	0.123945	0.163951	0.177537	0.157596	0.114876	0.0688982	0.0340752	0.0139299	0.00471872	0.00132803	0.000311376	6.09958e-05	1.00125e-05	1.3815e-06	1.60741e-07	1.58238e-08	1.32249e-09	9.41693e-11	5.73409e-12	2.99776e-13	1.35218e-14	5.30367e-16	1.84126e-17	5.95403e-19	2.1057e-20	1.47585e-21	
N76	4.5412e-19	1.00678e-17	2.7921e-16	7.03178e-15	1.55018e-13	2.9662e-12	4.90354e-11	6.97529e-10	8.50481e-09	8.85403e-08	7.84039e-07	5.8834e-06	3.72755e-05	0.00019869	0.000887954	0.00331606	0.0103154	0.0266472	0.0569981	0.100674	0.146459	0.175077	0.171611	0.137683	0.0902822	0.048334	0.0211146	0.00752609	0.00219001	0.000520841	0.000101418	1.6207e-05	2.13183e-06	2.31618e-07	2.08676e-08	1.56589e-09	9.83788e-11	5.21988e-12	2.40775e-13	1.12525e-14	1.2006e-15	
N77	2.33688e-28	1.21961e-26	7.8305e-25	4.5576e-23	2.34411e-21	1.05911e-19	4.18653e-18	1.44205e-16	4.31066e-15	1.11354e-13	2.47502e-12	4.71198e-11	7.64836e-10	1.05342e-08	1.22507e-07	1.19689e-06	9.77248e-06	6.63251e-05	0.000372101	0.0017158	0.00646446	0.0197801	0.0488503	0.0967663	0.152784	0.191101	0.188256	0.145293	0.0874617	0.0409297	0.0148633	0.00418792	0.000917187	0.000156696	2.09939e-05	2.22067e-06	1.86988e-07	1.26856e-08	7.1599e-10	3.93566e-11	4.84827e-12	
POCUSC_Ips_pini	0	0	0	0	0	0	0	0	0	0	0	0	0	0	0	0	0	0	0	0	0	0	0	0	0	0	0	0	0	1	0	0	0	0	0	0	0	0	0	0	0	
N78	1.5371e-44	3.34976e-42	8.43047e-40	1.91242e-37	3.85795e-35	6.89086e-33	1.08542e-30	1.50147e-28	1.81603e-26	1.9116e-24	1.74267e-22	1.36875e-20	9.2118e-19	5.28144e-17	2.56371e-15	1.04675e-13	3.5697e-12	1.00921e-10	2.34636e-09	4.44726e-08	6.80728e-07	8.3283e-06	8.05211e-05	0.000607533	0.0035273	0.0155129	0.0507734	0.121248	0.206685	0.245696	0.199005	0.107674	0.0384749	0.00909393	0.00144261	0.000157144	1.20666e-05	6.70926e-07	2.7914e-08	9.7504e-10	6.8448e-11	
POCUSC_Ips_plastographus	0	0	0	0	0	0	0	0	0	0	0	0	0	0	0	0	0	0	0	0	0	0	0	0	0	0	0	0	0	0	0	1	0	0	0	0	0	0	0	0	0	
POCUSC_Ips_integer	0	0	0	0	0	0	0	0	0	0	0	0	0	0	0	0	0	0	0	0	0	0	0	0	0	0	0	0	0	0	0	0	1	0	0	0	0	0	0	0	0	
N79	5.72556e-30	3.70378e-28	2.89085e-26	2.05803e-24	1.30231e-22	7.27432e-21	3.56999e-19	1.53241e-17	5.72607e-16	1.85321e-14	5.16703e-13	1.23397e-11	2.50862e-10	4.31257e-09	6.22427e-08	7.48356e-07	7.43225e-06	6.04122e-05	0.000397892	0.00210043	0.00878266	0.0287237	0.0725102	0.139402	0.20149	0.216482	0.171405	0.0995027	0.0422958	0.0131982	0.00304264	0.000523335	6.80039e-05	6.77006e-06	5.23888e-07	3.19627e-08	1.55858e-09	6.15864e-11	2.01674e-12	6.12008e-14	4.01846e-15	
POCUSC_Ips_avulsus	0	0	0	0	0	0	0	0	0	0	0	0	0	0	0	0	0	0	0	0	0	0	0	0	0	1	0	0	0	0	0	0	0	0	0	0	0	0	0	0	0	
POCUSC_Orthotomicus_suturalis	0	0	0	0	0	0	0	0	0	0	0	0	0	0	0	0	0	0	0	0	0	0	0	0	0	0	0	0	0	1	0	0	0	0	0	0	0	0	0	0	0	
POCUSC_Ips_bonanseai	0	0	0	0	0	0	0	0	0	0	0	0	0	0	0	0	0	0	0	0	0	0	0	0	1	0	0	0	0	0	0	0	0	0	0	0	0	0	0	0	0	
N80	5.88795e-13	5.73223e-12	7.25146e-11	8.50773e-10	8.79132e-09	7.91852e-08	6.18828e-07	4.18028e-06	2.43233e-05	0.000121501	0.000519422	0.00189502	0.00588516	0.0155238	0.0347161	0.0657238	0.105218	0.142334	0.162627	0.156927	0.12791	0.0881069	0.0513249	0.0253091	0.0105773	0.0037519	0.00113141	0.000290603	6.37076e-05	1.19477e-05	1.92152e-06	2.65712e-07	3.16807e-08	3.26646e-09	2.92202e-10	2.27722e-11	1.55696e-12	9.50265e-14	5.4719e-15	3.58601e-16	5.16493e-17	
N81	3.7305e-23	1.17662e-21	4.48979e-20	1.57636e-18	4.93341e-17	1.36316e-15	3.30789e-14	7.01852e-13	1.29643e-11	2.07546e-10	2.86611e-09	3.39727e-08	3.4383e-07	2.95479e-06	2.14352e-05	0.000130453	0.00066172	0.00277853	0.00958948	0.0270057	0.0616058	0.113031	0.165677	0.19285	0.177374	0.128416	0.072999	0.0325431	0.0113788	0.00312513	0.000676134	0.000115742	1.57677e-05	1.72148e-06	1.5182e-07	1.09074e-08	6.44058e-10	3.15845e-11	1.31698e-12	5.32948e-14	4.97012e-15	
N82	2.17241e-59	5.53012e-56	1.47084e-52	3.47967e-49	7.18894e-46	1.288e-42	1.98866e-39	2.62817e-36	2.9509e-33	2.79165e-30	2.20467e-27	1.43831e-24	7.65969e-22	3.28435e-19	1.11585e-16	2.94734e-14	5.91506e-12	8.76778e-10	9.25944e-08	6.64424e-06	0.000303387	0.00800135	0.104048	0.491158	0.355443	0.0394229	0.00158586	3.14092e-05	3.58602e-07	2.59899e-09	1.27625e-11	4.45099e-14	1.1426e-16	2.22063e-19	3.34278e-22	3.97221e-25	3.78688e-28	2.94002e-31	1.89695e-34	1.08811e-37	8.2501e-41	
POCUSC_Ips_perturbatus	0	0	0	0	0	0	0	0	0	0	0	0	0	0	0	0	0	0	0	0	0	0	0	1	0	0	0	0	0	0	0	0	0	0	0	0	0	0	0	0	0	
POCUSC_Ips_hunteri	0	0	0	0	0	0	0	0	0	0	0	0	0	0	0	0	0	0	0	0	0	0	0	0	1	0	0	0	0	0	0	0	0	0	0	0	0	0	0	0	0	
N83	1.43112e-76	5.40308e-73	2.13877e-69	7.67359e-66	2.44482e-62	6.87445e-59	1.69848e-55	3.67115e-52	6.90944e-49	1.12676e-45	1.58367e-42	1.90754e-39	1.957e-36	1.69879e-33	1.23877e-30	7.52861e-28	3.78044e-25	1.55337e-22	5.1666e-20	1.37396e-17	2.88013e-15	4.68039e-13	5.78019e-11	5.29467e-09	3.48928e-07	1.59036e-05	0.000475351	0.00863917	0.0850534	0.372374	0.482237	0.0496599	0.00152387	2.09883e-05	1.58318e-07	7.35387e-10	2.27247e-12	4.93624e-15	7.87689e-18	9.86391e-21	1.54756e-23	
POCUSC_Ips_pilifrons	0	0	0	0	0	0	0	0	0	0	0	0	0	0	0	0	0	0	0	0	0	0	0	0	0	0	0	0	0	0	1	0	0	0	0	0	0	0	0	0	0	
N84	1.76847e-125	5.25831e-120	1.43368e-114	3.43672e-109	7.21474e-104	1.32087e-98	2.09939e-93	2.88247e-88	3.4005e-83	3.42667e-78	2.93061e-73	2.11217e-68	1.27292e-63	6.35948e-59	2.60872e-54	8.6927e-50	2.32467e-45	4.92157e-41	8.12077e-37	1.02569e-32	9.71046e-29	6.72183e-25	3.30237e-21	1.11028e-17	2.44066e-14	3.30757e-11	2.55415e-08	1.00583e-05	0.00170696	0.0936304	0.887571	0.0170244	5.74362e-05	6.41462e-08	3.1687e-11	8.19822e-15	1.24135e-18	1.1898e-22	7.65229e-27	3.45607e-31	1.31405e-35	
POCUSC_Ips_tridens	0	0	0	0	0	0	0	0	0	0	0	0	0	0	0	0	0	0	0	0	0	0	0	0	0	0	0	0	0	0	1	0	0	0	0	0	0	0	0	0	0	
POCUSC_Ips_borealis	0	0	0	0	0	0	0	0	0	0	0	0	0	0	0	0	0	0	0	0	0	0	0	0	0	0	0	0	0	0	1	0	0	0	0	0	0	0	0	0	0	
POCUSC_Ips_woodi	0	0	0	0	0	0	0	0	0	0	0	0	0	0	0	0	0	0	0	0	0	0	0	0	0	0	1	0	0	0	0	0	0	0	0	0	0	0	0	0	0	
N85	3.64296e-08	2.79115e-07	2.52084e-06	2.01171e-05	0.000133792	0.000727586	0.00320132	0.0113044	0.031824	0.0710583	0.125412	0.17469	0.192136	0.167259	0.11571	0.0639596	0.0284289	0.010232	0.00300372	0.000724438	0.000144567	2.40335e-05	3.35008e-06	3.93933e-07	3.93008e-08	3.34436e-09	2.43968e-10	1.53286e-11	8.33185e-13	3.93426e-14	1.62028e-15	5.84236e-17	1.85142e-18	5.17721e-20	1.28378e-21	2.84382e-23	5.70659e-25	1.06932e-26	2.00578e-28	4.40892e-30	1.66334e-31	
N86	2.05426e-11	1.64318e-10	1.58439e-09	1.42529e-08	1.14473e-07	8.10322e-07	5.02421e-06	2.71715e-05	0.000127727	0.000520215	0.00183017	0.00554525	0.0144288	0.0321532	0.0612016	0.099261	0.136862	0.160099	0.158605	0.132865	0.0940079	0.0561336	0.0282751	0.0120145	0.00430845	0.00130507	0.000334377	7.25948e-05	1.33847e-05	2.10124e-06	2.81705e-07	3.23571e-08	3.19526e-09	2.7226e-10	2.00924e-11	1.2892e-12	7.22168e-14	3.55343e-15	1.56997e-16	7.20096e-18	8.23914e-19	
POCUSC_Ips_sexdentatus	0	0	0	0	0	0	0	0	0	0	0	0	0	0	0	0	0	0	0	1	0	0	0	0	0	0	0	0	0	0	0	0	0	0	0	0	0	0	0	0	0	
N87	4.88462e-25	2.06803e-23	1.01071e-21	4.52074e-20	1.80062e-18	6.31948e-17	1.9423e-15	5.20244e-14	1.20875e-12	2.42457e-11	4.17767e-10	6.15062e-09	7.6933e-08	8.12544e-07	7.19839e-06	5.31059e-05	0.000323705	0.0016163	0.00654892	0.021312	0.0550831	0.111714	0.17552	0.210843	0.191164	0.129314	0.0646907	0.0238242	0.00646413	0.00130005	0.000195823	2.23813e-05	1.96904e-06	1.35302e-07	7.36499e-09	3.21858e-10	1.14335e-11	3.34085e-13	8.15962e-15	1.81281e-16	8.5024e-18	
POCUSC_Ips_emarginatus	0	0	0	0	0	0	0	0	0	0	0	0	0	0	0	0	0	0	0	0	0	0	0	0	0	0	1	0	0	0	0	0	0	0	0	0	0	0	0	0	0	
POCUSC_Ips_knausi	0	0	0	0	0	0	0	0	0	0	0	0	0	0	0	0	0	0	0	0	0	0	0	0	0	0	0	1	0	0	0	0	0	0	0	0	0	0	0	0	0	
POCUSC_Ips_acuminatus	0	0	0	0	0	0	0	0	0	0	0	0	0	0	0	0	0	0	0	0	0	0	0	0	0	1	0	0	0	0	0	0	0	0	0	0	0	0	0	0	0	
N88	0.00196317	0.00448431	0.0105193	0.0228099	0.0439803	0.0742742	0.109091	0.138791	0.152563	0.144652	0.118187	0.0831792	0.0504353	0.0263641	0.0118942	0.00463825	0.00156632	0.000459034	0.000117026	2.602e-05	5.05927e-06	8.62652e-07	1.29355e-07	1.71071e-08	2.00106e-09	2.07621e-10	1.91616e-11	1.57742e-12	1.16144e-13	7.66884e-15	4.55274e-16	2.43625e-17	1.17798e-18	5.15889e-20	2.05111e-21	7.42109e-23	2.45055e-24	7.43359e-26	2.12916e-27	6.67045e-29	4.91656e-30	
POCUSC_Pityogenes_chalcographus	0	0	0	0	0	0	0	0	0	0	0	0	0	0	1	0	0	0	0	0	0	0	0	0	0	0	0	0	0	0	0	0	0	0	0	0	0	0	0	0	0	
POCUSC_Orthotomicus_erosus	0	0	0	0	0	0	0	0	1	0	0	0	0	0	0	0	0	0	0	0	0	0	0	0	0	0	0	0	0	0	0	0	0	0	0	0	0	0	0	0	0	
N89	0.00020224	0.000634516	0.00216985	0.00671541	0.0178479	0.0400698	0.0754575	0.118731	0.155749	0.170143	0.154772	0.117324	0.0742261	0.0392764	0.0174285	0.00650511	0.00204904	0.000546576	0.00012391	2.39595e-05	3.96575e-06	5.63878e-07	6.91142e-08	7.32738e-09	6.74167e-10	5.40038e-11	3.77815e-12	2.31557e-13	1.24694e-14	5.9169e-16	2.48096e-17	9.21739e-19	3.04237e-20	8.94456e-22	2.34839e-23	5.52111e-25	1.16656e-26	2.23371e-28	4.0012e-30	7.75649e-32	3.16269e-33	
N90	1.67821e-05	5.28379e-05	0.0001897	0.000649063	0.00200203	0.0054668	0.0131207	0.0275808	0.0506755	0.0812781	0.113707	0.138692	0.147473	0.136717	0.110547	0.078005	0.0480701	0.0258937	0.0122048	0.00503946	0.00182519	0.00058062	0.000162467	4.00494e-05	8.71112e-06	1.67465e-06	2.85034e-07	4.30287e-08	5.77168e-09	6.89184e-10	7.33973e-11	6.98513e-12	5.95217e-13	4.55078e-14	3.12934e-15	1.94232e-16	1.09646e-17	5.7543e-19	3.00943e-20	1.91902e-21	2.58422e-22	
POCUSC_Ips_spinifer	0	0	0	0	0	0	0	0	0	0	0	0	0	0	0	0	0	0	0	0	0	1	0	0	0	0	0	0	0	0	0	0	0	0	0	0	0	0	0	0	0	
POCUSC_Ips_latidens	0	0	0	0	0	0	0	0	0	0	0	0	0	0	0	0	0	0	0	0	0	0	0	1	0	0	0	0	0	0	0	0	0	0	0	0	0	0	0	0	0	
POCUSC_Orthotomicus_laricis	0	0	0	0	0	0	0	0	0	0	0	0	1	0	0	0	0	0	0	0	0	0	0	0	0	0	0	0	0	0	0	0	0	0	0	0	0	0	0	0	0	
N91	0.101812	0.157082	0.201993	0.206696	0.163955	0.0997373	0.0464288	0.0165769	0.00456087	0.000972946	0.000162058	2.12364e-05	2.20671e-06	1.83297e-07	1.22692e-08	6.67119e-10	2.96973e-11	1.09061e-12	3.32862e-14	8.503e-16	1.83036e-17	3.34168e-19	5.20621e-21	6.96211e-23	8.03563e-25	8.04693e-27	7.02616e-29	5.37421e-31	3.61693e-33	2.15084e-35	1.13458e-37	5.32906e-40	2.2366e-42	8.41613e-45	2.84852e-47	8.69969e-50	2.4066e-52	6.07292e-55	1.43055e-57	3.44344e-60	1.31518e-62	
POCUSC_Cryphalus_abietis	0	1	0	0	0	0	0	0	0	0	0	0	0	0	0	0	0	0	0	0	0	0	0	0	0	0	0	0	0	0	0	0	0	0	0	0	0	0	0	0	0	
N92	0.0500958	0.0903317	0.144446	0.189123	0.195875	0.158208	0.0990927	0.0480562	0.0180583	0.0052696	0.001198	0.000213028	2.97647e-05	3.28419e-06	2.87706e-07	2.01236e-08	1.13038e-09	5.12955e-11	1.89179e-12	5.70438e-14	1.4147e-15	2.90264e-17	4.95551e-19	7.07931e-21	8.50883e-23	8.65015e-25	7.47605e-27	5.52022e-29	3.49895e-31	1.91247e-33	9.05384e-36	3.72799e-38	1.34051e-40	4.22567e-43	1.17208e-45	2.87076e-48	6.23007e-51	1.20211e-53	2.07378e-56	3.30745e-59	7.94491e-62	
N93	0.00674713	0.0144505	0.0300467	0.0556811	0.0897615	0.124945	0.149721	0.154203	0.136379	0.103526	0.067449	0.0377257	0.0181252	0.00748647	0.00266128	0.000815241	0.000215532	4.92596e-05	9.75024e-06	1.67469e-06	2.50124e-07	3.25553e-08	3.70105e-09	3.68367e-10	3.21763e-11	2.47258e-12	1.67572e-13	1.00409e-14	5.33274e-16	2.5166e-17	1.0579e-18	3.97102e-20	1.33428e-21	4.02266e-23	1.09074e-24	2.6661e-26	5.88843e-28	1.17888e-29	2.16383e-31	3.99086e-33	1.64746e-34	
N94	8.68201e-07	4.59977e-06	2.64635e-05	0.000132905	0.000569008	0.00207316	0.00642272	0.0168908	0.0376237	0.0708066	0.112305	0.149762	0.167557	0.157003	0.12304	0.0805739	0.0440742	0.0201407	0.00769388	0.0024597	0.000659122	0.000148337	2.81016e-05	4.49303e-06	6.08004e-07	6.98473e-08	6.83368e-09	5.71298e-10	4.09499e-11	2.52542e-12	1.34471e-13	6.20404e-15	2.48888e-16	8.71257e-18	2.67083e-19	7.19667e-21	1.71267e-22	3.63344e-24	7.07346e-26	1.41894e-27	5.74988e-29	
N95	2.93959e-08	1.97171e-07	1.59584e-06	1.16356e-05	7.21898e-05	0.000375507	0.00162655	0.00583674	0.0172665	0.0419069	0.0830606	0.133851	0.174671	0.183942	0.155874	0.106081	0.057916	0.0253641	0.00891877	0.00252281	0.000575681	0.000106356	1.5976e-05	1.96049e-06	1.97545e-07	1.64321e-08	1.13455e-09	6.538e-11	3.16184e-12	1.29019e-13	4.46563e-15	1.31782e-16	3.33228e-18	7.25473e-20	1.36618e-21	2.23527e-23	3.19116e-25	3.9923e-27	4.40646e-29	4.51106e-31	8.96124e-33	
N96	1.50043e-12	2.37943e-11	4.51709e-10	7.53304e-09	1.05691e-07	1.22958e-06	1.17448e-05	9.12659e-05	0.000571537	0.00285581	0.0112667	0.0347112	0.0825683	0.149926	0.205539	0.210666	0.160174	0.0899062	0.0372144	0.0113921	0.00259607	0.000444591	5.78753e-05	5.79846e-06	4.52839e-07	2.79143e-08	1.37462e-09	5.46944e-11	1.77712e-12	4.76202e-14	1.06204e-15	1.9881e-17	3.1484e-19	4.24857e-21	4.91829e-23	4.91487e-25	4.26436e-27	3.22996e-29	2.14834e-31	1.29299e-33	1.36172e-35	
POCUSC_Trypodendron_lineatum	0	0	0	0	0	0	0	0	0	0	0	0	0	0	0	0	1	0	0	0	0	0	0	0	0	0	0	0	0	0	0	0	0	0	0	0	0	0	0	0	0	
POCUCO_Telephae_sp	0	0	0	0	0	0	0	0	0	0	0	0	0	0	0	0	0	0	1	0	0	0	0	0	0	0	0	0	0	0	0	0	0	0	0	0	0	0	0	0	0	
POCUER_Procas_sp	0	0	0	0	0	0	0	0	0	0	0	0	0	0	0	1	0	0	0	0	0	0	0	0	0	0	0	0	0	0	0	0	0	0	0	0	0	0	0	0	0	
POCUMO_Ruteria_hypocrita	0	0	0	0	0	0	0	0	0	0	0	0	0	0	0	0	0	0	0	0	0	0	0	0	0	1	0	0	0	0	0	0	0	0	0	0	0	0	0	0	0	
N97	0.000385917	0.00111447	0.0034073	0.00942275	0.0226197	0.0465695	0.0817741	0.121988	0.154087	0.164344	0.147682	0.111637	0.0709266	0.0378669	0.0169979	0.00642319	0.00204709	0.000551587	0.000126025	2.44972e-05	4.06606e-06	5.78508e-07	7.08378e-08	7.49577e-09	6.88247e-10	5.50576e-11	3.85281e-12	2.3677e-13	1.28268e-14	6.14831e-16	2.61686e-17	9.92381e-19	3.36417e-20	1.0227e-21	2.79638e-23	6.89741e-25	1.53899e-26	3.11614e-28	5.77549e-30	1.05989e-31	4.40771e-33	
POCUCU_Anthonomus_sp	0	0	0	0	0	0	0	0	0	0	1	0	0	0	0	0	0	0	0	0	0	0	0	0	0	0	0	0	0	0	0	0	0	0	0	0	0	0	0	0	0	
POCUMO_Lepyrus_sp	0	0	0	0	0	0	0	0	0	0	0	0	0	0	1	0	0	0	0	0	0	0	0	0	0	0	0	0	0	0	0	0	0	0	0	0	0	0	0	0	0	
N98	0.0288312	0.0575174	0.105158	0.15948	0.193265	0.18438	0.137585	0.0800853	0.0363432	0.0128688	0.00356189	0.000772598	0.000131738	1.77218e-05	1.88833e-06	1.60059e-07	1.08416e-08	5.89649e-10	2.58771e-11	9.20983e-13	2.67191e-14	6.35135e-16	1.24342e-17	2.01513e-19	2.71719e-21	3.06359e-23	2.90241e-25	2.32154e-27	1.57508e-29	9.10549e-32	4.50486e-34	1.91549e-36	7.02886e-39	2.23469e-41	6.17928e-44	1.4916e-46	3.15433e-49	5.86494e-52	9.63937e-55	1.44461e-57	3.19836e-60	
N99	0.00861886	0.0171638	0.0335647	0.0597784	0.0937737	0.127763	0.150257	0.152096	0.132339	0.0989401	0.0635734	0.035132	0.0167155	0.0068569	0.00242903	0.000744443	0.000197786	4.56512e-05	9.17451e-06	1.60918e-06	2.46922e-07	3.32291e-08	3.93152e-09	4.09993e-10	3.77797e-11	3.08386e-12	2.23549e-13	1.44266e-14	8.30872e-16	4.28085e-17	1.9778e-18	8.2131e-20	3.07255e-21	1.03788e-22	3.17297e-24	8.80289e-26	2.22573e-27	5.18251e-29	1.15027e-30	2.76976e-32	1.40843e-33	
N100	7.39303e-05	0.000289627	0.00119591	0.00428898	0.0128939	0.0322025	0.0664926	0.113046	0.157653	0.179743	0.167066	0.126314	0.0775691	0.0386609	0.0156386	0.00513805	0.0013732	0.000299205	5.33031e-05	7.7908e-06	9.37914e-07	9.34054e-08	7.73058e-09	5.3429e-10	3.09894e-11	1.51597e-12	6.28611e-14	2.22039e-15	6.71341e-17	1.74574e-18	3.92222e-20	7.64775e-22	1.29971e-23	1.93312e-25	2.52631e-27	2.91193e-29	2.97112e-31	2.69328e-33	2.18135e-35	1.64685e-37	2.31873e-39	
N101	8.9725e-06	4.3563e-05	0.00024224	0.00118787	0.00482223	0.0158707	0.0418827	0.0879125	0.145786	0.189931	0.193552	0.153832	0.0952209	0.0459125	0.0172747	0.00508862	0.00117904	0.000216141	3.15616e-05	3.6983e-06	3.50453e-07	2.70687e-08	1.71761e-09	9.02268e-11	3.95308e-12	1.45487e-13	4.52852e-15	1.1999e-16	2.72299e-18	5.32328e-20	9.01401e-22	1.32894e-23	1.71417e-25	1.9434e-27	1.94498e-29	1.7254e-31	1.36199e-33	9.60221e-36	6.07263e-38	3.54622e-40	3.69878e-42	
POCUSC_Phloeotribus_sp	0	0	0	0	0	0	0	0	0	1	0	0	0	0	0	0	0	0	0	0	0	0	0	0	0	0	0	0	0	0	0	0	0	0	0	0	0	0	0	0	0	
POCUBA_Limnobaris_sp	0	0	0	0	0	0	0	0	0	0	0	0	0	0	1	0	0	0	0	0	0	0	0	0	0	0	0	0	0	0	0	0	0	0	0	0	0	0	0	0	0	
N102	1.27427e-06	6.69242e-06	4.04462e-05	0.000218142	0.000997503	0.00380723	0.0120299	0.0312801	0.0665881	0.115512	0.162599	0.185017	0.169621	0.124961	0.0738395	0.0349617	0.0132645	0.00403681	0.000987524	0.000194787	3.11029e-05	4.0394e-06	4.2895e-07	3.74582e-08	2.70601e-09	1.62705e-10	8.19253e-12	3.47547e-13	1.24958e-14	3.82977e-16	1.00613e-17	2.27788e-19	4.46708e-21	7.62522e-23	1.13825e-24	1.49245e-26	1.72613e-28	1.7684e-30	1.61587e-32	1.38618e-34	2.28234e-36	
POCUSC_Polygraphus_grandiclava	0	0	0	0	0	0	0	0	0	0	0	0	0	0	0	0	1	0	0	0	0	0	0	0	0	0	0	0	0	0	0	0	0	0	0	0	0	0	0	0	0	
POCUSC_Polygraphus_poligraphus_M	0	0	0	0	0	0	0	0	0	0	0	0	0	0	0	0	1	0	0	0	0	0	0	0	0	0	0	0	0	0	0	0	0	0	0	0	0	0	0	0	0	
POCUCU_Rhynchaenus_sp	0	0	0	0	0	0	0	0	0	0	0	0	0	0	0	0	0	0	1	0	0	0	0	0	0	0	0	0	0	0	0	0	0	0	0	0	0	0	0	0	0	
N103	0.0184647	0.03979	0.0789812	0.130725	0.175348	0.188497	0.161487	0.109956	0.059457	0.0255475	0.00873693	0.0023839	0.000520538	9.12822e-05	1.2906e-05	1.47746e-06	1.37567e-07	1.04671e-08	6.53982e-10	3.37194e-11	1.44194e-12	5.13985e-14	1.53485e-15	3.85874e-17	8.20745e-19	1.48398e-20	2.29157e-22	3.03591e-24	3.46579e-26	3.42388e-28	2.93913e-30	2.20099e-32	1.44335e-34	8.319e-37	4.22938e-39	1.9037e-41	7.62196e-44	2.73961e-46	9.09544e-49	3.0801e-51	1.67483e-53	
N104	0.00573657	0.0143811	0.0343977	0.0698358	0.117209	0.16116	0.180694	0.164769	0.122044	0.0734161	0.0358918	0.0142801	0.004633	0.00122878	0.000267208	4.78016e-05	7.06091e-06	8.64647e-07	8.81485e-08	7.51465e-09	5.38141e-10	3.25225e-11	1.66646e-12	7.27352e-14	2.71658e-15	8.72146e-17	2.41744e-18	5.81008e-20	1.21583e-21	2.22415e-23	3.57059e-25	5.04911e-27	6.31169e-29	6.99922e-31	6.90954e-33	6.09622e-35	4.83554e-37	3.49384e-39	2.38764e-41	1.72194e-43	2.11098e-45	
POCUSC_Hylastes_sp	0	0	0	0	0	0	0	0	0	0	0	0	0	0	0	0	1	0	0	0	0	0	0	0	0	0	0	0	0	0	0	0	0	0	0	0	0	0	0	0	0	
N105	2.42677e-06	1.68229e-05	0.000115526	0.000656108	0.00299705	0.0109144	0.0315226	0.0718849	0.128907	0.181108	0.198706	0.169793	0.112756	0.058106	0.0232172	0.00719226	0.0017285	0.000322728	4.69169e-05	5.32646e-06	4.74001e-07	3.32099e-08	1.84115e-09	8.12182e-11	2.86788e-12	8.15731e-14	1.8812e-15	3.54079e-17	5.47546e-19	7.00248e-21	7.45416e-23	6.64651e-25	4.99439e-27	3.18138e-29	1.72759e-31	8.04099e-34	3.22486e-36	1.12097e-38	3.41835e-41	9.73699e-44	4.4894e-46	
N106	5.31955e-08	2.87937e-07	1.83983e-06	1.08964e-05	5.68839e-05	0.000257787	0.00100682	0.00337273	0.00965344	0.0235285	0.0486858	0.0852947	0.126215	0.157425	0.16523	0.14575	0.107965	0.0671334	0.0350437	0.0153644	0.0056632	0.00175727	0.000459846	0.000101699	1.90566e-05	3.03414e-06	4.11776e-07	4.77969e-08	4.76236e-09	4.08849e-10	3.03601e-11	1.95771e-12	1.10054e-13	5.41465e-15	2.34057e-16	8.92294e-18	3.01172e-19	9.0457e-21	2.45551e-22	6.71216e-24	4.28499e-25	
POCUSC_Dendroctonus_simplex	0	0	0	0	0	0	0	0	0	0	0	0	0	0	1	0	0	0	0	0	0	0	0	0	0	0	0	0	0	0	0	0	0	0	0	0	0	0	0	0	0	
POCUSC_Dendroctonus_pseudotsugae	0	0	0	0	0	0	0	0	0	0	0	0	0	0	0	0	0	0	0	0	0	0	0	1	0	0	0	0	0	0	0	0	0	0	0	0	0	0	0	0	0	
N107	4.94102e-07	3.68173e-06	3.02999e-05	0.000211129	0.00117905	0.00518969	0.0178753	0.0479663	0.0999286	0.161154	0.200677	0.192554	0.142128	0.0805986	0.0350867	0.0117208	0.00300467	0.000591419	8.94728e-05	1.04193e-05	9.3587e-07	6.50019e-08	3.50187e-09	1.46855e-10	4.81345e-12	1.23868e-13	2.51496e-15	4.04991e-17	5.20115e-19	5.35764e-21	4.45252e-23	3.00308e-25	1.6536e-27	7.47745e-30	2.79294e-32	8.66623e-35	2.24636e-37	4.89091e-40	9.00217e-43	1.43716e-45	3.21477e-48	
N108	1.71174e-06	1.01673e-05	6.79291e-05	0.000395123	0.0018894	0.00728691	0.0224612	0.0550101	0.106565	0.162689	0.195165	0.183563	0.135171	0.0778782	0.0351121	0.0124003	0.00343657	0.000749276	0.000128945	1.75838e-05	1.9086e-06	1.65712e-07	1.15702e-08	6.53286e-10	3.00019e-11	1.12727e-12	3.48588e-14	8.92385e-16	1.90225e-17	3.39572e-19	5.10449e-21	6.49631e-23	7.03617e-25	6.51839e-27	5.19012e-29	3.56831e-31	2.12789e-33	1.10581e-35	5.05256e-38	2.15015e-40	1.59271e-42	
N109	6.2852e-06	2.57927e-05	0.00012314	0.000539642	0.00204361	0.00656749	0.0177708	0.0402953	0.0763047	0.120354	0.157819	0.171835	0.155272	0.116456	0.0725536	0.0375993	0.0162387	0.00585864	0.00177054	0.00044957	9.62284e-05	1.74233e-05	2.6782e-06	3.50792e-07	3.92987e-08	3.77982e-09	3.13308e-10	2.24652e-11	1.39865e-12	7.58864e-14	3.60117e-15	1.49999e-16	5.50299e-18	1.78421e-19	5.12945e-21	1.31197e-22	2.99708e-24	6.15944e-26	1.16894e-27	2.33455e-29	9.92612e-31	
POCUSC_Dendroctonus_valens	0	0	0	0	0	0	0	0	0	0	0	0	0	0	0	0	0	0	0	0	0	1	0	0	0	0	0	0	0	0	0	0	0	0	0	0	0	0	0	0	0	
POCUSC_Dendroctonus_terebrans	0	0	0	0	0	0	0	0	0	0	0	1	0	0	0	0	0	0	0	0	0	0	0	0	0	0	0	0	0	0	0	0	0	0	0	0	0	0	0	0	0	
N110	1.12099e-07	7.83283e-07	6.30087e-06	4.47179e-05	0.000266972	0.00131768	0.00531413	0.0173349	0.0453021	0.0939795	0.153431	0.195623	0.193563	0.147995	0.0872699	0.0397184	0.0139989	0.00384279	0.000827767	0.000141146	1.92312e-05	2.11399e-06	1.89279e-07	1.39322e-08	8.50534e-10	4.34253e-11	1.86887e-12	6.82949e-14	2.13378e-15	5.73638e-17	1.33489e-18	2.70393e-20	4.79228e-22	7.46795e-24	1.0279e-25	1.25501e-27	1.36472e-29	1.32713e-31	1.16245e-33	9.65022e-36	1.53329e-37	
POCUSC_Dendroctonus_punctatus	0	0	0	0	0	0	0	0	0	0	0	0	1	0	0	0	0	0	0	0	0	0	0	0	0	0	0	0	0	0	0	0	0	0	0	0	0	0	0	0	0	
N111	4.41423e-23	8.78441e-21	1.71167e-18	2.78339e-16	3.64853e-14	3.76849e-12	3.00384e-10	1.80599e-08	7.96995e-07	2.49576e-05	0.000530866	0.00723227	0.0580619	0.242147	0.426866	0.226429	0.0361703	0.00244817	8.64191e-05	1.80732e-06	2.43703e-08	2.24962e-10	1.48649e-12	7.27839e-15	2.71469e-17	7.88935e-20	1.82056e-22	3.38992e-25	5.16424e-28	6.51476e-31	6.87836e-34	6.13578e-37	4.66368e-40	3.0435e-43	1.71714e-46	8.42871e-50	3.6203e-53	1.36794e-56	4.57135e-60	1.37247e-63	5.22116e-67	
POCUSC_Dendroctonus_rufipennis	0	0	0	0	0	0	0	0	0	0	0	0	0	0	1	0	0	0	0	0	0	0	0	0	0	0	0	0	0	0	0	0	0	0	0	0	0	0	0	0	0	
POCUSC_Dendroctonus_murrayanae	0	0	0	0	0	0	0	0	0	0	0	0	0	0	0	1	0	0	0	0	0	0	0	0	0	0	0	0	0	0	0	0	0	0	0	0	0	0	0	0	0	
N112	1.29185e-13	2.48927e-12	5.3292e-11	9.88557e-10	1.53075e-08	1.95142e-07	2.03215e-06	1.71932e-05	0.000117679	0.000649244	0.0028782	0.0102241	0.0290293	0.0657324	0.118459	0.16959	0.192556	0.173143	0.123144	0.069211	0.0307197	0.0107657	0.00297955	0.000651717	0.000112805	1.54802e-05	1.68838e-06	1.46801e-07	1.02121e-08	5.70676e-10	2.57344e-11	9.4101e-13	2.80453e-14	6.8492e-16	1.37834e-17	2.2994e-19	3.20349e-21	3.77523e-23	3.89196e-25	3.90442e-27	6.55935e-29	
N113	6.99991e-28	3.47293e-26	2.00241e-24	1.06191e-22	5.03893e-21	2.11857e-19	7.84951e-18	2.55199e-16	7.25075e-15	1.79288e-13	3.84153e-12	7.10007e-11	1.1265e-09	1.52647e-08	1.7569e-07	1.70747e-06	1.39233e-05	9.46066e-05	0.000531641	0.00245054	0.00918208	0.0276934	0.0665132	0.125752	0.184876	0.208711	0.178726	0.11483	0.0548986	0.0194483	0.00510982	0.00100167	0.000147979	1.66854e-05	1.45612e-06	9.97628e-08	5.44124e-09	2.39588e-10	8.70394e-12	2.9201e-13	2.17559e-14	
POCUSC_Dendroctonus_jeffreyi	0	0	0	0	0	0	0	0	0	0	0	0	0	0	0	0	0	0	0	0	0	0	0	0	0	0	0	0	1	0	0	0	0	0	0	0	0	0	0	0	0	
POCUSC_Dendroctonus_ponderosae	0	0	0	0	0	0	0	0	0	0	0	0	0	0	0	0	0	0	0	0	0	0	0	0	0	0	0	0	0	1	0	0	0	0	0	0	0	0	0	0	0	
N114	7.80603e-15	1.62368e-13	4.11089e-12	9.09177e-11	1.6774e-09	2.54926e-08	3.16953e-07	3.20687e-06	2.62837e-05	0.000173794	0.000923697	0.00393305	0.0133765	0.0362425	0.0780424	0.133284	0.180213	0.192616	0.162547	0.108207	0.0567935	0.0234993	0.00766778	0.00197467	0.0004019	6.47679e-05	8.28491e-06	8.43736e-07	6.86512e-08	4.48075e-09	2.35633e-10	1.00318e-11	3.47518e-13	9.84741e-15	2.29499e-16	4.42391e-18	7.09728e-20	9.56129e-22	1.10743e-23	1.22614e-25	2.47721e-27	
POCUSC_Dendroctonus_frontalis	0	0	0	0	0	0	0	0	0	0	0	0	0	0	0	0	0	0	0	0	0	1	0	0	0	0	0	0	0	0	0	0	0	0	0	0	0	0	0	0	0	
N115	2.83732e-18	7.79917e-17	2.66066e-15	7.95384e-14	2.01835e-12	4.3149e-11	7.72859e-10	1.15372e-08	1.42806e-07	1.4584e-06	1.22301e-05	8.38386e-05	0.000467835	0.00211684	0.00773915	0.0227894	0.0539006	0.102148	0.154796	0.187275	0.180662	0.138862	0.0850159	0.0414662	0.0161241	0.00500478	0.00124223	0.000247139	3.95224e-05	5.09748e-06	5.32254e-07	4.51803e-08	3.13201e-09	1.78195e-10	8.36773e-12	3.26597e-13	1.07104e-14	3.01455e-16	7.64413e-18	1.9633e-19	8.79047e-21	
POCUSC_Dendroctonus_adjunctus	0	0	0	0	0	0	0	0	0	0	0	0	0	0	0	0	0	0	0	0	0	0	0	0	0	0	0	0	0	0	0	1	0	0	0	0	0	0	0	0	0	
N116	4.24801e-20	1.19165e-18	4.25293e-17	1.35433e-15	3.73887e-14	8.89116e-13	1.812e-11	3.14847e-10	4.63964e-09	5.76723e-08	6.0141e-07	5.23231e-06	3.77684e-05	0.000224947	0.00109947	0.00438662	0.0142127	0.0372122	0.0783698	0.132196	0.177931	0.190481	0.161782	0.10883	0.0579395	0.0244188	0.00815803	0.00216577	0.000458466	7.77264e-05	1.06078e-05	1.17211e-06	1.05505e-07	7.78628e-09	4.74227e-10	2.39948e-11	1.0155e-12	3.62573e-14	1.11674e-15	3.36056e-17	2.21137e-18	
POCUSC_Dendroctonus_approximatus	0	0	0	0	0	0	0	0	0	0	0	0	0	0	0	0	0	0	0	0	0	0	0	0	1	0	0	0	0	0	0	0	0	0	0	0	0	0	0	0	0	
POCUSC_Dendroctonus_brevicomis	0	0	0	0	0	0	0	0	0	0	0	0	0	0	0	0	0	0	0	0	0	0	0	0	0	0	1	0	0	0	0	0	0	0	0	0	0	0	0	0	0	
POCUSC_Hylurgops_sp	0	0	0	0	0	0	0	0	0	0	1	0	0	0	0	0	0	0	0	0	0	0	0	0	0	0	0	0	0	0	0	0	0	0	0	0	0	0	0	0	0	
N117	0.015994	0.0334984	0.065473	0.109078	0.15122	0.173405	0.164277	0.128625	0.0833269	0.0447343	0.0199394	0.00739497	0.00228738	0.000591578	0.000128265	2.3379e-05	3.59244e-06	4.66722e-07	5.14175e-08	4.81774e-09	3.8509e-10	2.6338e-11	1.54607e-12	7.81305e-14	3.40943e-15	1.28863e-16	4.23125e-18	1.21062e-19	3.0271e-21	6.63445e-23	1.27819e-24	2.17087e-26	3.25938e-28	4.33806e-30	5.13195e-32	5.41058e-34	5.09712e-36	4.30397e-38	3.28308e-40	2.39556e-42	3.26667e-44	
N118	6.24085e-05	0.000211498	0.000758494	0.00243104	0.00676136	0.0162601	0.0338179	0.0608493	0.0947285	0.127579	0.148623	0.149744	0.130483	0.0983399	0.0641145	0.0361714	0.0176662	0.00747371	0.00274056	0.000871789	0.000240804	5.78187e-05	1.20823e-05	2.20033e-06	3.49718e-07	4.85871e-08	5.91057e-09	6.30686e-10	5.91404e-11	4.88301e-12	3.55709e-13	2.29089e-14	1.30719e-15	6.62291e-17	2.98647e-18	1.20204e-19	4.33933e-21	1.42196e-22	4.39892e-24	1.48497e-25	1.07887e-26	
N119	5.24975e-15	7.39954e-14	1.16293e-12	1.64168e-11	2.0574e-10	2.28226e-09	2.23285e-08	1.91849e-07	1.44097e-06	9.41481e-06	5.32336e-05	0.00025907	0.00107902	0.00382325	0.0114534	0.0288249	0.0605522	0.105499	0.151518	0.178375	0.171292	0.133649	0.0844902	0.043209	0.01787	0.00598216	0.00162451	0.000359074	6.48936e-05	9.64152e-06	1.18495e-06	1.21271e-07	1.04067e-08	7.54029e-10	4.64465e-11	2.4485e-12	1.11202e-13	4.38638e-15	1.53535e-16	5.42442e-18	4.53318e-19	
POCUMO_Adexius_scrobipennis	0	0	0	0	0	0	0	0	0	0	0	0	0	0	0	0	0	0	0	0	1	0	0	0	0	0	0	0	0	0	0	0	0	0	0	0	0	0	0	0	0	
POCUCU_Cionus_sp	0	0	0	0	0	0	0	0	0	0	0	0	0	0	0	0	0	0	0	0	0	0	0	0	0	0	1	0	0	0	0	0	0	0	0	0	0	0	0	0	0	
N120	2.93532e-08	1.63759e-07	1.05212e-06	6.18629e-06	3.20409e-05	0.000144774	0.000568119	0.00193049	0.00566755	0.0143485	0.0312746	0.0586019	0.0942723	0.13004	0.153645	0.155342	0.134287	0.0991893	0.0625707	0.0336992	0.0154939	0.00608183	0.00203879	0.000583977	0.000143029	2.99823e-05	5.38544e-06	8.30002e-07	1.09928e-07	1.25331e-08	1.23239e-09	1.04728e-10	7.70836e-12	4.92622e-13	2.74151e-14	1.3342e-15	5.72359e-17	2.20626e-18	8.04458e-20	3.22119e-21	2.80788e-22	
N121	9.6484e-09	5.06857e-08	3.36059e-07	2.11314e-06	1.18103e-05	5.77813e-05	0.000246176	0.00091064	0.00291796	0.00808287	0.0193201	0.0397819	0.0704589	0.107192	0.139905	0.156491	0.149882	0.122831	0.0860892	0.0515881	0.026429	0.0115775	0.00433835	0.00139151	0.000382364	9.011e-05	1.82368e-05	3.17444e-06	4.76076e-07	6.16314e-08	6.90141e-09	6.69944e-10	5.65087e-11	4.1518e-12	2.66418e-13	1.49807e-14	7.42357e-16	3.29214e-17	1.37944e-18	6.62045e-20	6.80742e-21	
POCUSC_Scolytus_sp	0	0	0	0	0	0	0	0	0	0	0	0	0	0	0	0	0	0	0	0	0	0	0	1	0	0	0	0	0	0	0	0	0	0	0	0	0	0	0	0	0	
POCUBA_Metialma_sp	0	0	0	0	0	0	0	0	0	0	0	0	0	0	0	0	0	0	0	0	0	0	1	0	0	0	0	0	0	0	0	0	0	0	0	0	0	0	0	0	0	
POCUBR_Notaris_sp	0	0	0	0	0	0	0	0	0	0	0	0	0	0	0	0	0	0	0	0	0	0	0	0	0	0	1	0	0	0	0	0	0	0	0	0	0	0	0	0	0	
N122	0.0105391	0.0209855	0.041102	0.0730532	0.112994	0.148938	0.165554	0.154396	0.120518	0.0786666	0.0429354	0.0196025	0.00749235	0.00239987	0.000645015	0.000145678	2.76927e-05	4.43862e-06	6.00989e-07	6.88806e-08	6.69664e-09	5.53487e-10	3.89799e-11	2.34465e-12	1.20744e-13	5.33667e-15	2.0294e-16	6.6566e-18	1.88807e-19	4.64268e-21	9.92211e-23	1.84767e-24	3.00554e-26	4.28145e-28	5.35455e-30	5.89439e-32	5.72742e-34	4.93043e-36	3.79044e-38	2.73896e-40	3.88157e-42	
N123	0.0101843	0.0193738	0.0362292	0.0626233	0.0964525	0.129789	0.15104	0.151229	0.129949	0.0957323	0.0604535	0.0327381	0.0152171	0.00607822	0.00208942	0.000619177	0.000158475	3.51036e-05	6.74416e-06	1.12636e-06	1.63919e-07	2.08368e-08	2.31932e-09	2.26622e-10	1.94873e-11	1.47844e-12	9.92093e-14	5.90319e-15	3.12236e-16	1.47166e-17	6.19598e-19	2.33573e-20	7.90245e-22	2.40507e-23	6.59973e-25	1.63699e-26	3.68333e-28	7.58392e-30	1.47706e-31	3.14984e-33	1.42773e-34	
POCUCE_Zacladus_geranii	0	0	0	0	0	0	0	0	0	0	0	0	0	0	0	1	0	0	0	0	0	0	0	0	0	0	0	0	0	0	0	0	0	0	0	0	0	0	0	0	0	
N124	0.000120198	0.000413013	0.00152125	0.00497466	0.0138868	0.0327751	0.0650716	0.108183	0.149938	0.172529	0.164243	0.129011	0.0834788	0.044475	0.0195228	0.00707361	0.00212153	0.000528657	0.000109931	1.91692e-05	2.81761e-06	3.50978e-07	3.72521e-08	3.38707e-09	2.65207e-10	1.79742e-11	1.05963e-12	5.45943e-14	2.46935e-15	9.84746e-17	3.47651e-18	1.09075e-19	3.05254e-21	7.64666e-23	1.72026e-24	3.48658e-26	6.38572e-28	1.06055e-29	1.61165e-31	2.41096e-33	7.81198e-35	
POCUCE_Nedyus_quadrimaculatus	0	0	0	0	0	0	0	0	0	0	0	1	0	0	0	0	0	0	0	0	0	0	0	0	0	0	0	0	0	0	0	0	0	0	0	0	0	0	0	0	0	
POCUCE_Rhinoncus_sp	0	0	0	0	0	0	0	0	0	0	0	0	0	1	0	0	0	0	0	0	0	0	0	0	0	0	0	0	0	0	0	0	0	0	0	0	0	0	0	0	0	
N125	0.00769135	0.0153629	0.030513	0.0557989	0.0902396	0.12651	0.152237	0.156481	0.13708	0.102262	0.0649733	0.0351831	0.0162557	0.0064176	0.00216859	0.00062841	0.000156484	3.35591e-05	6.21254e-06	9.9514e-07	1.38268e-07	1.6706e-08	1.75967e-09	1.61999e-10	1.30684e-11	9.26144e-13	5.78072e-14	3.18589e-15	1.55422e-16	6.72825e-18	2.59094e-19	8.89662e-21	2.73049e-22	7.50851e-24	1.85478e-25	4.1298e-27	8.34031e-29	1.55358e-30	2.81784e-32	5.92756e-34	2.43217e-35	
POCUTY_Tychius_sp	0	0	0	0	0	0	0	0	0	0	0	0	0	0	0	0	0	0	0	1	0	0	0	0	0	0	0	0	0	0	0	0	0	0	0	0	0	0	0	0	0	
N126	1.79349e-07	1.12912e-06	7.78079e-06	4.67547e-05	0.000239234	0.00103774	0.00379959	0.0116782	0.0299395	0.0635867	0.111091	0.158551	0.18367	0.17173	0.129037	0.0777071	0.0374746	0.0144895	0.00450553	0.00113202	0.000231191	3.86427e-05	5.32523e-06	6.09634e-07	5.84173e-08	4.72022e-09	3.23907e-10	1.90047e-11	9.59551e-13	4.19436e-14	1.59632e-15	5.31786e-17	1.55842e-18	4.0363e-20	9.27978e-22	1.90166e-23	3.48732e-25	5.74943e-27	8.62223e-29	1.27335e-30	3.9875e-32	
POCUMO_Acalles_camelus	0	0	0	0	0	0	0	0	0	0	0	0	0	0	0	0	1	0	0	0	0	0	0	0	0	0	0	0	0	0	0	0	0	0	0	0	0	0	0	0	0	
POCUMO_Acalles_echinatus	0	0	0	0	0	0	0	0	0	0	0	0	0	0	1	0	0	0	0	0	0	0	0	0	0	0	0	0	0	0	0	0	0	0	0	0	0	0	0	0	0	
