NODE	7	8	9	10	11	12	13	14	15	16	17	18	19	20	21	22	23	24	25	26	27	28	29	30	31	32	33	34	35	36	37	38	39	40	41	42	43	44	45	
N1	5.9711e-10	3.21864e-09	2.62227e-08	2.13985e-07	1.59662e-06	1.05127e-05	5.98806e-05	0.000291463	0.00120259	0.00418268	0.0122114	0.0298278	0.060793	0.103163	0.14551	0.170381	0.16549	0.133293	0.0890425	0.0493636	0.0227351	0.00871174	0.00278253	0.000742422	0.00016589	3.11272e-05	4.91912e-06	6.56773e-07	7.43256e-08	7.15375e-09	5.87709e-10	4.13766e-11	2.50854e-12	1.23945e-16	2.66209e-17	5.41846e-18	1.07073e-18	2.17421e-19	5.82942e-20	
N2	1.11997e-05	2.04917e-05	4.91942e-05	0.000128453	0.00033414	0.000832128	0.00194636	0.00423452	0.00852476	0.0158345	0.0270918	0.0426507	0.06174	0.0821398	0.100401	0.112724	0.11623	0.110052	0.0956842	0.0763928	0.0560102	0.0377171	0.0233316	0.0132613	0.00692767	0.00332727	0.00146979	0.000597413	0.000223539	7.70416e-05	2.44713e-05	7.16939e-06	1.93957e-06	4.8566e-07	1.13227e-07	2.50157e-08	5.52873e-09	1.42924e-09	6.15218e-10	
N3	3.20312e-07	7.21568e-07	2.28381e-06	7.90677e-06	2.70145e-05	8.7319e-05	0.000262106	0.000724275	0.00183418	0.0042461	0.00897134	0.0172808	0.0303214	0.0484325	0.0703887	0.0930401	0.111816	0.122152	0.121284	0.109439	0.089747	0.0668925	0.0453227	0.0279213	0.015645	0.00797632	0.00370191	0.00156494	0.000603022	0.000211996	6.80808e-05	2.0008e-05	5.39609e-06	1.34173e-06	3.10131e-07	6.77288e-08	1.45266e-08	3.43969e-09	1.29007e-09	
POCUBR_Notaris_sp	0	0	0	0	0	0	0	0	0	0	0	0	0	0	0	0	0	0	0	0	0	0	0	1	0	0	0	0	0	0	0	0	0	0	0	0	0	0	0	
N4	6.46685e-09	1.96772e-08	9.2558e-08	4.6954e-07	2.2697e-06	1.00609e-05	4.03775e-05	0.000145975	0.000474182	0.00138175	0.00360734	0.00842894	0.0176117	0.0328808	0.0548157	0.0815549	0.108238	0.128096	0.135149	0.1271	0.106541	0.0796066	0.0530296	0.0315021	0.0166945	0.00789626	0.00333528	0.0012589	0.000424933	0.000128378	3.47461e-05	8.43383e-06	1.83818e-06	3.6037e-07	6.3772e-08	1.02941e-08	1.57657e-09	2.6643e-10	7.95099e-11	
N5	7.80659e-10	2.6971e-09	1.48455e-08	8.73149e-08	4.8396e-07	2.44271e-06	1.11161e-05	4.54408e-05	0.000166514	0.000546117	0.00160084	0.0041887	0.0097717	0.0203026	0.0375324	0.0616824	0.0900543	0.116729	0.134273	0.137028	0.124042	0.0996029	0.0709559	0.0448594	0.0251806	0.0125571	0.00556737	0.00219646	0.000771873	0.000241878	6.76716e-05	1.69261e-05	3.79063e-06	7.61661e-07	1.37846e-07	2.27201e-08	3.54881e-09	6.0958e-10	1.82908e-10	
N6	1.84532e-18	3.05317e-17	7.35579e-16	1.70707e-14	3.58062e-13	6.6465e-12	1.08062e-10	1.5281e-09	1.86784e-08	1.96138e-07	1.75798e-06	1.33575e-05	8.54195e-05	0.00045624	0.00201923	0.00734524	0.0217833	0.0522558	0.100674	0.15481	0.189125	0.18302	0.140165	0.0850446	0.0410058	0.0157883	0.00488475	0.00122336	0.000249995	4.20299e-05	5.8617e-06	6.83655e-07	6.72049e-08	5.61119e-09	4.01201e-10	2.48431e-11	1.36546e-12	7.28972e-14	6.36357e-15	
POCUDR_Sphenophorus_sp	0	0	0	0	0	0	0	0	0	0	0	0	0	0	0	0	0	0	0	0	0	0	0	1	0	0	0	0	0	0	0	0	0	0	0	0	0	0	0	
POCUDR_Metamasius_hemipterus	0	0	0	0	0	0	0	0	0	0	0	0	0	0	0	0	0	0	0	1	0	0	0	0	0	0	0	0	0	0	0	0	0	0	0	0	0	0	0	
POCUDR_Diocalandra_sp	0	0	0	0	0	0	0	0	0	0	0	0	0	0	0	0	0	0	0	1	0	0	0	0	0	0	0	0	0	0	0	0	0	0	0	0	0	0	0	
N7	2.72602e-09	8.73213e-09	4.37496e-08	2.3554e-07	1.20272e-06	5.61531e-06	2.37015e-05	9.00574e-05	0.000307344	0.000940556	0.00257749	0.00631713	0.0138311	0.0270248	0.0470808	0.0730736	0.10098	0.124179	0.135846	0.132173	0.114372	0.0880275	0.0602779	0.0367381	0.0199405	0.00964547	0.0041614	0.00160288	0.000551789	0.00016997	4.69093e-05	1.16158e-05	2.58496e-06	5.1815e-07	9.39548e-08	1.5595e-08	2.46764e-09	4.31117e-10	1.30862e-10	
POCUDR_Cosmopolites_sordidus	0	0	0	0	0	0	0	0	0	0	0	0	0	0	0	0	0	0	0	0	0	0	0	1	0	0	0	0	0	0	0	0	0	0	0	0	0	0	0	
POCUDR_Rhynchophorus_ferrugineus	0	0	0	0	0	0	0	0	0	0	0	0	0	0	0	1	0	0	0	0	0	0	0	0	0	0	0	0	0	0	0	0	0	0	0	0	0	0	0	
N8	7.96398e-05	0.000133415	0.000291948	0.000704771	0.00169587	0.00387025	0.00818949	0.0159047	0.0282162	0.0456224	0.0671486	0.0899032	0.10945	0.121134	0.121866	0.11145	0.0926651	0.0700636	0.0481892	0.0301625	0.0171894	0.00892444	0.00422387	0.00182373	0.0007189	0.000258939	8.52963e-05	2.57201e-05	7.10641e-06	1.80099e-06	4.1913e-07	8.96876e-08	1.76779e-08	3.21906e-09	5.44883e-10	8.70518e-11	1.36944e-11	2.41326e-12	7.13685e-13	
N9	1.28051e-05	3.25659e-05	0.000118568	0.000448102	0.00155617	0.00475798	0.0125955	0.0286416	0.0556899	0.0923078	0.130165	0.155958	0.158694	0.13717	0.100809	0.0630896	0.0336946	0.0153969	0.00603769	0.0020384	0.000594564	0.000150369	3.30944e-05	6.36183e-06	1.07206e-06	1.58932e-07	2.08008e-08	2.41151e-09	2.48464e-10	2.28231e-11	1.87476e-12	1.38121e-13	9.15351e-15	5.47379e-16	2.96573e-17	1.46712e-18	6.76951e-20	3.16691e-21	2.49552e-22	
POCUBR_Echinocnemus_sp	0	0	0	0	0	0	0	0	0	0	0	0	1	0	0	0	0	0	0	0	0	0	0	0	0	0	0	0	0	0	0	0	0	0	0	0	0	0	0	
POCUER_Tanysphyrus_lemnae	0	0	0	0	0	0	0	0	0	0	1	0	0	0	0	0	0	0	0	0	0	0	0	0	0	0	0	0	0	0	0	0	0	0	0	0	0	0	0	
POCUER_Procas_sp	0	0	0	0	0	0	0	0	0	0	0	0	0	0	0	0	1	0	0	0	0	0	0	0	0	0	0	0	0	0	0	0	0	0	0	0	0	0	0	
N10	9.56456e-12	7.81546e-11	1.05704e-09	1.37375e-08	1.5376e-07	1.44463e-06	1.12893e-05	7.3006e-05	0.000389224	0.00170539	0.00612397	0.01798	0.0430724	0.0840474	0.133411	0.172104	0.18034	0.153477	0.106112	0.0596427	0.0272828	0.0101716	0.00309632	0.000771218	0.000157557	2.64722e-05	3.66863e-06	4.20665e-07	4.00427e-08	3.1752e-09	2.10501e-10	1.17117e-11	5.49057e-13	2.17856e-14	7.35466e-16	2.1283e-17	5.36299e-19	1.26369e-20	5.06141e-22	
N11	5.59142e-11	4.01361e-10	4.15627e-09	4.22843e-08	3.82661e-07	2.98139e-06	1.9747e-05	0.000110475	0.000519746	0.00204893	0.00674694	0.0185069	0.0421866	0.0797598	0.124886	0.161781	0.173304	0.153524	0.11253	0.06832	0.03441	0.014406	0.00502529	0.00146464	0.000357743	7.34713e-05	1.27318e-05	1.86848e-06	2.33114e-07	2.48228e-08	2.26527e-09	1.77939e-10	1.20893e-11	7.146e-13	3.70619e-14	1.71214e-15	7.28516e-17	3.12762e-18	1.95176e-19	
N12	2.02816e-08	5.69364e-08	2.39897e-07	1.09462e-06	4.80441e-06	1.94846e-05	7.19754e-05	0.000240771	0.000727295	0.00198029	0.00485374	0.0106975	0.0211816	0.0376519	0.060052	0.0859057	0.110203	0.126779	0.130819	0.121125	0.100689	0.0752041	0.0505129	0.0305443	0.0166477	0.00818986	0.00364231	0.00146699	0.000536178	0.000178265	5.40701e-05	1.50163e-05	3.83654e-06	9.07649e-07	2.00764e-07	4.21886e-08	8.68885e-09	1.89371e-09	5.85136e-10	
N13	2.64471e-09	6.05265e-09	2.00124e-08	7.39447e-08	2.74435e-07	9.8142e-07	3.3253e-06	1.05974e-05	3.16575e-05	8.84891e-05	0.000231197	0.000564213	0.00128537	0.00273233	0.00541726	0.010014	0.0172532	0.0276971	0.0414181	0.0576813	0.0747983	0.0903021	0.101489	0.106181	0.10342	0.0937918	0.0792251	0.0623613	0.0457791	0.03138	0.0201237	0.0121103	0.00687286	0.00370892	0.00193078	0.000995137	0.000532631	0.000321878	0.000247489	
POCUMO_Ruteria_hypocrita	0	0	0	0	0	0	0	0	0	0	0	0	0	0	0	0	0	0	0	0	0	0	0	1	0	0	0	0	0	0	0	0	0	0	0	0	0	0	0	
N14	1.54592e-29	3.9443e-28	1.34481e-26	4.50385e-25	1.43208e-23	4.25119e-22	1.16602e-20	2.93518e-19	6.74889e-18	1.412e-16	2.67887e-15	4.59345e-14	7.09457e-13	9.83525e-12	1.21928e-10	1.34639e-09	1.31874e-08	1.14059e-07	8.66987e-07	5.76241e-06	3.33096e-05	0.000166511	0.000715555	0.00262715	0.00818887	0.0215328	0.0474697	0.0872224	0.132882	0.167137	0.173047	0.147309	0.103238	0.0598716	0.0290743	0.012126	0.00459228	0.00179572	0.000963991	
POCUCU_Cionus_sp	0	0	0	0	0	0	0	0	0	0	0	0	0	0	0	0	0	0	0	0	0	0	0	0	0	0	0	0	0	0	0	0	0	1	0	0	0	0	0	
POCUMO_Adexius_scrobipennis	0	0	0	0	0	0	0	0	0	0	0	0	0	0	0	0	0	0	0	0	0	0	0	0	0	0	0	0	0	1	0	0	0	0	0	0	0	0	0	
N15	2.99566e-10	1.20602e-09	6.71414e-09	3.89281e-08	2.16565e-07	1.11576e-06	5.23706e-06	2.22186e-05	8.48559e-05	0.000291021	0.000894761	0.00246293	0.00606271	0.0133325	0.0261698	0.0458127	0.0714773	0.0993335	0.122904	0.13534	0.132611	0.115609	0.0896768	0.0619046	0.0380421	0.0208215	0.0101563	0.00441854	0.00171615	0.00059574	0.000185088	5.15534e-05	1.29031e-05	2.91276e-06	5.97492e-07	1.13407e-07	2.09256e-08	4.32568e-09	1.47947e-09	
N16	4.24691e-12	1.95029e-11	1.48662e-10	1.22858e-09	9.62873e-09	6.85015e-08	4.35535e-07	2.45902e-06	1.22896e-05	5.42644e-05	0.000211392	0.000725724	0.00219358	0.00583273	0.0136337	0.0279968	0.0504804	0.0798863	0.110921	0.1351	0.144326	0.135235	0.111161	0.0801767	0.0507655	0.0282343	0.0138047	0.00594	0.00225246	0.00075408	0.000223399	5.87454e-05	1.37677e-05	2.89193e-06	5.49053e-07	9.56433e-08	1.58387e-08	2.80125e-09	8.07392e-10	
N17	3.24079e-12	1.4709e-11	1.16542e-10	1.00333e-09	8.11833e-09	5.92434e-08	3.84863e-07	2.2145e-06	1.12576e-05	5.04778e-05	0.000199388	0.000693088	0.00211822	0.00568719	0.0134048	0.0277202	0.0502661	0.0798939	0.111268	0.135753	0.145078	0.135807	0.111369	0.0800263	0.0504076	0.0278476	0.0135027	0.00575172	0.00215494	0.000711196	0.000207158	5.33914e-05	1.22182e-05	2.49543e-06	4.5892e-07	7.7422e-08	1.25776e-08	2.28141e-09	7.13114e-10	
N18	7.00063e-11	2.33469e-10	1.25704e-09	7.36545e-09	4.13027e-08	2.1409e-07	1.01601e-06	4.40005e-06	1.736e-05	6.23182e-05	0.000203312	0.000602187	0.00161764	0.00393739	0.00867621	0.0172942	0.0311609	0.0507208	0.0745409	0.0988659	0.118303	0.127685	0.124288	0.109108	0.0863894	0.0617066	0.0397745	0.0231455	0.012166	0.00578015	0.00248435	0.000967135	0.000341662	0.000109948	3.25111e-05	9.0296e-06	2.49461e-06	7.91849e-07	3.90001e-07	
POCUMO_Acalles_camelus	0	0	0	0	0	0	0	0	0	0	0	0	0	0	0	0	0	0	0	0	0	0	0	1	0	0	0	0	0	0	0	0	0	0	0	0	0	0	0	
POCUMO_Acalles_echinatus	0	0	0	0	0	0	0	0	0	0	0	0	0	0	0	0	0	0	0	0	0	0	0	1	0	0	0	0	0	0	0	0	0	0	0	0	0	0	0	
N19	1.5684e-10	5.90752e-10	3.47273e-09	2.16226e-08	1.27258e-07	6.84927e-07	3.33535e-06	1.46336e-05	5.77185e-05	0.000204347	0.000648568	0.00184325	0.00468599	0.0106463	0.0215973	0.0390915	0.0630906	0.0907429	0.116264	0.132657	0.134769	0.121901	0.0981773	0.0704195	0.0449983	0.0256282	0.013017	0.00590034	0.0023888	0.000864647	0.000280126	8.13478e-05	2.12172e-05	4.98675e-06	1.06318e-06	2.08897e-07	3.95266e-08	8.25282e-09	2.83779e-09	
POCUCE_Zacladus_geranii	0	0	0	0	0	0	0	0	0	0	0	0	0	0	0	0	0	0	0	0	0	1	0	0	0	0	0	0	0	0	0	0	0	0	0	0	0	0	0	
N20	4.51891e-10	1.57037e-09	8.75504e-09	5.22599e-08	2.94303e-07	1.51185e-06	7.01743e-06	2.9327e-05	0.000110128	0.000371	0.0011196	0.00302266	0.00729135	0.0156974	0.0301304	0.0515171	0.0784048	0.106148	0.127782	0.136736	0.130047	0.109936	0.0826205	0.0552213	0.0328415	0.0173912	0.00820695	0.00345455	0.00129845	0.000436309	0.000131239	3.53873e-05	8.56754e-06	1.86666e-06	3.67601e-07	6.62548e-08	1.14148e-08	2.19168e-09	7.27958e-10	
POCUCE_Nedyus_quadrimaculatus	0	0	0	0	0	0	0	0	0	0	0	0	0	0	0	0	0	0	0	0	0	1	0	0	0	0	0	0	0	0	0	0	0	0	0	0	0	0	0	
POCUCE_Rhinoncus_sp	0	0	0	0	0	0	0	0	0	0	0	0	0	0	0	0	0	1	0	0	0	0	0	0	0	0	0	0	0	0	0	0	0	0	0	0	0	0	0	
POCUTY_Tychius_sp	0	0	0	0	0	0	0	0	0	0	0	0	0	0	0	0	0	0	0	0	0	0	0	0	0	0	0	0	0	0	1	0	0	0	0	0	0	0	0	
N21	4.94245e-08	1.37924e-07	5.49603e-07	2.33946e-06	9.62179e-06	3.67773e-05	0.000128507	0.000407422	0.00116761	0.00301822	0.00702732	0.0147217	0.0277262	0.046913	0.0712735	0.0971872	0.118905	0.1305	0.128469	0.113443	0.0898667	0.0638803	0.0407599	0.023356	0.0120257	0.0055676	0.0023196	0.000870439	0.0002945	8.99398e-05	2.48261e-05	6.20374e-06	1.40658e-06	2.90451e-07	5.50433e-08	9.746e-09	1.68698e-09	3.22871e-10	9.91136e-11	
POCUSC_Scolytus_sp	0	0	0	0	0	0	0	0	0	1	0	0	0	0	0	0	0	0	0	0	0	0	0	0	0	0	0	0	0	0	0	0	0	0	0	0	0	0	0	
POCUBA_Metialma_sp	0	0	0	0	0	0	0	0	0	0	0	0	0	0	0	0	0	0	0	0	0	0	0	0	0	1	0	0	0	0	0	0	0	0	0	0	0	0	0	
N22	1.63423e-07	4.85705e-07	2.1544e-06	1.00693e-05	4.41708e-05	0.00017508	0.000617875	0.00192776	0.00529525	0.0127692	0.0269742	0.0498294	0.0803844	0.113116	0.13873	0.148202	0.137852	0.111635	0.0787164	0.0483451	0.0258764	0.0120796	0.00492279	0.00175337	0.000546512	0.000149286	3.57944e-05	7.54602e-06	1.40122e-06	2.2961e-07	3.3268e-08	4.27083e-09	4.86894e-10	4.94308e-11	4.48813e-12	3.67873e-13	2.7988e-14	2.19796e-15	2.94356e-16	
N23	1.72924e-07	5.71019e-07	2.65992e-06	1.24188e-05	5.34865e-05	0.00020765	0.000719223	0.00220784	0.00597742	0.0142183	0.0296252	0.05394	0.0856573	0.11846	0.142507	0.149005	0.135346	0.106775	0.0731627	0.0435547	0.0225395	0.0101475	0.00397837	0.00135991	0.000405859	0.000105919	2.42125e-05	4.85716e-06	8.56765e-07	1.33173e-07	1.82846e-08	2.22375e-09	2.40419e-10	2.32244e-11	2.0208e-12	1.60596e-13	1.19607e-14	8.94949e-16	1.03557e-16	
N24	2.4083e-08	9.66796e-08	5.45962e-07	3.10274e-06	1.63013e-05	7.67669e-05	0.000319004	0.00115851	0.00365264	0.00994965	0.0233279	0.0469371	0.0808505	0.118993	0.149397	0.159806	0.1455	0.112682	0.0741984	0.0415361	0.0197698	0.00800364	0.00275774	0.000809419	0.00020259	4.32965e-05	7.91269e-06	1.23868e-06	1.66402e-07	1.92214e-08	1.91318e-09	1.64454e-10	1.22366e-11	7.9009e-13	4.43837e-14	2.17661e-15	9.41191e-17	3.86276e-18	2.7609e-19	
N25	1.5771e-05	3.74167e-05	0.00011127	0.000335239	0.000964747	0.00258056	0.00630791	0.0139321	0.0275901	0.0487239	0.0764343	0.106204	0.130423	0.141324	0.134953	0.113465	0.0839448	0.0546291	0.0312685	0.0157434	0.00697499	0.00272067	0.000935	0.000283362	7.58096e-05	1.7926e-05	3.7514e-06	6.95796e-07	1.14554e-07	1.67681e-08	2.18588e-09	2.54209e-10	2.64215e-11	2.45904e-12	2.05448e-13	1.54907e-14	1.07573e-15	7.64921e-17	9.7617e-18	
N26	0.000197393	0.000349499	0.000774858	0.00179745	0.00404605	0.00855555	0.0167216	0.0299327	0.0487959	0.0721723	0.0966038	0.116807	0.127421	0.125291	0.110977	0.0885168	0.0635648	0.0410966	0.0239254	0.0125459	0.00592816	0.0025255	0.000970657	0.000336825	0.000105616	2.99531e-05	7.69093e-06	1.78979e-06	3.77923e-07	7.24923e-08	1.26474e-08	2.00955e-09	2.91226e-10	3.85714e-11	4.68663e-12	5.27799e-13	5.70034e-14	6.69484e-15	1.37301e-15	
N27	0.000217043	0.000351569	0.000731294	0.00166786	0.00377915	0.00809191	0.0159932	0.0288624	0.0473151	0.0702751	0.0944315	0.114704	0.12588	0.124773	0.111689	0.0902861	0.0659194	0.0434806	0.0259196	0.0139708	0.0068128	0.00300774	0.0012031	0.000436393	0.000143673	4.29764e-05	1.16922e-05	2.89639e-06	6.54053e-07	1.34797e-07	2.53856e-08	4.374e-09	6.9044e-10	9.99996e-11	1.33235e-11	1.64545e-12	1.94446e-13	2.53195e-14	6.07454e-15	
POCUSC_Ips_latidens	0	0	0	0	0	0	0	0	0	0	0	0	0	1	0	0	0	0	0	0	0	0	0	0	0	0	0	0	0	0	0	0	0	0	0	0	0	0	0	
POCUSC_Ips_spinifer	0	0	0	0	0	0	0	0	0	0	0	0	0	1	0	0	0	0	0	0	0	0	0	0	0	0	0	0	0	0	0	0	0	0	0	0	0	0	0	
POCUSC_Orthotomicus_laricis	0	0	0	0	0	0	0	0	0	1	0	0	0	0	0	0	0	0	0	0	0	0	0	0	0	0	0	0	0	0	0	0	0	0	0	0	0	0	0	
N28	0.00161614	0.00230533	0.00390006	0.00703068	0.0126249	0.0217508	0.0352182	0.0529737	0.0735277	0.0938068	0.109747	0.117575	0.115249	0.103313	0.0846758	0.0634497	0.0434706	0.0272355	0.0156087	0.00818544	0.00392958	0.00172781	0.000696197	0.00025723	8.72084e-05	2.71489e-05	7.76672e-06	2.04344e-06	4.94874e-07	1.10411e-07	2.27151e-08	4.31333e-09	7.56782e-10	1.22863e-10	1.8513e-11	2.61418e-12	3.59177e-13	5.56676e-14	1.56462e-14	
POCUSC_Orthotomicus_erosus	0	0	0	0	0	0	0	0	0	1	0	0	0	0	0	0	0	0	0	0	0	0	0	0	0	0	0	0	0	0	0	0	0	0	0	0	0	0	0	
POCUSC_Pityogenes_chalcographus	0	0	0	0	0	0	0	0	0	0	0	1	0	0	0	0	0	0	0	0	0	0	0	0	0	0	0	0	0	0	0	0	0	0	0	0	0	0	0	
N29	7.20346e-10	3.30601e-09	2.34468e-08	1.71737e-07	1.16e-06	6.96701e-06	3.66729e-05	0.00016792	0.000665551	0.00227485	0.00668468	0.0168437	0.0363129	0.0668554	0.10495	0.140296	0.159547	0.154241	0.126699	0.0884166	0.0524214	0.0264145	0.0113185	0.00412774	0.00128255	0.00033997	7.69948e-05	1.49237e-05	2.48026e-06	3.54172e-07	4.35492e-08	4.62195e-09	4.24502e-10	3.38429e-11	2.35183e-12	1.4361e-13	7.89575e-15	4.34187e-16	4.09904e-17	
N30	3.66523e-08	1.30906e-07	6.27604e-07	2.99937e-06	1.33474e-05	5.41679e-05	0.000198628	0.000654317	0.00192792	0.00506276	0.0118135	0.0244322	0.0446899	0.0721691	0.102746	0.128813	0.142097	0.137854	0.117587	0.0881935	0.0581823	0.0337816	0.0172769	0.00779128	0.00310207	0.00109199	0.000340406	9.41319e-05	2.3133e-05	5.06203e-06	9.88369e-07	1.72591e-07	2.70311e-08	3.81351e-09	4.88584e-10	5.79002e-11	6.63393e-12	8.18077e-13	1.53328e-13	
POCUSC_Ips_acuminatus	0	0	0	0	0	0	0	0	0	1	0	0	0	0	0	0	0	0	0	0	0	0	0	0	0	0	0	0	0	0	0	0	0	0	0	0	0	0	0	
N31	5.99953e-10	2.01546e-09	1.01317e-08	5.45052e-08	2.82057e-07	1.35331e-06	5.93758e-06	2.36842e-05	8.56438e-05	0.000280246	0.000828702	0.00221191	0.00532341	0.0115411	0.0225192	0.039515	0.0623108	0.0882443	0.112177	0.127947	0.130898	0.120093	0.0987976	0.0728837	0.0482202	0.0286189	0.0152427	0.00728897	0.00313129	0.00120932	0.000420231	0.000131524	3.71282e-05	9.47608e-06	2.19883e-06	4.71313e-07	9.81291e-08	2.31723e-08	9.12967e-09	
POCUSC_Ips_sexdentatus	0	0	0	0	0	0	0	0	0	0	0	0	0	0	0	0	0	0	0	1	0	0	0	0	0	0	0	0	0	0	0	0	0	0	0	0	0	0	0	
N32	6.19819e-14	3.42789e-13	3.09189e-12	2.88928e-11	2.52402e-10	2.01042e-09	1.44851e-08	9.4057e-08	5.49048e-07	2.87513e-06	1.34793e-05	5.64679e-05	0.000210981	0.000701764	0.00207428	0.00543898	0.0126306	0.0259367	0.0470282	0.0751945	0.1059	0.131238	0.143	0.13692	0.115159	0.0850696	0.0552002	0.0314739	0.0157783	0.00696024	0.00270462	0.000927014	0.000280761	7.53463e-05	1.80203e-05	3.90104e-06	8.02277e-07	1.82542e-07	6.85858e-08	
POCUSC_Ips_emarginatus	0	0	0	0	0	0	0	0	0	0	0	0	0	0	0	0	0	0	0	0	0	0	0	0	0	1	0	0	0	0	0	0	0	0	0	0	0	0	0	
POCUSC_Ips_knausi	0	0	0	0	0	0	0	0	0	0	0	0	0	0	0	0	0	0	0	0	0	0	0	0	0	1	0	0	0	0	0	0	0	0	0	0	0	0	0	
N33	4.4883e-17	7.42822e-16	1.78642e-14	4.0113e-13	7.86106e-12	1.32022e-10	1.88594e-09	2.28099e-08	2.32713e-07	1.99591e-06	1.43443e-05	8.61201e-05	0.000430673	0.00178904	0.00615776	0.0175209	0.0411275	0.079504	0.126385	0.165031	0.176873	0.155528	0.112198	0.0664262	0.0322977	0.0129106	0.00424888	0.00115324	0.000258689	4.80708e-05	7.41979e-06	9.54144e-07	1.02573e-07	9.25597e-09	7.04895e-10	4.57198e-11	2.58548e-12	1.40794e-13	1.30743e-14	
N34	3.99422e-16	4.36604e-15	7.4747e-14	1.23853e-12	1.8326e-11	2.37932e-10	2.69377e-09	2.64919e-08	2.25564e-07	1.65748e-06	1.0479e-05	5.68308e-05	0.00026364	0.00104337	0.003514	0.0100493	0.024356	0.0499483	0.0865649	0.126677	0.156452	0.16307	0.143487	0.106663	0.067057	0.0357038	0.0161275	0.00619253	0.00202574	0.000565966	0.000135419	2.78366e-05	4.93494e-06	7.58658e-07	1.02067e-07	1.22384e-08	1.36285e-09	1.56106e-10	2.63112e-11	
N35	1.68236e-15	1.28742e-14	1.65088e-13	2.10884e-12	2.44569e-11	2.53431e-10	2.33646e-09	1.91157e-08	1.38478e-07	8.86304e-07	5.00116e-06	2.48286e-05	0.000108235	0.000413525	0.00138226	0.00403574	0.010277	0.0227961	0.0439965	0.0738159	0.107585	0.136152	0.149573	0.142636	0.118098	0.0849329	0.0530885	0.0288654	0.0136665	0.00564109	0.00203292	0.000640719	0.000176999	4.30056e-05	9.25272e-06	1.79216e-06	3.27121e-07	6.43916e-08	2.0383e-08	
N36	8.07185e-16	5.48511e-15	6.33286e-14	7.43656e-13	8.0452e-12	7.87917e-11	6.95445e-10	5.51852e-09	3.92855e-08	2.50373e-07	1.42558e-06	7.23702e-06	3.26904e-05	0.000131136	0.000466276	0.00146688	0.00407597	0.0099874	0.0215487	0.0408845	0.0681344	0.0996369	0.127757	0.143555	0.141311	0.121845	0.092039	0.0609287	0.0353685	0.0180182	0.00806442	0.00317539	0.00110208	0.000338218	9.24026e-05	2.2879e-05	5.41059e-06	1.42351e-06	6.00783e-07	
POCUSC_Ips_montanus	0	0	0	0	0	0	0	0	0	0	0	0	0	0	0	0	0	0	0	0	0	0	0	0	0	1	0	0	0	0	0	0	0	0	0	0	0	0	0	
POCUSC_Ips_lecontei	0	0	0	0	0	0	0	0	0	0	0	0	0	0	0	0	0	0	0	0	0	0	0	0	0	1	0	0	0	0	0	0	0	0	0	0	0	0	0	
N37	1.19888e-19	1.4918e-18	2.97591e-17	5.83936e-16	1.04585e-14	1.68342e-13	2.42188e-12	3.10318e-11	3.52987e-10	3.55318e-09	3.15468e-08	2.4621e-07	1.68334e-06	1.00467e-05	5.21558e-05	0.000234667	0.000911819	0.00304882	0.00874223	0.0214265	0.0447493	0.0794192	0.119491	0.152119	0.163631	0.148607	0.113928	0.0737653	0.0403813	0.0187219	0.00736769	0.00246775	0.000705766	0.000173045	3.6598e-05	6.76667e-06	1.13967e-06	2.02318e-07	6.02052e-08	
POCUSC_Ips_paraconfusus	0	0	0	0	0	0	0	0	0	0	0	0	0	0	0	0	0	0	0	0	0	0	0	0	0	1	0	0	0	0	0	0	0	0	0	0	0	0	0	
N38	2.3055e-35	2.51009e-33	3.68555e-31	4.98905e-29	6.00334e-27	6.36598e-25	5.91725e-23	4.79627e-21	3.37141e-19	2.04286e-17	1.06009e-15	4.67749e-14	1.74113e-12	5.42018e-11	1.39752e-09	2.95235e-08	5.04852e-07	6.89267e-06	7.39743e-05	0.000613144	0.00384692	0.0178612	0.0598561	0.141009	0.227655	0.246923	0.178505	0.0867094	0.0288752	0.00676315	0.00114412	0.000143357	1.36116e-05	9.99632e-07	5.78621e-08	2.69198e-09	1.03642e-10	3.57973e-12	1.82468e-13	
POCUSC_Ips_confusus	0	0	0	0	0	0	0	0	0	0	0	0	0	0	0	0	0	0	0	0	0	0	0	0	0	1	0	0	0	0	0	0	0	0	0	0	0	0	0	
POCUSC_Ips_hoppingi	0	0	0	0	0	0	0	0	0	0	0	0	0	0	0	0	0	0	0	0	0	0	0	0	0	1	0	0	0	0	0	0	0	0	0	0	0	0	0	
N39	3.64418e-15	2.19791e-14	2.19913e-13	2.27415e-12	2.19577e-11	1.93578e-10	1.54812e-09	1.11968e-08	7.30689e-08	4.29348e-07	2.26691e-06	1.07331e-05	4.54783e-05	0.000172112	0.000580635	0.00174284	0.00464612	0.0109813	0.022975	0.042487	0.0693573	0.0998333	0.126592	0.141312	0.138802	0.119938	0.0911764	0.0609954	0.0359285	0.018649	0.00853892	0.00345363	0.00123621	0.000392834	0.000111579	2.88576e-05	7.18233e-06	2.01501e-06	9.06749e-07	
POCUSC_Ips_cribricollis	0	0	0	0	0	0	0	0	0	0	0	0	0	0	0	0	0	0	0	0	0	0	0	0	0	1	0	0	0	0	0	0	0	0	0	0	0	0	0	
POCUSC_Ips_calligraphus	0	0	0	0	0	0	0	0	0	0	0	0	0	0	0	0	0	0	0	0	0	0	0	0	0	1	0	0	0	0	0	0	0	0	0	0	0	0	0	
N40	3.89312e-18	7.42665e-17	2.18215e-15	5.81097e-14	1.32607e-12	2.57074e-11	4.2162e-10	5.82901e-09	6.76983e-08	6.58285e-07	5.34191e-06	3.60645e-05	0.000201972	0.000935711	0.00357718	0.0112593	0.0291198	0.0617804	0.107377	0.152736	0.177686	0.169016	0.131464	0.0836531	0.0435823	0.018612	0.00652494	0.00188125	0.000447005	8.77418e-05	1.4265e-05	1.92649e-06	2.16802e-07	2.04038e-08	1.61289e-09	1.0786e-10	6.22935e-12	3.42732e-13	3.16473e-14	
N41	2.83399e-15	2.51565e-14	3.52875e-13	4.87163e-12	6.08569e-11	6.74481e-10	6.58571e-09	5.64249e-08	4.22852e-07	2.76358e-06	1.57068e-05	7.74168e-05	0.000330039	0.00121391	0.00384301	0.0104494	0.0243562	0.0485859	0.0828338	0.120574	0.149744	0.158617	0.143307	0.110478	0.0727256	0.0409234	0.0197119	0.00814122	0.00288877	0.000882648	0.000232843	5.32003e-05	1.05705e-05	1.83683e-06	2.816e-07	3.86631e-08	4.89962e-09	6.27562e-10	1.24998e-10	
POCUSC_Ips_bonanseai	0	0	0	0	0	0	0	0	0	0	0	0	0	0	0	0	0	0	0	0	0	0	0	0	0	1	0	0	0	0	0	0	0	0	0	0	0	0	0	
N42	2.12506e-15	1.8889e-14	2.71716e-13	3.83437e-12	4.87118e-11	5.47614e-10	5.41729e-09	4.69981e-08	3.5653e-07	2.35836e-06	1.35655e-05	6.76737e-05	0.000292045	0.0010876	0.00348728	0.00960701	0.0226963	0.0459064	0.0793857	0.117244	0.147769	0.158864	0.145668	0.113944	0.0760764	0.0433924	0.0211685	0.00884523	0.00317117	0.000977407	0.000259567	5.95457e-05	1.18363e-05	2.04716e-06	3.10141e-07	4.17076e-08	5.14699e-09	6.51262e-10	1.34869e-10	
N43	1.30595e-17	2.00898e-16	4.91621e-15	1.11825e-13	2.21389e-12	3.77353e-11	5.51171e-10	6.87302e-09	7.29155e-08	6.55918e-07	4.98694e-06	3.19464e-05	0.000171917	0.000774984	0.00291871	0.009161	0.0239097	0.0517867	0.0929236	0.137936	0.169199	0.171377	0.143276	0.0988681	0.056333	0.0265234	0.0103314	0.00333446	0.00089341	0.000199163	3.70342e-05	5.7605e-06	7.51827e-07	8.2613e-08	7.67396e-09	6.06759e-10	4.17235e-11	2.76729e-12	3.07755e-13	
N44	2.64486e-15	3.06523e-14	5.06172e-13	8.03422e-12	1.14297e-10	1.42409e-09	1.53772e-08	1.43027e-07	1.14103e-06	7.77993e-06	4.51924e-05	0.000222987	0.000931986	0.00329091	0.0097935	0.0245074	0.0514641	0.0905244	0.133167	0.163618	0.167739	0.14339	0.102176	0.0606951	0.0300707	0.0124365	0.00429917	0.00124433	0.000302173	6.17165e-05	1.06309e-05	1.54914e-06	1.91609e-07	2.01925e-08	1.82186e-09	1.4193e-10	9.77429e-12	6.56958e-13	7.41035e-14	
POCUSC_Ips_avulsus	0	0	0	0	0	0	0	0	0	0	0	0	0	0	0	0	0	0	0	0	0	0	0	0	0	1	0	0	0	0	0	0	0	0	0	0	0	0	0	
POCUSC_Orthotomicus_suturalis	0	0	0	0	0	0	0	0	0	1	0	0	0	0	0	0	0	0	0	0	0	0	0	0	0	0	0	0	0	0	0	0	0	0	0	0	0	0	0	
N45	6.52809e-21	1.23249e-19	3.70805e-18	1.046e-16	2.61592e-15	5.75032e-14	1.10631e-12	1.85549e-11	2.70195e-10	3.40197e-09	3.68785e-08	3.42704e-07	2.71803e-06	1.83162e-05	0.000104404	0.000501133	0.00201659	0.00677385	0.0189146	0.0437324	0.0834243	0.130885	0.168443	0.177466	0.152874	0.107626	0.0619515	0.0291944	0.0112873	0.00359069	0.000943222	0.000205438	3.72693e-05	5.65941e-06	7.23436e-07	7.85255e-08	7.42217e-09	6.87363e-10	1.09686e-10	
POCUSC_Ips_plastographus	0	0	0	0	0	0	0	0	0	0	0	0	0	0	0	0	0	0	0	0	0	0	0	0	0	1	0	0	0	0	0	0	0	0	0	0	0	0	0	
POCUSC_Ips_integer	0	0	0	0	0	0	0	0	0	0	0	0	0	0	0	0	0	0	0	0	0	0	0	0	0	1	0	0	0	0	0	0	0	0	0	0	0	0	0	
POCUSC_Ips_pini	0	0	0	0	0	0	0	0	0	0	0	0	0	0	0	0	0	0	0	0	0	0	0	0	1	0	0	0	0	0	0	0	0	0	0	0	0	0	0	
N46	2.42906e-16	2.78666e-15	5.07835e-14	8.94386e-13	1.40015e-11	1.91484e-10	2.27385e-09	2.33552e-08	2.06796e-07	1.57347e-06	1.02564e-05	5.71021e-05	0.000270762	0.00109047	0.00372076	0.0107307	0.0261036	0.0534668	0.0920763	0.133173	0.161652	0.164628	0.140672	0.100901	0.0608042	0.0308199	0.0131598	0.00474214	0.00144513	0.000373295	8.1944e-05	1.53292e-05	2.45159e-06	3.36568e-07	3.99196e-08	4.14668e-09	3.91513e-10	3.78702e-11	5.95803e-12	
N47	7.57602e-13	4.36234e-12	3.7419e-11	3.32306e-10	2.7702e-09	2.09808e-08	1.42646e-07	8.65946e-07	4.6783e-06	2.24346e-05	9.52688e-05	0.000357438	0.00118229	0.00344051	0.00879113	0.0196883	0.038584	0.066073	0.0987515	0.128696	0.146151	0.14458	0.124582	0.0935312	0.0612138	0.0349539	0.0174331	0.00760448	0.00290577	0.000974373	0.000287297	7.46602e-05	1.71503e-05	3.49771e-06	6.38551e-07	1.06295e-07	1.68851e-08	2.88298e-09	7.67882e-10	
N48	8.60949e-23	3.64275e-21	2.01096e-19	1.0443e-17	4.83739e-16	1.95217e-14	6.76756e-13	1.99281e-11	4.9296e-10	1.01224e-08	1.70248e-07	2.31048e-06	2.48832e-05	0.000208874	0.00134202	0.00649522	0.0234371	0.0628962	0.125899	0.188832	0.212985	0.180888	0.115527	0.0552834	0.0197315	0.0052373	0.00103632	0.000154454	1.76181e-05	1.56628e-06	1.10503e-07	6.29238e-09	2.93747e-10	1.14107e-11	3.74662e-13	1.06071e-14	2.67115e-16	6.3597e-18	2.04543e-19	
POCUSC_Orthotomicus_caelatus	0	0	0	0	0	0	0	0	0	0	0	0	0	0	0	1	0	0	0	0	0	0	0	0	0	0	0	0	0	0	0	0	0	0	0	0	0	0	0	
POCUSC_Ips_perroti	0	0	0	0	0	0	0	0	0	0	0	0	0	0	0	0	0	0	0	0	0	0	0	0	0	1	0	0	0	0	0	0	0	0	0	0	0	0	0	
POCUSC_Ips_typographus	0	0	0	0	0	0	0	0	0	0	0	0	0	0	0	0	0	0	0	0	0	1	0	0	0	0	0	0	0	0	0	0	0	0	0	0	0	0	0	
N49	1.91239e-17	1.90338e-16	3.06424e-15	4.89033e-14	7.0985e-13	9.21312e-12	1.06367e-10	1.089e-09	9.85986e-09	7.87363e-08	5.53065e-07	3.40811e-06	1.83756e-05	8.64621e-05	0.000354133	0.0012595	0.00388063	0.0103352	0.0237449	0.0469734	0.0798848	0.116632	0.146033	0.156686	0.144002	0.113349	0.0764355	0.0441828	0.0219129	0.00933644	0.00342286	0.00108186	0.000295523	7.00067e-05	1.4468e-05	2.64453e-06	4.45056e-07	7.90904e-08	2.32632e-08	
N50	1.33954e-21	2.50963e-20	7.49601e-19	2.11246e-17	5.30171e-16	1.17472e-14	2.28904e-13	3.90897e-12	5.82952e-11	7.5649e-10	8.51085e-09	8.27011e-08	6.91451e-07	4.95508e-06	3.03179e-05	0.000157773	0.000695669	0.00258941	0.00810741	0.0212812	0.0466887	0.0853782	0.129838	0.163907	0.171547	0.148757	0.106873	0.0636545	0.0314696	0.0129374	0.00443322	0.00126982	0.000305026	6.16842e-05	1.0555e-05	1.54339e-06	1.99104e-07	2.59523e-08	5.8115e-09	
N51	3.60725e-57	4.08105e-54	5.4283e-51	6.70523e-48	7.39078e-45	7.18918e-42	6.1334e-39	4.56334e-36	2.94303e-33	1.63439e-30	7.75836e-28	3.12233e-25	1.05554e-22	2.96628e-20	6.84656e-18	1.27999e-15	1.90676e-13	2.21937e-11	1.97079e-09	1.296e-07	6.07511e-06	0.000192973	0.00387154	0.044227	0.24372	0.482106	0.195373	0.0284253	0.00199566	7.98171e-05	2.01761e-06	3.4589e-08	4.23177e-10	3.84092e-12	2.66925e-14	1.46293e-16	6.56483e-19	2.58482e-21	1.16347e-23	
POCUSC_Ips_perturbatus	0	0	0	0	0	0	0	0	0	0	0	0	0	0	0	0	0	0	0	0	0	0	0	0	0	1	0	0	0	0	0	0	0	0	0	0	0	0	0	
POCUSC_Ips_hunteri	0	0	0	0	0	0	0	0	0	0	0	0	0	0	0	0	0	0	0	0	0	0	0	0	0	1	0	0	0	0	0	0	0	0	0	0	0	0	0	
N52	5.6737e-28	2.53525e-26	1.67635e-24	1.01653e-22	5.45712e-21	2.57702e-19	1.06562e-17	3.84071e-16	1.20065e-14	3.23865e-13	7.49661e-12	1.48041e-10	2.47866e-09	3.49554e-08	4.12322e-07	4.03809e-06	3.25797e-05	0.000214783	0.0011472	0.00492119	0.0168063	0.0453003	0.0955954	0.156816	0.19885	0.194222	0.145958	0.0845213	0.0378646	0.0132016	0.00360906	0.000780194	0.000134566	1.86884e-05	2.10951e-06	1.95681e-07	1.52619e-08	1.11137e-09	1.36414e-10	
N53	2.0092e-76	1.78827e-72	1.76684e-68	1.5663e-64	1.21976e-60	8.29043e-57	4.88998e-53	2.48779e-49	1.08444e-45	4.02069e-42	1.25771e-38	3.28954e-35	7.12162e-32	1.2617e-28	1.80553e-25	2.05581e-22	1.82989e-19	1.24676e-16	6.33737e-14	2.32745e-11	5.92513e-09	9.88795e-07	9.9877e-05	0.00539567	0.125277	0.762663	0.102868	0.00363893	5.53508e-05	4.50617e-07	2.22254e-09	7.19406e-12	1.61629e-14	2.62767e-17	3.19337e-20	2.98167e-23	2.20374e-26	1.3714e-29	9.28443e-33	
POCUSC_Ips_borealis	0	0	0	0	0	0	0	0	0	0	0	0	0	0	0	0	0	0	0	0	0	0	0	0	0	1	0	0	0	0	0	0	0	0	0	0	0	0	0	
POCUSC_Ips_tridens	0	0	0	0	0	0	0	0	0	0	0	0	0	0	0	0	0	0	0	0	0	0	0	0	0	1	0	0	0	0	0	0	0	0	0	0	0	0	0	
POCUSC_Ips_pilifrons	0	0	0	0	0	0	0	0	0	0	0	0	0	0	0	0	0	0	0	0	0	0	0	0	0	1	0	0	0	0	0	0	0	0	0	0	0	0	0	
POCUSC_Ips_woodi	0	0	0	0	0	0	0	0	0	0	0	0	0	0	0	0	0	0	0	0	0	0	0	0	0	1	0	0	0	0	0	0	0	0	0	0	0	0	0	
POCUSC_Pityogenes_hopkinsi_M	0	0	0	0	0	0	0	0	0	0	0	0	0	1	0	0	0	0	0	0	0	0	0	0	0	0	0	0	0	0	0	0	0	0	0	0	0	0	0	
N54	2.50278e-06	5.26053e-06	1.56309e-05	5.10792e-05	0.000163158	0.000485986	0.00132552	0.00328662	0.0073855	0.0150186	0.0276145	0.0458838	0.0688686	0.0933445	0.114225	0.126174	0.125798	0.113204	0.0919509	0.0674223	0.0446359	0.0266874	0.0144148	0.00703656	0.00310567	0.00123999	0.000448132	0.000146689	4.35216e-05	1.17132e-05	2.86217e-06	6.35648e-07	1.28475e-07	2.36808e-08	3.99806e-09	6.2594e-10	9.47419e-11	1.60694e-11	4.79685e-12	
N55	8.71232e-06	1.99113e-05	6.05041e-05	0.000186933	0.000540443	0.00143084	0.0034496	0.00756052	0.0150537	0.0272184	0.0446747	0.0665446	0.0899307	0.110245	0.122575	0.123593	0.11301	0.0937122	0.0704806	0.0480859	0.0297682	0.0167273	0.00853549	0.00395728	0.0016681	0.000639814	0.000223519	7.12051e-05	2.07136e-05	5.51165e-06	1.34421e-06	3.01201e-07	6.21836e-08	1.18673e-08	2.1018e-09	3.47444e-10	5.4405e-11	8.64145e-12	2.03232e-12	
N56	0.010851	0.016779	0.0285894	0.0464963	0.0692992	0.0937041	0.114599	0.126575	0.126129	0.113306	0.0917161	0.0668783	0.0439299	0.0259985	0.0138678	0.00667059	0.00289534	0.00113487	0.000402049	0.000128856	3.73989e-05	9.84018e-06	2.34974e-06	5.0981e-07	1.0062e-07	1.80872e-08	2.96493e-09	4.43771e-10	6.07252e-11	7.60712e-12	8.73592e-13	9.2104e-14	8.93067e-15	7.98319e-16	6.60737e-17	5.11284e-18	3.79908e-19	2.98582e-20	4.05457e-21	
POCUSC_Xylosandrus_germanus	0	1	0	0	0	0	0	0	0	0	0	0	0	0	0	0	0	0	0	0	0	0	0	0	0	0	0	0	0	0	0	0	0	0	0	0	0	0	0	
POCUSC_Xylosandrus_compactus	0	0	0	1	0	0	0	0	0	0	0	0	0	0	0	0	0	0	0	0	0	0	0	0	0	0	0	0	0	0	0	0	0	0	0	0	0	0	0	
POCUSC_Xyleborus_sp	0	0	0	0	0	0	0	0	0	0	0	0	0	0	0	0	0	0	0	0	0	0	0	0	0	0	0	0	0	0	0	0	0	1	0	0	0	0	0	
N57	9.45214e-07	1.92082e-06	5.56703e-06	1.80929e-05	5.83621e-05	0.000177714	0.00050105	0.00129808	0.00308013	0.00668314	0.013247	0.0239711	0.0395793	0.0596046	0.0818427	0.102437	0.116852	0.121468	0.11506	0.0993177	0.0781298	0.0560229	0.0366246	0.0218358	0.0118772	0.00589643	0.00267306	0.00110717	0.000419255	0.000145251	4.60823e-05	1.34052e-05	3.58305e-06	8.83587e-07	2.02834e-07	4.42521e-08	9.64129e-09	2.37224e-09	9.13404e-10	
POCUSC_Dryocoetes_affaber	0	0	0	0	0	0	0	0	0	0	0	0	0	0	0	0	0	0	0	0	0	1	0	0	0	0	0	0	0	0	0	0	0	0	0	0	0	0	0	
POCUSC_Dryocoetes_autographus	0	0	0	0	0	0	0	0	0	0	0	0	0	0	0	0	0	0	0	0	1	0	0	0	0	0	0	0	0	0	0	0	0	0	0	0	0	0	0	
N58	2.33465e-11	1.83345e-10	2.25577e-09	2.63921e-08	2.66846e-07	2.28078e-06	1.63481e-05	9.78056e-05	0.000486625	0.00200724	0.00684498	0.0192508	0.0445558	0.0847167	0.132139	0.168906	0.176826	0.151584	0.10643	0.0612421	0.0289113	0.0112132	0.00357939	0.000942352	0.000205106	3.70039e-05	5.54959e-06	6.93965e-07	7.25871e-08	6.37174e-09	4.70983e-10	2.94169e-11	1.55793e-12	7.02079e-14	2.70188e-15	8.91547e-17	2.54433e-18	6.65411e-20	2.82627e-21	
N59	2.36996e-10	1.31932e-09	1.15282e-08	9.97084e-08	7.6758e-07	5.12704e-06	2.94757e-05	0.000145263	0.000611836	0.00219668	0.00670692	0.0173776	0.0381386	0.0707916	0.110999	0.146895	0.163999	0.154446	0.122728	0.0823419	0.0466929	0.0224085	0.00911624	0.00314982	0.000926293	0.000232386	4.98598e-05	9.17279e-06	1.45091e-06	1.97867e-07	2.3331e-08	2.38546e-09	2.12118e-10	1.64566e-11	1.11855e-12	6.71234e-14	3.63816e-15	1.95535e-16	1.73023e-17	
N60	2.63056e-09	1.08802e-08	7.06349e-08	4.70298e-07	2.86011e-06	1.53946e-05	7.25808e-05	0.000298367	0.00106652	0.00330813	0.00888914	0.0206618	0.0414921	0.0719107	0.10747	0.138413	0.153561	0.146731	0.120757	0.0856192	0.0523243	0.0275811	0.0125511	0.00493608	0.00167979	0.000495351	0.000126773	2.82046e-05	5.46474e-06	9.23816e-07	1.36527e-07	1.76744e-08	2.00859e-09	2.00848e-10	1.77246e-11	1.38876e-12	9.86544e-14	7.05408e-15	8.90459e-16	
N61	3.38914e-07	7.98659e-07	2.76466e-06	1.05535e-05	3.92449e-05	0.000135641	0.000427912	0.00122281	0.00315357	0.00732428	0.0152987	0.0287103	0.0483716	0.0731235	0.099139	0.120507	0.131301	0.128223	0.11223	0.0880525	0.0619373	0.0390726	0.0221144	0.011235	0.00512648	0.00210235	0.000775456	0.000257482	7.70344e-05	2.07889e-05	5.06658e-06	1.11676e-06	2.23037e-07	4.04778e-08	6.71263e-09	1.03144e-09	1.5316e-10	2.53169e-11	7.27447e-12	
N62	1.55856e-06	3.38383e-06	1.00774e-05	3.23337e-05	0.000101543	0.00030043	0.000823311	0.00207234	0.00476936	0.0100094	0.0191244	0.0332286	0.052462	0.075222	0.0979121	0.115664	0.123982	0.120582	0.106409	0.0852098	0.0619302	0.0408635	0.0244877	0.0133331	0.00659971	0.0029717	0.00121816	0.000455008	0.000155038	4.82591e-05	1.37485e-05	3.594e-06	8.65209e-07	1.92829e-07	4.0103e-08	7.88633e-09	1.50943e-09	3.0927e-10	9.8054e-11	
N63	9.7526e-05	0.000183455	0.000459684	0.00123581	0.00320265	0.00763665	0.0164202	0.0315495	0.0539325	0.0818413	0.110109	0.131255	0.138586	0.129608	0.107388	0.0788642	0.0513678	0.0296995	0.0152578	0.00697297	0.00283851	0.00103067	0.000334318	9.70286e-05	2.52383e-05	5.89359e-06	1.23771e-06	2.34179e-07	3.99892e-08	6.17439e-09	8.63592e-10	1.09633e-10	1.26611e-11	1.33423e-12	1.28969e-13	1.15634e-14	9.90116e-16	8.9458e-17	1.37016e-17	
N64	3.18712e-06	9.79876e-06	4.3229e-05	0.000193314	0.000782256	0.00275306	0.00828825	0.0211623	0.0455812	0.0825066	0.125163	0.158822	0.168382	0.149091	0.110285	0.0682255	0.0353569	0.0153852	0.00563737	0.00174513	0.000458094	0.000102368	1.95547e-05	3.20659e-06	4.53302e-07	5.5478e-08	5.90275e-09	5.48219e-10	4.4621e-11	3.19499e-12	2.01997e-13	1.13163e-14	5.63672e-16	2.50458e-17	9.95997e-19	3.55954e-20	1.15602e-21	3.65527e-23	1.9887e-24	
POCUSC_Polygraphus_poligraphus_M	0	0	0	0	0	0	0	0	0	1	0	0	0	0	0	0	0	0	0	0	0	0	0	0	0	0	0	0	0	0	0	0	0	0	0	0	0	0	0	
POCUEN_Tanymecus_sp	0	0	0	0	0	0	0	0	0	0	0	0	0	0	0	1	0	0	0	0	0	0	0	0	0	0	0	0	0	0	0	0	0	0	0	0	0	0	0	
POCUSC_Polygraphus_grandiclava	0	0	0	0	0	0	0	0	0	1	0	0	0	0	0	0	0	0	0	0	0	0	0	0	0	0	0	0	0	0	0	0	0	0	0	0	0	0	0	
POCUCU_Anthonomus_sp	0	0	0	0	0	0	0	0	0	0	0	0	0	0	0	0	0	0	0	0	0	0	0	0	0	0	1	0	0	0	0	0	0	0	0	0	0	0	0	
N65	1.95712e-06	3.69015e-06	9.6438e-06	2.83171e-05	8.33692e-05	0.000234088	0.000614177	0.00149325	0.00335241	0.00693788	0.013223	0.0231951	0.0374299	0.0555435	0.0757718	0.0950027	0.109456	0.115869	0.112692	0.100698	0.0826737	0.0623725	0.0432487	0.0275684	0.0161598	0.00871358	0.00432385	0.00197541	0.000831348	0.00032249	0.000115396	3.81306e-05	1.16566e-05	3.30926e-06	8.80122e-07	2.24107e-07	5.77546e-08	1.73085e-08	8.15929e-09	
POCUCU_Rhynchaenus_sp	0	0	0	0	0	0	0	0	0	0	0	0	0	0	0	0	0	0	0	1	0	0	0	0	0	0	0	0	0	0	0	0	0	0	0	0	0	0	0	
POCUSC_Crypturgus_pusillus	0	0	0	0	0	0	0	0	0	0	0	0	0	0	0	0	0	0	0	1	0	0	0	0	0	0	0	0	0	0	0	0	0	0	0	0	0	0	0	
N66	6.17436e-09	2.32302e-08	1.3314e-07	7.88156e-07	4.31841e-06	2.11948e-05	9.20884e-05	0.000352332	0.0011835	0.003483	0.00896596	0.0201606	0.0395524	0.0676365	0.100738	0.130604	0.147334	0.144596	0.123462	0.0917347	0.0593395	0.0334378	0.0164274	0.00704307	0.00263827	0.000864568	0.000248212	6.2526e-05	1.3843e-05	2.6983e-06	4.63925e-07	7.04972e-08	9.4898e-09	1.13504e-09	1.21229e-10	1.16885e-11	1.04816e-12	9.70593e-14	1.49724e-14	
N67	5.40636e-07	1.13174e-06	3.40742e-06	1.14718e-05	3.8187e-05	0.000119726	0.000347265	0.000925586	0.00226076	0.0050534	0.0103285	0.0192903	0.0329057	0.0512441	0.0728283	0.0944305	0.111682	0.12046	0.118482	0.10627	0.0869232	0.0648463	0.044131	0.0274046	0.0155335	0.00803993	0.00380162	0.00164302	0.000649422	0.000234908	7.78164e-05	2.36286e-05	6.58509e-06	1.68858e-06	4.00841e-07	8.96448e-08	1.99161e-08	5.1248e-09	2.1796e-09	
N68	3.36466e-13	2.38128e-12	2.46895e-11	2.53825e-10	2.41319e-09	2.07309e-08	1.58989e-07	1.08016e-06	6.46431e-06	3.39161e-05	0.000155331	0.000618424	0.00213177	0.00633753	0.0161877	0.0353986	0.0660548	0.104878	0.141347	0.161404	0.155979	0.12751	0.0882005	0.0516756	0.0256877	0.0108591	0.00391493	0.00120763	0.000319877	7.30355e-05	1.4432e-05	2.47842e-06	3.71545e-07	4.88737e-08	5.68146e-09	5.91213e-10	5.68052e-11	5.59674e-12	9.19071e-13	
N69	4.84992e-25	2.53989e-23	1.83011e-21	1.21432e-19	7.05325e-18	3.53434e-16	1.51514e-14	5.51475e-13	1.69061e-11	4.32713e-10	9.15788e-09	1.58547e-07	2.21859e-06	2.47588e-05	0.000217075	0.00147057	0.0075584	0.0289067	0.0806605	0.161286	0.227906	0.225754	0.156383	0.0759682	0.0260994	0.00643273	0.00115851	0.000155532	1.58757e-05	1.25514e-06	7.8169e-08	3.89375e-09	1.57254e-10	5.21236e-12	1.43375e-13	3.30871e-15	6.50898e-17	1.15751e-18	3.0859e-20	
POCUSC_Phloeotribus_sp	0	0	0	0	0	0	0	0	0	0	0	0	0	0	0	0	0	0	0	1	0	0	0	0	0	0	0	0	0	0	0	0	0	0	0	0	0	0	0	
POCUMO_Lepyrus_sp	0	0	0	0	0	0	0	0	0	0	0	0	0	0	0	0	0	0	0	0	0	0	0	1	0	0	0	0	0	0	0	0	0	0	0	0	0	0	0	
POCUSC_Cryphalus_abietis	0	0	0	0	0	0	0	0	0	0	0	0	0	0	0	0	0	0	0	1	0	0	0	0	0	0	0	0	0	0	0	0	0	0	0	0	0	0	0	
N70	5.67564e-09	1.83942e-08	9.09258e-08	4.7719e-07	2.37531e-06	1.08296e-05	4.46478e-05	0.000165467	0.000549331	0.00162955	0.00431019	0.0101465	0.0212226	0.0393815	0.0647477	0.0942134	0.121219	0.137822	0.138415	0.122776	0.0961985	0.0666078	0.0407823	0.0221003	0.0106119	0.00452096	0.00171144	0.00057663	0.000173225	4.64851e-05	1.11653e-05	2.40541e-06	4.65909e-07	8.13821e-08	1.28857e-08	1.87196e-09	2.58976e-10	3.9006e-11	1.01918e-11	
POCUSC_Trypodendron_lineatum	0	0	0	0	0	0	0	0	0	0	0	0	0	0	0	0	0	0	0	1	0	0	0	0	0	0	0	0	0	0	0	0	0	0	0	0	0	0	0	
POCUCO_Telephae_sp	0	0	0	0	0	0	0	0	0	0	0	0	0	0	0	0	0	1	0	0	0	0	0	0	0	0	0	0	0	0	0	0	0	0	0	0	0	0	0	
N71	4.34124e-09	1.71437e-08	9.87425e-08	5.79531e-07	3.16299e-06	1.55846e-05	6.84338e-05	0.000265981	0.000911197	0.00274347	0.00724378	0.0167435	0.0338313	0.0596855	0.0918513	0.123214	0.144009	0.146614	0.130022	0.100467	0.0676717	0.0397625	0.0203997	0.00914842	0.00359094	0.00123553	0.000373244	9.91775e-05	2.32257e-05	4.80407e-06	8.79872e-07	1.43122e-07	2.07573e-08	2.69922e-09	3.17416e-10	3.42321e-11	3.47477e-12	3.58093e-13	5.69115e-14	
POCUSC_Hylurgops_sp	0	0	0	0	0	0	0	0	0	0	0	0	0	0	0	0	0	0	0	0	1	0	0	0	0	0	0	0	0	0	0	0	0	0	0	0	0	0	0	
N72	3.05424e-10	1.54075e-09	1.17168e-08	9.06297e-08	6.44304e-07	4.06704e-06	2.24556e-05	0.000107613	0.000445538	0.00158865	0.00486722	0.0127893	0.0287792	0.0553931	0.0911111	0.127977	0.153447	0.157027	0.137157	0.10229	0.0651731	0.0355032	0.0165528	0.00661312	0.00226714	0.000667991	0.000169446	3.7075e-05	7.01137e-06	1.1486e-06	1.63406e-07	2.02487e-08	2.19395e-09	2.09025e-10	1.7672e-11	1.34785e-12	9.58347e-14	6.92922e-15	7.82088e-16	
POCUSC_Hylastes_sp	0	0	0	0	0	0	0	0	0	0	0	0	0	0	0	0	0	0	0	1	0	0	0	0	0	0	0	0	0	0	0	0	0	0	0	0	0	0	0	
N73	1.68805e-10	8.19659e-10	6.67249e-09	5.64241e-08	4.3463e-07	2.94038e-06	1.72472e-05	8.71755e-05	0.000378279	0.00140544	0.00446164	0.0120816	0.027868	0.0546963	0.0912667	0.129392	0.155808	0.159337	0.138401	0.102147	0.064095	0.034221	0.0155621	0.00603487	0.00199843	0.000565975	0.000137315	2.85922e-05	5.11959e-06	7.8997e-07	1.05294e-07	1.21565e-08	1.21996e-09	1.06957e-10	8.26204e-12	5.71728e-13	3.67766e-14	2.44239e-15	2.73707e-16	
N74	4.43985e-09	1.24585e-08	5.43354e-08	2.60129e-07	1.20026e-06	5.12705e-06	2.00269e-05	7.12271e-05	0.000230192	0.000675121	0.00179497	0.00432225	0.00941848	0.0185587	0.0330473	0.0531511	0.0771779	0.101144	0.119611	0.127627	0.122877	0.106762	0.0837301	0.059296	0.0379354	0.0219371	0.0114739	0.00543214	0.00232984	0.000906185	0.000320026	0.000102797	3.0116e-05	8.08779e-06	2.01169e-06	4.73863e-07	1.11044e-07	2.90472e-08	1.15421e-08	
POCUSC_Dendroctonus_simplex	0	0	0	0	0	0	0	0	0	0	0	0	0	0	0	0	0	0	0	0	0	0	0	1	0	0	0	0	0	0	0	0	0	0	0	0	0	0	0	
POCUSC_Dendroctonus_pseudotsugae	0	0	0	0	0	0	0	0	0	0	0	0	0	0	0	0	0	0	0	0	0	0	0	1	0	0	0	0	0	0	0	0	0	0	0	0	0	0	0	
N75	5.3788e-10	2.84978e-09	2.33847e-08	1.91439e-07	1.41104e-06	9.08587e-06	5.04668e-05	0.000240086	0.000973552	0.0033528	0.0097783	0.0240942	0.0500648	0.0875918	0.128883	0.159348	0.165453	0.144228	0.105551	0.0648665	0.0334915	0.0145386	0.00531132	0.00163487	0.000424584	9.31811e-05	1.73114e-05	2.72775e-06	3.65288e-07	4.16651e-08	4.05709e-09	3.38071e-10	2.41684e-11	1.48628e-12	7.88746e-14	3.6307e-15	1.47282e-16	5.71369e-18	3.64202e-19	
N76	3.33344e-08	1.50134e-07	8.64513e-07	4.86776e-06	2.51256e-05	0.000115682	0.000468167	0.00165012	0.00503259	0.0132166	0.0297752	0.0573698	0.0943095	0.132015	0.157118	0.1588	0.136188	0.0990535	0.0610884	0.0319483	0.0141745	0.00533869	0.00170858	0.000465195	0.00010791	2.13619e-05	3.61562e-06	5.24307e-07	6.52847e-08	6.99653e-09	6.46955e-10	5.17493e-11	3.59039e-12	2.16694e-13	1.14177e-14	5.28535e-16	2.18862e-17	8.774e-19	5.7571e-20	
N77	5.36395e-08	1.61544e-07	7.45556e-07	3.66249e-06	1.69017e-05	7.05382e-05	0.000262912	0.000870634	0.00255399	0.00662234	0.0151497	0.0305268	0.054102	0.0842272	0.115066	0.137831	0.144679	0.133044	0.107176	0.0756519	0.046814	0.0254152	0.0121174	0.00507984	0.00187515	0.000610466	0.000175586	4.47037e-05	1.00945e-05	2.0259e-06	3.62138e-07	5.77833e-08	8.24847e-09	1.05586e-09	1.21556e-10	1.26642e-11	1.22423e-12	1.24688e-13	2.33725e-14	
POCUSC_Dendroctonus_jeffreyi	0	0	0	0	0	0	0	0	0	0	0	0	0	0	0	0	0	1	0	0	0	0	0	0	0	0	0	0	0	0	0	0	0	0	0	0	0	0	0	
POCUSC_Dendroctonus_ponderosae	0	0	0	0	0	0	0	0	0	0	0	0	0	0	0	0	0	1	0	0	0	0	0	0	0	0	0	0	0	0	0	0	0	0	0	0	0	0	0	
N78	4.85222e-05	0.000121373	0.000363181	0.0010608	0.00289006	0.00718868	0.0160892	0.0320695	0.0565178	0.087621	0.119069	0.141465	0.146677	0.132551	0.104315	0.0714551	0.042596	0.0221003	0.00998337	0.00392891	0.00134818	0.000403797	0.000105698	2.42153e-05	4.8633e-06	8.57751e-07	1.33108e-07	1.82111e-08	2.20124e-09	2.35584e-10	2.23739e-11	1.88992e-12	1.42316e-13	9.57666e-15	5.77469e-16	3.13504e-17	1.55678e-18	7.71791e-20	6.74419e-21	
POCUSC_Dendroctonus_frontalis	0	0	0	0	0	0	0	0	0	1	0	0	0	0	0	0	0	0	0	0	0	0	0	0	0	0	0	0	0	0	0	0	0	0	0	0	0	0	0	
N79	0.00471835	0.00748358	0.0142751	0.0277637	0.0504617	0.0821009	0.116992	0.14436	0.153337	0.139794	0.109258	0.0732014	0.0420695	0.0207641	0.00881539	0.00322523	0.00101901	0.000278665	6.6117e-05	1.36444e-05	2.4554e-06	3.86324e-07	5.3283e-08	6.45932e-09	6.90075e-10	6.5142e-11	5.44774e-12	4.04654e-13	2.67651e-14	1.58037e-15	8.35064e-17	3.95822e-18	1.68703e-19	6.48037e-21	2.24894e-22	7.07464e-24	2.0385e-25	5.75728e-27	2.77899e-28	
POCUSC_Dendroctonus_adjunctus	0	0	0	0	0	0	0	1	0	0	0	0	0	0	0	0	0	0	0	0	0	0	0	0	0	0	0	0	0	0	0	0	0	0	0	0	0	0	0	
N80	0.0130695	0.0205769	0.038779	0.0720804	0.117953	0.161039	0.179258	0.161262	0.117	0.068557	0.0325532	0.0125835	0.00398087	0.00103661	0.000223504	4.01409e-05	6.04072e-06	7.66134e-07	8.23511e-08	7.54278e-09	5.91755e-10	3.9963e-11	2.33419e-12	1.18453e-13	5.24514e-15	2.03498e-16	6.94478e-18	2.09256e-19	5.58691e-21	1.32623e-22	2.80826e-24	5.32079e-26	9.04752e-28	1.38464e-29	1.91242e-31	2.39044e-33	2.71651e-35	2.90009e-37	4.82424e-39	
POCUSC_Dendroctonus_approximatus	0	0	0	0	0	1	0	0	0	0	0	0	0	0	0	0	0	0	0	0	0	0	0	0	0	0	0	0	0	0	0	0	0	0	0	0	0	0	0	
POCUSC_Dendroctonus_brevicomis	0	0	0	0	0	1	0	0	0	0	0	0	0	0	0	0	0	0	0	0	0	0	0	0	0	0	0	0	0	0	0	0	0	0	0	0	0	0	0	
N81	8.79598e-11	4.21288e-10	3.26767e-09	2.58489e-08	1.86105e-07	1.18825e-06	6.67896e-06	3.29412e-05	0.00014223	0.00053654	0.00176519	0.00505661	0.0125946	0.0272413	0.0511149	0.0831364	0.11714	0.142933	0.151015	0.138167	0.109502	0.0752134	0.0448065	0.0231714	0.0104135	0.00407208	0.00138743	0.000412521	0.000107209	2.43961e-05	4.86993e-06	8.54454e-07	1.32057e-07	1.80265e-08	2.18327e-09	2.37208e-10	2.39339e-11	2.53111e-12	4.44969e-13	
N82	2.3521e-13	1.36304e-12	1.30237e-11	1.27046e-10	1.13958e-09	9.19087e-09	6.62292e-08	4.25094e-07	2.4246e-06	1.22622e-05	5.48741e-05	0.000216845	0.000755204	0.00231364	0.00622406	0.0146783	0.0302997	0.0546726	0.0861289	0.118342	0.141709	0.1478	0.134222	0.106122	0.0730616	0.0438176	0.0229071	0.0104482	0.00416245	0.00145036	0.000442683	0.000118571	2.79297e-05	5.80261e-06	1.06881e-06	1.76768e-07	2.73071e-08	4.5228e-09	1.2654e-09	
POCUSC_Dendroctonus_punctatus	0	0	0	0	0	0	0	0	0	0	0	0	0	0	0	0	0	0	0	0	0	0	0	0	0	1	0	0	0	0	0	0	0	0	0	0	0	0	0	
N83	8.25545e-27	3.80354e-25	2.41434e-23	1.44989e-21	7.81266e-20	3.71531e-18	1.54677e-16	5.60284e-15	1.75515e-13	4.72435e-12	1.08505e-10	2.11003e-09	3.44487e-08	4.67752e-07	5.22734e-06	4.75254e-05	0.00034701	0.00200595	0.00903717	0.0311964	0.081061	0.155777	0.217948	0.219518	0.158508	0.0824106	0.0312065	0.00874468	0.00184591	0.000298849	3.77504e-05	3.78031e-06	3.04503e-07	1.99954e-08	1.08435e-09	4.92993e-11	1.92891e-12	7.03149e-14	3.90903e-15	
POCUSC_Dendroctonus_rufipennis	0	0	0	0	0	0	0	0	0	0	0	0	0	0	0	0	0	0	0	0	0	0	0	1	0	0	0	0	0	0	0	0	0	0	0	0	0	0	0	
POCUSC_Dendroctonus_murrayanae	0	0	0	0	0	0	0	0	0	0	0	0	0	0	0	0	0	0	0	0	0	0	0	1	0	0	0	0	0	0	0	0	0	0	0	0	0	0	0	
N84	1.19216e-12	7.21509e-12	7.01207e-11	6.89129e-10	6.2018e-09	4.98918e-08	3.55812e-07	2.23931e-06	1.23924e-05	6.01036e-05	0.000254649	0.000939495	0.00300887	0.00833985	0.019949	0.0410715	0.0726091	0.109999	0.142568	0.157899	0.149334	0.120584	0.0831629	0.0490297	0.0247444	0.0107096	0.00398386	0.00127696	0.000353681	8.49008e-05	1.77194e-05	3.22583e-06	5.13977e-07	7.19269e-08	8.87898e-09	9.74723e-10	9.77905e-11	1.01606e-11	1.88472e-12	
POCUSC_Dendroctonus_valens	0	0	0	0	0	0	0	0	0	0	0	0	0	0	0	0	0	0	0	0	0	1	0	0	0	0	0	0	0	0	0	0	0	0	0	0	0	0	0	
POCUSC_Dendroctonus_terebrans	0	0	0	0	0	0	0	0	0	0	0	0	0	0	0	0	0	0	0	1	0	0	0	0	0	0	0	0	0	0	0	0	0	0	0	0	0	0	0	
N85	4.20794e-09	1.34888e-08	6.83211e-08	3.71455e-07	1.90418e-06	8.86949e-06	3.71291e-05	0.000139138	0.000465848	0.00139169	0.00370576	0.00878749	0.0185424	0.0347935	0.0580258	0.0859708	0.113123	0.132172	0.137115	0.126301	0.103319	0.0750808	0.0484871	0.0278418	0.0142238	0.00646998	0.0026226	0.000948256	0.000306174	8.83919e-05	2.28506e-05	5.299e-06	1.10485e-06	2.0783e-07	3.54936e-08	5.58628e-09	8.4625e-10	1.42131e-10	4.10735e-11	
N86	3.13387e-08	8.18544e-08	3.24309e-07	1.40923e-06	5.90993e-06	2.29319e-05	8.12099e-05	0.000261212	0.000761544	0.00201004	0.00479908	0.0103573	0.0201938	0.03555	0.0564834	0.080966	0.104679	0.12204	0.128284	0.121577	0.103886	0.0800462	0.0556269	0.0348748	0.0197322	0.01008	0.00465145	0.00194002	0.000731807	0.000249847	7.72681e-05	2.1668e-05	5.51759e-06	1.27905e-06	2.71447e-07	5.35565e-08	1.02909e-08	2.22701e-09	8.06587e-10	
N87	1.98676e-08	4.81969e-08	1.75333e-07	7.10285e-07	2.82537e-06	1.05568e-05	3.64926e-05	0.000116059	0.000338772	0.000906389	0.00222065	0.00497806	0.0102034	0.0191098	0.032685	0.0510269	0.0726808	0.0944172	0.111833	0.120748	0.11883	0.106583	0.0871322	0.06493	0.0441136	0.0273325	0.0154497	0.00797037	0.00375475	0.00161619	0.000636115	0.000229168	7.56938e-05	2.29983e-05	6.47926e-06	1.72897e-06	4.63175e-07	1.4467e-07	7.13876e-08	
POCUMO_Magdalis_sp	0	0	0	0	0	0	0	0	0	0	0	0	0	0	0	0	0	0	0	0	0	0	0	1	0	0	0	0	0	0	0	0	0	0	0	0	0	0	0	
POCUCU_Dorytomus_sp	0	0	0	0	0	0	0	0	0	0	0	0	0	0	0	0	0	0	0	1	0	0	0	0	0	0	0	0	0	0	0	0	0	0	0	0	0	0	0	
N88	1.0824e-07	2.55907e-07	8.95816e-07	3.4681e-06	1.31049e-05	4.62224e-05	0.000149829	0.000443761	0.00119793	0.00294338	0.0065765	0.0133523	0.0246181	0.0411965	0.0625422	0.0861051	0.107473	0.121588	0.124666	0.115837	0.097547	0.0744555	0.0515215	0.0323307	0.0184052	0.00950944	0.00446159	0.00190196	0.000737192	0.000259988	8.35e-05	2.44475e-05	6.53478e-06	1.59886e-06	3.60225e-07	7.59701e-08	1.5757e-08	3.73143e-09	1.47057e-09	
POCUCU_Curculio_dentipes	0	0	0	0	0	0	0	0	0	0	0	0	0	0	0	0	0	0	0	1	0	0	0	0	0	0	0	0	0	0	0	0	0	0	0	0	0	0	0	
N89	2.40481e-11	1.40309e-10	1.2497e-09	1.11388e-08	9.06078e-08	6.54762e-07	4.15673e-06	2.30377e-05	0.000110955	0.000462554	0.00166302	0.00513877	0.0136036	0.0307614	0.059263	0.0970595	0.134904	0.158939	0.158634	0.134126	0.0961245	0.0584597	0.0302206	0.0133075	0.00500414	0.00161154	0.000445836	0.000106306	2.19217e-05	3.9232e-06	6.11504e-07	8.33136e-08	9.95912e-09	1.04897e-09	9.79292e-11	8.19521e-12	6.33299e-13	5.00928e-14	6.54422e-15	
POCUCU_Curculio_distinguendus	0	0	0	0	0	0	0	0	0	0	0	0	0	0	0	0	0	0	0	1	0	0	0	0	0	0	0	0	0	0	0	0	0	0	0	0	0	0	0	
N90	2.07234e-14	2.57342e-13	5.05191e-12	9.24012e-11	1.46096e-09	1.96699e-08	2.23795e-07	2.13698e-06	1.70075e-05	0.000112014	0.000606113	0.00267508	0.00956208	0.0274985	0.063243	0.115742	0.167923	0.192698	0.174775	0.125399	0.0713433	0.0323065	0.011701	0.00340931	0.000804251	0.000154647	2.44081e-05	3.18411e-06	3.45683e-07	3.1441e-08	2.41118e-09	1.56873e-10	8.7097e-12	4.14979e-13	1.70598e-14	6.08695e-16	1.9066e-17	5.59259e-19	2.72625e-20	
N91	8.44864e-43	3.08339e-39	1.20126e-35	3.9974e-32	1.08757e-28	2.37284e-25	4.07756e-22	5.40505e-19	5.38772e-16	3.91125e-13	1.98368e-10	6.64379e-08	1.35533e-05	0.00148449	0.0696809	0.830364	0.0956285	0.00279322	3.48979e-05	2.33439e-07	9.47635e-10	2.52911e-12	4.69146e-15	6.30167e-18	6.32537e-21	4.8648e-24	2.92588e-27	1.39973e-30	5.40376e-34	1.70451e-37	4.44076e-41	9.64734e-45	1.7625e-48	2.72846e-52	3.60395e-56	4.08943e-60	4.0269e-64	3.57411e-68	3.60357e-72	
POCUEN_Scepticus_griseus	0	0	0	0	0	0	0	0	0	0	0	0	0	0	0	1	0	0	0	0	0	0	0	0	0	0	0	0	0	0	0	0	0	0	0	0	0	0	0	
POCUEN_Scepticus_insularis	0	0	0	0	0	0	0	0	0	0	0	0	0	0	0	1	0	0	0	0	0	0	0	0	0	0	0	0	0	0	0	0	0	0	0	0	0	0	0	
POCUCU_Curculio_nucum_M	0	0	0	0	0	0	0	0	0	0	0	0	0	0	0	0	0	0	0	1	0	0	0	0	0	0	0	0	0	0	0	0	0	0	0	0	0	0	0	
N92	9.05729e-09	2.56733e-08	1.08586e-07	4.94779e-07	2.17484e-06	8.89138e-06	3.33476e-05	0.000114049	0.000354572	0.00100025	0.00255718	0.00591893	0.0123943	0.0234647	0.0401416	0.062026	0.0865381	0.108992	0.123903	0.127133	0.117747	0.0984558	0.074345	0.0507167	0.0312723	0.0174402	0.00880356	0.00402623	0.00167027	0.000629485	0.00021596	6.76336e-05	1.94126e-05	5.13725e-06	1.26541e-06	2.94987e-07	6.73539e-08	1.64972e-08	5.91551e-09	
N93	2.31981e-11	9.99417e-11	6.38067e-10	4.28849e-09	2.74617e-08	1.61711e-07	8.63953e-07	4.16434e-06	1.80591e-05	7.03362e-05	0.000245696	0.000768845	0.00215293	0.00538935	0.0120492	0.0240399	0.0427692	0.0678062	0.0957422	0.120347	0.13462	0.133976	0.118613	0.0934167	0.0654558	0.0408138	0.0226545	0.0111995	0.00493416	0.00193883	0.000680187	0.000213354	5.99705e-05	1.51681e-05	3.48239e-06	7.40986e-07	1.54231e-07	3.63736e-08	1.40696e-08	
N94	1.81867e-12	8.82036e-12	6.86166e-11	5.6154e-10	4.32013e-09	3.02325e-08	1.90283e-07	1.07209e-06	5.39386e-06	2.41921e-05	9.65982e-05	0.000342983	0.00108171	0.00302723	0.00751066	0.0165059	0.0321072	0.0552427	0.0840251	0.112928	0.134056	0.140525	0.130058	0.106272	0.076671	0.048849	0.0274935	0.0136757	0.00601547	0.00234171	0.000807614	0.000247145	6.72756e-05	1.6365e-05	3.59196e-06	7.27924e-07	1.44565e-07	3.30112e-08	1.2691e-08	
POCUBA_Limnobaris_sp	0	0	0	0	0	0	0	0	0	0	0	0	0	0	0	0	0	0	0	0	1	0	0	0	0	0	0	0	0	0	0	0	0	0	0	0	0	0	0	
N95	5.47536e-13	2.6532e-12	2.13658e-11	1.80162e-10	1.41743e-09	1.01339e-08	6.53763e-08	3.7949e-07	1.97847e-06	9.25008e-06	3.8729e-05	0.000145019	0.000485028	0.00144727	0.00384853	0.009111	0.0191852	0.0359041	0.0596753	0.0880366	0.115225	0.133752	0.137667	0.125632	0.101656	0.0729474	0.0464382	0.0262382	0.0131664	0.00587277	0.00233118	0.000824936	0.00026098	7.41979e-05	1.91541e-05	4.58896e-06	1.0707e-06	2.72873e-07	1.04519e-07	
POCUMO_Pissodes_strobi	0	0	0	0	0	0	0	0	0	0	0	0	0	0	0	0	0	0	0	0	0	0	0	0	0	0	0	1	0	0	0	0	0	0	0	0	0	0	0	
POCUMO_Pissodes_nemorensis	0	0	0	0	0	0	0	0	0	0	0	0	0	0	0	0	0	0	0	0	0	0	0	1	0	0	0	0	0	0	0	0	0	0	0	0	0	0	0	
POCUMO_Pissodes_schwarzi_M	0	0	0	0	0	0	0	0	0	0	0	0	0	0	0	0	0	0	0	0	0	1	0	0	0	0	0	0	0	0	0	0	0	0	0	0	0	0	0	
N96	3.82118e-55	2.14576e-51	1.15529e-47	5.70068e-44	2.53063e-40	9.93549e-37	3.39625e-33	9.95485e-30	2.46203e-26	5.04376e-23	8.3665e-20	1.09064e-16	1.07121e-13	7.42845e-11	3.24118e-08	6.81157e-06	0.000118127	0.000981265	0.00507165	0.0181936	0.048036	0.0966852	0.151656	0.187911	0.185298	0.145768	0.0912711	0.0451573	0.0174205	0.00512801	0.00111284	0.000168104	1.58804e-05	7.25041e-07	2.77432e-09	5.24862e-12	6.51493e-15	6.07406e-18	4.93646e-21	
POCUMO_Hylobius_piceus	0	0	0	0	0	0	0	0	0	0	0	0	0	0	0	0	0	0	0	0	0	0	0	0	0	0	0	0	0	0	0	0	0	1	0	0	0	0	0	
POCUMO_Hylobius_abietis	0	0	0	0	0	0	0	0	0	0	0	0	0	0	0	1	0	0	0	0	0	0	0	0	0	0	0	0	0	0	0	0	0	0	0	0	0	0	0	
N97	7.90052e-09	3.31974e-08	2.02608e-07	1.25733e-06	7.18189e-06	3.64772e-05	0.000162425	0.00062969	0.00211658	0.00614985	0.0154081	0.0332183	0.0615126	0.0976904	0.132897	0.154728	0.154093	0.131244	0.0956181	0.059621	0.0318451	0.014588	0.00573999	0.00194336	0.000567265	0.000143071	3.12504e-05	5.92601e-06	9.78065e-07	1.40862e-07	1.77496e-08	1.962e-09	1.9077e-10	1.63643e-11	1.24317e-12	8.42806e-14	5.22475e-15	3.28013e-16	3.47047e-17	
N98	1.72092e-07	4.78756e-07	1.98779e-06	8.83866e-06	3.72756e-05	0.000143035	0.000491823	0.00150563	0.00409017	0.00984014	0.0209347	0.0393411	0.0652443	0.09542	0.122998	0.139684	0.139733	0.123122	0.0955664	0.0653643	0.0394126	0.020963	0.00984284	0.0040834	0.00149829	0.00048678	0.000140204	3.58472e-05	8.14747e-06	1.64858e-06	2.97444e-07	4.79379e-08	6.91611e-09	8.95942e-10	1.04776e-10	1.11898e-11	1.12473e-12	1.18037e-13	2.07896e-14	
N99	8.25074e-07	2.03244e-06	7.20191e-06	2.74303e-05	0.000100217	0.000336687	0.00102288	0.00278969	0.00680515	0.0148168	0.0287544	0.0496871	0.0763895	0.104427	0.126877	0.136964	0.131342	0.111879	0.0846579	0.0569176	0.034011	0.0180706	0.00854151	0.00359408	0.00134727	0.000450295	0.000134312	3.57884e-05	8.52796e-06	1.81936e-06	3.47922e-07	5.97152e-08	9.21135e-09	1.27914e-09	1.60351e-10	1.82848e-11	1.95351e-12	2.2263e-13	4.54682e-14	
N100	1.89047e-05	3.31551e-05	7.84409e-05	0.000209134	0.000563492	0.00145112	0.00347546	0.00763817	0.0153003	0.027836	0.0459059	0.0685486	0.0926182	0.113181	0.125056	0.124917	0.112796	0.0920714	0.0679432	0.0453341	0.0273562	0.0149336	0.00737731	0.00329941	0.00133655	0.000490645	0.00016332	4.93257e-05	1.3526e-05	3.37016e-06	7.63636e-07	1.57516e-07	2.96222e-08	5.09283e-09	8.05638e-10	1.1933e-10	1.74343e-11	2.9518e-12	9.04167e-13	
POCUEN_Phyllobius_pyri	0	0	0	0	0	0	0	0	0	0	0	0	0	0	0	1	0	0	0	0	0	0	0	0	0	0	0	0	0	0	0	0	0	0	0	0	0	0	0	
N101	2.15303e-05	3.77979e-05	8.87215e-05	0.000233069	0.000617671	0.00156553	0.003695	0.0080137	0.0158628	0.0285576	0.046668	0.0691495	0.0928407	0.112896	0.124306	0.123911	0.111816	0.0913435	0.0675569	0.0452427	0.0274418	0.0150796	0.00750998	0.00339109	0.001389	0.000516369	0.00017433	5.34834e-05	1.49213e-05	3.78849e-06	8.76143e-07	1.84754e-07	3.55795e-08	6.27582e-09	1.02096e-09	1.56035e-10	2.35989e-11	4.09839e-12	1.23533e-12	
POCUEN_Phyllobius_argentatus	0	0	0	0	0	0	0	0	0	0	0	0	0	0	0	1	0	0	0	0	0	0	0	0	0	0	0	0	0	0	0	0	0	0	0	0	0	0	0	
POCUEN_Liophloeus_tessulatus	0	0	0	0	0	0	0	0	0	0	0	0	0	0	0	1	0	0	0	0	0	0	0	0	0	0	0	0	0	0	0	0	0	0	0	0	0	0	0	
N102	1.97389e-06	4.42691e-06	1.3855e-05	4.64874e-05	0.000150826	0.000455581	0.0012613	0.00317676	0.00724925	0.014951	0.0278233	0.0466678	0.0704911	0.0958275	0.117189	0.128879	0.127438	0.113291	0.0905517	0.0650824	0.0420736	0.0244733	0.012815	0.00604402	0.00256924	0.000985094	0.000340959	0.000106628	3.01585e-05	7.72294e-06	1.79269e-06	3.7773e-07	7.23779e-08	1.26482e-08	2.0271e-09	3.01878e-10	4.33403e-11	6.79627e-12	1.81442e-12	
N103	1.09996e-08	3.86051e-08	2.05302e-07	1.15364e-06	6.08421e-06	2.88975e-05	0.000121702	0.000451537	0.0014711	0.0042003	0.0104952	0.0229238	0.0437281	0.0727914	0.105677	0.13374	0.147497	0.141733	0.118665	0.0865726	0.0550509	0.0305245	0.0147662	0.00623608	0.00230106	0.00074253	0.00020976	5.19347e-05	1.12843e-05	2.15473e-06	3.62164e-07	5.36794e-08	7.03164e-09	8.16388e-10	8.43752e-11	7.83303e-12	6.72558e-13	6.08482e-14	1.02562e-14	
N104	2.42265e-07	6.50973e-07	2.64019e-06	1.15207e-05	4.75363e-05	0.000177926	0.000596021	0.00177781	0.00470992	0.011064	0.0230143	0.0423433	0.0688429	0.0988295	0.125202	0.139913	0.137892	0.119853	0.0918896	0.0621664	0.0371332	0.0195978	0.00914713	0.00377971	0.00138437	0.00045003	0.000130035	3.34483e-05	7.67174e-06	1.57165e-06	2.88088e-07	4.7335e-08	6.98452e-09	9.2738e-10	1.11098e-10	1.2084e-11	1.225e-12	1.31814e-13	2.60849e-14	
POCUEN_Hypomeces_squamosus	0	0	0	0	0	0	0	0	0	0	0	0	0	0	0	1	0	0	0	0	0	0	0	0	0	0	0	0	0	0	0	0	0	0	0	0	0	0	0	
POCUEN_Sympiezomias_cribricollis	0	0	0	0	0	0	0	0	0	0	0	0	0	0	0	1	0	0	0	0	0	0	0	0	0	0	0	0	0	0	0	0	0	0	0	0	0	0	0	
N105	6.091e-09	2.04117e-08	1.10761e-07	6.49673e-07	3.57741e-06	1.77054e-05	7.76333e-05	0.000299872	0.0010175	0.00302728	0.00788686	0.0179726	0.0357916	0.0622431	0.0944693	0.125082	0.144439	0.14545	0.127731	0.0978409	0.0653931	0.0381542	0.0194458	0.00866383	0.00337742	0.00115317	0.000345248	9.07522e-05	2.09747e-05	4.26937e-06	7.66856e-07	1.2185e-07	1.71864e-08	2.16269e-09	2.44783e-10	2.52657e-11	2.44246e-12	2.39168e-13	3.60181e-14	
POCUEN_Eudiagogus_sp	0	0	0	0	0	0	0	0	0	0	0	0	0	0	0	0	0	0	0	0	0	0	0	0	0	0	0	1	0	0	0	0	0	0	0	0	0	0	0	
N106	2.51593e-08	8.68921e-08	4.71509e-07	2.66891e-06	1.38766e-05	6.40546e-05	0.000259868	0.000922722	0.0028599	0.00772058	0.0181193	0.0369062	0.065148	0.0995501	0.131565	0.150296	0.148372	0.126585	0.0933695	0.0595821	0.0329261	0.0157768	0.00656452	0.00237591	0.000749412	0.000206428	4.97642e-05	1.05234e-05	1.95666e-06	3.20656e-07	4.64295e-08	5.95463e-09	6.78115e-10	6.87466e-11	6.22277e-12	5.05623e-13	3.76246e-14	2.86079e-15	3.94993e-16	
N107	6.19249e-13	7.82897e-12	1.4535e-10	2.50511e-09	3.71522e-08	4.62982e-07	4.78385e-06	4.05313e-05	0.00027848	0.00153377	0.00669016	0.0228267	0.0601852	0.121258	0.184971	0.212326	0.183004	0.118685	0.05827	0.0218565	0.00633351	0.00143514	0.000257444	3.70021e-05	4.31005e-06	4.11236e-07	3.24601e-08	2.13906e-09	1.18673e-10	5.58588e-12	2.24657e-13	7.77104e-15	2.32591e-16	6.05775e-18	1.38041e-19	2.76986e-21	4.95919e-23	8.39377e-25	2.18865e-26	
POCUEN_Barypeithes_sp	0	0	0	0	0	0	0	0	0	0	0	0	0	0	0	0	1	0	0	0	0	0	0	0	0	0	0	0	0	0	0	0	0	0	0	0	0	0	0	
POCUEN_Polydrusus_mollis_M	0	0	0	0	0	0	0	0	0	0	0	0	0	0	1	0	0	0	0	0	0	0	0	0	0	0	0	0	0	0	0	0	0	0	0	0	0	0	0	
N108	6.37606e-39	1.14335e-35	2.07356e-32	3.35316e-29	4.59864e-26	5.18858e-23	4.70696e-20	3.3573e-17	1.83538e-14	7.45235e-12	2.15771e-09	4.215e-07	5.1302e-05	0.00343555	0.101424	0.793806	0.0980272	0.00320918	4.63127e-05	3.67698e-07	1.8187e-09	6.06823e-12	1.44341e-14	2.54901e-17	3.44749e-20	3.65964e-23	3.1103e-26	2.15137e-29	1.22788e-32	5.85069e-36	2.35103e-39	8.03754e-43	2.35601e-46	5.96326e-50	1.31247e-53	2.53499e-57	4.38031e-61	7.16079e-65	1.32564e-68	
POCUEN_Hypera_nigrirostris	0	0	0	0	0	0	0	0	0	0	0	0	0	0	0	1	0	0	0	0	0	0	0	0	0	0	0	0	0	0	0	0	0	0	0	0	0	0	0	
POCUEN_Hypera_postica	0	0	0	0	0	0	0	0	0	0	0	0	0	0	0	1	0	0	0	0	0	0	0	0	0	0	0	0	0	0	0	0	0	0	0	0	0	0	0	
POCUEN_Bothrometopus_sp	0	0	0	0	0	0	0	0	0	0	0	0	0	0	0	1	0	0	0	0	0	0	0	0	0	0	0	0	0	0	0	0	0	0	0	0	0	0	0	
N109	4.87887e-07	1.07046e-06	3.22765e-06	1.05581e-05	3.41068e-05	0.000104644	0.000299576	0.000793402	0.00193533	0.00433752	0.00891902	0.0168099	0.0290191	0.0458607	0.0663206	0.0877314	0.10613	0.117384	0.118686	0.109691	0.0926634	0.0715536	0.0505105	0.0326008	0.0192427	0.01039	0.00513373	0.00232213	0.000962025	0.000365233	0.000127153	4.06303e-05	1.19333e-05	3.2308e-06	8.12001e-07	1.93149e-07	4.59549e-08	1.27252e-08	5.72743e-09	
POCUEN_Foucartia_squamulata	0	0	0	0	0	0	0	0	0	0	0	0	0	0	0	1	0	0	0	0	0	0	0	0	0	0	0	0	0	0	0	0	0	0	0	0	0	0	0	
N110	1.37329e-09	4.3267e-09	1.94636e-08	9.37486e-08	4.40783e-07	1.94786e-06	7.95354e-06	2.97664e-05	0.000101684	0.000316299	0.000894471	0.00229685	0.00535018	0.0112953	0.0215969	0.0373726	0.0584948	0.0827662	0.105818	0.122199	0.127421	0.119944	0.10191	0.07815	0.0540906	0.0337945	0.0190632	0.00971192	0.0044706	0.00186051	0.000700563	0.000238958	7.39743e-05	2.08581e-05	5.39809e-06	1.30649e-06	3.10912e-07	8.36859e-08	3.59245e-08	
POCUEN_Sitona_lineatus	0	0	0	0	0	0	0	0	0	0	0	0	0	0	0	1	0	0	0	0	0	0	0	0	0	0	0	0	0	0	0	0	0	0	0	0	0	0	0	
N111	8.18468e-20	9.59427e-19	1.62863e-17	2.77647e-16	4.43322e-15	6.47519e-14	8.5601e-13	1.01829e-11	1.0858e-10	1.03463e-09	8.78613e-09	6.6325e-08	4.43951e-07	2.62845e-06	1.37315e-05	6.31456e-05	0.000255013	0.000902368	0.00279162	0.00753482	0.0177085	0.036174	0.0641201	0.0984767	0.130876	0.150351	0.149181	0.127776	0.0944529	0.0602715	0.0332268	0.0158508	0.00656204	0.00236878	0.000751602	0.000212746	5.56216e-05	1.49959e-05	5.9628e-06	
POCUCL_Cleonus_sp	0	0	0	0	0	0	0	0	0	0	0	0	0	0	0	0	0	0	0	0	0	1	0	0	0	0	0	0	0	0	0	0	0	0	0	0	0	0	0	
N112	5.94374e-37	3.4283e-35	2.8235e-33	2.21718e-31	1.5864e-29	1.02396e-27	5.93839e-26	3.08513e-24	1.43173e-22	5.91809e-21	2.17237e-19	7.05955e-18	2.02449e-16	5.10622e-15	1.12879e-13	2.17912e-12	3.65972e-11	5.32576e-10	6.68747e-09	7.21398e-08	6.65432e-07	5.22299e-06	3.47038e-05	0.000194138	0.000909157	0.00354298	0.0114189	0.0302469	0.0654394	0.114952	0.163072	0.186004	0.17009	0.124596	0.0732971	0.0349439	0.0138809	0.00504956	0.00232161	
POCUMO_Larinus_sp	0	0	0	0	0	0	0	0	0	0	0	0	0	0	0	0	0	0	0	0	0	0	0	0	0	0	0	0	0	0	0	0	1	0	0	0	0	0	0	
POCUMO_Lixus_sp	0	0	0	0	0	0	0	0	0	0	0	0	0	0	0	0	0	0	0	0	0	0	0	0	0	0	0	0	0	0	0	0	0	0	0	0	0	1	0	
N113	1.01942e-06	2.38799e-06	8.18712e-06	3.06558e-05	0.000110474	0.000365892	0.00109537	0.00294474	0.00708752	0.015246	0.0292767	0.0501433	0.0765463	0.104092	0.126043	0.135862	0.130342	0.11129	0.084575	0.0572171	0.0344696	0.0184992	0.00884901	0.00377515	0.0014374	0.000488856	0.000148637	4.04422e-05	9.85741e-06	2.15472e-06	4.22888e-07	7.46111e-08	1.18494e-08	1.69659e-09	2.19541e-10	2.5852e-11	2.85065e-12	3.36381e-13	7.22258e-14	
N114	4.11227e-08	1.40912e-07	6.70209e-07	3.28453e-06	1.51878e-05	6.39722e-05	0.000241512	0.000810604	0.00240799	0.00631347	0.0145818	0.0296248	0.0528809	0.0828582	0.113878	0.137204	0.144856	0.133982	0.10856	0.0770629	0.0479393	0.0261454	0.0125088	0.00525379	0.00193891	0.000629385	0.000179909	4.5344e-05	1.00907e-05	1.98568e-06	3.4608e-07	5.35171e-08	7.35797e-09	9.01986e-10	9.90759e-11	9.86266e-12	9.18886e-13	8.94359e-14	1.44786e-14	
N115	5.37492e-09	1.94201e-08	1.11756e-07	6.80739e-07	3.85658e-06	1.9545e-05	8.74135e-05	0.000342952	0.00117643	0.00352073	0.0091778	0.0208131	0.0410186	0.0701956	0.10424	0.134254	0.149912	0.145102	0.121734	0.088531	0.0558248	0.0305335	0.0144937	0.00597478	0.00214072	0.000667262	0.000181131	4.28705e-05	8.85831e-06	1.6002e-06	2.53095e-07	3.51054e-08	4.27772e-09	4.58853e-10	4.34462e-11	3.65254e-12	2.78791e-13	2.16968e-14	3.08048e-15	
N116	1.84883e-08	5.93414e-08	2.91869e-07	1.51648e-06	7.38821e-06	3.25698e-05	0.000128377	0.000450215	0.00140102	0.00386139	0.00941162	0.0202599	0.0384742	0.064392	0.0949007	0.123083	0.140412	0.140852	0.124229	0.0963421	0.0657129	0.0394384	0.0208396	0.00970297	0.00398454	0.00144473	0.000463097	0.000131409	3.30589e-05	7.38495e-06	1.46732e-06	2.59762e-07	4.10492e-08	5.80258e-09	7.35955e-10	8.43791e-11	8.99945e-12	1.01685e-12	2.06741e-13	
POCUEN_Dyslobus_sp	0	0	0	0	0	0	0	0	0	0	0	0	0	0	0	1	0	0	0	0	0	0	0	0	0	0	0	0	0	0	0	0	0	0	0	0	0	0	0	
N117	5.87262e-15	7.07626e-14	1.24478e-12	2.09519e-11	3.14121e-10	4.09988e-09	4.60768e-08	4.42671e-07	3.61346e-06	2.49174e-05	0.000144326	0.000698192	0.00280517	0.00930959	0.0253894	0.0566341	0.102901	0.151783	0.181303	0.175114	0.136703	0.0863066	0.04414	0.0183345	0.00620659	0.00171944	0.000391679	7.37445e-05	1.15387e-05	1.50892e-06	1.65857e-07	1.54111e-08	1.21733e-09	8.22001e-11	4.77249e-12	2.40056e-13	1.06478e-14	4.51756e-16	3.18668e-17	
N118	2.91142e-29	7.47157e-27	2.29877e-24	6.10111e-22	1.33816e-19	2.38436e-17	3.39994e-15	3.8155e-13	3.30507e-11	2.1598e-09	1.03601e-07	3.52907e-06	8.19881e-05	0.00123644	0.0114086	0.0603759	0.174666	0.281139	0.26159	0.146101	0.0505493	0.0111088	0.00158126	0.000148131	9.26846e-06	3.93803e-07	1.16017e-08	2.4303e-10	3.7168e-12	4.25549e-14	3.73106e-16	2.55547e-18	1.39129e-20	6.11324e-23	2.19707e-25	6.53914e-28	1.63659e-30	3.59943e-33	9.74344e-36	
N119	5.02249e-41	1.04482e-37	2.19369e-34	3.77636e-31	5.25323e-28	5.81756e-25	5.04131e-22	3.35063e-19	1.66809e-16	6.04672e-14	1.54185e-11	2.64935e-09	2.90419e-07	1.88964e-05	0.000661145	0.0108023	0.0686296	0.199638	0.30013	0.25202	0.124041	0.036729	0.00658243	0.000702559	4.26257e-05	1.33762e-06	1.87219e-08	1.40056e-10	6.36801e-13	1.91263e-15	4.01835e-18	6.15749e-21	7.10549e-24	6.33367e-27	4.45254e-30	2.51184e-33	1.15406e-36	4.37835e-40	1.6915e-43	
POCUEN_Naupactus_xanthographus	0	0	0	0	0	0	0	0	0	0	0	0	0	0	0	1	0	0	0	0	0	0	0	0	0	0	0	0	0	0	0	0	0	0	0	0	0	0	0	
POCUCU_Gymnetron_antirhini	0	0	0	0	0	0	0	0	0	0	0	0	0	0	0	0	0	0	0	0	0	0	0	0	0	1	0	0	0	0	0	0	0	0	0	0	0	0	0	
POCUEN_Sitona_hispidulus	0	0	0	0	0	0	0	0	0	0	0	0	0	0	0	1	0	0	0	0	0	0	0	0	0	0	0	0	0	0	0	0	0	0	0	0	0	0	0	
N120	3.5614e-23	1.68917e-21	1.12969e-19	6.77041e-18	3.47967e-16	1.51679e-14	5.56341e-13	1.70336e-11	4.31608e-10	8.96698e-09	1.51216e-07	2.0474e-06	2.1997e-05	0.000185199	0.00120601	0.0059948	0.0224622	0.0627589	0.129703	0.197345	0.220626	0.18119	0.109373	0.0485778	0.0159041	0.00385148	0.00069415	9.39793e-05	9.67305e-06	7.6722e-07	4.75532e-08	2.33508e-09	9.20312e-11	2.94669e-12	7.7507e-14	1.69222e-15	3.103e-17	4.99698e-19	1.21403e-20	
POCUCU_Gymnetron_tetrum	0	0	0	0	0	0	0	0	0	0	0	0	0	0	0	0	0	0	0	0	0	0	0	0	0	1	0	0	0	0	0	0	0	0	0	0	0	0	0	
POCUCE_Phytobius_sp	0	0	0	0	0	0	0	0	0	0	0	0	0	0	0	0	0	1	0	0	0	0	0	0	0	0	0	0	0	0	0	0	0	0	0	0	0	0	0	
N121	2.43128e-09	8.85553e-09	5.1225e-08	3.11037e-07	1.75132e-06	8.84906e-06	3.97417e-05	0.000158055	0.000555482	0.00172248	0.00470639	0.0113183	0.0239338	0.044466	0.072535	0.103839	0.130416	0.143679	0.138854	0.117735	0.0876167	0.0572558	0.0328767	0.0166012	0.00737879	0.00288996	0.000998596	0.000304845	8.23458e-05	1.97183e-05	4.19491e-06	7.95108e-07	1.34785e-07	2.05472e-08	2.83996e-09	3.60407e-10	4.29496e-11	5.16875e-12	9.57521e-13	
POCUMO_Pachylobius_picivorus	0	0	0	0	0	0	0	0	0	0	0	0	0	0	0	0	0	0	0	0	0	0	0	0	0	0	0	0	0	1	0	0	0	0	0	0	0	0	0	
N122	5.54231e-08	1.84551e-07	9.39372e-07	4.97409e-06	2.43072e-05	0.000105852	0.000405998	0.00136466	0.00400798	0.0102637	0.0228771	0.0443195	0.0745369	0.108726	0.137469	0.150603	0.142953	0.117593	0.0838737	0.0519113	0.0279089	0.0130504	0.00531558	0.00188909	0.000586855	0.000159677	3.81329e-05	8.01033e-06	1.48345e-06	2.42758e-07	3.51859e-08	4.52784e-09	5.18543e-10	5.29835e-11	4.84466e-12	3.98668e-13	3.01449e-14	2.33804e-15	3.28901e-16	
N123	9.17992e-18	3.03921e-16	1.30587e-14	5.12131e-13	1.7315e-11	4.91692e-10	1.15302e-08	2.20014e-07	3.36423e-06	4.05267e-05	0.000377178	0.00265175	0.0137245	0.050797	0.13034	0.225053	0.255752	0.189811	0.0927252	0.0304891	0.00695238	0.00113421	0.000136291	1.23793e-05	8.69309e-07	4.81254e-08	2.13614e-09	7.71462e-11	2.29612e-12	5.69601e-14	1.18953e-15	2.10993e-17	3.20421e-19	4.19643e-21	4.77242e-23	4.75011e-25	4.20071e-27	3.48424e-29	4.05675e-31	
POCUDR_Sitophilus_granarius	0	0	0	0	0	0	0	0	0	0	0	0	0	0	0	0	0	1	0	0	0	0	0	0	0	0	0	0	0	0	0	0	0	0	0	0	0	0	0	
POCUDR_Sitophilus_zeamais	0	0	0	0	0	0	0	0	0	0	0	0	0	0	0	1	0	0	0	0	0	0	0	0	0	0	0	0	0	0	0	0	0	0	0	0	0	0	0	
POCUDR_Sitophilus_oryzae	0	0	0	0	0	0	0	0	0	0	0	1	0	0	0	0	0	0	0	0	0	0	0	0	0	0	0	0	0	0	0	0	0	0	0	0	0	0	0	
POCUEN_Otiorhynchus_armadillo	0	0	0	0	0	0	0	0	0	0	0	0	0	0	0	1	0	0	0	0	0	0	0	0	0	0	0	0	0	0	0	0	0	0	0	0	0	0	0	
N124	4.60533e-06	9.46322e-06	2.71645e-05	8.58011e-05	0.000266427	0.000775101	0.00206808	0.00500948	0.010959	0.0215902	0.0382397	0.0608248	0.0868247	0.11117	0.127636	0.131371	0.121208	0.100245	0.074325	0.0494112	0.0294614	0.0157606	0.00756789	0.00326351	0.00126462	0.00044065	0.000138167	3.90157e-05	9.9307e-06	2.28054e-06	4.73012e-07	8.87218e-08	1.50746e-08	2.32652e-09	3.27931e-10	4.27641e-11	5.34877e-12	7.25454e-13	1.69617e-13	
N125	7.56682e-06	1.51112e-05	4.13841e-05	0.000124168	0.000366852	0.00101824	0.00259928	0.00604142	0.0127212	0.0242023	0.0415381	0.06425	0.0895063	0.112251	0.126693	0.128664	0.117562	0.0966464	0.0714924	0.0475962	0.0285264	0.0153971	0.00748767	0.00328244	0.00129792	0.000463231	0.000149335	4.35203e-05	1.14752e-05	2.74016e-06	5.93162e-07	1.16534e-07	2.0809e-08	3.38516e-09	5.0416e-10	6.96463e-11	9.28825e-12	1.36533e-12	3.44765e-13	
N126	5.37441e-07	1.44864e-06	5.72598e-06	2.39841e-05	9.48704e-05	0.000340881	0.0010961	0.003132	0.00792062	0.0176783	0.0347475	0.0600394	0.091065	0.121108	0.141105	0.14396	0.128586	0.100571	0.0689112	0.0413998	0.0218311	0.0101185	0.00412874	0.0014858	0.0004725	0.000133062	3.32559e-05	7.3933e-06	1.46544e-06	2.59585e-07	4.11902e-08	5.86874e-09	7.52641e-10	8.7116e-11	9.13525e-12	8.74977e-13	7.86459e-14	7.45691e-15	1.26484e-15	
POCUEN_Strophosoma_melanogrammum	0	0	0	0	0	0	0	0	0	0	0	0	0	0	0	1	0	0	0	0	0	0	0	0	0	0	0	0	0	0	0	0	0	0	0	0	0	0	0	
POCUEN_Strophosoma_capitatum	0	0	0	0	0	0	0	0	0	0	0	0	0	0	0	1	0	0	0	0	0	0	0	0	0	0	0	0	0	0	0	0	0	0	0	0	0	0	0	
POCUEN_Brachyderes_incanus	0	0	0	0	0	0	0	0	0	0	0	0	0	0	0	1	0	0	0	0	0	0	0	0	0	0	0	0	0	0	0	0	0	0	0	0	0	0	0	
POCUEN_Chlorophanus_sp	0	0	0	0	0	0	0	0	0	0	0	0	0	0	0	0	1	0	0	0	0	0	0	0	0	0	0	0	0	0	0	0	0	0	0	0	0	0	0	
