NODE	13	14	15	16	17	18	
N1	0.000380775	0.995356	0.00426362	6.62804e-08	1.28461e-13	3.13948e-20	
N2	6.37844e-05	0.989523	0.0104134	1.48537e-07	3.27663e-13	1.61821e-19	
N3	0.000934164	0.935575	0.0634687	2.21395e-05	1.73605e-09	2.53937e-14	
POTEPI_Stenosis_sp	0	1	0	0	0	0	
N4	0.000412147	0.363115	0.635477	0.000996299	2.0905e-07	1.56444e-11	
POTEPI_Zophosis_sp	0	0	1	0	0	0	
N5	0.000112164	0.237618	0.760021	0.00224812	2.79634e-07	8.94887e-12	
N6	7.08366e-05	0.224049	0.775022	0.000857807	4.16383e-08	4.87544e-13	
N7	0.000217802	0.23622	0.763055	0.000507865	5.65106e-08	2.31211e-12	
POTETE_Hegeter_politus	0	1	0	0	0	0	
N8	1.74508e-05	0.0429294	0.956277	0.000775819	8.56265e-08	3.1448e-12	
POTETE_Hegeter_grancanariensis	0	0	1	0	0	0	
POTETE_Hegeter_costipennis	0	0	1	0	0	0	
N9	0.00010215	0.221517	0.775309	0.00307139	2.54705e-07	6.00099e-12	
N10	2.05679e-05	0.0594256	0.867223	0.0733082	2.21377e-05	1.39857e-09	
POTETE_Hegeter_amaroides	0	0	0	1	0	0	
N11	6.30849e-06	0.0525804	0.877474	0.0699314	7.61343e-06	1.62997e-10	
N12	8.35827e-06	0.122104	0.874884	0.00300359	6.61291e-08	4.16714e-13	
POTETE_Hegeter_tenuipunctatus	0	0	1	0	0	0	
N13	5.71805e-05	0.972069	0.0278714	1.96277e-06	1.29625e-11	3.23316e-17	
POTETE_Hegeter_lateralis	0	1	0	0	0	0	
POTETE_Hegeter_brevicollis	0	1	0	0	0	0	
POTETE_Hegeter_transversus	0	0	0	1	0	0	
POTETE_Hegeter_fernandezi	0	1	0	0	0	0	
N14	6.51409e-05	0.048643	0.871795	0.0793992	9.75939e-05	3.39374e-08	
POTEPI_Tentyria_schaumi	0	0	0	1	0	0	
POTEPI_Tentyria_rotundata	0	0	1	0	0	0	
N15	5.40218e-05	0.988967	0.0109788	3.29052e-07	1.64537e-12	2.16441e-18	
N16	8.28333e-05	0.995068	0.00484922	8.53882e-08	2.63666e-13	3.02696e-19	
N17	0.000522034	0.983451	0.0160247	2.47499e-06	6.95707e-11	7.24753e-16	
N18	0.00266637	0.964437	0.0328819	1.42827e-05	1.10356e-09	3.23274e-14	
POTETE_Blaps_sp	0	1	0	0	0	0	
N19	0.00283919	0.953802	0.0433303	2.8222e-05	3.56676e-09	1.80656e-13	
POTETE_Tribolium_brevicornis	0	1	0	0	0	0	
N20	7.01112e-07	0.00571032	0.994131	0.00015793	4.21276e-09	4.1212e-14	
POTETE_Tenebrio_molitor	0	0	1	0	0	0	
POTETE_Phaleria_sp	0	0	1	0	0	0	
N21	0.000235686	0.918523	0.0812187	2.21945e-05	3.49182e-10	1.73704e-15	
N22	0.000128674	0.48852	0.509605	0.00174642	1.51265e-07	1.59174e-12	
POTETE_Palorus_sp	0	0	1	0	0	0	
N23	0.000212404	0.370433	0.618973	0.0103767	4.55613e-06	5.81091e-10	
POTEPI_Erodius_orientalis	0	0	1	0	0	0	
POTEDI_Gnathocerus_cornutus	0	0	0	1	0	0	
N24	0.00259777	0.958759	0.0386265	1.69447e-05	1.62097e-09	6.4548e-14	
POTETE_Tribolium_destructor	0	1	0	0	0	0	
N25	0.00680147	0.979565	0.0136209	1.25889e-05	2.88373e-09	2.95842e-13	
POTETE_Tribolium_anaphe	0	1	0	0	0	0	
POTETE_Tribolium_confusum	0	1	0	0	0	0	
N26	0.000732849	0.998487	0.000780054	2.52383e-08	1.58432e-13	3.19688e-19	
N27	0.00314635	0.994032	0.00282031	9.60314e-07	9.19676e-11	4.3084e-15	
N28	0.0015159	0.986732	0.0117499	2.12393e-06	8.3262e-11	1.27673e-15	
N29	0.00149411	0.961132	0.0373592	1.44386e-05	1.22014e-09	4.38964e-14	
POTETE_Tribolium_audax	0	0	1	0	0	0	
POTETE_Tribolium_madens	0	1	0	0	0	0	
N30	0.00285619	0.99345	0.00369305	1.21887e-06	1.0465e-10	3.90239e-15	
POTETE_Tribolium_castaneum	0	1	0	0	0	0	
POTETE_Tribolium_freemani	0	1	0	0	0	0	
POTETE_Latheticus_oryzae	0	1	0	0	0	0	
N31	0.00296014	0.995461	0.00157827	2.19663e-07	7.52378e-12	6.94098e-17	
N32	0.00654686	0.989515	0.00393648	2.03297e-06	3.13836e-10	1.76042e-14	
POTETE_Opatroides_sp	0	1	0	0	0	0	
POTETE_Gonocephalum_sp	0	1	0	0	0	0	
POTETE_Probaticus_sp	0	1	0	0	0	0	
N33	7.31911e-05	0.151259	0.847655	0.00101259	1.01168e-07	3.26197e-12	
N34	2.3295e-06	0.123435	0.87532	0.00124326	3.57821e-09	2.22607e-15	
N35	4.89679e-07	0.0415592	0.949863	0.00857762	7.6621e-08	1.37425e-13	
N36	3.39208e-06	0.0155769	0.975961	0.00845798	1.17338e-06	3.48914e-11	
N37	2.30712e-06	0.00488522	0.93333	0.0617478	3.4697e-05	5.07641e-09	
POTEPI_Pimelia_maura	0	0	1	0	0	0	
POTEPI_Pimelia_rugosa	0	0	0	1	0	0	
N38	3.62582e-06	0.0198157	0.979671	0.0005099	2.82819e-08	4.80993e-13	
N39	3.22634e-06	0.0310865	0.968786	0.000124235	2.25099e-09	1.34592e-14	
POTEPI_Pimelia_atlantis_frigioides	0	1	0	0	0	0	
N40	4.08497e-07	0.00412494	0.995621	0.000253367	8.17258e-09	8.33576e-14	
POTEPI_Pimelia_atlantis_atlantis	0	0	1	0	0	0	
POTEPI_Pimelia_mauritanica	0	0	1	0	0	0	
POTEPI_Pimelia_boyeri	0	0	1	0	0	0	
N41	6.70418e-08	0.000842511	0.232938	0.766108	0.000111149	2.8903e-09	
N42	1.3901e-08	0.000203012	0.14641	0.853257	0.000129987	2.80016e-09	
N43	2.31646e-07	0.00296644	0.189383	0.807569	8.13481e-05	1.69715e-09	
POTEPI_Pimelia_radula	0	1	0	0	0	0	
N44	4.83962e-11	4.10522e-06	0.0100299	0.989908	5.7595e-05	4.72731e-10	
N45	6.17795e-14	1.25987e-08	0.000530794	0.999426	4.31272e-05	2.44943e-10	
POTEPI_Pimelia_sparsa_serrimargo	0	0	0	1	0	0	
POTEPI_Pimelia_sparsa_albohumeralis	0	0	0	1	0	0	
N46	1.14408e-14	3.3188e-09	0.000245842	0.999725	2.90594e-05	1.10413e-10	
POTEPI_Pimelia_sparsa_sparsa	0	0	0	1	0	0	
POTEPI_Pimelia_lutaria	0	0	0	1	0	0	
N47	1.22325e-09	2.09039e-05	0.0548242	0.944792	0.000363099	1.94631e-08	
N48	1.76343e-13	2.75896e-07	0.0456174	0.954378	4.04219e-06	3.19418e-12	
POTEPI_Pimelia_estevezi	0	0	1	0	0	0	
N49	5.52411e-15	1.81967e-08	0.0126472	0.987351	2.20942e-06	6.20109e-13	
POTEPI_Pimelia_granulicollis	0	0	0	1	0	0	
POTEPI_Pimelia_fernandezlopezi	0	0	0	1	0	0	
N50	5.91417e-14	1.27206e-08	0.000691248	0.997745	0.00156368	1.82771e-08	
N51	1.61653e-15	5.96209e-10	7.13147e-05	0.981544	0.0183841	2.02699e-07	
POTEPI_Pimelia_ascendens	0	0	0	1	0	0	
POTEPI_Pimelia_canariensis	0	0	0	0	1	0	
N52	1.58619e-16	1.43873e-10	3.69781e-05	0.999928	3.54697e-05	1.02091e-10	
N53	9.08263e-18	1.82678e-11	1.21902e-05	0.99998	7.71688e-06	7.51587e-12	
POTEPI_Pimelia_laevigata_validipes	0	0	0	1	0	0	
POTEPI_Pimelia_laevigata_laevigata	0	0	0	1	0	0	
POTEPI_Pimelia_laevigata_costipennis	0	0	0	1	0	0	
N54	1.67174e-08	7.82948e-05	0.0676232	0.930895	0.00140308	3.38117e-07	
POTEPI_Pimelia_monticola	0	0	0	1	0	0	
POTEPI_Pimelia_scabrosa	0	0	0	1	0	0	
N55	0.00014186	0.311276	0.688357	0.000224907	1.02393e-08	1.54135e-13	
N56	0.0017476	0.941515	0.0567111	2.59168e-05	2.65199e-09	1.17078e-13	
POTEPI_Pimelia_variolosa	0	1	0	0	0	0	
POTEPI_Pimelia_baetica	0	1	0	0	0	0	
N57	0.000294413	0.315144	0.684152	0.000410099	4.17888e-08	1.57677e-12	
POTEPI_Pimelia_integra	0	1	0	0	0	0	
N58	2.54663e-06	0.0152205	0.984454	0.000323124	1.48806e-08	2.25923e-13	
POTEPI_Pimelia_costata	0	0	1	0	0	0	
N59	7.43465e-09	0.000490784	0.99947	3.95512e-05	1.9493e-10	2.98938e-16	
N60	4.35021e-10	7.11332e-05	0.999908	2.0428e-05	5.18913e-11	4.06994e-17	
POTEPI_Pimelia_interjecta	0	0	1	0	0	0	
POTEPI_Pimelia_criba	0	0	1	0	0	0	
POTEPI_Pimelia_elevata	0	0	1	0	0	0	
POTEPI_Pimelia_echidna	0	0	1	0	0	0	
N61	0.00332352	0.99449	0.00218579	6.40185e-07	5.58992e-11	2.71647e-15	
POTEDI_Diaperis_boleti	0	1	0	0	0	0	
N62	0.000386686	0.999406	0.000207353	5.04194e-09	3.40893e-14	1.25303e-19	
POTETE_Uloma_sp	0	1	0	0	0	0	
POTEAL_Alleculinae_sp	0	1	0	0	0	0	
