NODE	7	8	9	10	11	12	13	14	15	16	17	18	19	20	21	22	23	24	25	26	27	28	29	30	31	32	33	34	35	
N1	0.138092	0.139093	0.139443	0.136226	0.126446	0.108761	0.0848014	0.058858	0.0358463	0.0189459	0.00861786	0.00335304	0.00111108	0.000312654	7.45827e-05	1.50707e-05	2.57959e-06	3.74261e-07	4.60813e-08	4.82314e-09	4.30058e-10	3.27582e-11	2.13965e-12	1.12833e-16	2.49943e-17	5.21715e-18	1.04601e-18	2.10388e-19	5.2668e-20	
N2	0.134178	0.128048	0.121549	0.113975	0.104672	0.0933348	0.0801712	0.065896	0.0515484	0.0382137	0.0267548	0.0176443	0.0109374	0.00636238	0.00346859	0.00177042	0.000845379	0.000377426	0.000157486	6.1402e-05	2.23684e-05	7.61564e-06	2.42534e-06	7.24198e-07	2.04055e-07	5.52239e-08	1.50692e-08	4.70086e-09	2.1847e-09	
N3	0.0805391	0.0809323	0.0845671	0.0900237	0.0953733	0.098441	0.0973374	0.0910734	0.0799447	0.0654551	0.0497904	0.0350948	0.02288	0.0137801	0.00766099	0.00392938	0.00185887	0.000810991	0.000326342	0.00012116	4.15284e-05	1.31556e-05	3.85921e-06	1.05211e-06	2.68409e-07	6.50257e-08	1.55016e-08	4.02277e-09	1.53005e-09	
POCUBR_Notaris_sp	0	0	0	0	0	0	0	0	0	0	0	0	1	0	0	0	0	0	0	0	0	0	0	0	0	0	0	0	0	
N4	0.0700783	0.0727808	0.080127	0.0900346	0.0997076	0.106028	0.106342	0.0993779	0.0858068	0.068051	0.0493625	0.0326512	0.0196522	0.0107469	0.00533432	0.00240178	0.000980636	0.000363055	0.000121894	3.71258e-05	1.02626e-05	2.57642e-06	5.88007e-07	1.22204e-07	2.32141e-08	4.07487e-09	6.85687e-10	1.25854e-10	3.74858e-11	
N5	0.0205658	0.024393	0.0331192	0.0468992	0.0650954	0.0855309	0.104356	0.116921	0.119471	0.11084	0.0930885	0.0706269	0.0483402	0.0298204	0.0165711	0.00829326	0.00373809	0.00151788	0.000555496	0.000183339	5.46127e-05	1.46961e-05	3.57673e-06	7.88648e-07	1.58098e-07	2.91144e-08	5.10871e-09	9.74556e-10	3.01058e-10	
N6	2.04668e-09	2.185e-08	2.90798e-07	3.33224e-06	3.1703e-05	0.000246011	0.0015281	0.00744097	0.027759	0.0773938	0.157187	0.227017	0.228849	0.159785	0.077762	0.0268343	0.00671604	0.0012486	0.000176436	1.93526e-05	1.67893e-06	1.1714e-07	6.67062e-09	3.14205e-10	1.24e-11	4.16122e-13	1.21672e-14	3.30141e-16	1.24329e-17	
POCUDR_Sphenophorus_sp	0	0	0	0	0	0	0	0	0	0	0	0	1	0	0	0	0	0	0	0	0	0	0	0	0	0	0	0	0	
POCUDR_Metamasius_hemipterus	0	0	0	0	0	0	0	0	0	0	0	0	1	0	0	0	0	0	0	0	0	0	0	0	0	0	0	0	0	
POCUDR_Diocalandra_sp	0	0	0	0	0	0	0	1	0	0	0	0	0	0	0	0	0	0	0	0	0	0	0	0	0	0	0	0	0	
N7	0.115658	0.114108	0.114847	0.115476	0.113301	0.106215	0.0935734	0.0765446	0.0576606	0.0397784	0.0250413	0.0143524	0.00747916	0.00354099	0.00152269	0.000594742	0.000211051	6.8075e-05	1.99705e-05	5.33212e-06	1.29681e-06	2.87553e-07	5.81948e-08	1.07648e-08	1.82528e-09	2.86155e-10	4.28568e-11	6.97193e-12	1.8875e-12	
POCUDR_Rhynchophorus_ferrugineus	0	0	0	0	0	0	1	0	0	0	0	0	0	0	0	0	0	0	0	0	0	0	0	0	0	0	0	0	0	
POCUDR_Cosmopolites_sordidus	0	1	0	0	0	0	0	0	0	0	0	0	0	0	0	0	0	0	0	0	0	0	0	0	0	0	0	0	0	
N8	0.167957	0.15917	0.148243	0.13372	0.114973	0.0928965	0.069744	0.0482492	0.0305747	0.0176737	0.00929348	0.00443756	0.0019221	0.000754876	0.000268801	8.68123e-05	2.54443e-05	6.77353e-06	1.63947e-06	3.61231e-07	7.25598e-08	1.33114e-08	2.23573e-09	3.45039e-10	4.92272e-11	6.56761e-12	8.41001e-13	1.12524e-13	2.31242e-14	
N9	0.119321	0.127442	0.140696	0.147851	0.140921	0.119115	0.0883989	0.0573309	0.0324177	0.0159642	0.00684457	0.00255566	0.000831695	0.000236189	5.86247e-05	1.27424e-05	2.43053e-06	4.07792e-07	6.03302e-08	7.89039e-09	9.14676e-10	9.42309e-11	8.65043e-12	7.09554e-13	5.21618e-14	3.45316e-15	2.09078e-16	1.26129e-17	1.28024e-18	
POCUBR_Echinocnemus_sp	0	1	0	0	0	0	0	0	0	0	0	0	0	0	0	0	0	0	0	0	0	0	0	0	0	0	0	0	0	
POCUER_Tanysphyrus_lemnae	0	0	0	0	0	0	0	0	1	0	0	0	0	0	0	0	0	0	0	0	0	0	0	0	0	0	0	0	0	
POCUER_Procas_sp	0	0	0	1	0	0	0	0	0	0	0	0	0	0	0	0	0	0	0	0	0	0	0	0	0	0	0	0	0	
N10	0.13834	0.136352	0.136344	0.134433	0.126553	0.11038	0.0869806	0.0607087	0.0369666	0.0194183	0.00872733	0.00333619	0.00108027	0.000295483	6.81622e-05	1.32503e-05	2.17046e-06	2.99734e-07	3.49308e-08	3.44006e-09	2.86778e-10	2.02762e-11	1.21834e-12	6.23292e-14	2.71868e-15	1.01206e-16	3.22856e-18	9.24985e-20	4.05039e-21	
N11	0.130392	0.128301	0.128323	0.127448	0.122233	0.110173	0.0911736	0.0680031	0.0450775	0.0262839	0.0133815	0.00591763	0.00226511	0.000748773	0.000213487	5.24725e-05	1.1119e-05	2.03247e-06	3.20791e-07	4.37739e-08	5.17221e-09	5.30124e-10	4.72278e-11	3.66575e-12	2.48691e-13	1.48384e-14	7.94161e-16	4.16093e-17	3.4323e-18	
N12	0.107287	0.106895	0.109394	0.112183	0.112364	0.107582	0.0968586	0.0810168	0.0624005	0.0439647	0.0281942	0.0163953	0.00862084	0.00409014	0.00174837	0.000672667	0.000232806	7.24659e-05	2.02904e-05	5.11318e-06	1.16076e-06	2.37737e-07	4.40335e-08	7.4046e-09	1.13824e-09	1.62049e-10	2.19984e-11	3.11452e-12	6.72808e-13	
N13	0.0892078	0.0910287	0.0969289	0.104036	0.109062	0.10912	0.102595	0.0896927	0.0723702	0.0535964	0.0362777	0.022368	0.0125304	0.00636451	0.00292662	0.00121701	0.000457339	0.00015526	4.76186e-05	1.32003e-05	3.3105e-06	7.52324e-07	1.55323e-07	2.92509e-08	5.05695e-09	8.11234e-10	1.23521e-10	1.928e-11	4.44298e-12	
N14	0.00599971	0.00702615	0.00959849	0.014235	0.0215673	0.032074	0.045735	0.061709	0.078198	0.0926584	0.102388	0.10533	0.100764	0.0895758	0.0739644	0.0567172	0.0403907	0.0267201	0.0164296	0.00939811	0.00500808	0.00249115	0.00116022	0.000508334	0.000211247	8.46251e-05	3.38963e-05	1.48159e-05	8.50946e-06	
POCUTY_Tychius_sp	0	0	0	0	0	0	0	0	0	0	0	0	0	0	0	0	0	0	0	0	1	0	0	0	0	0	0	0	0	
N15	0.00549995	0.00630464	0.00837279	0.0121732	0.0183507	0.0275297	0.0399946	0.0553121	0.0720637	0.0878887	0.0999512	0.105743	0.103919	0.0947828	0.080194	0.0629256	0.0457905	0.030907	0.0193571	0.0112568	0.00608502	0.00306328	0.00144077	0.000636897	0.000267657	0.000109424	4.56215e-05	2.13106e-05	1.30856e-05	
POCUBA_Metialma_sp	0	0	0	0	0	0	0	0	0	0	0	0	0	0	0	1	0	0	0	0	0	0	0	0	0	0	0	0	0	
POCUSC_Scolytus_sp	0	0	0	0	0	0	0	0	0	1	0	0	0	0	0	0	0	0	0	0	0	0	0	0	0	0	0	0	0	
N16	0.115016	0.112997	0.112866	0.112491	0.109656	0.102754	0.0913228	0.0762121	0.0592807	0.0427401	0.0284416	0.0174122	0.00978221	0.00503331	0.00236841	0.00101804	0.000399429	0.000142977	4.6682e-05	1.39028e-05	3.77803e-06	9.37464e-07	2.12697e-07	4.4243e-08	8.48603e-09	1.52194e-09	2.65197e-10	5.05223e-11	1.51923e-11	
N17	0.125975	0.121506	0.117618	0.113095	0.106665	0.0974343	0.0852313	0.0707324	0.0552785	0.0404523	0.0276002	0.0175011	0.0102888	0.00559811	0.00281542	0.00130762	0.000560542	0.000221712	8.09122e-05	2.72523e-05	8.47707e-06	2.43826e-06	6.49889e-07	1.61116e-07	3.73998e-08	8.23625e-09	1.77492e-09	4.10948e-10	1.39895e-10	
POCUCE_Zacladus_geranii	0	0	0	0	0	0	0	0	0	0	1	0	0	0	0	0	0	0	0	0	0	0	0	0	0	0	0	0	0	
N18	0.155312	0.146029	0.134717	0.121406	0.106292	0.0898759	0.0729762	0.0566071	0.0417614	0.0291928	0.0192773	0.0119954	0.00701984	0.00385751	0.00198805	0.000960026	0.000434085	0.000183692	7.27277e-05	2.69368e-05	9.33391e-06	3.02713e-06	9.19832e-07	2.62568e-07	7.08819e-08	1.84166e-08	4.82579e-09	1.43984e-09	6.41657e-10	
POCUCE_Nedyus_quadrimaculatus	0	1	0	0	0	0	0	0	0	0	0	0	0	0	0	0	0	0	0	0	0	0	0	0	0	0	0	0	0	
POCUCE_Rhinoncus_sp	0	0	0	0	1	0	0	0	0	0	0	0	0	0	0	0	0	0	0	0	0	0	0	0	0	0	0	0	0	
N19	0.149402	0.141447	0.132141	0.12099	0.107685	0.0923989	0.0758662	0.0592394	0.0437743	0.0304949	0.0199708	0.0122686	0.0070591	0.00379986	0.00191209	0.000898973	0.00039477	0.000161898	6.20074e-05	2.21823e-05	7.41418e-06	2.31658e-06	6.77374e-07	1.85807e-07	4.81081e-08	1.19544e-08	2.98619e-09	8.49887e-10	3.66651e-10	
POCUMO_Acalles_camelus	0	0	0	0	0	0	0	1	0	0	0	0	0	0	0	0	0	0	0	0	0	0	0	0	0	0	0	0	0	
POCUMO_Acalles_echinatus	0	1	0	0	0	0	0	0	0	0	0	0	0	0	0	0	0	0	0	0	0	0	0	0	0	0	0	0	0	
N20	0.105918	0.10296	0.101275	0.0998317	0.0974708	0.0931735	0.0863208	0.0768668	0.0653618	0.0528056	0.0403766	0.0291338	0.0197931	0.01264	0.007578	0.00426127	0.00224604	0.00110919	0.000513097	0.000222317	9.02389e-05	3.43308e-05	1.22575e-05	4.12015e-06	1.3143e-06	4.06123e-07	1.2801e-07	4.6401e-08	2.41733e-08	
POCUMO_Ruteria_hypocrita	0	0	0	0	0	1	0	0	0	0	0	0	0	0	0	0	0	0	0	0	0	0	0	0	0	0	0	0	0	
N21	0.00337215	0.00692886	0.0160506	0.0339348	0.0628789	0.100594	0.137661	0.16014	0.157697	0.131096	0.0918423	0.054169	0.0268887	0.0112371	0.00395821	0.00117752	0.000296687	6.35459e-05	1.16203e-05	1.82305e-06	2.46656e-07	2.89396e-08	2.96186e-09	2.66204e-10	2.11926e-11	1.51429e-12	9.9559e-14	6.4482e-15	6.08661e-16	
POCUCU_Cionus_sp	0	0	0	0	0	0	0	0	0	0	0	0	0	0	1	0	0	0	0	0	0	0	0	0	0	0	0	0	0	
POCUMO_Adexius_scrobipennis	0	0	1	0	0	0	0	0	0	0	0	0	0	0	0	0	0	0	0	0	0	0	0	0	0	0	0	0	0	
N22	0.126139	0.123757	0.123225	0.12199	0.117264	0.107045	0.0910908	0.0712217	0.0506128	0.0324301	0.0186277	0.00955221	0.00436059	0.00176877	0.000636808	0.000203396	5.76338e-05	1.44939e-05	3.23727e-06	6.42828e-07	1.13624e-07	1.79046e-08	2.52004e-09	3.17681e-10	3.60454e-11	3.72207e-12	3.60389e-13	3.59427e-14	5.43822e-15	
N23	0.0916661	0.0938555	0.100283	0.107625	0.11222	0.111074	0.102808	0.0881178	0.0694764	0.0501503	0.0330242	0.0197855	0.010763	0.00530816	0.00237094	0.000958451	0.000350551	0.000115999	3.47381e-05	9.42024e-06	2.31552e-06	5.16675e-07	1.049e-07	1.94496e-08	3.3134e-09	5.24317e-10	7.89498e-11	1.22873e-11	2.88374e-12	
N24	0.0373278	0.0435192	0.0565996	0.0747829	0.0949578	0.1126	0.122677	0.121481	0.108452	0.0867278	0.0618046	0.0390866	0.0218656	0.0107927	0.00469158	0.00179373	0.000602665	0.000177867	4.61091e-05	1.0502e-05	2.10283e-06	3.70492e-07	5.75116e-08	7.88042e-09	9.56202e-10	1.03529e-10	1.02742e-11	1.05445e-12	1.8724e-13	
N25	0.0471804	0.0521859	0.063268	0.0785926	0.0952619	0.10935	0.116689	0.114311	0.101859	0.0819793	0.0592673	0.0383253	0.0220951	0.0113289	0.00515688	0.0020815	0.000744467	0.000235864	6.62002e-05	1.64675e-05	3.6335e-06	7.12071e-07	1.24199e-07	1.93473e-08	2.70955e-09	3.46176e-10	4.18782e-11	5.34361e-12	1.05652e-12	
N26	0.0685764	0.0700285	0.0752784	0.0830127	0.0913514	0.0979549	0.100463	0.097196	0.0878164	0.0735558	0.0568185	0.0403236	0.0262223	0.0155964	0.00847399	0.00420275	0.00190192	0.000785291	0.000295882	0.000101774	3.19814e-05	9.19147e-06	2.42054e-06	5.86063e-07	1.31338e-07	2.76466e-08	5.6683e-09	1.25543e-09	4.15386e-10	
N27	0.0761619	0.0768386	0.0808462	0.0867996	0.0928308	0.0968196	0.0968686	0.0918749	0.0819268	0.0683008	0.0530313	0.0382482	0.025579	0.0158424	0.00907945	0.00481254	0.00235847	0.0010685	0.000447529	0.000173322	6.20924e-05	2.05911e-05	6.3292e-06	1.80819e-06	4.83225e-07	1.22781e-07	3.09968e-08	8.77343e-09	3.72236e-09	
POCUSC_Ips_latidens	0	0	0	0	0	0	0	0	0	0	0	1	0	0	0	0	0	0	0	0	0	0	0	0	0	0	0	0	0	
POCUSC_Ips_spinifer	0	0	1	0	0	0	0	0	0	0	0	0	0	0	0	0	0	0	0	0	0	0	0	0	0	0	0	0	0	
POCUSC_Orthotomicus_laricis	0	0	0	0	0	0	0	0	1	0	0	0	0	0	0	0	0	0	0	0	0	0	0	0	0	0	0	0	0	
N28	0.0642547	0.0665857	0.0731834	0.0824207	0.0920753	0.0995413	0.102359	0.0989412	0.0891654	0.0744845	0.0574351	0.040759	0.0265621	0.0158721	0.00868743	0.00435284	0.001996	0.000837676	0.000321859	0.000113298	3.65782e-05	1.08505e-05	2.96621e-06	7.51198e-07	1.77934e-07	4.01275e-08	8.912e-09	2.09735e-09	6.75037e-10	
POCUSC_Orthotomicus_erosus	0	0	0	0	0	0	0	0	0	0	1	0	0	0	0	0	0	0	0	0	0	0	0	0	0	0	0	0	0	
POCUSC_Pityogenes_chalcographus	0	0	0	0	1	0	0	0	0	0	0	0	0	0	0	0	0	0	0	0	0	0	0	0	0	0	0	0	0	
N29	0.00560172	0.00770189	0.0129883	0.023131	0.0400166	0.0643597	0.0938419	0.122115	0.140349	0.141446	0.124372	0.0950719	0.0630257	0.0361769	0.0179645	0.00771515	0.00286632	0.000921843	0.000256943	6.21649e-05	1.30821e-05	2.40096e-06	3.85658e-07	5.44855e-08	6.8216e-09	7.66426e-10	7.92026e-11	8.10073e-12	1.21198e-12	
N30	0.0089251	0.0116303	0.0184306	0.0312232	0.0518183	0.0799684	0.111229	0.136774	0.146872	0.136626	0.109515	0.0753744	0.0444427	0.0224193	0.00966995	0.00356608	0.00112491	0.000303795	7.03242e-05	1.3975e-05	2.38838e-06	3.51772e-07	4.47552e-08	4.93196e-09	4.72363e-10	3.95547e-11	2.951e-12	2.15644e-13	2.6023e-14	
N31	0.01395	0.0166426	0.0234455	0.0358097	0.0548791	0.0798722	0.106647	0.127964	0.136305	0.12796	0.105413	0.0760086	0.0479037	0.0263719	0.0126809	0.00532783	0.00195725	0.0006293	0.000177298	4.38316e-05	9.52307e-06	1.82139e-06	3.07232e-07	4.58023e-08	6.05311e-09	7.13974e-10	7.69983e-11	8.46537e-12	1.53533e-12	
N32	0.0140998	0.0170571	0.0245281	0.0381944	0.0593361	0.0868402	0.115472	0.136468	0.14146	0.127601	0.099691	0.0672828	0.0391777	0.0196743	0.00852327	0.0031878	0.0010305	0.000288336	6.99467e-05	1.47387e-05	2.70301e-06	4.32391e-07	6.04734e-08	7.41476e-09	8.00128e-10	7.65951e-11	6.66207e-12	5.79193e-13	7.97455e-14	
N33	0.0135617	0.0167248	0.0247834	0.0397586	0.0631239	0.0933208	0.123775	0.144101	0.145393	0.126186	0.0937991	0.0595776	0.0322997	0.014944	0.00590325	0.00199292	0.000575771	0.00014259	3.03272e-05	5.55134e-06	8.76536e-07	1.19673e-07	1.41639e-08	1.45731e-09	1.30808e-10	1.03087e-11	7.27218e-13	5.01689e-14	5.57205e-15	
POCUSC_Ips_montanus	0	0	0	0	0	0	0	0	1	0	0	0	0	0	0	0	0	0	0	0	0	0	0	0	0	0	0	0	0	
N34	0.0139847	0.0181489	0.0284581	0.0469939	0.074408	0.107122	0.136181	0.150349	0.142742	0.115847	0.0800916	0.0470831	0.0235195	0.00998525	0.00360604	0.00110926	0.000291167	6.53526e-05	1.25725e-05	2.0784e-06	2.9605e-07	3.64389e-08	3.88701e-09	3.60473e-10	2.91694e-11	2.0719e-12	1.31441e-13	8.09609e-15	8.03124e-16	
POCUSC_Ips_paraconfusus	0	0	0	0	0	0	0	0	0	0	0	1	0	0	0	0	0	0	0	0	0	0	0	0	0	0	0	0	0	
N35	0.0534889	0.0655195	0.0911379	0.124973	0.153761	0.161489	0.141315	0.101901	0.0602963	0.0292663	0.0116745	0.00384014	0.00104594	0.000237005	4.49027e-05	7.14944e-06	9.61588e-07	1.09807e-07	1.06994e-08	8.93891e-10	6.43341e-11	4.00683e-12	2.16901e-13	1.02484e-14	4.24424e-16	1.54812e-17	5.02675e-19	1.5414e-20	7.46291e-22	
POCUSC_Ips_confusus	0	0	1	0	0	0	0	0	0	0	0	0	0	0	0	0	0	0	0	0	0	0	0	0	0	0	0	0	0	
POCUSC_Ips_hoppingi	0	0	0	0	0	1	0	0	0	0	0	0	0	0	0	0	0	0	0	0	0	0	0	0	0	0	0	0	0	
POCUSC_Ips_lecontei	0	0	0	0	0	0	0	0	1	0	0	0	0	0	0	0	0	0	0	0	0	0	0	0	0	0	0	0	0	
N36	0.0117673	0.0142214	0.0203466	0.0314169	0.0485002	0.0711675	0.0963043	0.118113	0.130007	0.127716	0.111633	0.0866778	0.0597404	0.0365439	0.0198458	0.00957385	0.00410612	0.00156731	0.000533059	0.000161763	4.38631e-05	1.06443e-05	2.3157e-06	4.52563e-07	7.97166e-08	1.27661e-08	1.9192e-09	3.08005e-10	8.17258e-11	
POCUSC_Ips_cribricollis	0	0	0	0	0	0	0	0	0	0	1	0	0	0	0	0	0	0	0	0	0	0	0	0	0	0	0	0	0	
POCUSC_Ips_calligraphus	0	0	0	0	0	0	0	1	0	0	0	0	0	0	0	0	0	0	0	0	0	0	0	0	0	0	0	0	0	
N37	0.0189333	0.0234949	0.034491	0.0533837	0.0800609	0.110457	0.135915	0.146353	0.136266	0.108852	0.0742256	0.0430669	0.0212223	0.00887405	0.00314839	0.000948241	0.000242691	5.28584e-05	9.8143e-06	1.55658e-06	2.11363e-07	2.46314e-08	2.46998e-09	2.13753e-10	1.60238e-11	1.04764e-12	6.09344e-14	3.4258e-15	2.95868e-16	
N38	0.00677765	0.0101101	0.0178589	0.0313794	0.0515623	0.0773608	0.104659	0.126678	0.136473	0.130411	0.110281	0.0824048	0.0543592	0.0316414	0.0162496	0.00736385	0.00294588	0.00104098	0.000325194	8.98971e-05	2.20169e-05	4.78355e-06	9.234e-07	1.5867e-07	2.43421e-08	3.3589e-09	4.28682e-10	5.71886e-11	1.27778e-11	
N39	0.000518857	0.000890945	0.00202549	0.00482468	0.010895	0.0224405	0.0414637	0.0681316	0.0990167	0.126794	0.142665	0.140766	0.121626	0.0919412	0.0607767	0.0351282	0.0177566	0.00785358	0.0030417	0.00103265	0.000307705	8.06001e-05	1.8596e-05	3.78993e-06	6.85807e-07	1.11494e-07	1.68343e-08	2.63344e-09	6.34701e-10	
POCUSC_Orthotomicus_caelatus	0	0	0	0	0	0	0	0	0	0	0	1	0	0	0	0	0	0	0	0	0	0	0	0	0	0	0	0	0	
POCUSC_Ips_perroti	0	0	0	0	0	0	0	0	0	0	0	0	0	0	0	0	0	1	0	0	0	0	0	0	0	0	0	0	0	
POCUSC_Ips_typographus	0	1	0	0	0	0	0	0	0	0	0	0	0	0	0	0	0	0	0	0	0	0	0	0	0	0	0	0	0	
N40	0.030502	0.0371785	0.052148	0.075172	0.103347	0.129576	0.144061	0.139412	0.115959	0.0821949	0.0493648	0.0250269	0.0106867	0.00383928	0.00116016	0.000295014	6.31909e-05	1.14177e-05	1.7434e-06	2.25433e-07	2.47435e-08	2.31116e-09	1.84205e-10	1.25641e-11	7.3576e-13	3.71676e-14	1.64091e-15	6.79269e-17	4.42046e-18	
N41	0.0607436	0.0664463	0.0793946	0.0969366	0.114277	0.125192	0.124487	0.110791	0.0875048	0.0610169	0.0374434	0.0201832	0.00954712	0.00396182	0.00144263	0.000461251	0.000129618	3.20545e-05	6.98642e-06	1.34428e-06	2.2876e-07	3.44962e-08	4.61897e-09	5.50363e-10	5.85093e-11	5.57771e-12	4.85997e-13	4.28613e-14	6.4149e-15	
N42	0.0249982	0.033162	0.0504491	0.0758503	0.105473	0.13161	0.144861	0.139066	0.115549	0.0826729	0.0507747	0.0267232	0.012046	0.00465206	0.00154072	0.000438269	0.000107283	2.26508e-05	4.13517e-06	6.54547e-07	9.00888e-08	1.08136e-08	1.13542e-09	1.0461e-10	8.48553e-12	6.08949e-13	3.92528e-14	2.47804e-15	2.60856e-16	
N43	2.60654e-13	1.1383e-11	5.1366e-10	1.87312e-08	5.37735e-07	1.18265e-05	0.000192657	0.00222732	0.0172855	0.0836469	0.229389	0.323221	0.235782	0.0889943	0.0172294	0.00188481	0.000128032	5.80585e-06	1.8555e-07	4.35552e-09	7.75565e-11	1.07499e-12	1.18456e-14	1.05612e-16	7.7339e-19	4.71602e-21	2.43601e-23	1.11633e-25	6.37698e-28	
POCUSC_Ips_perturbatus	0	0	0	0	0	0	0	0	0	0	0	0	0	1	0	0	0	0	0	0	0	0	0	0	0	0	0	0	0	
POCUSC_Ips_hunteri	0	0	0	0	0	0	0	0	0	0	1	0	0	0	0	0	0	0	0	0	0	0	0	0	0	0	0	0	0	
N44	0.0201485	0.0687076	0.206009	0.335793	0.256857	0.0928335	0.0175796	0.00193166	0.000133502	6.17216e-06	2.00178e-07	4.72752e-09	8.37682e-11	1.14119e-12	1.21975e-14	1.04048e-16	7.18759e-19	4.07181e-21	1.91261e-23	7.5216e-26	2.49795e-28	7.05999e-31	1.71003e-33	3.57253e-36	6.47798e-39	1.02723e-41	1.44588e-44	1.89387e-47	2.94057e-50	
POCUSC_Ips_pilifrons	0	0	1	0	0	0	0	0	0	0	0	0	0	0	0	0	0	0	0	0	0	0	0	0	0	0	0	0	0	
N45	0.00561882	0.0324061	0.165129	0.384018	0.313046	0.0886497	0.0105025	0.000610129	1.95161e-05	3.74257e-07	4.58888e-09	3.78238e-11	2.18137e-13	9.09459e-16	2.81653e-18	6.62931e-21	1.20936e-23	1.73913e-26	2.00093e-29	1.86606e-32	1.42708e-35	9.04291e-39	4.7925e-42	2.14231e-45	8.13973e-49	2.64728e-52	7.41747e-56	1.80222e-59	4.48065e-63	
POCUSC_Ips_borealis	0	0	0	1	0	0	0	0	0	0	0	0	0	0	0	0	0	0	0	0	0	0	0	0	0	0	0	0	0	
POCUSC_Ips_tridens	0	0	0	0	1	0	0	0	0	0	0	0	0	0	0	0	0	0	0	0	0	0	0	0	0	0	0	0	0	
POCUSC_Ips_woodi	0	0	0	1	0	0	0	0	0	0	0	0	0	0	0	0	0	0	0	0	0	0	0	0	0	0	0	0	0	
N46	0.0452997	0.0527922	0.0691845	0.0924918	0.117603	0.136169	0.139761	0.124973	0.0962451	0.0633451	0.0354471	0.0168093	0.00674203	0.00228532	0.000654678	0.000158613	3.25411e-05	5.66304e-06	8.3772e-07	1.0559e-07	1.13706e-08	1.04923e-09	8.32448e-11	5.70267e-12	3.39377e-13	1.77329e-14	8.31345e-16	3.70693e-17	2.3201e-18	
POCUSC_Ips_bonanseai	0	0	0	0	0	0	0	0	0	0	1	0	0	0	0	0	0	0	0	0	0	0	0	0	0	0	0	0	0	
N47	0.0726155	0.0813401	0.0989735	0.119743	0.13552	0.138318	0.124456	0.0972388	0.0652771	0.0373685	0.0181452	0.00744641	0.00257666	0.000750832	0.000184172	3.80387e-05	6.6209e-06	9.72455e-07	1.20732e-07	1.26955e-08	1.13328e-09	8.60918e-11	5.58064e-12	3.09579e-13	1.47473e-14	6.06381e-16	2.18146e-17	7.3904e-19	4.17945e-20	
N48	0.0849946	0.0924463	0.107463	0.123767	0.133823	0.131495	0.115099	0.0885752	0.0593809	0.0344544	0.0172238	0.00739597	0.00272326	0.000859219	0.000232332	5.38858e-05	1.07355e-05	1.84063e-06	2.72199e-07	3.48081e-08	3.8596e-09	3.72166e-10	3.13047e-11	2.30491e-12	1.49234e-13	8.57451e-15	4.49116e-16	2.35567e-17	1.8238e-18	
POCUSC_Ips_avulsus	0	0	0	0	1	0	0	0	0	0	0	0	0	0	0	0	0	0	0	0	0	0	0	0	0	0	0	0	0	
POCUSC_Orthotomicus_suturalis	0	0	0	1	0	0	0	0	0	0	0	0	0	0	0	0	0	0	0	0	0	0	0	0	0	0	0	0	0	
N49	0.106777	0.110627	0.120038	0.129459	0.132246	0.123551	0.103195	0.075991	0.0489209	0.0273943	0.0133038	0.00559444	0.00203575	0.000641066	0.000174806	4.13177e-05	8.47711e-06	1.51225e-06	2.3502e-07	3.18866e-08	3.78551e-09	3.94177e-10	3.60902e-11	2.91301e-12	2.07875e-13	1.31728e-14	7.51793e-16	4.18951e-17	3.85984e-18	
POCUSC_Ips_pini	0	0	1	0	0	0	0	0	0	0	0	0	0	0	0	0	0	0	0	0	0	0	0	0	0	0	0	0	0	
N50	0.0746533	0.0854278	0.105413	0.126501	0.139418	0.137297	0.119143	0.0903787	0.0596369	0.0341258	0.0169047	0.00724347	0.00268472	0.000861249	0.000239395	5.77454e-05	1.21098e-05	2.21254e-06	3.53009e-07	4.93062e-08	6.04459e-09	6.52151e-10	6.20918e-11	5.2317e-12	3.91274e-13	2.6088e-14	1.5723e-15	9.3072e-17	9.26638e-18	
POCUSC_Ips_plastographus	0	1	0	0	0	0	0	0	0	0	0	0	0	0	0	0	0	0	0	0	0	0	0	0	0	0	0	0	0	
POCUSC_Ips_integer	0	0	0	0	0	0	0	0	0	0	1	0	0	0	0	0	0	0	0	0	0	0	0	0	0	0	0	0	0	
N51	0.00238635	0.00314307	0.00517688	0.00942445	0.017321	0.0304583	0.0497374	0.0741713	0.10003	0.121282	0.13171	0.127817	0.110686	0.0854708	0.058841	0.0361237	0.0197897	0.00968446	0.00423949	0.00166323	0.000586129	0.000186089	5.34324e-05	1.39493e-05	3.33733e-06	7.41192e-07	1.563e-07	3.28186e-08	8.56211e-09	
N52	0.000329777	0.000484157	0.000919828	0.00192724	0.0040731	0.00828881	0.0158348	0.0279901	0.0453925	0.0671951	0.0905105	0.110715	0.122831	0.123496	0.112467	0.0927498	0.069261	0.0468373	0.0286901	0.0159257	0.0080165	0.00366326	0.00152265	0.000577921	0.000202011	6.63384e-05	2.14743e-05	7.68483e-06	3.86126e-06	
POCUSC_Ips_sexdentatus	0	0	0	0	0	0	0	0	0	0	0	1	0	0	0	0	0	0	0	0	0	0	0	0	0	0	0	0	0	
N53	3.28996e-08	1.07768e-07	5.25227e-07	2.64615e-06	1.25586e-05	5.44858e-05	0.000212882	0.000741812	0.00228933	0.00622399	0.0148442	0.0309525	0.0562715	0.0889919	0.122208	0.145523	0.150117	0.134075	0.103662	0.0694005	0.0402626	0.020268	0.00887284	0.00339145	0.00114089	0.000343932	9.71789e-05	2.89624e-05	1.22467e-05	
POCUSC_Ips_emarginatus	0	0	0	0	0	0	0	0	0	0	0	0	0	1	0	0	0	0	0	0	0	0	0	0	0	0	0	0	0	
POCUSC_Ips_knausi	0	0	0	0	0	0	0	0	0	0	0	0	0	0	0	0	0	0	0	0	0	1	0	0	0	0	0	0	0	
POCUSC_Ips_acuminatus	0	0	0	0	0	0	0	0	0	0	0	0	0	0	0	0	0	0	0	0	1	0	0	0	0	0	0	0	0	
POCUSC_Pityogenes_hopkinsi_M	0	0	0	0	1	0	0	0	0	0	0	0	0	0	0	0	0	0	0	0	0	0	0	0	0	0	0	0	0	
N54	0.132779	0.127406	0.122069	0.115647	0.107095	0.0958686	0.0821745	0.0669378	0.0515192	0.0373028	0.0253264	0.0160843	0.00953745	0.00527306	0.00271548	0.00130154	0.000580309	0.000240608	9.27545e-05	3.32466e-05	1.10832e-05	3.43857e-06	9.94238e-07	2.68705e-07	6.83169e-08	1.65904e-08	4.0038e-09	1.07375e-09	4.30521e-10	
N55	0.17748	0.164857	0.148422	0.128982	0.107645	0.085806	0.0649781	0.0465154	0.0313417	0.0198036	0.0116986	0.00644481	0.00330447	0.00157442	0.000696192	0.00028544	0.000108437	3.81505e-05	1.24267e-05	3.747e-06	1.04593e-06	2.70357e-07	6.476e-08	1.44013e-08	2.9875e-09	5.86015e-10	1.1313e-10	2.42607e-11	8.14865e-12	
N56	0.199376	0.182415	0.159413	0.132705	0.104917	0.0785254	0.0554607	0.036849	0.0229659	0.0133916	0.00728933	0.00369661	0.00174369	0.000764013	0.000310622	0.000117084	4.08912e-05	1.32263e-05	3.96103e-06	1.09823e-06	2.8191e-07	6.70108e-08	1.47568e-08	3.01381e-09	5.7262e-10	1.02286e-10	1.78442e-11	3.47651e-12	1.11299e-12	
POCUSC_Xylosandrus_germanus	0	0	1	0	0	0	0	0	0	0	0	0	0	0	0	0	0	0	0	0	0	0	0	0	0	0	0	0	0	
POCUSC_Xylosandrus_compactus	0	0	1	0	0	0	0	0	0	0	0	0	0	0	0	0	0	0	0	0	0	0	0	0	0	0	0	0	0	
POCUSC_Xyleborus_sp	0	0	0	0	1	0	0	0	0	0	0	0	0	0	0	0	0	0	0	0	0	0	0	0	0	0	0	0	0	
N57	0.00740767	0.00954793	0.0148245	0.0243911	0.0391985	0.0590628	0.0818748	0.103517	0.11888	0.123749	0.116636	0.0994794	0.0767597	0.0535833	0.0338458	0.0193515	0.0100206	0.00470247	0.00200158	0.000773473	0.000271658	8.68324e-05	2.53038e-05	6.74155e-06	1.6517e-06	3.77674e-07	8.41021e-08	2.07038e-08	7.84333e-09	
POCUSC_Dryocoetes_affaber	0	0	0	0	0	0	0	0	0	1	0	0	0	0	0	0	0	0	0	0	0	0	0	0	0	0	0	0	0	
POCUSC_Dryocoetes_autographus	0	0	0	0	0	0	0	0	0	0	0	0	1	0	0	0	0	0	0	0	0	0	0	0	0	0	0	0	0	
N58	0.140096	0.137642	0.136735	0.133557	0.124447	0.10774	0.084906	0.06	0.0376148	0.0207622	0.0100367	0.00423362	0.00155448	0.000496082	0.000137497	3.30927e-05	6.91858e-06	1.25738e-06	1.98858e-07	2.7405e-08	3.29619e-09	3.46631e-10	3.19369e-11	2.58461e-12	1.84433e-13	1.16937e-14	6.72358e-16	3.77758e-17	3.23489e-18	
N59	0.177472	0.167639	0.154936	0.137816	0.115868	0.0905931	0.0650127	0.0423941	0.0249305	0.0131464	0.00618992	0.00259405	0.000965307	0.000318434	9.30151e-05	2.40428e-05	5.49797e-06	1.11236e-06	1.99196e-07	3.15921e-08	4.4413e-09	5.54016e-10	6.13953e-11	6.05288e-12	5.31915e-13	4.1844e-14	2.99719e-15	2.1423e-16	2.5467e-17	
N60	0.197585	0.18184	0.160525	0.135131	0.107703	0.0806564	0.056331	0.03644	0.021703	0.01184	0.00589154	0.00266479	0.00109261	0.00040525	0.000135752	4.10251e-05	1.11767e-05	2.74385e-06	6.06932e-07	1.20977e-07	2.17368e-08	3.5224e-09	5.15156e-10	6.80666e-11	8.14067e-12	8.86295e-13	8.99025e-14	9.47082e-15	1.67537e-15	
N61	0.188679	0.174044	0.154538	0.131584	0.106948	0.082565	0.0602472	0.0413614	0.0266066	0.0159802	0.0089349	0.00463936	0.00223275	0.000994413	0.000409378	0.000155643	5.46141e-05	1.76797e-05	5.27888e-06	1.45374e-06	3.69288e-07	8.65645e-08	1.87392e-08	3.75269e-09	6.98132e-10	1.22043e-10	2.07615e-11	3.86261e-12	1.14457e-12	
N62	0.10829	0.106261	0.106071	0.10599	0.104166	0.099146	0.090303	0.0780221	0.063554	0.0485964	0.0347773	0.0232439	0.0144883	0.00841385	0.00454953	0.00228963	0.00107228	0.00046729	0.000189512	7.15411e-05	2.51478e-05	8.2363e-06	2.5162e-06	7.18823e-07	1.93234e-07	4.9715e-08	1.28315e-08	3.76851e-09	1.66706e-09	
POCUSC_Crypturgus_pusillus	0	0	0	0	0	0	0	0	0	0	1	0	0	0	0	0	0	0	0	0	0	0	0	0	0	0	0	0	0	
POCUCU_Rhynchaenus_sp	0	0	0	0	0	1	0	0	0	0	0	0	0	0	0	0	0	0	0	0	0	0	0	0	0	0	0	0	0	
N63	0.220173	0.198656	0.168822	0.134819	0.100947	0.0707111	0.0462374	0.0281648	0.0159507	0.00838357	0.00408281	0.00183974	0.000766134	0.000294558	0.000104475	3.41643e-05	1.0296e-05	2.85883e-06	7.31287e-07	1.72337e-07	3.74225e-08	7.49004e-09	1.38253e-09	2.35617e-10	3.71884e-11	5.48844e-12	7.82919e-13	1.21558e-13	3.07995e-14	
POCUCU_Anthonomus_sp	0	1	0	0	0	0	0	0	0	0	0	0	0	0	0	0	0	0	0	0	0	0	0	0	0	0	0	0	0	
N64	0.221059	0.199618	0.169824	0.135658	0.10138	0.0706149	0.0456761	0.0273444	0.0151055	0.00768024	0.00358647	0.00153557	0.000602004	0.000215888	7.07709e-05	2.11976e-05	5.80005e-06	1.44972e-06	3.3106e-07	6.90926e-08	1.31839e-08	2.30132e-09	3.67735e-10	5.3844e-11	7.23828e-12	8.98954e-13	1.05889e-13	1.33262e-14	2.86429e-15	
POCUSC_Polygraphus_grandiclava	0	0	1	0	0	0	0	0	0	0	0	0	0	0	0	0	0	0	0	0	0	0	0	0	0	0	0	0	0	
N65	0.174401	0.167418	0.158457	0.143679	0.12132	0.0932835	0.0643066	0.0393512	0.0212491	0.0100934	0.00421208	0.00154421	0.000497773	0.000141283	3.53728e-05	7.82855e-06	1.535e-06	2.6729e-07	4.1435e-08	5.73238e-09	7.09508e-10	7.87593e-11	7.86007e-12	7.06971e-13	5.74705e-14	4.24273e-15	2.89235e-16	1.99343e-17	2.33687e-18	
POCUEN_Tanymecus_sp	0	0	0	0	0	1	0	0	0	0	0	0	0	0	0	0	0	0	0	0	0	0	0	0	0	0	0	0	0	
POCUSC_Polygraphus_poligraphus_M	0	0	0	1	0	0	0	0	0	0	0	0	0	0	0	0	0	0	0	0	0	0	0	0	0	0	0	0	0	
N66	0.18878	0.174663	0.155864	0.133377	0.108673	0.0836681	0.0604214	0.0406531	0.0253357	0.0145535	0.00767435	0.00370278	0.00163041	0.000653831	0.000238431	7.89763e-05	2.37426e-05	6.47512e-06	1.60163e-06	3.59322e-07	7.3136e-08	1.35133e-08	2.26904e-09	3.46954e-10	4.85221e-11	6.27022e-12	7.7006e-13	9.92085e-14	2.0356e-14	
N67	0.0226988	0.0280272	0.0405818	0.0612926	0.0888363	0.117616	0.138388	0.142533	0.12745	0.0984982	0.0656432	0.0376868	0.0186359	0.00794038	0.00291746	0.000925392	0.000253744	6.02423e-05	1.24052e-05	2.21991e-06	3.45929e-07	4.7047e-08	5.59873e-09	5.84986e-10	5.39803e-11	4.45731e-12	3.41573e-13	2.739e-14	3.74331e-15	
N68	0.0206846	0.0254621	0.0369377	0.0563829	0.0831646	0.112527	0.135632	0.143303	0.131562	0.10446	0.071558	0.0422477	0.0214929	0.00942528	0.00356569	0.001165	0.000329179	8.05654e-05	1.71095e-05	3.15885e-06	5.08056e-07	7.13417e-08	8.76798e-09	9.46122e-10	9.0103e-11	7.66382e-12	6.0286e-13	4.9267e-14	6.56007e-15	
POCUSC_Trypodendron_lineatum	0	0	0	0	0	0	0	0	1	0	0	0	0	0	0	0	0	0	0	0	0	0	0	0	0	0	0	0	0	
POCUCO_Telephae_sp	0	0	0	0	0	0	0	0	0	0	0	0	1	0	0	0	0	0	0	0	0	0	0	0	0	0	0	0	0	
N69	0.0337464	0.042711	0.0626516	0.0922782	0.124952	0.148742	0.152257	0.132505	0.0974403	0.0603494	0.0314331	0.0137648	0.00507131	0.00157416	0.000412495	9.1473e-05	1.72141e-05	2.75757e-06	3.77256e-07	4.42272e-08	4.45862e-09	3.87888e-10	2.92245e-11	1.91367e-12	1.09304e-13	5.46959e-15	2.42403e-16	1.01839e-17	6.95797e-19	
N70	0.00966774	0.0169534	0.0343348	0.064768	0.106719	0.14913	0.173476	0.165923	0.129465	0.0820251	0.0421008	0.0174966	0.00589294	0.00161199	0.000359285	6.55164e-05	9.82182e-06	1.217e-06	1.25351e-07	1.07959e-08	7.82103e-10	4.79406e-11	2.50083e-12	1.11644e-13	4.28856e-15	1.42531e-16	4.13532e-18	1.10259e-19	4.58652e-21	
POCUMO_Lepyrus_sp	0	0	0	0	0	0	0	0	0	0	0	0	1	0	0	0	0	0	0	0	0	0	0	0	0	0	0	0	0	
POCUSC_Phloeotribus_sp	0	0	1	0	0	0	0	0	0	0	0	0	0	0	0	0	0	0	0	0	0	0	0	0	0	0	0	0	0	
POCUSC_Cryphalus_abietis	0	0	1	0	0	0	0	0	0	0	0	0	0	0	0	0	0	0	0	0	0	0	0	0	0	0	0	0	0	
N71	0.196066	0.180304	0.15904	0.133939	0.107088	0.0807786	0.0571248	0.0376448	0.022991	0.012951	0.00670154	0.00317473	0.00137316	0.000541098	0.000193936	6.31449e-05	1.86615e-05	5.00334e-06	1.21671e-06	2.68387e-07	5.37248e-08	9.76829e-09	1.61592e-09	2.43953e-10	3.38034e-11	4.34751e-12	5.3228e-13	6.7477e-14	1.32392e-14	
POCUSC_Hylurgops_sp	0	0	0	0	0	0	0	1	0	0	0	0	0	0	0	0	0	0	0	0	0	0	0	0	0	0	0	0	0	
N72	0.205555	0.187638	0.163138	0.134596	0.104924	0.0769191	0.0527737	0.0337279	0.0199919	0.0109473	0.00551902	0.0025542	0.00108253	0.000419346	0.000148252	4.7779e-05	1.40263e-05	3.74902e-06	9.12172e-07	2.02046e-07	4.07556e-08	7.49183e-09	1.25659e-09	1.92758e-10	2.71703e-11	3.55695e-12	4.44933e-13	5.86743e-14	1.23467e-14	
POCUSC_Hylastes_sp	0	0	0	0	1	0	0	0	0	0	0	0	0	0	0	0	0	0	0	0	0	0	0	0	0	0	0	0	0	
N73	0.236181	0.213133	0.179968	0.140311	0.0996004	0.0635969	0.0361904	0.0182347	0.0080997	0.00316324	0.00108447	0.000326157	8.60443e-05	1.99193e-05	4.04957e-06	7.23729e-07	1.13848e-07	1.57867e-08	1.9327e-09	2.09267e-10	2.00763e-11	1.70979e-12	1.29521e-13	8.74599e-15	5.27879e-16	2.86229e-17	1.41635e-18	6.89109e-20	5.38262e-21	
N74	0.295159	0.251248	0.189579	0.126202	0.073778	0.037717	0.0168	0.00650113	0.00218105	0.000633545	0.000159246	3.46381e-05	6.52352e-06	1.06484e-06	1.50851e-07	1.85774e-08	1.99253e-09	1.86507e-10	1.52686e-11	1.09574e-12	6.90945e-14	3.8375e-15	1.88182e-16	8.1677e-18	3.14565e-19	1.07841e-20	3.31965e-22	9.73079e-24	4.54747e-25	
N75	0.340461	0.276536	0.189745	0.109416	0.0528128	0.0212833	0.00715514	0.00200833	0.000471704	9.30225e-05	1.54668e-05	2.1784e-06	2.61187e-07	2.67943e-08	2.36377e-09	1.80216e-10	1.19316e-11	6.89168e-13	3.48822e-14	1.55372e-15	6.11477e-17	2.13448e-18	6.63268e-20	1.84113e-21	4.58098e-23	1.0257e-24	2.08458e-26	4.03584e-28	1.20474e-29	
POCUSC_Dendroctonus_jeffreyi	0	1	0	0	0	0	0	0	0	0	0	0	0	0	0	0	0	0	0	0	0	0	0	0	0	0	0	0	0	
POCUSC_Dendroctonus_ponderosae	0	1	0	0	0	0	0	0	0	0	0	0	0	0	0	0	0	0	0	0	0	0	0	0	0	0	0	0	0	
N76	0.316351	0.26354	0.190463	0.118949	0.0639819	0.0295569	0.0116987	0.00395994	0.00114482	0.00028246	5.94651e-05	1.06855e-05	1.64026e-06	2.15357e-07	2.42241e-08	2.33897e-09	1.94294e-10	1.39188e-11	8.62159e-13	4.63012e-14	2.1619e-15	8.80157e-17	3.13344e-18	9.78325e-20	2.6868e-21	6.51339e-23	1.4049e-24	2.82918e-26	8.66353e-28	
POCUSC_Dendroctonus_frontalis	0	1	0	0	0	0	0	0	0	0	0	0	0	0	0	0	0	0	0	0	0	0	0	0	0	0	0	0	0	
N77	0.318412	0.264758	0.190579	0.118252	0.0630096	0.0287365	0.0111864	0.00370892	0.00104587	0.000250647	5.10476e-05	8.84048e-06	1.30338e-06	1.63862e-07	1.76038e-08	1.61993e-09	1.28032e-10	8.71608e-12	5.1265e-13	2.61322e-14	1.15817e-15	4.47716e-17	1.51448e-18	4.49721e-20	1.17606e-21	2.71797e-23	5.58963e-25	1.06893e-26	3.12388e-28	
POCUSC_Dendroctonus_adjunctus	0	0	1	0	0	0	0	0	0	0	0	0	0	0	0	0	0	0	0	0	0	0	0	0	0	0	0	0	0	
N78	0.325875	0.269947	0.192055	0.116079	0.0589793	0.0249827	0.00877478	0.00254932	0.000612653	0.000122021	2.02063e-05	2.79364e-06	3.23981e-07	3.1674e-08	2.62391e-09	1.85137e-10	1.11827e-11	5.81123e-13	2.61065e-14	1.01861e-15	3.46731e-17	1.0341e-18	2.71329e-20	6.28783e-22	1.29183e-23	2.36159e-25	3.86076e-27	5.8304e-29	1.33977e-30	
POCUSC_Dendroctonus_approximatus	0	1	0	0	0	0	0	0	0	0	0	0	0	0	0	0	0	0	0	0	0	0	0	0	0	0	0	0	0	
POCUSC_Dendroctonus_brevicomis	0	0	1	0	0	0	0	0	0	0	0	0	0	0	0	0	0	0	0	0	0	0	0	0	0	0	0	0	0	
N79	0.166318	0.166114	0.165318	0.154563	0.1301	0.0961965	0.0616601	0.034016	0.0160858	0.00650591	0.00224798	0.00066337	0.000167234	3.6044e-05	6.64971e-06	1.05171e-06	1.42856e-07	1.66995e-08	1.68376e-09	1.4678e-10	1.10905e-11	7.28219e-13	4.16626e-14	2.08246e-15	9.11881e-17	3.50883e-18	1.19469e-19	3.79763e-21	1.94514e-22	
N80	0.212949	0.196959	0.174003	0.143917	0.109165	0.0746395	0.0454135	0.0243702	0.0114668	0.00471369	0.00168942	0.000527494	0.000143491	3.40304e-05	7.0449e-06	1.27509e-06	2.02156e-07	2.81338e-08	3.44468e-09	3.71953e-10	3.55073e-11	3.00422e-12	2.2586e-13	1.51272e-14	9.05071e-16	4.85634e-17	2.36618e-18	1.12973e-19	8.96469e-21	
POCUSC_Dendroctonus_simplex	0	0	0	1	0	0	0	0	0	0	0	0	0	0	0	0	0	0	0	0	0	0	0	0	0	0	0	0	0	
POCUSC_Dendroctonus_pseudotsugae	0	1	0	0	0	0	0	0	0	0	0	0	0	0	0	0	0	0	0	0	0	0	0	0	0	0	0	0	0	
N81	0.0682167	0.0799157	0.102988	0.129736	0.148305	0.148012	0.126532	0.0917882	0.056245	0.0290557	0.0126478	0.00464122	0.0014374	0.000376337	8.34697e-05	1.57212e-05	2.52127e-06	3.45302e-07	4.05102e-08	4.08427e-09	3.55046e-10	2.67014e-11	1.74314e-12	9.91183e-14	4.92588e-15	2.14799e-16	8.29446e-18	3.01673e-19	1.77545e-20	
N82	0.00252462	0.00593395	0.0156487	0.0369311	0.0742144	0.123881	0.168927	0.186014	0.164095	0.115351	0.0644015	0.0285153	0.0100155	0.00279589	0.000622541	0.000111116	1.59958e-05	1.8701e-06	1.78883e-07	1.41069e-08	9.24169e-10	5.06709e-11	2.3419e-12	9.1866e-14	3.07857e-15	8.87021e-17	2.21721e-18	5.03536e-20	1.74915e-21	
POCUSC_Dendroctonus_punctatus	0	0	0	1	0	0	0	0	0	0	0	0	0	0	0	0	0	0	0	0	0	0	0	0	0	0	0	0	0	
N83	4.45819e-09	5.72225e-08	8.69069e-07	1.09279e-05	0.000109578	0.000856364	0.00509355	0.022479	0.0716279	0.160075	0.243545	0.245412	0.160563	0.0677692	0.0186019	0.00339217	0.000422867	3.71425e-05	2.36568e-06	1.1213e-07	4.04696e-09	1.13473e-10	2.51566e-12	4.4782e-14	6.48875e-16	7.74593e-18	7.70534e-20	6.55801e-22	7.43286e-24	
POCUSC_Dendroctonus_rufipennis	0	0	0	0	0	0	0	0	0	0	0	0	0	1	0	0	0	0	0	0	0	0	0	0	0	0	0	0	0	
POCUSC_Dendroctonus_murrayanae	0	0	0	0	0	0	0	0	0	0	0	1	0	0	0	0	0	0	0	0	0	0	0	0	0	0	0	0	0	
N84	0.0250803	0.0374783	0.0662499	0.110888	0.158335	0.184222	0.170968	0.125328	0.0723376	0.032911	0.0118509	0.00339812	0.000781612	0.000145377	2.20473e-05	2.74898e-06	2.84085e-07	2.45223e-08	1.7812e-09	1.09633e-10	5.75566e-12	2.59336e-13	1.00869e-14	3.40527e-16	1.00296e-17	2.59089e-19	5.92203e-21	1.25599e-22	4.08874e-24	
POCUSC_Dendroctonus_valens	0	0	0	0	0	0	0	1	0	0	0	0	0	0	0	0	0	0	0	0	0	0	0	0	0	0	0	0	0	
POCUSC_Dendroctonus_terebrans	0	0	0	0	1	0	0	0	0	0	0	0	0	0	0	0	0	0	0	0	0	0	0	0	0	0	0	0	0	
N85	0.202427	0.185298	0.161965	0.134617	0.105853	0.0783105	0.0541977	0.0348992	0.0208041	0.0114302	0.00576609	0.00266227	0.00112213	0.000430879	0.000150485	4.77451e-05	1.37496e-05	3.59191e-06	8.50936e-07	1.82795e-07	3.56106e-08	6.29364e-09	1.00979e-09	1.47277e-10	1.95836e-11	2.39414e-12	2.77483e-13	3.46364e-14	7.49891e-15	
N86	0.192787	0.17748	0.156944	0.132781	0.106952	0.0815726	0.0585829	0.0394028	0.024698	0.0143638	0.00772184	0.00382526	0.00174177	0.000727508	0.000278315	9.7408e-05	3.11652e-05	9.11063e-06	2.43294e-06	5.93505e-07	1.32297e-07	2.69638e-08	5.03125e-09	8.61741e-10	1.36274e-10	2.01727e-11	2.89292e-12	4.41373e-13	1.00172e-13	
N87	0.085711	0.0861016	0.0897927	0.0950764	0.0997206	0.101377	0.0982428	0.0896987	0.0765617	0.060786	0.0447512	0.0304924	0.0192083	0.0111802	0.0060114	0.00298592	0.00137037	0.000581286	0.00022799	8.27239e-05	2.7784e-05	8.64427e-06	2.49405e-06	6.68719e-07	1.67508e-07	3.98047e-08	9.39895e-09	2.51961e-09	1.04411e-09	
POCUCU_Dorytomus_sp	0	0	0	0	0	0	0	0	1	0	0	0	0	0	0	0	0	0	0	0	0	0	0	0	0	0	0	0	0	
POCUMO_Magdalis_sp	0	0	0	0	0	0	0	1	0	0	0	0	0	0	0	0	0	0	0	0	0	0	0	0	0	0	0	0	0	
N88	0.163737	0.154417	0.14289	0.128526	0.111176	0.0915576	0.07119	0.0519263	0.0353611	0.022404	0.0131732	0.00717503	0.0036153	0.00168356	0.000724049	0.000287445	0.000105306	3.55957e-05	1.11012e-05	3.1945e-06	8.48367e-07	2.07991e-07	4.70991e-08	9.86178e-09	1.91509e-09	3.48493e-10	6.17065e-11	1.21485e-11	3.90973e-12	
N89	0.101243	0.104043	0.111023	0.117452	0.118898	0.112783	0.0991466	0.0803262	0.0598066	0.0408605	0.0255957	0.014694	0.0077289	0.00372447	0.00164435	0.000665214	0.000246639	8.38357e-05	2.61354e-05	7.47599e-06	1.96332e-06	4.73702e-07	1.0511e-07	2.14863e-08	4.06221e-09	7.18205e-10	1.23071e-10	2.31254e-11	7.00329e-12	
POCUCU_Curculio_distinguendus	0	0	0	0	0	0	0	0	0	0	0	0	1	0	0	0	0	0	0	0	0	0	0	0	0	0	0	0	0	
POCUCU_Curculio_nucum_M	0	1	0	0	0	0	0	0	0	0	0	0	0	0	0	0	0	0	0	0	0	0	0	0	0	0	0	0	0	
N90	0.167179	0.182449	0.198098	0.185879	0.138749	0.0792391	0.034102	0.011031	0.00269329	0.000500366	7.14541e-05	7.93092e-06	6.92021e-07	4.80055e-08	2.67632e-09	1.21149e-10	4.49607e-12	1.38037e-13	3.53558e-15	7.61433e-17	1.38896e-18	2.16095e-20	2.88681e-22	3.33478e-24	3.35942e-26	2.98849e-28	2.40124e-30	1.83024e-32	1.73073e-34	
N91	0.172737	0.186973	0.200604	0.185357	0.135483	0.0752314	0.0312418	0.00967633	0.0022447	0.000393166	5.25235e-05	5.41124e-06	4.34846e-07	2.75638e-08	1.39318e-09	5.67302e-11	1.87918e-12	5.10993e-14	1.15037e-15	2.16106e-17	3.41285e-19	4.56251e-21	5.19782e-23	5.07998e-25	4.29049e-27	3.16137e-29	2.06373e-31	1.24427e-33	1.11413e-35	
POCUEN_Scepticus_griseus	0	1	0	0	0	0	0	0	0	0	0	0	0	0	0	0	0	0	0	0	0	0	0	0	0	0	0	0	0	
POCUCU_Curculio_dentipes	0	0	0	1	0	0	0	0	0	0	0	0	0	0	0	0	0	0	0	0	0	0	0	0	0	0	0	0	0	
POCUEN_Scepticus_insularis	0	0	0	0	0	1	0	0	0	0	0	0	0	0	0	0	0	0	0	0	0	0	0	0	0	0	0	0	0	
N92	0.212909	0.192995	0.165565	0.134124	0.10238	0.0734768	0.0494746	0.0311901	0.0183742	0.0100966	0.00516667	0.00245861	0.0010866	0.000445543	0.000169345	5.96233e-05	1.94354e-05	5.86335e-06	1.63674e-06	4.22735e-07	1.01033e-07	2.23525e-08	4.58155e-09	8.71591e-10	1.54558e-10	2.58351e-11	4.20765e-12	7.467e-13	2.11215e-13	
N93	0.236623	0.211242	0.175645	0.135619	0.0969404	0.0639489	0.0388131	0.0216115	0.0110104	0.00512043	0.00216935	0.000835893	0.000292551	9.29085e-05	2.67559e-05	6.98427e-06	1.65232e-06	3.54295e-07	6.88731e-08	1.21432e-08	1.94296e-09	2.8234e-10	3.72981e-11	4.48638e-12	4.93028e-13	4.99711e-14	4.81411e-15	4.87982e-16	7.7453e-17	
POCUMO_Pissodes_schwarzi_M	0	0	0	0	1	0	0	0	0	0	0	0	0	0	0	0	0	0	0	0	0	0	0	0	0	0	0	0	0	
N94	0.245698	0.217934	0.178835	0.13532	0.0940977	0.0599265	0.0348342	0.0184217	0.00883654	0.00383434	0.00150156	0.000529645	0.000168012	4.78732e-05	1.22425e-05	2.80831e-06	5.77717e-07	1.06582e-07	1.7638e-08	2.61937e-09	3.49288e-10	4.18539e-11	4.51085e-12	4.3783e-13	3.83574e-14	3.05087e-15	2.25055e-16	1.6986e-17	2.1611e-18	
POCUBA_Limnobaris_sp	0	0	0	1	0	0	0	0	0	0	0	0	0	0	0	0	0	0	0	0	0	0	0	0	0	0	0	0	0	
N95	0.246911	0.218779	0.179155	0.135152	0.093624	0.0593655	0.0343495	0.0180837	0.00863966	0.00373731	0.00146098	0.000515326	0.000163821	4.68982e-05	1.20844e-05	2.8022e-06	5.84795e-07	1.09867e-07	1.85914e-08	2.83549e-09	3.90097e-10	4.84574e-11	5.44082e-12	5.52909e-13	5.09569e-14	4.281e-15	3.34639e-16	2.68737e-17	3.61686e-18	
POCUMO_Pissodes_nemorensis	0	1	0	0	0	0	0	0	0	0	0	0	0	0	0	0	0	0	0	0	0	0	0	0	0	0	0	0	0	
POCUMO_Pissodes_strobi	0	0	0	1	0	0	0	0	0	0	0	0	0	0	0	0	0	0	0	0	0	0	0	0	0	0	0	0	0	
N96	0.00429196	0.0619805	0.444608	0.430597	0.0557754	0.00268085	6.60148e-05	9.79316e-07	9.65128e-09	6.74614e-11	3.50507e-13	1.40219e-15	4.43917e-18	1.13689e-20	2.39807e-23	4.22906e-26	6.31494e-29	8.07171e-32	8.9154e-35	8.58053e-38	7.24995e-41	5.41513e-44	3.59979e-47	2.14535e-50	1.15659e-53	5.71339e-57	2.63841e-60	1.17445e-63	5.46532e-67	
POCUMO_Hylobius_piceus	0	0	1	0	0	0	0	0	0	0	0	0	0	0	0	0	0	0	0	0	0	0	0	0	0	0	0	0	0	
POCUMO_Hylobius_abietis	0	0	0	1	0	0	0	0	0	0	0	0	0	0	0	0	0	0	0	0	0	0	0	0	0	0	0	0	0	
N97	0.0308672	0.0345364	0.0434228	0.0576033	0.0761118	0.096084	0.112806	0.121116	0.117688	0.102816	0.0804138	0.056147	0.034933	0.019343	0.00952487	0.00416929	0.0016221	0.00056098	0.000172508	4.71937e-05	1.14941e-05	2.49459e-06	4.83134e-07	8.36929e-08	1.30292e-08	1.84423e-09	2.45597e-10	3.45923e-11	7.894e-12	
N98	0.0301917	0.0334259	0.0414971	0.0547104	0.0725237	0.0925626	0.110373	0.120581	0.119218	0.105854	0.0839982	0.0593868	0.0373341	0.0208436	0.0103267	0.00453842	0.00176909	0.000611713	0.00018769	5.11277e-05	1.23742e-05	2.66372e-06	5.10826e-07	8.75148e-08	1.34678e-08	1.88492e-09	2.47885e-10	3.41187e-11	7.48644e-12	
N99	0.0340926	0.0378778	0.0469879	0.0611982	0.0791658	0.0977861	0.112488	0.118684	0.113782	0.0985351	0.0767882	0.0537145	0.0336709	0.0188934	0.00948367	0.00425707	0.00170881	0.000613496	0.000197083	5.66868e-05	1.46118e-05	3.37944e-06	7.02565e-07	1.31666e-07	2.23611e-08	3.48094e-09	5.11859e-10	7.88069e-11	1.9019e-11	
N100	0.0182538	0.0204293	0.0257202	0.0343973	0.0465537	0.0616498	0.0781316	0.0933881	0.104251	0.107973	0.103286	0.090977	0.0736377	0.0546992	0.0372602	0.0232676	0.0133203	0.00699343	0.00336955	0.00149142	0.000607262	0.000227881	7.90074e-05	2.53945e-05	7.60719e-06	2.14538e-06	5.84069e-07	1.6608e-07	6.47221e-08	
N101	0.0255845	0.0280664	0.0343783	0.0448486	0.0593612	0.0766532	0.0939365	0.107297	0.112956	0.108852	0.0956335	0.0764231	0.0554811	0.0365708	0.0218856	0.0118936	0.00587225	0.00263573	0.00107632	0.000400231	0.000135664	4.19695e-05	1.18697e-05	3.07713e-06	7.35328e-07	1.64311e-07	3.57956e-08	8.62619e-09	3.21534e-09	
POCUEN_Phyllobius_argentatus	0	0	0	0	0	0	0	1	0	0	0	0	0	0	0	0	0	0	0	0	0	0	0	0	0	0	0	0	0	
POCUEN_Liophloeus_tessulatus	0	0	0	0	0	0	0	0	1	0	0	0	0	0	0	0	0	0	0	0	0	0	0	0	0	0	0	0	0	
POCUEN_Phyllobius_pyri	0	0	0	0	0	0	0	0	0	0	0	0	0	0	0	0	0	0	0	0	1	0	0	0	0	0	0	0	0	
N102	0.100601	0.102702	0.10884	0.114994	0.117089	0.112341	0.100181	0.0823415	0.0620467	0.0427068	0.0267801	0.015269	0.00790427	0.00371101	0.00157897	0.000608546	0.000212396	6.71299e-05	1.92163e-05	4.98371e-06	1.17161e-06	2.49849e-07	4.83837e-08	8.52446e-09	1.37196e-09	2.0387e-10	2.88878e-11	4.35767e-12	1.04273e-12	
N103	0.145091	0.140399	0.1359	0.128987	0.117553	0.101049	0.0808234	0.0595641	0.0401644	0.0246579	0.0137343	0.00692329	0.00315304	0.00129586	0.000480272	0.00016046	4.83237e-05	1.31202e-05	3.2126e-06	7.09799e-07	1.416e-07	2.55265e-08	4.16244e-09	6.14807e-10	8.24714e-11	1.0121e-11	1.16743e-12	1.41818e-13	2.87176e-14	
N104	0.216854	0.197651	0.170842	0.138844	0.105019	0.0731661	0.0465108	0.0267637	0.0138533	0.00641978	0.00265447	0.000977088	0.000319728	9.29419e-05	2.39968e-05	5.5045e-06	1.12244e-06	2.03637e-07	3.29052e-08	4.74148e-09	6.10092e-10	7.02008e-11	7.23485e-12	6.68957e-13	5.56151e-14	4.17574e-15	2.87923e-16	1.99498e-17	2.32134e-18	
N105	0.213333	0.196528	0.172642	0.142248	0.108048	0.0745481	0.0462018	0.0255192	0.0124961	0.00540651	0.00206271	0.000693284	0.00020523	5.35277e-05	1.23101e-05	2.4991e-06	4.48484e-07	7.12605e-08	1.00428e-08	1.25772e-09	1.40247e-10	1.39529e-11	1.24111e-12	9.89109e-14	7.07886e-15	4.56509e-16	2.6857e-17	1.56474e-18	1.55961e-19	
N106	1.22265e-06	0.999998	1.16652e-06	3.36011e-13	3.74295e-32	3.28724e-32	2.82922e-32	2.38344e-32	1.96314e-32	1.57929e-32	1.23975e-32	9.48895e-33	7.07663e-33	5.13949e-33	3.63338e-33	2.49952e-33	1.67284e-33	1.08903e-33	6.8957e-34	4.24679e-34	2.54392e-34	1.48233e-34	8.40339e-35	4.63614e-35	2.49109e-35	1.3072e-35	6.77322e-36	3.61923e-36	2.29586e-36	
POCUEN_Hypera_postica	0	1	0	0	0	0	0	0	0	0	0	0	0	0	0	0	0	0	0	0	0	0	0	0	0	0	0	0	0	
POCUEN_Hypera_nigrirostris	0	1	0	0	0	0	0	0	0	0	0	0	0	0	0	0	0	0	0	0	0	0	0	0	0	0	0	0	0	
POCUEN_Eudiagogus_sp	0	0	0	0	0	1	0	0	0	0	0	0	0	0	0	0	0	0	0	0	0	0	0	0	0	0	0	0	0	
N107	0.302749	0.25762	0.192995	0.125419	0.0697009	0.0327657	0.0129412	0.00428195	0.00118697	0.000276251	5.41701e-05	8.98853e-06	1.26815e-06	1.52887e-07	1.58295e-08	1.41451e-09	1.09615e-10	7.40074e-12	4.37261e-13	2.27041e-14	1.04019e-15	4.22118e-17	1.52283e-18	4.90117e-20	1.41247e-21	3.66327e-23	8.65715e-25	1.972e-26	6.84184e-28	
POCUEN_Polydrusus_mollis_M	0	0	1	0	0	0	0	0	0	0	0	0	0	0	0	0	0	0	0	0	0	0	0	0	0	0	0	0	0	
POCUEN_Barypeithes_sp	0	1	0	0	0	0	0	0	0	0	0	0	0	0	0	0	0	0	0	0	0	0	0	0	0	0	0	0	0	
N108	0.0747882	0.0868228	0.109411	0.133574	0.147844	0.143495	0.120101	0.0859494	0.0523856	0.0271604	0.0119862	0.00451085	0.00145163	0.000400794	9.52978e-05	1.95916e-05	3.49679e-06	5.44108e-07	7.41147e-08	8.87331e-09	9.37439e-10	8.773e-11	7.30054e-12	5.42378e-13	3.61526e-14	2.18026e-15	1.21449e-16	6.74079e-18	5.88405e-19	
POCUEN_Hypomeces_squamosus	0	0	0	0	0	0	0	1	0	0	0	0	0	0	0	0	0	0	0	0	0	0	0	0	0	0	0	0	0	
POCUEN_Sympiezomias_cribricollis	0	0	0	1	0	0	0	0	0	0	0	0	0	0	0	0	0	0	0	0	0	0	0	0	0	0	0	0	0	
POCUEN_Bothrometopus_sp	0	0	0	1	0	0	0	0	0	0	0	0	0	0	0	0	0	0	0	0	0	0	0	0	0	0	0	0	0	
N109	0.0198729	0.0215966	0.0261022	0.0337327	0.0447073	0.0586805	0.0743474	0.0893484	0.100679	0.105577	0.102533	0.0919325	0.0759463	0.057733	0.0403541	0.0259248	0.0153054	0.00830426	0.00414193	0.00190003	0.000802258	0.000312186	0.000112197	3.73848e-05	1.16377e-05	3.44187e-06	1.00796e-06	3.25999e-07	1.51095e-07	
POCUEN_Foucartia_squamulata	0	0	0	0	0	0	0	0	0	0	0	0	0	1	0	0	0	0	0	0	0	0	0	0	0	0	0	0	0	
N110	0.0111487	0.0129918	0.0175876	0.0257418	0.0382485	0.0552118	0.0753049	0.0954216	0.11119	0.118407	0.114798	0.101092	0.0807462	0.0584534	0.0383378	0.0227802	0.0122656	0.0059868	0.00265039	0.00106498	0.000388732	0.000129031	3.90035e-05	1.07634e-05	2.72666e-06	6.43595e-07	1.47947e-07	3.77387e-08	1.47917e-08	
POCUEN_Sitona_lineatus	0	0	0	0	0	0	0	0	0	1	0	0	0	0	0	0	0	0	0	0	0	0	0	0	0	0	0	0	0	
N111	1.71896e-05	6.91512e-05	0.000359026	0.00169657	0.00672191	0.0216121	0.0552578	0.110672	0.171679	0.204665	0.186711	0.130237	0.069625	0.0286762	0.00916756	0.00229578	0.000454952	7.21071e-05	9.23834e-06	9.6677e-07	8.34604e-08	6.00018e-09	3.62495e-10	1.85701e-11	8.14817e-13	3.10463e-14	1.05245e-15	3.36542e-17	1.47489e-18	
POCUCL_Cleonus_sp	0	0	0	0	0	0	0	1	0	0	0	0	0	0	0	0	0	0	0	0	0	0	0	0	0	0	0	0	0	
N112	4.4705e-08	3.96972e-07	5.04956e-06	5.60424e-05	0.000488171	0.00319896	0.0153417	0.0526552	0.12695	0.212069	0.24352	0.191659	0.103484	0.0385134	0.00997213	0.00182257	0.000239447	2.30669e-05	1.66199e-06	9.12625e-08	3.88611e-09	1.3036e-10	3.49433e-12	7.58158e-14	1.34702e-15	1.98063e-17	2.43583e-19	2.58117e-21	3.7439e-23	
POCUMO_Larinus_sp	0	0	0	0	0	0	0	0	1	0	0	0	0	0	0	0	0	0	0	0	0	0	0	0	0	0	0	0	0	
POCUMO_Lixus_sp	0	0	0	0	0	0	0	0	0	0	0	0	0	1	0	0	0	0	0	0	0	0	0	0	0	0	0	0	0	
N113	0.00042965	0.000754485	0.00177918	0.00441566	0.0103789	0.0221639	0.0422087	0.070945	0.104522	0.134296	0.149903	0.144936	0.121121	0.0873556	0.0543216	0.0291113	0.0134443	0.00535226	0.00183799	0.000544953	0.000139671	3.09909e-05	5.96411e-06	9.98101e-07	1.45921e-07	1.88429e-08	2.2224e-09	2.69508e-10	5.25346e-11	
N114	0.000318913	0.000579204	0.00141735	0.00364718	0.00889171	0.0196813	0.0387643	0.0671675	0.101617	0.133504	0.151699	0.148631	0.12529	0.0907245	0.0563789	0.0300526	0.0137403	0.00539003	0.00181529	0.000525372	0.000130822	2.80711e-05	5.20101e-06	8.34598e-07	1.1663e-07	1.43693e-08	1.61414e-09	1.8524e-10	3.43973e-11	
POCUEN_Otiorhynchus_armadillo	0	0	0	0	0	0	1	0	0	0	0	0	0	0	0	0	0	0	0	0	0	0	0	0	0	0	0	0	0	
N115	0.000137133	0.000245715	0.000626546	0.00176631	0.00481631	0.0119497	0.0262353	0.0502783	0.0834901	0.119592	0.147333	0.155788	0.14119	0.109579	0.0727951	0.0413905	0.0201483	0.00840169	0.00300371	0.000921715	0.000243094	5.51937e-05	1.08087e-05	1.8302e-06	2.69012e-07	3.46327e-08	4.01876e-09	4.70035e-10	8.76336e-11	
N116	8.19114e-05	0.000158457	0.000444841	0.0013601	0.00394417	0.010252	0.0233399	0.0460683	0.0784387	0.114887	0.14451	0.155955	0.144336	0.114555	0.0779955	0.0455868	0.0228957	0.00989399	0.0036843	0.00118433	0.000329295	7.93713e-05	1.66277e-05	3.03786e-06	4.86745e-07	6.92449e-08	9.04542e-09	1.20468e-09	2.41133e-10	
POCUMO_Pachylobius_picivorus	0	0	0	0	0	0	0	0	0	0	0	0	0	0	0	0	1	0	0	0	0	0	0	0	0	0	0	0	0	
N117	0.000174815	0.000390676	0.0012057	0.00370413	0.010196	0.0243464	0.0497751	0.0864967	0.12716	0.157655	0.16452	0.144353	0.106459	0.0660107	0.0344401	0.0151383	0.00561519	0.00176115	0.000468144	0.000105738	2.03506e-05	3.34762e-06	4.72197e-07	5.73217e-08	6.0163e-09	5.50517e-10	4.5006e-11	3.63706e-12	4.69593e-13	
N118	0.0375924	0.0684435	0.137688	0.216417	0.236476	0.174763	0.0881064	0.0310075	0.00782525	0.00145341	0.000203381	2.18869e-05	1.84397e-06	1.23519e-07	6.6678e-09	2.93514e-10	1.06465e-11	3.21184e-13	8.12614e-15	1.73728e-16	3.16001e-18	4.92122e-20	6.60024e-22	7.6662e-24	7.75697e-26	6.89283e-28	5.47178e-30	4.08254e-32	3.91303e-34	
POCUDR_Sitophilus_granarius	0	0	0	0	1	0	0	0	0	0	0	0	0	0	0	0	0	0	0	0	0	0	0	0	0	0	0	0	0	
POCUDR_Sitophilus_zeamais	0	1	0	0	0	0	0	0	0	0	0	0	0	0	0	0	0	0	0	0	0	0	0	0	0	0	0	0	0	
POCUDR_Sitophilus_oryzae	0	0	0	0	0	0	0	0	0	0	0	0	0	0	1	0	0	0	0	0	0	0	0	0	0	0	0	0	0	
N119	5.43114e-05	9.98405e-05	0.000269121	0.000814425	0.00239419	0.00641569	0.0152534	0.0317878	0.0577172	0.0910024	0.124345	0.14706	0.15043	0.133049	0.101748	0.0672994	0.0385229	0.019099	0.00821011	0.00306415	0.000994464	0.00028122	6.94723e-05	1.50497e-05	2.87703e-06	4.914e-07	7.7273e-08	1.23468e-08	2.98293e-09	
POCUEN_Dyslobus_sp	0	0	0	0	0	0	0	0	0	0	0	0	0	0	0	1	0	0	0	0	0	0	0	0	0	0	0	0	0	
N120	5.21752e-05	0.000103026	0.000292538	0.00089687	0.0026189	0.00692918	0.0162526	0.0334295	0.0599422	0.0933788	0.126126	0.14754	0.149387	0.130906	0.0992979	0.0652331	0.0371424	0.0183474	0.00787253	0.00293853	0.000955863	0.000271568	6.75872e-05	1.47983e-05	2.8702e-06	4.99361e-07	8.01555e-08	1.30031e-08	3.13678e-09	
N121	0.00166935	0.00346782	0.00965864	0.026039	0.0598032	0.111463	0.165236	0.193181	0.177637	0.128563	0.0734551	0.0332882	0.0120361	0.0034957	0.000821427	0.000157335	2.4748e-05	3.22029e-06	3.49116e-07	3.17482e-08	2.43763e-09	1.5901e-10	8.86595e-12	4.25201e-13	1.767e-14	6.4339e-16	2.09862e-17	6.51226e-19	2.82196e-20	
N122	0.0164143	0.0339164	0.0838474	0.167709	0.23612	0.225329	0.145814	0.0649989	0.0203859	0.00459867	0.000761922	9.45131e-05	8.93086e-06	6.52937e-07	3.74554e-08	1.70739e-09	6.25649e-11	1.86247e-12	4.5479e-14	9.19117e-16	1.55007e-17	2.19827e-19	2.64029e-21	2.70363e-23	2.37505e-25	1.80071e-27	1.18728e-29	7.00906e-32	5.50614e-34	
POCUCU_Gymnetron_tetrum	0	0	1	0	0	0	0	0	0	0	0	0	0	0	0	0	0	0	0	0	0	0	0	0	0	0	0	0	0	
POCUCE_Phytobius_sp	0	0	0	0	1	0	0	0	0	0	0	0	0	0	0	0	0	0	0	0	0	0	0	0	0	0	0	0	0	
N123	4.48629e-09	1.01487e-07	2.60404e-06	5.25867e-05	0.000771397	0.00767796	0.0482039	0.174907	0.329603	0.290347	0.119522	0.0255197	0.00313811	0.000241368	1.23642e-05	4.42643e-07	1.15017e-08	2.23593e-10	3.33369e-12	3.8918e-14	3.62034e-16	2.72434e-18	1.68024e-20	8.59148e-23	3.67942e-25	1.33207e-27	4.1179e-30	1.11805e-32	3.73522e-35	
POCUCU_Gymnetron_antirhini	0	0	0	0	0	0	0	0	0	1	0	0	0	0	0	0	0	0	0	0	0	0	0	0	0	0	0	0	0	
POCUEN_Naupactus_xanthographus	0	0	0	0	0	0	0	0	1	0	0	0	0	0	0	0	0	0	0	0	0	0	0	0	0	0	0	0	0	
POCUEN_Sitona_hispidulus	0	0	0	0	0	0	0	0	0	0	0	0	0	0	0	0	0	0	0	1	0	0	0	0	0	0	0	0	0	
N124	0.000321397	0.000522664	0.00115532	0.00280863	0.00669039	0.0147774	0.0294625	0.0522934	0.0820025	0.113108	0.136863	0.145042	0.134488	0.109052	0.0773155	0.0479337	0.0259968	0.0123414	0.00513244	0.0018717	0.000599272	0.0001687	4.18321e-05	9.16151e-06	1.78074e-06	3.10722e-07	5.03375e-08	8.51284e-09	2.26544e-09	
POCUEN_Chlorophanus_sp	0	0	0	0	0	0	0	0	0	0	1	0	0	0	0	0	0	0	0	0	0	0	0	0	0	0	0	0	0	
N125	0.000157686	0.000269897	0.000638935	0.00166659	0.00425665	0.0100698	0.0214746	0.0407096	0.0680789	0.0999894	0.128641	0.144742	0.142298	0.122177	0.0916047	0.0599865	0.0343223	0.0171696	0.00751554	0.00288151	0.000968845	0.000286066	7.42986e-05	1.70139e-05	3.44964e-06	6.26089e-07	1.05387e-07	1.86535e-08	5.22676e-09	
N126	3.01284e-06	7.46842e-06	2.76461e-05	0.000109619	0.000411006	0.00138842	0.00413796	0.0107685	0.0243269	0.0475299	0.0801044	0.116234	0.145012	0.15541	0.143	0.112964	0.0766324	0.0446715	0.022399	0.00967346	0.00360418	0.0011608	0.000323944	7.85753e-05	1.66487e-05	3.11657e-06	5.33598e-07	9.45282e-08	2.62363e-08	
POCUEN_Strophosoma_melanogrammum	0	0	0	0	0	0	0	0	0	0	0	0	0	0	0	0	0	0	1	0	0	0	0	0	0	0	0	0	0	
POCUEN_Strophosoma_capitatum	0	0	0	0	0	0	0	0	0	0	1	0	0	0	0	0	0	0	0	0	0	0	0	0	0	0	0	0	0	
POCUEN_Brachyderes_incanus	0	0	0	0	0	0	0	0	0	1	0	0	0	0	0	0	0	0	0	0	0	0	0	0	0	0	0	0	0	
