NODE	23	24	25	26	27	28	29	30	31	32	33	34	35	36	37	38	39	40	41	42	43	44	45	46	47	48	49	50	51	52	53	54	55	56	57	58	
N1	0.0371172	0.0370569	0.0369343	0.0367476	0.0364961	0.0361797	0.035799	0.0353554	0.0348514	0.0342898	0.0336745	0.0330099	0.0323011	0.0315538	0.0307741	0.0299685	0.0291438	0.0283068	0.0274646	0.0266242	0.0257924	0.0249758	0.024181	0.0234139	0.0226803	0.0219855	0.0213346	0.020732	0.0201821	0.0196887	0.0192556	0.0188863	0.018584	0.0183521	0.018194	0.0181131	
N2	0.0899352	0.0855462	0.08115	0.0767392	0.072302	0.0678259	0.0633021	0.0587287	0.0541133	0.0494749	0.0448436	0.04026	0.035772	0.031432	0.027293	0.0234047	0.0198095	0.0165405	0.0136189	0.0110537	0.00884151	0.0069685	0.00541172	0.00414168	0.00312481	0.00232578	0.00170964	0.00124337	0.000897083	0.000644722	0.000464319	0.000337967	0.00025155	0.000194345	0.000158579	0.000139005	
N3	0.084889	0.0809564	0.0771951	0.0735571	0.0699837	0.066412	0.062782	0.059043	0.0551599	0.051118	0.0469251	0.0426121	0.0382309	0.0338495	0.0295463	0.0254023	0.0214942	0.0178881	0.0146342	0.0117639	0.00928972	0.00720557	0.00549018	0.00411056	0.00302622	0.00219317	0.0015674	0.00110756	0.000776772	0.000543654	0.000382566	0.000273385	0.000200915	0.000154135	0.000125433	0.000109899	
ADCAHA_Calathus_circumseptus	0	0	0	0	0	0	0	0	0	0	1	0	0	0	0	0	0	0	0	0	0	0	0	0	0	0	0	0	0	0	0	0	0	0	0	0	
N4	0.000106064	0.00023255	0.000695444	0.00208365	0.00568203	0.0137201	0.0290515	0.0536761	0.0862392	0.120174	0.144968	0.151205	0.136303	0.106224	0.0716434	0.0418915	0.0212864	0.00942688	0.00365065	0.00124081	0.000371591	9.84515e-05	2.31732e-05	4.86626e-06	9.15587e-07	1.55011e-07	2.37174e-08	3.29395e-09	4.17116e-10	4.83823e-11	5.16499e-12	5.09965e-13	4.68113e-14	4.02394e-15	3.35287e-16	3.87838e-17	
ADCAHA_Calathus_ascendens	0	0	0	0	0	0	0	0	0	0	0	0	0	1	0	0	0	0	0	0	0	0	0	0	0	0	0	0	0	0	0	0	0	0	0	0	
ADCAHA_Calathus_freyi	0	0	0	0	0	0	0	0	0	1	0	0	0	0	0	0	0	0	0	0	0	0	0	0	0	0	0	0	0	0	0	0	0	0	0	0	
ADCAHA_Calathus_auctus	0	0	0	0	1	0	0	0	0	0	0	0	0	0	0	0	0	0	0	0	0	0	0	0	0	0	0	0	0	0	0	0	0	0	0	0	
N5	0.0913319	0.0866723	0.0818387	0.0768717	0.0718147	0.0667131	0.0616132	0.0565609	0.0516008	0.0467754	0.0421233	0.0376791	0.0334727	0.029528	0.0258633	0.022491	0.0194172	0.0166424	0.0141619	0.011966	0.0100412	0.00837055	0.0069349	0.00571336	0.00468426	0.00382586	0.00311696	0.00253741	0.00206851	0.00169329	0.00139669	0.00116561	0.00098897	0.0008576	0.000764184	0.000703136	
N6	0.0948952	0.090031	0.0849638	0.0797348	0.0743878	0.0689691	0.0635267	0.0581098	0.0527685	0.047552	0.0425081	0.0376816	0.0331128	0.0288364	0.0248802	0.021264	0.0179995	0.0150897	0.0125294	0.0103061	0.00840082	0.00678949	0.00544462	0.00433661	0.00343524	0.00271093	0.00213571	0.00168401	0.00133308	0.00106328	0.00085803	0.000703724	0.000589467	0.000506779	0.000449289	0.000412447	
N7	0.094887	0.0900235	0.0849573	0.0797295	0.0743838	0.0689665	0.0635254	0.0581098	0.0527696	0.047554	0.0425108	0.0376848	0.0331162	0.0288399	0.0248836	0.0212672	0.0180024	0.0150922	0.0125315	0.0103078	0.00840212	0.00679047	0.00544533	0.00433709	0.00343555	0.00271111	0.0021358	0.00168404	0.00133308	0.00106325	0.000857993	0.000703684	0.000589428	0.000506743	0.000449256	0.000412416	
N8	0.0892259	0.0847682	0.0802204	0.0756028	0.0709358	0.0662404	0.0615386	0.0568544	0.0522138	0.0476453	0.0431792	0.0388471	0.0346811	0.0307119	0.0269681	0.0234743	0.0202503	0.0173098	0.0146601	0.0123017	0.010229	0.00843041	0.00688953	0.00558626	0.00449797	0.00360064	0.00287002	0.00228252	0.00181597	0.00145017	0.00116721	0.000951708	0.00079075	0.000673881	0.000592949	0.00054193	
ADCAHA_Calathus_asturiensis	0	0	0	0	0	0	0	0	0	0	0	0	0	0	0	0	0	0	0	1	0	0	0	0	0	0	0	0	0	0	0	0	0	0	0	0	
N9	0.123662	0.116832	0.109266	0.10103	0.0922006	0.0828911	0.0732634	0.0635296	0.05394	0.0447595	0.0362385	0.0285838	0.0219367	0.0163623	0.0118505	0.00832741	0.00567402	0.0037468	0.0023969	0.00148503	0.000890919	0.000517503	0.000291043	0.000158491	8.35866e-05	4.27051e-05	2.11463e-05	1.01557e-05	4.736e-06	2.14889e-06	9.52226e-07	4.15158e-07	1.80873e-07	8.14447e-08	4.07668e-08	2.6015e-08	
N10	0.121668	0.11525	0.108326	0.100835	0.0927205	0.083977	0.0746894	0.0650443	0.0553169	0.0458341	0.0369262	0.0288781	0.0218923	0.01607	0.0114115	0.00783354	0.00519521	0.00332721	0.00205699	0.00122729	0.000706548	0.000392437	0.000210288	0.000108716	5.42339e-05	2.61138e-05	1.21427e-05	5.45777e-06	2.37535e-06	1.00438e-06	4.15289e-07	1.70084e-07	7.07542e-08	3.13486e-08	1.60502e-08	1.06484e-08	
ADCAHA_Calathus_ambiguus	0	0	1	0	0	0	0	0	0	0	0	0	0	0	0	0	0	0	0	0	0	0	0	0	0	0	0	0	0	0	0	0	0	0	0	0	
ADCAHA_Calathus_granatensis	0	0	0	0	0	0	0	0	0	0	1	0	0	0	0	0	0	0	0	0	0	0	0	0	0	0	0	0	0	0	0	0	0	0	0	0	
ADCAHA_Calathus_melanocephalus	0	0	0	0	0	1	0	0	0	0	0	0	0	0	0	0	0	0	0	0	0	0	0	0	0	0	0	0	0	0	0	0	0	0	0	0	
ADCAHA_Calathus_rotundatus	0	1	0	0	0	0	0	0	0	0	0	0	0	0	0	0	0	0	0	0	0	0	0	0	0	0	0	0	0	0	0	0	0	0	0	0	
N11	0.0889585	0.0845228	0.0800042	0.0754216	0.0707936	0.0661391	0.0614786	0.0568344	0.0522311	0.047696	0.0432585	0.0389494	0.0348003	0.0308419	0.0271028	0.0236081	0.0203782	0.0174276	0.0147646	0.0123909	0.0103017	0.00848639	0.00692954	0.00561166	0.00451059	0.00360258	0.00286347	0.0022696	0.00179863	0.00143007	0.00114571	0.000929819	0.000769164	0.000653012	0.000572983	0.000522897	
N12	0.0992984	0.0941684	0.0887883	0.0832022	0.0774571	0.071603	0.0656933	0.0597851	0.0539384	0.0482152	0.0426772	0.037384	0.0323902	0.0277428	0.0234793	0.0196257	0.0161959	0.0131909	0.0106005	0.00840385	0.00657197	0.00506984	0.00385883	0.002899	0.00215109	0.00157807	0.00114633	0.000826369	0.00059306	0.000425635	0.000307397	0.000225293	0.000169405	0.000132434	0.000109227	9.63732e-05	
N13	0.0380034	0.0398733	0.0449442	0.0525052	0.0615994	0.0710105	0.0793406	0.0851983	0.0874609	0.0855313	0.0794939	0.0701016	0.0585883	0.0463709	0.0347385	0.024625	0.0165153	0.0104796	0.00629221	0.00357573	0.00192386	0.000980425	0.000473503	0.000216861	9.42601e-05	3.89199e-05	1.52828e-05	5.71487e-06	2.03847e-06	6.95025e-07	2.27161e-07	7.15075e-08	2.19044e-08	6.72058e-09	2.25786e-09	1.05946e-09	
ADCAHA_Calathus_mollis	0	0	0	0	0	1	0	0	0	0	0	0	0	0	0	0	0	0	0	0	0	0	0	0	0	0	0	0	0	0	0	0	0	0	0	0	
ADCAHA_Calathus_fuscipes	0	0	0	0	0	0	0	0	0	0	0	0	0	1	0	0	0	0	0	0	0	0	0	0	0	0	0	0	0	0	0	0	0	0	0	0	
ADCAHA_Calathus_brevis	0	0	0	0	0	1	0	0	0	0	0	0	0	0	0	0	0	0	0	0	0	0	0	0	0	0	0	0	0	0	0	0	0	0	0	0	
ADCAHA_Calathus_erratus	0	0	0	0	0	0	0	0	0	0	0	0	0	0	0	0	1	0	0	0	0	0	0	0	0	0	0	0	0	0	0	0	0	0	0	0	
N14	0.0912834	0.0866189	0.0817743	0.0767913	0.0717153	0.0665933	0.0614737	0.056404	0.0514307	0.0465972	0.0419432	0.0375037	0.0333083	0.0293808	0.0257385	0.0223926	0.0193481	0.0166041	0.0141546	0.0119888	0.010092	0.00844677	0.00703317	0.00583005	0.00481566	0.00396834	0.00326711	0.00269217	0.00222521	0.00184972	0.00155105	0.00131655	0.00113547	0.000998985	0.000900003	0.000833106	
N15	0.111474	0.105595	0.099309	0.0926473	0.0856435	0.0783448	0.0708215	0.0631717	0.0555205	0.0480128	0.0408016	0.0340338	0.0278364	0.0223048	0.0174958	0.013426	0.0100742	0.0073882	0.00529411	0.00370569	0.00253338	0.00169143	0.00110287	0.000702342	0.000436918	0.000265584	0.00015782	9.17523e-05	5.22587e-05	2.92324e-05	1.61354e-05	8.86851e-06	4.93883e-06	2.8769e-06	1.84733e-06	1.40238e-06	
ADCAHA_Calathus_rectus	0	0	0	0	1	0	0	0	0	0	0	0	0	0	0	0	0	0	0	0	0	0	0	0	0	0	0	0	0	0	0	0	0	0	0	0	
ADCAHA_Calathus_abaxoides	0	0	0	0	0	0	0	0	1	0	0	0	0	0	0	0	0	0	0	0	0	0	0	0	0	0	0	0	0	0	0	0	0	0	0	0	
ADCAHA_Calathus_micropterus	0	0	0	0	0	0	0	0	0	0	1	0	0	0	0	0	0	0	0	0	0	0	0	0	0	0	0	0	0	0	0	0	0	0	0	0	
