NODE	7	8	9	10	11	12	13	14	15	16	17	18	19	20	21	22	23	24	25	
N1	1.84742e-48	1.80078e-45	1.94695e-42	1.80162e-39	1.408e-36	9.17487e-34	4.91015e-31	2.1198e-28	7.22495e-26	1.89372e-23	3.69548e-21	5.15584e-19	1.09492e-13	3.97687e-10	4.95247e-07	0.000173561	0.0139596	0.220301	0.765566	
N2	2.45561e-45	2.80023e-41	3.48861e-37	3.35751e-33	2.43947e-29	1.30479e-25	4.98452e-22	1.31093e-18	2.26836e-15	2.43982e-12	1.51749e-09	4.97171e-07	7.59789e-05	0.00461813	0.0899716	0.402524	0.388429	0.104285	0.010096	
N3	3.69553e-35	2.58225e-31	1.7793e-27	8.31541e-24	2.50385e-20	4.58241e-17	4.7857e-14	2.69797e-11	7.8635e-09	1.14498e-06	8.05666e-05	0.00262596	0.0372098	0.208376	0.410272	0.273151	0.0627469	0.00531986	0.000216838	
N4	1.07228e-21	5.33943e-19	4.04124e-16	2.0388e-13	6.0962e-11	9.91448e-09	8.14577e-07	3.41094e-05	0.000744797	0.008627	0.0534881	0.177576	0.312682	0.285694	0.130322	0.0280214	0.00268995	0.000117274	3.02696e-06	
POSCSC_Phanaeus_chalcomelas	0	0	0	0	0	1	0	0	0	0	0	0	0	0	0	0	0	0	0	
N5	5.07753e-24	3.55643e-20	2.33371e-16	9.27529e-13	1.93361e-09	1.56695e-06	0.00011363	0.00256535	0.0250696	0.119538	0.287934	0.342745	0.184817	0.0361536	0.00105231	1.10768e-05	5.34653e-08	1.35685e-10	2.20995e-13	
N6	2.434e-51	7.27092e-46	1.72201e-40	2.56685e-35	2.27016e-30	1.09732e-25	2.61167e-21	2.87239e-17	1.4713e-13	3.5406e-10	3.90826e-07	0.000182387	0.0295439	0.966059	0.00421061	3.87151e-06	1.35142e-09	2.29113e-13	2.28511e-17	
POSCSC_Onitis_sp	0	0	0	0	0	0	0	0	0	0	0	0	0	1	0	0	0	0	0	
POSCSC_Malagoniella_sp	0	0	0	0	0	0	0	0	0	0	0	0	0	1	0	0	0	0	0	
N7	6.0197e-20	5.18631e-16	3.68641e-12	1.34374e-08	2.00878e-05	0.00761597	0.0954483	0.294397	0.349758	0.192127	0.052778	0.00735045	0.000492462	1.33751e-05	8.31553e-08	1.95857e-10	2.18228e-13	1.32352e-16	5.29739e-20	
POSCSC_Phanaeus_igneus	0	0	0	0	0	1	0	0	0	0	0	0	0	0	0	0	0	0	0	
POSCSC_Phanaeus_vindex	0	0	0	0	0	1	0	0	0	0	0	0	0	0	0	0	0	0	0	
N8	9.53882e-35	2.75619e-31	9.5958e-28	2.5085e-24	4.77117e-21	6.39602e-18	5.81778e-15	3.42905e-12	1.23795e-09	2.5535e-07	2.75908e-05	0.00139978	0.0290132	0.206629	0.426417	0.270932	0.0599564	0.00535498	0.000270247	
POSCSC_Cheironitis_sp	0	0	0	0	0	0	0	0	0	0	0	0	0	1	0	0	0	0	0	
N9	3.01728e-36	1.04683e-32	4.24321e-29	1.32626e-25	3.11621e-22	5.35151e-19	6.49212e-16	5.33427e-13	2.8146e-10	8.8978e-08	1.53429e-05	0.00126249	0.0403948	0.354619	0.444204	0.142626	0.0160681	0.000786361	2.3131e-05	
POSCSC_Bubas_bubalus	0	0	0	0	0	0	0	0	0	0	0	0	0	1	0	0	0	0	0	
POSCSC_Bubas_bison	0	0	0	0	0	0	0	0	0	0	0	0	0	1	0	0	0	0	0	
N10	2.56614e-56	3.40354e-51	3.91413e-46	3.33893e-41	2.06661e-36	9.03357e-32	2.6969e-27	5.27218e-23	6.39531e-19	4.48678e-15	1.65641e-11	2.8212e-08	1.82997e-05	0.00336237	0.111827	0.487257	0.342402	0.0525842	0.00254944	
N11	7.26896e-47	1.21214e-42	2.13358e-38	2.88761e-34	2.93298e-30	2.17797e-26	1.14594e-22	4.11249e-19	9.60392e-16	1.3753e-12	1.11832e-09	4.66027e-07	8.63834e-05	0.00582433	0.108347	0.430577	0.363886	0.083431	0.00784812	
N12	5.44596e-43	4.25684e-39	3.95844e-35	2.85873e-31	1.55993e-27	6.26751e-24	1.79762e-20	3.54396e-17	4.58197e-14	3.65981e-11	1.671e-08	3.931e-06	0.000413142	0.0159069	0.173235	0.453481	0.295268	0.0567971	0.00489495	
POSCSC_Digitonthophagus_gazella	0	0	0	0	0	0	0	0	0	0	0	0	0	1	0	0	0	0	0	
N13	9.82789e-50	4.23854e-45	1.74829e-40	5.52411e-36	1.3077e-31	2.25904e-27	2.75722e-23	2.28337e-19	1.21808e-15	3.90712e-12	6.84908e-09	5.69657e-06	0.00178292	0.132819	0.570359	0.267073	0.0271065	0.000842398	1.14343e-05	
N14	2.29747e-50	1.46331e-45	8.57185e-41	3.76858e-36	1.21654e-31	2.8073e-27	4.47713e-23	4.72557e-19	3.11843e-15	1.19095e-11	2.35907e-08	2.05397e-05	0.0059686	0.335192	0.55186	0.102937	0.00397525	4.7394e-05	2.62838e-07	
POSCSC_Onthophagus_taurus	0	0	0	0	0	0	0	0	0	0	0	0	0	1	0	0	0	0	0	
N15	5.15621e-51	3.91975e-46	2.69879e-41	1.39856e-36	5.33368e-32	1.4562e-27	2.74902e-23	3.43205e-19	2.67228e-15	1.19797e-11	2.75806e-08	2.73714e-05	0.00868575	0.474496	0.466329	0.0493884	0.00106588	7.25791e-06	2.35237e-08	
N16	5.53559e-57	1.26183e-51	2.49987e-46	3.76832e-41	4.22458e-36	3.42537e-31	1.93997e-26	7.34075e-22	1.7507e-17	2.4304e-13	1.75222e-09	5.49842e-06	0.00551272	0.884785	0.108259	0.00143288	4.50292e-06	5.11595e-09	2.90449e-12	
POSCSC_Onthophagus_similis	0	0	0	0	0	0	0	0	0	0	0	0	0	1	0	0	0	0	0	
POSCSC_Onthophagus_fracticornis	0	0	0	0	0	0	0	0	0	0	0	0	0	1	0	0	0	0	0	
POSCSC_Onthophagus_nuchicornis_M	0	0	0	0	0	0	0	0	0	0	0	0	0	1	0	0	0	0	0	
N17	1.94356e-44	1.16435e-41	6.95208e-39	3.47397e-36	1.43456e-33	9.54679e-31	2.9411e-26	1.09223e-21	2.36531e-17	2.76226e-13	1.55013e-09	3.4647e-06	0.00223568	0.221552	0.620656	0.149479	0.006012	6.20639e-05	2.64178e-07	
POSCSC_Caccobius_schreberi	0	0	0	0	0	0	0	0	0	0	0	0	0	1	0	0	0	0	0	
N18	4.29155e-50	7.5793e-47	1.34477e-43	3.09584e-40	1.60383e-35	1.40651e-30	7.75633e-26	2.57584e-21	4.91633e-17	5.02343e-13	2.46107e-09	4.81905e-06	0.00274281	0.242192	0.615867	0.134367	0.00478298	4.32953e-05	1.64017e-07	
POSCSC_Onthophagus_pennsylvannicus	0	0	0	0	0	0	0	0	0	0	0	0	0	1	0	0	0	0	0	
N19	6.967e-48	2.63337e-43	9.45225e-39	2.60039e-34	5.35541e-30	8.02575e-26	8.45044e-22	5.97991e-18	2.68442e-14	7.07161e-11	9.79011e-08	6.02435e-05	0.0124128	0.478975	0.459243	0.0482353	0.001066	7.91646e-06	2.9367e-08	
POSCSC_Onthophagus_hecate	0	0	0	0	0	0	0	0	0	0	0	0	0	1	0	0	0	0	0	
POSCSC_Onthophagus_marginicollis	0	0	0	0	0	0	0	0	0	0	0	0	0	1	0	0	0	0	0	
N20	3.45814e-43	2.11123e-39	1.49742e-35	8.46728e-32	3.74072e-28	1.26411e-24	3.18596e-21	5.80679e-18	7.36578e-15	6.1912e-12	3.23052e-09	9.54824e-07	0.000138911	0.00772972	0.0866105	0.315154	0.403826	0.169682	0.0168579	
POSCSC_Oniticellus_fulvus	0	0	0	0	0	0	0	0	0	0	0	0	0	1	0	0	0	0	0	
POSCSC_Tiniocellus_spinipes	0	0	0	0	0	0	0	0	0	0	0	0	0	0	0	0	0	1	0	
N21	8.21998e-48	1.43978e-44	1.69864e-41	9.62411e-39	3.69674e-36	1.44152e-31	9.81763e-27	3.77023e-22	7.52179e-18	7.04823e-14	2.7377e-10	3.78149e-07	0.0001537	0.0145077	0.236906	0.54349	0.192114	0.0125893	0.000239413	
N22	5.15574e-35	2.50701e-31	1.44502e-27	5.75904e-24	1.50004e-20	2.45073e-17	2.39821e-14	1.33514e-11	4.01123e-09	6.205e-07	4.72811e-05	0.00168927	0.0266314	0.171719	0.412006	0.320819	0.0638138	0.00320513	6.80361e-05	
N23	4.20837e-16	6.1316e-14	8.72698e-12	7.50679e-10	3.99992e-08	1.37225e-06	3.10167e-05	0.000465325	0.00460336	0.0294201	0.11706	0.273217	0.340113	0.192898	0.0387857	0.00327376	0.000127792	2.56356e-06	3.37893e-08	
POSCSC_Oruscatus_davus	0	0	0	0	0	0	0	0	0	0	0	0	0	1	0	0	0	0	0	
POSCSC_Eurysternus_caribaeus	0	1	0	0	0	0	0	0	0	0	0	0	0	0	0	0	0	0	0	
N24	1.72296e-28	1.62653e-25	2.39313e-22	2.60747e-19	1.95961e-16	9.67542e-14	2.96328e-11	5.27402e-09	5.15279e-07	2.72664e-05	0.000773829	0.0114612	0.0840376	0.281387	0.388571	0.199181	0.0326647	0.00183949	5.61024e-05	
POSCSC_Deltochilum_amazonicum	0	0	0	0	0	0	0	1	0	0	0	0	0	0	0	0	0	0	0	
POSCSC_Ontherus_sp	0	0	0	0	0	0	0	0	0	0	0	0	0	1	0	0	0	0	0	
N25	1.31596e-47	1.26643e-44	9.99124e-42	2.30221e-38	1.05003e-33	3.73206e-29	8.53885e-25	1.20257e-20	9.82466e-17	4.29886e-13	9.03839e-10	7.87666e-07	0.000233151	0.0180199	0.258308	0.53783	0.174705	0.0106998	0.000204245	
N26	3.75884e-49	1.69952e-44	7.11145e-40	2.22609e-35	5.08097e-31	8.20116e-27	9.01593e-23	6.44138e-19	2.81713e-15	6.97482e-12	8.79737e-09	4.87684e-06	0.000957593	0.0480292	0.38666	0.463734	0.095969	0.00456	8.52372e-05	
N27	2.75165e-48	1.34651e-43	5.98086e-39	1.96653e-34	4.65338e-30	7.65933e-26	8.40846e-22	5.83949e-18	2.39664e-14	5.31302e-11	5.62965e-08	2.40422e-05	0.00326293	0.103091	0.484392	0.358649	0.0488945	0.00166318	2.38457e-05	
N28	1.90025e-35	6.0198e-32	2.40295e-28	7.32087e-25	1.64941e-21	2.66405e-18	2.96854e-15	2.17427e-12	9.83246e-10	2.52596e-07	3.28976e-05	0.00185726	0.0375561	0.248243	0.461941	0.220758	0.0282735	0.00130381	3.33311e-05	
POSCSC_Gromphas_sp	0	0	0	0	0	0	0	0	0	0	0	0	0	1	0	0	0	0	0	
POSCSC_Canthon_indigaceus	0	0	0	0	0	0	0	0	0	0	0	1	0	0	0	0	0	0	0	
N29	6.08953e-48	3.13606e-43	1.45879e-38	5.0458e-34	1.2624e-29	2.20903e-25	2.59304e-21	1.93628e-17	8.58218e-14	2.05626e-10	2.33377e-07	0.000102971	0.0128585	0.268509	0.544109	0.164309	0.00993737	0.000172055	1.33189e-06	
N30	7.37311e-45	2.86454e-40	1.05895e-35	2.85786e-31	5.47275e-27	7.185e-23	6.18567e-19	3.2923e-15	9.99381e-12	1.54146e-08	1.01354e-05	0.00212861	0.0869249	0.539735	0.336551	0.0338672	0.000776796	5.90887e-06	2.20976e-08	
POSCSC_Canthidium_sp	0	0	0	0	0	0	0	0	0	0	0	1	0	0	0	0	0	0	0	
N31	7.43944e-41	4.6242e-38	2.78032e-35	1.34147e-32	5.61444e-30	4.25641e-26	1.82657e-21	4.42453e-17	5.33426e-13	2.77667e-09	4.98127e-06	0.00211575	0.107671	0.618187	0.257947	0.0139209	0.000152777	5.08119e-07	7.88321e-10	
POSCSC_Eucranium_arachnoides	0	0	0	0	0	0	0	0	0	0	0	1	0	0	0	0	0	0	0	
N32	5.94137e-45	4.66704e-42	4.10217e-39	4.04901e-35	3.71223e-30	2.1032e-25	6.58531e-21	1.09557e-16	9.25268e-13	3.59674e-09	5.26338e-06	0.00202958	0.106287	0.621138	0.256585	0.0137993	0.000155919	5.54393e-07	9.44121e-10	
POSCSC_Bolbites_onitoides	0	0	0	0	0	0	0	0	0	0	0	0	0	1	0	0	0	0	0	
N33	2.18889e-50	3.97717e-45	6.05236e-40	6.57113e-35	4.98894e-30	2.5776e-25	8.73213e-21	1.84235e-16	2.24919e-12	1.42133e-08	3.85591e-05	0.0303366	0.341327	0.616451	0.0117987	4.7244e-05	6.51072e-08	4.00792e-11	1.39758e-14	
POSCSC_Glyphoderus_sterquilinus	0	0	0	0	0	0	0	0	0	0	0	1	0	0	0	0	0	0	0	
POSCSC_Sulcophanaeus_sp	0	0	0	0	0	0	0	0	0	0	0	0	0	1	0	0	0	0	0	
N34	8.79517e-42	1.08918e-37	1.4168e-33	1.40057e-29	1.02454e-25	5.37858e-22	1.95101e-18	4.66167e-15	6.89609e-12	5.8133e-09	2.4872e-06	0.000455371	0.0272687	0.341337	0.500522	0.122902	0.00735627	0.000154515	1.70314e-06	
POSCSC_Coprophanaeus_sp	0	0	0	0	0	0	0	0	0	0	0	0	0	1	0	0	0	0	0	
N35	2.71985e-44	6.84889e-40	1.68192e-35	3.15263e-31	4.39533e-27	4.4189e-23	3.08286e-19	1.42125e-15	4.05999e-12	6.5786e-09	5.31224e-06	0.00173327	0.15114	0.691055	0.149307	0.0066645	9.38873e-05	5.50289e-07	1.81917e-09	
POSCSC_Oxysternon_sp	0	0	0	0	0	0	0	0	0	0	0	0	1	0	0	0	0	0	0	
POSCSC_Scarabaeus_sp	0	0	0	0	0	0	0	0	0	0	0	0	0	1	0	0	0	0	0	
N36	3.5764e-36	1.16571e-32	4.58787e-29	1.38772e-25	3.1367e-22	5.1448e-19	5.90867e-16	4.54611e-13	2.21592e-10	6.36561e-08	9.79276e-06	0.000708941	0.0203143	0.186646	0.449925	0.287092	0.05178	0.00340048	0.000122986	
POSCSC_Heliocopris_sp	0	0	0	0	0	0	0	0	0	0	0	0	0	1	0	0	0	0	0	
N37	1.02608e-37	8.07621e-34	6.77112e-30	4.31442e-26	2.03174e-22	6.8428e-19	1.58173e-15	2.37928e-12	2.16785e-09	1.07981e-06	0.000250239	0.019932	0.220003	0.561709	0.180801	0.0167199	0.000575783	8.92311e-06	8.2155e-08	
POSCSC_Paragymnopleurus_sp	0	0	0	0	0	0	0	0	0	0	0	1	0	0	0	0	0	0	0	
POSCSC_Gymnopleurus_sp	0	0	0	0	0	0	0	0	0	0	0	0	0	1	0	0	0	0	0	
N38	2.56314e-30	3.43212e-27	6.02825e-24	7.96862e-21	7.6598e-18	5.17259e-15	2.35328e-12	6.85063e-10	1.19671e-07	1.15722e-05	0.000559935	0.0120171	0.102004	0.327547	0.374192	0.157217	0.0247398	0.00164692	6.51578e-05	
POSCSC_Sisyphus_sp	0	0	0	0	0	0	0	0	0	0	0	0	0	1	0	0	0	0	0	
N39	1.25846e-30	1.31804e-26	1.3543e-22	9.51617e-19	4.30431e-15	1.15108e-11	1.58719e-08	8.5969e-06	0.000670852	0.0179019	0.179842	0.574403	0.206584	0.0198942	0.0006852	9.95442e-06	6.76519e-08	2.38654e-10	5.21909e-13	
POSCSC_Copris_sinicus	0	0	0	0	0	0	0	1	0	0	0	0	0	0	0	0	0	0	0	
N40	2.39239e-37	1.47162e-32	7.1539e-28	2.22775e-23	4.13651e-19	4.14675e-15	1.94368e-11	3.4339e-08	1.69753e-05	0.00234222	0.0870879	0.691877	0.207062	0.0114941	0.000120066	3.97634e-07	5.40256e-10	3.54757e-13	1.36202e-16	
N41	6.25829e-43	4.24864e-37	2.10763e-31	6.78299e-26	1.34062e-20	1.49466e-15	8.11309e-11	1.5432e-06	0.000221652	0.00955512	0.140936	0.586029	0.243393	0.0198545	9.69149e-06	1.42738e-09	9.21862e-14	3.10936e-18	6.2846e-23	
POSCSC_Copris_lugubris	0	0	0	0	0	0	0	1	0	0	0	0	0	0	0	0	0	0	0	
POSCSC_Microcopris_sp	0	0	0	0	0	0	0	0	0	0	0	0	0	1	0	0	0	0	0	
POSCSC_Paracopris_sp	0	0	0	0	0	0	0	0	0	0	0	1	0	0	0	0	0	0	0	
N42	2.06033e-58	8.00216e-54	3.32718e-49	1.07522e-44	2.65202e-40	4.91063e-36	6.69224e-32	6.55363e-28	4.47952e-24	2.06225e-20	6.11899e-17	1.1075e-13	1.14057e-10	6.11294e-08	1.51662e-05	0.00148447	0.0457071	0.344407	0.608387	
N43	1.68294e-62	1.75197e-57	1.67785e-52	1.22939e-47	6.78344e-43	2.76666e-38	8.15527e-34	1.69052e-29	2.38308e-25	2.19153e-21	1.248e-17	4.11824e-14	7.22536e-11	6.0142e-08	2.03641e-05	0.00227718	0.0648522	0.391189	0.541661	
N44	1.15768e-52	1.69315e-48	3.26253e-44	5.01084e-40	5.86467e-36	5.13629e-32	3.29976e-28	1.5183e-24	4.86069e-21	1.04514e-17	1.44525e-14	1.21784e-11	5.84119e-09	1.45983e-06	0.000168817	0.00766092	0.110178	0.4282	0.453791	
POSCCH_Chiron_sp	0	0	0	0	0	0	0	0	0	0	0	0	0	1	0	0	0	0	0	
N45	8.37741e-54	2.42792e-49	6.91916e-45	1.53873e-40	2.62089e-36	3.34663e-32	3.12364e-28	2.06775e-24	9.35963e-21	2.76985e-17	5.06675e-14	5.33336e-11	2.94289e-08	7.52134e-06	0.000755283	0.0242843	0.208161	0.462666	0.304127	
N46	4.29807e-45	2.84974e-41	2.42033e-37	1.63041e-33	8.41758e-30	3.25554e-26	9.18622e-23	1.83244e-19	2.48738e-16	2.19271e-13	1.18453e-10	3.64498e-08	5.82041e-06	0.000427887	0.0124483	0.121594	0.369767	0.362769	0.132988	
POSCSE_Serica_sp	0	0	0	0	0	0	0	0	0	0	0	0	0	1	0	0	0	0	0	
N47	1.83274e-46	2.2606e-42	3.10538e-38	3.28709e-34	2.6137e-30	1.52303e-26	6.31539e-23	1.7985e-19	3.36794e-16	3.92929e-13	2.6677e-10	9.65567e-08	1.66259e-05	0.00117526	0.0285171	0.203341	0.421235	0.275879	0.0698369	
N48	5.25171e-37	1.63034e-33	6.22831e-30	1.87503e-26	4.34244e-23	7.54803e-20	9.55788e-17	8.49816e-14	5.06341e-11	1.90155e-08	4.13785e-06	0.000461198	0.0215768	0.291024	0.454658	0.196647	0.0329915	0.00253115	0.000105619	
POSCME_Apogonia_sp	0	0	0	0	0	0	0	0	0	0	0	0	0	1	0	0	0	0	0	
POSCME_Hoplia_sp	0	0	0	0	0	0	0	0	0	0	0	0	0	1	0	0	0	0	0	
N49	7.31368e-46	9.8568e-42	1.39929e-37	1.5282e-33	1.25437e-29	7.54117e-26	3.21944e-22	9.39885e-19	1.79076e-15	2.09909e-12	1.40255e-09	4.82784e-07	7.46316e-05	0.00429964	0.0735069	0.328616	0.408733	0.159575	0.0251944	
N50	8.73254e-42	7.77318e-38	7.6233e-34	5.78679e-30	3.3203e-26	1.40249e-22	4.22332e-19	8.7119e-16	1.17007e-12	9.57088e-10	4.35053e-07	9.6172e-05	0.00836214	0.19391	0.484188	0.264234	0.0459692	0.0031345	0.000106475	
POSCME_Phyllophaga_delata_M	0	0	0	0	0	0	0	0	0	0	0	0	0	1	0	0	0	0	0	
N51	1.81583e-44	3.4642e-40	6.5965e-36	9.60111e-32	1.04231e-27	8.19936e-24	4.51061e-20	1.65951e-16	3.85523e-13	5.23826e-10	3.74195e-07	0.000120031	0.0133943	0.322179	0.502166	0.148934	0.0127922	0.000406742	6.67721e-06	
POSCME_Phyllophaga_drakii	0	0	0	0	0	0	0	0	0	0	0	0	0	1	0	0	0	0	0	
POSCME_Phyllophaga_fusca	0	0	0	0	0	0	0	0	0	0	0	0	0	1	0	0	0	0	0	
N52	6.61744e-46	1.32204e-41	2.57367e-37	3.78492e-33	4.10097e-29	3.1789e-25	1.70123e-21	6.01618e-18	1.33072e-14	1.71582e-11	1.17556e-08	3.7765e-06	0.000478966	0.0190581	0.187539	0.443444	0.286134	0.0582301	0.00511248	
N53	9.67086e-38	3.62357e-34	1.61661e-30	5.6039e-27	1.47169e-23	2.85011e-20	3.93923e-17	3.73136e-14	2.30099e-11	8.63809e-09	1.8025e-06	0.00018376	0.00755941	0.0961339	0.369948	0.384133	0.125813	0.0152593	0.000967448	
POSCME_Schizonycha_sp	0	0	0	0	0	0	0	0	0	0	0	0	0	0	1	0	0	0	0	
POSCME_Haplidia_sp	0	0	0	0	0	0	0	0	0	0	0	0	1	0	0	0	0	0	0	
N54	1.92398e-38	7.66191e-35	3.6956e-31	1.38197e-27	3.9055e-24	8.12586e-21	1.206e-17	1.22799e-14	8.16879e-12	3.33324e-09	7.67486e-07	8.89431e-05	0.00441237	0.0743791	0.324569	0.407911	0.1633	0.0235952	0.00174294	
POSCME_Amphimallon_solstitiale	0	0	0	0	0	0	0	0	0	0	0	0	0	1	0	0	0	0	0	
POSCME_Melolontha_sp	0	0	0	0	0	0	0	0	0	0	0	0	0	1	0	0	0	0	0	
N55	1.53847e-45	1.10043e-41	9.51482e-38	6.50899e-34	3.43494e-30	1.3687e-26	4.01514e-23	8.41236e-20	1.21316e-16	1.15054e-13	6.7772e-11	2.30571e-08	4.12649e-06	0.00034445	0.011508	0.127225	0.394905	0.353486	0.112527	
N56	1.53261e-53	7.58822e-49	3.51822e-44	1.24981e-39	3.32999e-35	6.4897e-31	8.97577e-27	8.49112e-23	5.2481e-19	1.99954e-15	4.35359e-12	4.8912e-09	2.4562e-06	0.000445995	0.0214526	0.218341	0.473014	0.245711	0.0410327	
N57	3.54656e-50	1.06697e-45	3.08463e-41	6.82453e-37	1.12953e-32	1.36187e-28	1.1586e-24	6.68962e-21	2.49785e-17	5.67328e-14	7.23795e-11	4.66256e-08	1.31005e-05	0.00131371	0.0372144	0.2703	0.465234	0.19579	0.0301352	
N58	2.45907e-44	1.40332e-40	9.27575e-37	4.904e-33	2.03494e-29	6.49523e-26	1.55718e-22	2.72534e-19	3.36369e-16	2.80503e-13	1.49722e-10	4.76857e-08	8.25104e-06	0.000681305	0.0223096	0.221948	0.480004	0.23203	0.0430183	
POSCRU_Adoretus_lasiopygus	0	0	0	0	0	0	0	0	0	0	0	0	0	0	0	1	0	0	0	
POSCRU_Adoretus_versutus	0	0	0	0	0	0	0	0	0	0	0	0	0	0	0	0	1	0	0	
N59	6.95016e-42	4.02426e-38	2.88417e-34	1.6125e-30	6.85157e-27	2.1579e-23	4.88842e-20	7.6775e-17	7.9845e-14	5.18603e-11	1.94868e-08	3.8221e-06	0.000339779	0.0113161	0.11516	0.370245	0.373036	0.114965	0.0149341	
POSCCE_Protaetia_cuprea	0	0	0	0	0	0	0	0	0	0	0	0	0	1	0	0	0	0	0	
POSCCE_Trichius_zonatus	0	0	0	0	0	0	0	0	0	0	0	0	0	1	0	0	0	0	0	
N60	4.00043e-51	1.86426e-46	8.10878e-42	2.66726e-37	6.47509e-33	1.12708e-28	1.35822e-24	1.08512e-20	5.44233e-17	1.59695e-13	2.49666e-10	1.82901e-07	5.23539e-05	0.00453049	0.0881621	0.381009	0.403023	0.112461	0.0107619	
N61	7.92769e-40	4.43997e-36	2.8776e-32	1.43608e-28	5.37093e-25	1.46369e-21	2.80972e-18	3.64402e-15	3.03024e-12	1.51062e-09	4.13142e-07	5.4971e-05	0.00301681	0.0550938	0.279645	0.423398	0.203505	0.0328653	0.0024202	
POSCDY_Cyclocephala_sp	0	0	0	0	0	0	0	0	0	0	0	0	0	1	0	0	0	0	0	
N62	2.68561e-37	1.47403e-33	8.87093e-30	4.03277e-26	1.34589e-22	3.19142e-19	5.16475e-16	5.42345e-13	3.4632e-10	1.23432e-07	2.18525e-05	0.00163436	0.0414614	0.28264	0.439253	0.201181	0.0317827	0.0019611	6.3779e-05	
N63	3.20248e-43	9.41437e-39	2.63742e-34	5.5404e-30	8.49733e-26	9.20967e-22	6.76745e-18	3.19333e-14	8.98426e-11	1.35293e-07	9.15962e-05	0.019641	0.249915	0.639215	0.0878864	0.00320793	4.24735e-05	2.46216e-07	8.06012e-10	
POSCDY_Phyllognathus_dionysius	0	0	0	0	0	0	0	0	0	0	0	0	0	1	0	0	0	0	0	
POSCDY_Oryctes_nasicornis	0	0	0	0	0	0	0	0	0	0	0	1	0	0	0	0	0	0	0	
N64	1.89087e-51	3.91092e-46	7.02133e-41	9.04285e-36	8.19474e-31	5.09373e-26	2.09755e-21	5.45417e-17	8.3636e-13	6.82012e-09	2.48427e-05	0.0278545	0.307754	0.651787	0.0125152	6.39167e-05	1.22638e-07	1.06781e-10	5.18686e-14	
POSCDY_Dynastes_sp	0	0	0	0	0	0	0	0	0	0	0	1	0	0	0	0	0	0	0	
POSCDY_Pentodon_sp	0	0	0	0	0	0	0	0	0	0	0	0	0	1	0	0	0	0	0	
N65	1.29877e-42	1.47455e-38	1.74399e-34	1.57031e-30	1.04886e-26	5.04435e-23	1.68478e-19	3.73663e-16	5.20011e-13	4.2192e-10	1.80939e-07	3.584e-05	0.0027162	0.0612688	0.314597	0.426469	0.171588	0.022099	0.001226	
N66	9.70998e-39	6.56164e-35	4.80436e-31	2.69261e-27	1.1251e-23	3.39981e-20	7.15624e-17	1.00089e-13	8.75035e-11	4.40577e-08	1.13893e-05	0.00127577	0.0477127	0.414577	0.420424	0.106536	0.00913592	0.000320494	6.15979e-06	
POSCRU_Mimela_sp	0	0	0	0	0	0	0	0	0	0	0	0	0	1	0	0	0	0	0	
N67	8.72163e-53	2.47432e-47	5.79934e-42	9.72237e-37	1.14355e-31	9.19205e-27	4.87121e-22	1.6193e-17	3.1449e-13	3.204e-09	1.42829e-05	0.0189801	0.273709	0.691283	0.0159282	8.56987e-05	1.58229e-07	1.25136e-10	5.39032e-14	
POSCRU_Popillia_japonica	0	0	0	0	0	0	0	0	0	0	0	1	0	0	0	0	0	0	0	
POSCRU_Phyllopertha_sp	0	0	0	0	0	0	0	0	0	0	0	0	0	1	0	0	0	0	0	
N68	8.3154e-39	6.10775e-35	4.89577e-31	2.97647e-27	1.33354e-23	4.26222e-20	9.33519e-17	1.33134e-13	1.15632e-10	5.58292e-08	1.31467e-05	0.0012385	0.0349353	0.278632	0.451623	0.202245	0.0296498	0.00161718	4.53589e-05	
N69	3.09942e-42	4.15356e-38	5.63794e-34	5.83834e-30	4.49621e-26	2.49874e-22	9.65837e-19	2.47966e-15	3.98654e-12	3.71341e-09	1.80156e-06	0.000390047	0.0294783	0.48631	0.410331	0.0697883	0.003626	7.33982e-05	8.10681e-07	
POSCRU_Anomala_dorsalis	0	0	0	0	0	0	0	0	0	0	0	0	0	1	0	0	0	0	0	
N70	1.92067e-40	1.37203e-67	4.59897e-60	4.21594e-53	1.66641e-46	3.32904e-40	3.62014e-34	2.1899e-28	7.30491e-23	1.2926e-17	1.11977e-12	4.13679e-08	0.000498076	0.993808	0.00568861	4.78948e-06	1.14974e-09	1.0552e-13	4.68781e-18	
POSCRU_Anomala_varicolor	0	0	0	0	0	0	0	0	0	0	0	0	0	1	0	0	0	0	0	
POSCRU_Anomala_polita	0	0	0	0	0	0	0	0	0	0	0	0	0	1	0	0	0	0	0	
POSCRU_Anomala_bengalensis	0	0	0	0	0	0	0	0	0	0	0	1	0	0	0	0	0	0	0	
N71	2.08209e-47	5.49423e-43	1.5954e-38	3.57067e-34	6.01699e-30	7.45868e-26	6.60739e-22	4.03182e-18	1.61516e-14	3.98088e-11	5.5044e-08	3.70743e-05	0.00953095	0.548634	0.390275	0.0494656	0.00202349	3.40802e-05	2.75147e-07	
POSCCE_Cetonia_aurata	0	0	0	0	0	0	0	0	0	0	0	0	0	1	0	0	0	0	0	
N72	2.93852e-54	4.40209e-49	5.76824e-44	5.68133e-39	4.10802e-34	2.11851e-29	7.51508e-25	1.75089e-20	2.52138e-16	2.06602e-12	8.55528e-09	1.49059e-05	0.00794175	0.645046	0.324273	0.022313	0.000409438	2.70183e-06	8.38051e-09	
POSCCE_Tropinota_sp	0	0	0	0	0	0	0	0	0	0	0	0	0	1	0	0	0	0	0	
N73	4.07253e-64	4.4013e-58	3.71777e-52	2.25456e-46	9.67855e-41	2.88266e-35	5.79363e-30	7.56421e-25	6.08668e-20	2.80113e-15	6.59702e-11	6.65531e-07	0.00208441	0.962221	0.0355503	0.000143397	1.44234e-07	5.3401e-11	9.71612e-15	
POSCCE_Cremastocheilus_sp	0	0	0	0	0	0	0	0	0	0	0	0	0	1	0	0	0	0	0	
POSCCE_Oxythyrea_sp	0	0	0	0	0	0	0	0	0	0	0	0	0	1	0	0	0	0	0	
N74	2.84406e-58	1.95098e-53	1.27025e-48	6.4656e-44	2.5258e-39	7.41215e-35	1.59254e-30	2.42834e-26	2.5289e-22	1.71396e-18	7.10499e-15	1.6592e-11	1.9496e-08	9.8032e-06	0.00165676	0.0659636	0.412394	0.41473	0.105247	
N75	1.42755e-57	1.05701e-52	7.6037e-48	4.20785e-43	1.75396e-38	5.37805e-34	1.17909e-29	1.78574e-25	1.79057e-21	1.12711e-17	4.16175e-14	8.25198e-11	7.81313e-08	3.01223e-05	0.003785	0.110603	0.48899	0.337514	0.0590778	
N76	1.4301e-33	1.55865e-30	2.45515e-27	3.07354e-24	2.97361e-21	2.17208e-18	1.16521e-15	4.4397e-13	1.15319e-10	1.93978e-08	1.97922e-06	0.000112551	0.00319667	0.0396727	0.191087	0.366148	0.288254	0.0952007	0.0163263	
POSCAP_Aphodius_contaminatus	0	0	0	0	0	0	0	0	0	0	0	0	0	1	0	0	0	0	0	
POSCAP_Aphodius_obliteratus	0	0	0	0	0	0	0	0	0	0	0	0	0	1	0	0	0	0	0	
N77	6.61231e-54	1.43639e-50	2.71538e-47	3.50955e-44	2.53818e-41	1.92899e-38	1.25384e-33	9.89427e-29	4.83139e-24	1.36578e-19	2.0444e-15	1.43385e-11	3.96562e-08	3.37003e-05	0.00616695	0.163665	0.541969	0.258568	0.0295979	
N78	5.56144e-50	1.42526e-45	4.04242e-41	8.77751e-37	1.41989e-32	1.67002e-28	1.38644e-24	7.8307e-21	2.87259e-17	6.44851e-14	8.19368e-11	5.30762e-08	1.5184e-05	0.00157264	0.0457159	0.313239	0.473937	0.150373	0.0151464	
POSCAP_Aphodius_vittatus	0	0	0	0	0	0	0	0	0	0	0	0	0	1	0	0	0	0	0	
N79	7.482e-49	1.93071e-44	5.37857e-40	1.13265e-35	1.75402e-31	1.94548e-27	1.49663e-23	7.67371e-20	2.49424e-16	4.81968e-13	5.09012e-10	2.62514e-07	5.66869e-05	0.00415909	0.0810405	0.379069	0.41886	0.107175	0.00963923	
POSCAP_Aphodius_distinctus	0	0	0	0	0	0	0	0	0	0	0	0	0	1	0	0	0	0	0	
N80	2.57678e-45	3.93175e-41	6.50784e-37	8.19034e-33	7.62278e-29	5.09968e-25	2.36971e-21	7.33267e-18	1.43328e-14	1.65435e-11	1.0324e-08	3.09463e-06	0.000379047	0.0152813	0.161	0.439676	0.317326	0.0614779	0.00485661	
POSCAP_Aphodius_sphacelatus	0	0	0	0	0	0	0	0	0	0	0	0	0	1	0	0	0	0	0	
N81	3.10053e-39	1.35663e-35	7.28907e-32	3.03591e-28	9.54503e-25	2.20661e-21	3.63386e-18	4.10017e-15	3.01902e-12	1.36294e-09	3.47569e-07	4.48165e-05	0.00250584	0.0492062	0.268893	0.432069	0.211619	0.0331652	0.00249629	
N82	2.11869e-37	5.33002e-60	3.32978e-53	5.84529e-47	4.51726e-41	1.80378e-35	4.0237e-30	5.15028e-25	3.77965e-20	1.54775e-15	3.32094e-11	3.34396e-07	0.00126289	0.979138	0.0195229	7.57264e-05	1.00107e-07	5.56527e-11	1.50015e-14	
POSCAP_Aphodius_sticticus	0	0	0	0	0	0	0	0	0	0	0	0	0	1	0	0	0	0	0	
POSCAP_Aphodius_prodromus	0	0	0	0	0	0	0	0	0	0	0	0	0	1	0	0	0	0	0	
POSCAP_Aphodius_consputus	0	0	0	0	0	0	0	0	0	0	0	0	0	1	0	0	0	0	0	
N83	2.097e-49	1.86204e-46	1.7053e-43	1.05093e-40	4.09328e-38	5.50477e-34	1.6787e-29	3.37158e-25	4.27583e-21	3.25486e-17	1.38756e-13	3.00877e-10	2.89454e-07	0.00010145	0.00981995	0.186875	0.537297	0.239002	0.026904	
N84	7.25704e-50	2.3112e-45	7.02671e-41	1.62991e-36	2.81859e-32	3.5363e-28	3.11503e-24	1.85055e-20	7.05081e-17	1.61596e-13	2.04839e-10	1.28255e-07	3.39206e-05	0.00305046	0.0715001	0.377236	0.427795	0.110303	0.0100816	
N85	4.97023e-38	1.58955e-34	6.36661e-31	1.99709e-27	4.7823e-24	8.52389e-21	1.09699e-17	9.82138e-15	5.83941e-12	2.17262e-09	4.67812e-07	5.24249e-05	0.00263587	0.0483447	0.256225	0.423547	0.225763	0.0400156	0.0034168	
POSCAP_Aphodius_borealis	0	0	0	0	0	0	0	0	0	0	0	0	0	1	0	0	0	0	0	
POSCAP_Aphodius_paykulli	0	0	0	0	0	0	0	0	0	0	0	0	0	1	0	0	0	0	0	
N86	2.6591e-45	3.37559e-41	4.67496e-37	4.98735e-33	3.99703e-29	2.34411e-25	9.74687e-22	2.76432e-18	5.09563e-15	5.74164e-12	3.65054e-09	1.17677e-06	0.000166151	0.00841991	0.120726	0.43231	0.356804	0.0751288	0.00644391	
POSCAP_Aphodius_haemorrhoidalis	0	0	0	0	0	0	0	0	0	0	0	0	0	1	0	0	0	0	0	
N87	1.75406e-41	9.87493e-38	6.41811e-34	3.27331e-30	1.28075e-26	3.7524e-23	7.99645e-20	1.19631e-16	1.20233e-13	7.67486e-11	2.89081e-08	5.81247e-06	0.000540972	0.0188559	0.182665	0.468489	0.278095	0.0475973	0.00374979	
POSCAP_Aphodius_moestus	0	0	0	0	0	0	0	0	0	0	0	0	0	0	0	1	0	0	0	
POSCAP_Aphodius_erraticus	0	0	0	0	0	0	0	0	0	0	0	0	0	1	0	0	0	0	0	
N88	3.06976e-43	3.57087e-39	4.55326e-35	4.42546e-31	3.19443e-27	1.66488e-23	6.05333e-20	1.47124e-16	2.26441e-13	2.05724e-10	1.00405e-07	2.30901e-05	0.00206923	0.054663	0.305566	0.429605	0.180748	0.0256376	0.00168763	
N89	5.56727e-42	5.21137e-38	5.56858e-34	4.52529e-30	2.72289e-26	1.17925e-22	3.55107e-19	7.12213e-16	9.00873e-13	6.69453e-10	2.65803e-07	4.94435e-05	0.0035692	0.0761769	0.348377	0.408509	0.144676	0.0175931	0.00104977	
POSCAP_Aphodius_ater	0	0	0	0	0	0	0	0	0	0	0	0	0	1	0	0	0	0	0	
POSCAP_Aphodius_constans	0	0	0	0	0	0	0	0	0	0	0	0	0	1	0	0	0	0	0	
POSCAP_Aphodius_rufus	0	0	0	0	0	0	0	0	0	0	0	0	0	1	0	0	0	0	0	
N90	2.47498e-52	8.39543e-48	2.87429e-43	7.57311e-39	1.50217e-34	2.18922e-30	2.27646e-26	1.62969e-22	7.68374e-19	2.2562e-15	3.83922e-12	3.44347e-09	1.43339e-06	0.000233229	0.0119112	0.155316	0.464404	0.306836	0.0612976	
N91	1.67553e-51	7.71666e-47	3.32258e-42	1.07248e-37	2.53164e-33	4.24552e-29	4.88428e-25	3.6937e-21	1.7413e-17	4.78525e-14	7.03099e-11	4.93138e-08	1.4215e-05	0.00139168	0.0378914	0.262822	0.460261	0.205586	0.0320327	
N92	8.8052e-44	7.81258e-40	7.98593e-36	6.28191e-32	3.70561e-28	1.59674e-24	4.87043e-21	1.01219e-17	1.36711e-14	1.13084e-11	5.30899e-09	1.28122e-06	0.00013964	0.00584252	0.079509	0.331404	0.410941	0.150177	0.021985	
N93	2.50001e-35	5.00597e-32	1.28921e-28	2.60407e-25	4.02368e-22	4.63841e-19	3.87129e-16	2.25501e-13	8.75725e-11	2.13841e-08	3.03953e-06	0.000226348	0.00760766	0.093254	0.325186	0.376891	0.164294	0.0296467	0.00289156	
POSCAP_Aphodius_coniugatus	0	0	0	0	0	0	0	0	0	0	0	0	0	1	0	0	0	0	0	
POSCAP_Aphodius_foetens	0	0	0	0	0	0	0	0	0	0	0	0	0	1	0	0	0	0	0	
N94	5.63279e-40	3.43345e-36	2.39752e-32	1.31204e-28	5.49684e-25	1.71928e-21	3.89401e-18	6.14896e-15	6.44992e-12	4.21584e-09	1.57123e-06	0.000292518	0.021815	0.414947	0.43913	0.112795	0.0105719	0.000438281	9.78987e-06	
POSCAP_Aphodius_fossor	0	0	0	0	0	0	0	0	0	0	0	0	0	1	0	0	0	0	0	
POSCAP_Aphodius_foetidus	0	0	0	0	0	0	0	0	0	0	0	0	0	1	0	0	0	0	0	
N95	4.83374e-35	7.52441e-32	1.62355e-28	2.764e-25	3.61009e-22	3.53103e-19	2.51305e-16	1.25688e-13	4.232e-11	9.09039e-09	1.16277e-06	8.09724e-05	0.00273058	0.0385656	0.199486	0.384351	0.281989	0.0809306	0.0118643	
POSCAP_Aphodius_pedellus	0	0	0	0	0	0	0	0	0	0	0	0	0	1	0	0	0	0	0	
POSCAP_Aphodius_fimetarius	0	0	0	0	0	0	0	0	0	0	0	0	0	1	0	0	0	0	0	
N96	1.89503e-35	3.63642e-32	9.02577e-29	1.764e-25	2.64917e-22	2.98374e-19	2.44799e-16	1.41196e-13	5.47734e-11	1.35048e-08	1.96449e-06	0.000152318	0.00545201	0.0732661	0.287987	0.384585	0.199416	0.0440231	0.00511712	
POSCAP_Aphodius_elevatus	0	0	0	0	0	0	0	0	0	0	0	0	0	1	0	0	0	0	0	
N97	7.17461e-42	7.20051e-38	7.70134e-34	6.38518e-30	4.00906e-26	1.85609e-22	6.13433e-19	1.39017e-15	2.05222e-12	1.84442e-09	9.19081e-07	0.000221046	0.0203827	0.449236	0.429847	0.0930753	0.0070058	0.000226479	3.95857e-06	
POSCAP_Aphodius_luridus	0	0	0	0	0	0	0	0	0	0	0	0	0	1	0	0	0	0	0	
POSCAP_Aphodius_depressus	0	0	0	0	0	0	0	0	0	0	0	0	0	1	0	0	0	0	0	
N98	5.09277e-35	7.00161e-32	1.36276e-28	2.09369e-25	2.46286e-22	2.16618e-19	1.38547e-16	6.23317e-14	1.89466e-11	3.70332e-09	4.37789e-07	2.90034e-05	0.000981368	0.0152963	0.101121	0.282741	0.347496	0.195879	0.0564564	
POSCHY_Hybosorus_sp	0	0	0	0	0	0	0	0	0	0	0	0	0	1	0	0	0	0	0	
N99	7.27891e-34	9.35391e-31	1.71908e-27	2.47336e-24	2.70046e-21	2.18212e-18	1.26714e-15	5.10436e-13	1.36651e-10	2.30627e-08	2.29753e-06	0.000124415	0.00330844	0.0385188	0.179659	0.345991	0.292212	0.115246	0.0249386	
POSCAP_Psammodius_sp	0	0	0	0	0	0	0	0	0	0	0	0	0	1	0	0	0	0	0	
POSCAP_Ataenius_sp	0	0	0	0	0	0	0	0	0	0	0	0	0	1	0	0	0	0	0	
