NODE	7	8	9	10	11	12	13	14	15	16	17	18	19	20	21	22	23	24	25	26	27	28	29	30	31	32	33	
N1	0.292601	0.253802	0.191996	0.126876	0.0731804	0.0367588	0.0160335	0.00605501	0.00197461	0.000554888	0.000134164	2.7886e-05	4.98115e-06	7.6484e-07	1.01022e-07	1.14907e-08	1.12716e-09	9.55169e-11	7.0062e-12	4.4582e-13	4.07508e-17	8.95785e-18	1.84598e-18	3.59427e-19	6.75889e-20	1.31769e-20	3.60637e-21	
N2	0.213311	0.206431	0.180691	0.143574	0.103814	0.0684229	0.0411528	0.022604	0.0113449	0.00520506	0.00218381	0.00083813	0.000294353	9.46351e-05	2.78642e-05	7.51729e-06	1.8592e-06	4.21793e-07	8.78335e-08	1.68007e-08	2.95456e-09	4.78388e-10	7.15528e-11	9.98961e-12	1.35191e-12	2.04241e-13	5.48057e-14	
N3	0.206189	0.201253	0.178897	0.144991	0.107091	0.0719864	0.0439642	0.0243535	0.0122177	0.00554451	0.00227408	0.000842509	0.000281876	8.51635e-05	2.32409e-05	5.73106e-06	1.27775e-06	2.57748e-07	4.70814e-08	7.79543e-09	1.1714e-09	1.60048e-10	1.99544e-11	2.2921e-12	2.50362e-13	2.94e-14	6.06693e-15	
POCUBR_Notaris_sp	0	1	0	0	0	0	0	0	0	0	0	0	0	0	0	0	0	0	0	0	0	0	0	0	0	0	0	
N4	0.177569	0.178929	0.168481	0.14719	0.11822	0.0864982	0.0571904	0.0339466	0.017999	0.00849372	0.00355834	0.00132128	0.000434457	0.000126456	3.25842e-05	7.43559e-06	1.50366e-06	2.69701e-07	4.29494e-08	6.07967e-09	7.6598e-10	8.60261e-11	8.63084e-12	7.77516e-13	6.42714e-14	5.48527e-15	8.60377e-16	
N5	0.14395	0.149791	0.149652	0.141669	0.12523	0.102011	0.0757669	0.0509078	0.0307719	0.0166716	0.0080767	0.0034941	0.001349	0.000464758	0.000142926	3.92582e-05	9.63946e-06	2.11799e-06	4.16929e-07	7.36306e-08	1.1685e-08	1.67035e-09	2.16089e-10	2.56117e-11	2.88819e-12	3.50557e-13	7.10057e-14	
POCUDR_Cosmopolites_sordidus	0	0	0	0	0	0	0	1	0	0	0	0	0	0	0	0	0	0	0	0	0	0	0	0	0	0	0	
POCUDR_Rhynchophorus_ferrugineus	0	0	0	0	0	0	1	0	0	0	0	0	0	0	0	0	0	0	0	0	0	0	0	0	0	0	0	
N6	0.14715	0.15395	0.154534	0.145917	0.127266	0.101138	0.0725535	0.0466977	0.0268599	0.0137718	0.00628479	0.00255063	0.00092034	0.000295305	8.43031e-05	2.14302e-05	4.856e-06	9.82086e-07	1.77524e-07	2.87259e-08	4.16807e-09	5.43337e-10	6.38038e-11	6.7933e-12	6.73138e-13	7.04871e-14	1.347e-14	
POCUDR_Diocalandra_sp	0	0	0	0	0	0	0	1	0	0	0	0	0	0	0	0	0	0	0	0	0	0	0	0	0	0	0	
N7	0.0198548	0.114213	0.39509	0.369693	0.0912004	0.00941474	0.000516227	1.72389e-05	3.82605e-07	5.9939e-09	6.92521e-11	6.1008e-13	4.20655e-15	2.31847e-17	1.03932e-19	3.84486e-22	1.18843e-24	3.10217e-27	6.90236e-30	1.31989e-32	2.18522e-35	3.154e-38	3.99744e-41	4.49442e-44	4.57999e-47	4.47776e-50	5.16148e-53	
POCUDR_Sphenophorus_sp	0	0	0	1	0	0	0	0	0	0	0	0	0	0	0	0	0	0	0	0	0	0	0	0	0	0	0	
POCUDR_Metamasius_hemipterus	0	0	1	0	0	0	0	0	0	0	0	0	0	0	0	0	0	0	0	0	0	0	0	0	0	0	0	
N8	0.219843	0.211639	0.183347	0.143461	0.10163	0.0652862	0.0380708	0.0201674	0.00971038	0.0042517	0.0016937	0.000614159	0.000202839	6.10571e-05	1.67632e-05	4.20117e-06	9.61983e-07	2.0145e-07	3.86206e-08	6.78585e-09	1.09412e-09	1.62153e-10	2.21595e-11	2.81803e-12	3.45031e-13	4.66789e-14	1.14126e-14	
N9	0.202089	0.218755	0.214133	0.17275	0.10976	0.0540561	0.020606	0.00611522	0.00142639	0.000264459	3.94357e-05	4.78503e-06	4.77704e-07	3.96474e-08	2.76195e-09	1.62924e-10	8.204e-12	3.55256e-13	1.33188e-14	4.35e-16	1.24481e-17	3.13814e-19	7.009e-21	1.39796e-22	2.53545e-24	4.45593e-26	1.18187e-27	
POCUBR_Echinocnemus_sp	0	1	0	0	0	0	0	0	0	0	0	0	0	0	0	0	0	0	0	0	0	0	0	0	0	0	0	
POCUER_Tanysphyrus_lemnae	0	0	0	0	1	0	0	0	0	0	0	0	0	0	0	0	0	0	0	0	0	0	0	0	0	0	0	
POCUER_Procas_sp	0	1	0	0	0	0	0	0	0	0	0	0	0	0	0	0	0	0	0	0	0	0	0	0	0	0	0	
N10	0.232827	0.224528	0.193587	0.147808	0.09871	0.0569564	0.0280958	0.0117489	0.00413873	0.00122264	0.000301998	6.2263e-05	1.0707e-05	1.53592e-06	1.83945e-07	1.84171e-08	1.54444e-09	1.08719e-10	6.4406e-12	3.2199e-13	1.36253e-14	4.89542e-16	1.49825e-17	3.9198e-19	8.82228e-21	1.7872e-22	5.72768e-24	
N11	0.20934	0.206427	0.185746	0.150857	0.10918	0.0695858	0.0386795	0.0186137	0.0077141	0.00274354	0.000835588	0.00021772	4.85278e-05	9.25856e-06	1.51384e-06	2.1248e-07	2.56525e-08	2.66997e-09	2.40176e-10	1.87217e-11	1.26811e-12	7.48586e-14	3.86444e-15	1.75484e-16	7.14123e-18	2.84649e-19	1.85978e-20	
N12	0.169271	0.173697	0.168015	0.150485	0.122807	0.0902621	0.0593122	0.0346923	0.0180168	0.00829599	0.00338443	0.00122292	0.000391382	0.000110966	2.78831e-05	6.21297e-06	1.2285e-06	2.15745e-07	3.36835e-08	4.68039e-09	5.79529e-10	6.40403e-11	6.33057e-12	5.63187e-13	4.61667e-14	3.90769e-15	5.88322e-16	
N13	0.0650369	0.0791888	0.0997174	0.120021	0.132618	0.132295	0.118372	0.0947615	0.0678079	0.0433583	0.0247752	0.0126533	0.00577793	0.00236001	0.000862717	0.000282437	8.28747e-05	2.18166e-05	5.1585e-06	1.09717e-06	2.10339e-07	3.64613e-08	5.74985e-09	8.36893e-10	1.17119e-10	1.79642e-11	4.67321e-12	
N14	0.16338	0.166498	0.160246	0.144533	0.120972	0.0930452	0.0652061	0.0413542	0.0236158	0.0121014	0.00555224	0.00227826	0.000835753	0.000274155	8.04744e-05	2.11598e-05	4.99015e-06	1.05708e-06	2.01463e-07	3.4605e-08	5.36759e-09	7.53624e-10	9.61504e-11	1.12521e-11	1.24646e-12	1.4844e-13	3.14494e-14	
POCUMO_Acalles_camelus	0	0	0	0	1	0	0	0	0	0	0	0	0	0	0	0	0	0	0	0	0	0	0	0	0	0	0	
POCUMO_Acalles_echinatus	0	0	1	0	0	0	0	0	0	0	0	0	0	0	0	0	0	0	0	0	0	0	0	0	0	0	0	
N15	0.0156031	0.0210723	0.0320202	0.0492232	0.0717938	0.096258	0.116948	0.127951	0.12573	0.110852	0.0876672	0.0621965	0.0395975	0.0226335	0.0116223	0.00536589	0.00222974	0.000835076	0.000282398	8.64546e-05	2.40508e-05	6.11407e-06	1.43306e-06	3.14577e-07	6.68107e-08	1.49946e-08	4.90203e-09	
POCUCE_Zacladus_geranii	0	0	0	0	0	0	0	0	0	0	0	0	0	0	0	0	0	0	1	0	0	0	0	0	0	0	0	
N16	0.00145115	0.00266156	0.00581401	0.0125654	0.0252394	0.0458728	0.0743124	0.106287	0.133398	0.146337	0.139965	0.116549	0.084433	0.0532056	0.0291724	0.0139268	0.00579473	0.0021042	0.000667898	0.000185667	4.53091e-05	9.7386e-06	1.85462e-06	3.17477e-07	5.09739e-08	8.80685e-09	2.5229e-09	
POCUCE_Rhinoncus_sp	0	0	0	0	0	0	0	0	0	0	0	0	0	0	0	0	1	0	0	0	0	0	0	0	0	0	0	
POCUCE_Nedyus_quadrimaculatus	0	0	0	0	0	1	0	0	0	0	0	0	0	0	0	0	0	0	0	0	0	0	0	0	0	0	0	
N17	0.20217	0.198916	0.179142	0.147206	0.109818	0.0739829	0.0447951	0.0242824	0.0117499	0.0050644	0.0019415	0.000661382	0.000200103	5.37606e-05	1.28271e-05	2.71886e-06	5.1223e-07	8.58334e-08	1.28031e-08	1.70158e-09	2.01719e-10	2.13597e-11	2.02471e-12	1.72793e-13	1.35801e-14	1.1001e-15	1.60574e-16	
N18	0.206147	0.201031	0.17847	0.144522	0.106798	0.071983	0.0442071	0.0247071	0.0125515	0.00578966	0.00242287	0.000919324	0.000316174	9.85521e-05	2.78452e-05	7.13395e-06	1.6582e-06	3.49923e-07	6.70957e-08	1.17008e-08	1.85786e-09	2.68954e-10	3.55851e-11	4.33458e-12	5.01231e-13	6.319e-14	1.45989e-14	
N19	0.1393	0.160808	0.181467	0.181289	0.150449	0.100507	0.0534149	0.0225562	0.00760181	0.00205961	0.000452513	8.13643e-05	1.20829e-05	1.49519e-06	1.5548e-07	1.36943e-08	1.0292e-09	6.6457e-11	3.71041e-12	1.8018e-13	7.65222e-15	2.85717e-16	9.43021e-18	2.77211e-19	7.38696e-21	1.91206e-22	7.86083e-24	
POCUCU_Cionus_sp	0	0	0	0	1	0	0	0	0	0	0	0	0	0	0	0	0	0	0	0	0	0	0	0	0	0	0	
POCUMO_Adexius_scrobipennis	0	0	0	1	0	0	0	0	0	0	0	0	0	0	0	0	0	0	0	0	0	0	0	0	0	0	0	
POCUMO_Ruteria_hypocrita	0	0	1	0	0	0	0	0	0	0	0	0	0	0	0	0	0	0	0	0	0	0	0	0	0	0	0	
N20	0.199912	0.196402	0.176705	0.145569	0.109578	0.0751465	0.0467967	0.0263817	0.0134283	0.00615819	0.0025405	0.000941797	0.000313546	9.37223e-05	2.51541e-05	6.06371e-06	1.31358e-06	2.559e-07	4.48694e-08	7.08846e-09	1.01031e-09	1.30184e-10	1.52289e-11	1.63505e-12	1.66661e-13	1.81387e-14	3.33748e-15	
POCUTY_Tychius_sp	0	0	1	0	0	0	0	0	0	0	0	0	0	0	0	0	0	0	0	0	0	0	0	0	0	0	0	
N21	0.15591	0.160103	0.156057	0.142922	0.121699	0.0955285	0.0687023	0.0450857	0.0269294	0.0146174	0.00720443	0.00322282	0.00130839	0.000482127	0.000161302	4.90191e-05	1.35391e-05	3.40101e-06	7.77622e-07	1.61987e-07	3.07801e-08	5.34535e-09	8.51941e-10	1.26093e-10	1.80215e-11	2.85546e-12	7.87179e-13	
POCUSC_Scolytus_sp	0	0	0	0	0	0	0	0	1	0	0	0	0	0	0	0	0	0	0	0	0	0	0	0	0	0	0	
POCUBA_Metialma_sp	0	0	1	0	0	0	0	0	0	0	0	0	0	0	0	0	0	0	0	0	0	0	0	0	0	0	0	
N22	0.117448	0.129897	0.14251	0.148224	0.140812	0.119146	0.0884102	0.0570087	0.0317791	0.0152717	0.00631869	0.00225026	0.000690057	0.000182382	4.16006e-05	8.20245e-06	1.40066e-06	2.07577e-07	2.67585e-08	3.00771e-09	2.95557e-10	2.54676e-11	1.93231e-12	1.3013e-13	7.95729e-15	4.84804e-16	4.97291e-17	
N23	0.0804906	0.0979176	0.122223	0.143463	0.150928	0.138988	0.110636	0.0755551	0.0440558	0.021869	0.00922675	0.00330715	0.00100747	0.000261156	5.77079e-05	1.08953e-05	1.76235e-06	2.44978e-07	2.93654e-08	3.04731e-09	2.75044e-10	2.1725e-11	1.51537e-12	9.47157e-14	5.44092e-15	3.05103e-16	2.50108e-17	
N24	0.0427432	0.0605155	0.0915148	0.128314	0.157155	0.163711	0.142903	0.103518	0.0618212	0.0303035	0.0121592	0.00398835	0.00106921	0.000234443	4.21089e-05	6.20902e-06	7.53641e-07	7.55382e-08	6.27412e-09	4.33485e-10	2.50149e-11	1.21094e-12	4.94135e-14	1.70982e-15	5.07578e-17	1.37698e-18	6.15507e-20	
N25	0.0627934	0.0781712	0.102318	0.128399	0.146057	0.146168	0.126647	0.0941567	0.0597577	0.0322847	0.0148284	0.00578898	0.00192219	0.000543552	0.000131138	2.70536e-05	4.78458e-06	7.27455e-07	9.53743e-08	1.0818e-08	1.06555e-09	9.15666e-11	6.91357e-12	4.64808e-13	2.8706e-14	1.78371e-15	1.69358e-16	
N26	0.112656	0.123253	0.133373	0.137911	0.132587	0.116409	0.0923148	0.0656788	0.0417456	0.0236409	0.0119088	0.00533122	0.00212029	0.000749252	0.000235365	6.57793e-05	1.63732e-05	3.63435e-06	7.20457e-07	1.27761e-07	2.03071e-08	2.90086e-09	3.74231e-10	4.41198e-11	4.92644e-12	5.88535e-13	1.18704e-13	
N27	0.12759	0.133771	0.135939	0.132514	0.122407	0.105878	0.0848739	0.0625317	0.0420754	0.0257362	0.0142642	0.00714846	0.00323504	0.00132122	0.000486895	0.000161944	4.86399e-05	1.32021e-05	3.24133e-06	7.20617e-07	1.45261e-07	2.65969e-08	4.4387e-09	6.82195e-10	1.00354e-10	1.63919e-11	4.75833e-12	
POCUSC_Ips_latidens	0	0	0	0	1	0	0	0	0	0	0	0	0	0	0	0	0	0	0	0	0	0	0	0	0	0	0	
POCUSC_Ips_spinifer	0	0	0	0	0	0	1	0	0	0	0	0	0	0	0	0	0	0	0	0	0	0	0	0	0	0	0	
POCUSC_Orthotomicus_laricis	0	0	1	0	0	0	0	0	0	0	0	0	0	0	0	0	0	0	0	0	0	0	0	0	0	0	0	
N28	0.0253132	0.0320231	0.0438373	0.0601383	0.0791103	0.0975945	0.111574	0.117356	0.113016	0.099303	0.0794147	0.057704	0.0380525	0.0227585	0.0123413	0.00606816	0.0027063	0.00109547	0.000402887	0.000134845	4.11826e-05	1.15301e-05	2.98541e-06	7.28145e-07	1.74869e-07	4.67745e-08	1.94834e-08	
POCUSC_Orthotomicus_erosus	0	0	0	0	0	0	0	0	0	0	0	0	0	0	0	0	1	0	0	0	0	0	0	0	0	0	0	
POCUSC_Pityogenes_chalcographus	0	0	0	0	0	1	0	0	0	0	0	0	0	0	0	0	0	0	0	0	0	0	0	0	0	0	0	
N29	0.0135289	0.0217115	0.0408727	0.0744514	0.119215	0.160567	0.177925	0.160175	0.116231	0.0676477	0.0314859	0.011704	0.00347467	0.000824817	0.000156895	2.39888e-05	2.95991e-06	2.96165e-07	2.41737e-08	1.62124e-09	9.01507e-11	4.20462e-12	1.66987e-13	5.75977e-15	1.76924e-16	5.02498e-18	1.80045e-19	
N30	0.00865937	0.013164	0.0237554	0.0434992	0.0737907	0.110667	0.143304	0.15832	0.148361	0.117655	0.0789494	0.0448859	0.0216733	0.00891581	0.00313647	0.000947552	0.000246999	5.58482e-05	1.102e-05	1.91148e-06	2.94137e-07	4.0638e-08	5.12243e-09	6.0163e-10	6.75738e-11	7.4749e-12	9.25946e-13	
POCUSC_Ips_acuminatus	0	0	0	0	0	0	0	0	0	0	0	0	0	0	0	1	0	0	0	0	0	0	0	0	0	0	0	
N31	6.35393e-05	0.000128907	0.000330415	0.000868409	0.00218022	0.00508515	0.0108704	0.021135	0.0371963	0.059071	0.0844698	0.108609	0.125455	0.13013	0.121204	0.101401	0.0762525	0.0515964	0.031462	0.0173233	0.00863664	0.00391454	0.00162399	0.000625164	0.000230762	8.94335e-05	4.69352e-05	
POCUSC_Ips_sexdentatus	0	0	0	0	0	0	0	0	0	0	0	0	1	0	0	0	0	0	0	0	0	0	0	0	0	0	0	
N32	2.58109e-17	3.6562e-16	6.69353e-15	1.14507e-13	1.78445e-12	2.50892e-11	3.15633e-10	3.52607e-09	3.47355e-08	2.99757e-07	2.25177e-06	1.46326e-05	8.17413e-05	0.000390049	0.0015796	0.00539361	0.0154269	0.0367269	0.0723475	0.117326	0.156075	0.170147	0.152633	0.114416	0.0747898	0.0473179	0.0353326	
POCUSC_Ips_emarginatus	0	0	0	0	0	0	0	0	0	0	0	0	0	0	0	0	0	0	0	0	0	0	0	0	0	1	0	
POCUSC_Ips_knausi	0	0	0	0	0	0	0	0	0	0	0	0	0	0	0	0	0	0	0	0	0	1	0	0	0	0	0	
N33	0.0150611	0.024068	0.0450023	0.0809534	0.127146	0.166943	0.179304	0.155517	0.107994	0.0596856	0.0261478	0.00905784	0.00247823	0.000535524	9.14874e-05	1.2379e-05	1.3301e-06	1.13863e-07	7.79639e-09	4.28945e-10	1.90625e-11	6.88409e-13	2.03462e-14	4.96696e-16	1.01825e-17	1.86695e-19	5.21224e-21	
N34	0.00901931	0.0142722	0.0264461	0.0484406	0.0808885	0.118546	0.149492	0.16039	0.145421	0.11098	0.0711414	0.0382775	0.0172922	0.00656652	0.00209976	0.000566683	0.000129423	2.50888e-05	4.14163e-06	5.84275e-07	7.07142e-08	7.37628e-09	6.67535e-10	5.31017e-11	3.84745e-12	2.84301e-13	3.31322e-14	
N35	0.00185597	0.00306212	0.00631373	0.0136032	0.0277711	0.0512383	0.0834405	0.118409	0.145343	0.153629	0.139469	0.108589	0.0724696	0.0414608	0.020348	0.00857657	0.00310975	0.000972075	0.000262699	6.16032e-05	1.25975e-05	2.26197e-06	3.60214e-07	5.16829e-08	6.88489e-09	9.28877e-10	1.88833e-10	
N36	0.00159331	0.00263838	0.00545712	0.0118038	0.0242778	0.0453549	0.0752017	0.109275	0.138128	0.151201	0.142944	0.116535	0.0818703	0.0495625	0.0258659	0.0116472	0.00453069	0.00152488	0.000444908	0.000112798	2.49268e-05	4.82319e-06	8.23776e-07	1.26416e-07	1.82397e-08	2.80996e-09	6.95028e-10	
N37	3.50719e-05	8.35675e-05	0.000265648	0.000862553	0.00260506	0.00705338	0.0168248	0.0350193	0.0632262	0.0986264	0.132549	0.153169	0.151972	0.12935	0.0944038	0.0590796	0.0317172	0.014619	0.005792	0.00197564	0.000581325	0.000147961	3.27317e-05	6.37145e-06	1.13808e-06	2.17187e-07	6.99368e-08	
POCUSC_Ips_paraconfusus	0	0	0	0	0	0	0	0	0	0	0	1	0	0	0	0	0	0	0	0	0	0	0	0	0	0	0	
N38	2.38555e-10	1.86198e-09	2.03334e-08	2.08782e-07	1.8855e-06	1.45963e-05	9.53015e-05	0.000518414	0.00232512	0.00851581	0.0252352	0.0599665	0.113308	0.16894	0.197494	0.180192	0.128021	0.0708468	0.0306261	0.010395	0.00278942	0.000596679	0.000102718	1.44197e-05	1.70312e-06	1.92514e-07	3.65094e-08	
POCUSC_Ips_confusus	0	0	0	0	0	0	0	0	0	0	0	0	0	0	0	0	1	0	0	0	0	0	0	0	0	0	0	
POCUSC_Ips_hoppingi	0	0	0	0	0	0	0	0	0	0	0	0	0	0	0	1	0	0	0	0	0	0	0	0	0	0	0	
POCUSC_Ips_montanus	0	0	0	0	0	0	0	0	1	0	0	0	0	0	0	0	0	0	0	0	0	0	0	0	0	0	0	
POCUSC_Ips_lecontei	0	0	0	0	0	0	0	0	0	0	0	0	0	0	0	0	0	0	1	0	0	0	0	0	0	0	0	
N39	0.0284312	0.0358238	0.0494045	0.0691379	0.0927949	0.115244	0.129613	0.130351	0.116366	0.0918316	0.0639251	0.0392169	0.0212015	0.0101057	0.00425084	0.00157985	0.000519547	0.000151432	3.91899e-05	9.02266e-06	1.85189e-06	3.39718e-07	5.59262e-08	8.34837e-09	1.17231e-09	1.7886e-10	4.81423e-11	
POCUSC_Ips_cribricollis	0	0	0	0	0	0	0	0	0	1	0	0	0	0	0	0	0	0	0	0	0	0	0	0	0	0	0	
POCUSC_Ips_calligraphus	0	0	0	0	0	1	0	0	0	0	0	0	0	0	0	0	0	0	0	0	0	0	0	0	0	0	0	
N40	0.0258723	0.0397964	0.0673221	0.106107	0.145712	0.16916	0.163169	0.129253	0.0833812	0.0435443	0.0183356	0.00621095	0.00169105	0.000370237	6.52806e-05	9.29229e-06	1.0712e-06	1.00385e-07	7.67981e-09	4.81858e-10	2.49168e-11	1.06735e-12	3.8088e-14	1.14024e-15	2.90666e-17	6.75628e-19	2.42286e-20	
N41	0.0630774	0.0769805	0.0979575	0.120097	0.135507	0.137445	0.123727	0.0980742	0.0680971	0.041274	0.0217908	0.0100109	0.00400155	0.00139262	0.000422521	0.000111955	2.59631e-05	5.28261e-06	9.45533e-07	1.49312e-07	2.08697e-08	2.59263e-09	2.88217e-10	2.90987e-11	2.7743e-12	2.79513e-13	4.45273e-14	
N42	0.0773483	0.0888353	0.104691	0.120622	0.130634	0.129445	0.115347	0.0914363	0.0640546	0.0395021	0.0214017	0.0101789	0.00425054	0.00155961	0.000503469	0.000143224	3.59714e-05	7.99285e-06	1.57473e-06	2.75722e-07	4.30086e-08	5.99271e-09	7.48643e-10	8.4534e-11	8.88088e-12	9.86936e-13	1.97002e-13	
POCUSC_Orthotomicus_caelatus	0	0	0	0	1	0	0	0	0	0	0	0	0	0	0	0	0	0	0	0	0	0	0	0	0	0	0	
POCUSC_Ips_perroti	0	0	0	0	0	0	0	1	0	0	0	0	0	0	0	0	0	0	0	0	0	0	0	0	0	0	0	
POCUSC_Ips_typographus	0	0	0	0	0	1	0	0	0	0	0	0	0	0	0	0	0	0	0	0	0	0	0	0	0	0	0	
N43	0.0603774	0.0755334	0.0996868	0.126501	0.145837	0.147977	0.12971	0.0970794	0.0615708	0.0329335	0.0148152	0.00559795	0.00177646	0.000473853	0.000106405	2.01572e-05	3.22965e-06	4.3893e-07	5.07586e-08	5.01115e-09	4.23804e-10	3.08124e-11	1.93309e-12	1.05194e-13	5.03998e-15	2.31559e-16	1.80951e-17	
N44	0.0949722	0.10576	0.11865	0.12927	0.132291	0.124041	0.104792	0.0789201	0.0526353	0.0309649	0.0160319	0.00729697	0.00291888	0.00102645	0.000317571	8.65377e-05	2.07989e-05	4.41622e-06	8.29891e-07	1.38293e-07	2.04794e-08	2.70177e-09	3.18706e-10	3.39057e-11	3.35153e-12	3.48438e-13	6.35567e-14	
N45	0.0086082	0.0167319	0.0383286	0.0792105	0.134379	0.181444	0.192741	0.160346	0.104405	0.0533261	0.0214615	0.00684784	0.00174494	0.000357936	5.95977e-05	8.1224e-06	9.1357e-07	8.5479e-08	6.70426e-09	4.43982e-10	2.49974e-11	1.20454e-12	5.00195e-14	1.80653e-15	5.79413e-17	1.788e-18	8.66075e-20	
N46	4.39797e-20	5.335e-17	5.17593e-14	3.63349e-11	1.72514e-08	5.06298e-06	0.000803504	0.0545292	0.909883	0.0344577	0.000320179	1.266e-06	2.68224e-09	3.45787e-12	2.94005e-15	1.74281e-18	7.50047e-22	2.4168e-25	5.97292e-29	1.15436e-32	1.77248e-36	2.19089e-40	2.20429e-44	1.82298e-48	1.25391e-52	7.44392e-57	4.79477e-61	
POCUSC_Ips_perturbatus	0	0	0	0	0	0	0	0	1	0	0	0	0	0	0	0	0	0	0	0	0	0	0	0	0	0	0	
POCUSC_Ips_hunteri	0	0	0	0	0	0	0	0	1	0	0	0	0	0	0	0	0	0	0	0	0	0	0	0	0	0	0	
N47	0.00176921	0.00567424	0.0218633	0.0686241	0.15459	0.237439	0.243024	0.16466	0.0742519	0.0225984	0.00473087	0.000695736	7.34193e-05	5.67385e-06	3.27257e-07	1.43357e-08	4.84609e-10	1.28264e-11	2.69336e-13	4.54146e-15	6.21705e-17	6.97971e-19	6.48597e-21	5.03198e-23	3.28964e-25	1.86697e-27	1.43093e-29	
POCUSC_Ips_pilifrons	0	0	0	0	0	1	0	0	0	0	0	0	0	0	0	0	0	0	0	0	0	0	0	0	0	0	0	
N48	0.000469234	0.00203322	0.0112441	0.0480801	0.137529	0.248175	0.273755	0.182439	0.074095	0.018769	0.00305602	0.000330168	2.44053e-05	1.26966e-06	4.76939e-08	1.32367e-09	2.77043e-11	4.45378e-13	5.59062e-15	5.56088e-17	4.4417e-19	2.88332e-21	1.5378e-23	6.80575e-26	2.52235e-28	7.95111e-31	3.11224e-33	
POCUSC_Ips_borealis	0	0	0	0	0	0	1	0	0	0	0	0	0	0	0	0	0	0	0	0	0	0	0	0	0	0	0	
POCUSC_Ips_tridens	0	0	0	0	0	0	1	0	0	0	0	0	0	0	0	0	0	0	0	0	0	0	0	0	0	0	0	
POCUSC_Ips_woodi	0	0	0	1	0	0	0	0	0	0	0	0	0	0	0	0	0	0	0	0	0	0	0	0	0	0	0	
N49	0.0675948	0.0800049	0.0988758	0.119859	0.135553	0.138266	0.124528	0.0977554	0.0663757	0.038813	0.0195019	0.00841292	0.00311639	0.000992095	0.000271794	6.41896e-05	1.30954e-05	2.31312e-06	3.54654e-07	4.73322e-08	5.51664e-09	5.63912e-10	5.08916e-11	4.10582e-12	3.04567e-13	2.26326e-14	2.65816e-15	
N50	0.0955163	0.110646	0.130705	0.147353	0.150415	0.134324	0.102785	0.0665721	0.036234	0.0165052	0.00627914	0.00199363	0.000528431	0.000117059	2.17082e-05	3.37742e-06	4.41969e-07	4.87832e-08	4.55559e-09	3.61088e-10	2.43741e-11	1.40602e-12	6.95607e-14	2.96429e-15	1.09927e-16	3.79443e-18	2.20027e-19	
N51	0.077953	0.0944976	0.118489	0.141194	0.151556	0.142186	0.114597	0.078529	0.0454665	0.0221596	0.00907505	0.0031214	0.000902226	0.000219458	4.50131e-05	7.80509e-06	1.14745e-06	1.43482e-07	1.53127e-08	1.39974e-09	1.09994e-10	7.45849e-12	4.38139e-13	2.24186e-14	1.01462e-15	4.4224e-17	3.26614e-18	
N52	4.8338e-05	0.000245835	0.00147372	0.00719576	0.0268948	0.0750007	0.152691	0.222526	0.228684	0.164396	0.0826318	0.0292489	0.00739529	0.00136109	0.000186165	1.93152e-05	1.54965e-06	9.78362e-08	4.93756e-09	2.02003e-10	6.78356e-12	1.8909e-13	4.41955e-15	8.74665e-17	1.48618e-18	2.28642e-20	5.2714e-22	
POCUSC_Ips_plastographus	0	0	0	0	0	0	0	0	0	0	1	0	0	0	0	0	0	0	0	0	0	0	0	0	0	0	0	
POCUSC_Ips_integer	0	0	0	0	0	0	0	1	0	0	0	0	0	0	0	0	0	0	0	0	0	0	0	0	0	0	0	
POCUSC_Orthotomicus_suturalis	0	0	0	1	0	0	0	0	0	0	0	0	0	0	0	0	0	0	0	0	0	0	0	0	0	0	0	
N53	0.165866	0.173601	0.172886	0.158544	0.129814	0.0927095	0.0568596	0.0296677	0.0131028	0.0048877	0.0015396	0.000409971	9.24706e-05	1.77134e-05	2.89057e-06	4.0319e-07	4.82433e-08	4.97015e-09	4.42533e-10	3.41828e-11	2.29929e-12	1.35184e-13	6.973e-15	3.16896e-16	1.28188e-17	4.95876e-19	3.35986e-20	
POCUSC_Ips_pini	0	0	0	0	1	0	0	0	0	0	0	0	0	0	0	0	0	0	0	0	0	0	0	0	0	0	0	
POCUSC_Ips_avulsus	0	1	0	0	0	0	0	0	0	0	0	0	0	0	0	0	0	0	0	0	0	0	0	0	0	0	0	
POCUSC_Ips_bonanseai	0	0	0	0	0	0	0	0	0	0	0	0	1	0	0	0	0	0	0	0	0	0	0	0	0	0	0	
POCUSC_Pityogenes_hopkinsi_M	0	0	0	0	0	1	0	0	0	0	0	0	0	0	0	0	0	0	0	0	0	0	0	0	0	0	0	
N54	0.064014	0.0753581	0.0916708	0.108723	0.121182	0.124492	0.116706	0.0992984	0.0764395	0.0531367	0.0333181	0.0188325	0.00959357	0.00440491	0.00182358	0.000681058	0.000229643	6.99785e-05	1.92968e-05	4.82371e-06	1.09593e-06	2.27292e-07	4.33998e-08	7.77578e-09	1.37053e-09	2.70471e-10	8.7181e-11	
N55	0.0189185	0.0241587	0.0340709	0.0490662	0.0683139	0.0891427	0.107292	0.118169	0.118625	0.108324	0.0898893	0.0677486	0.0463668	0.0288152	0.0162634	0.00833898	0.00388647	0.00164775	0.000636324	0.000224296	7.24249e-05	2.15624e-05	5.99054e-06	1.58843e-06	4.19631e-07	1.21203e-07	5.03058e-08	
N56	0.000233469	0.000496582	0.00125134	0.00308094	0.00707741	0.0148999	0.0284406	0.0488624	0.0751771	0.103212	0.126131	0.136965	0.132003	0.112831	0.0855047	0.0574475	0.034232	0.018106	0.0085122	0.00356481	0.00133438	0.000448837	0.000136858	3.84417e-05	1.03073e-05	2.91664e-06	1.19449e-06	
POCUSC_Xylosandrus_germanus	0	0	0	0	0	0	0	0	0	0	0	0	0	0	0	0	0	0	0	0	0	0	1	0	0	0	0	
POCUSC_Xylosandrus_compactus	0	0	0	0	0	1	0	0	0	0	0	0	0	0	0	0	0	0	0	0	0	0	0	0	0	0	0	
POCUSC_Xyleborus_sp	0	0	0	0	0	0	0	0	0	0	0	0	0	0	1	0	0	0	0	0	0	0	0	0	0	0	0	
N57	0.26955	0.248282	0.19705	0.135145	0.0801878	0.0411773	0.0183049	0.00704837	0.0023534	0.000682499	0.000172287	3.79553e-05	7.3188e-06	1.23916e-06	1.84828e-07	2.43687e-08	2.84974e-09	2.96597e-10	2.75691e-11	2.29689e-12	1.72217e-13	1.16809e-14	7.22272e-16	4.12628e-17	2.23418e-18	1.22395e-19	1.03848e-20	
POCUSC_Dryocoetes_affaber	0	1	0	0	0	0	0	0	0	0	0	0	0	0	0	0	0	0	0	0	0	0	0	0	0	0	0	
POCUSC_Dryocoetes_autographus	0	1	0	0	0	0	0	0	0	0	0	0	0	0	0	0	0	0	0	0	0	0	0	0	0	0	0	
N58	0.209412	0.20723	0.187333	0.152474	0.109906	0.0691044	0.0374311	0.0172996	0.00677422	0.00223648	0.00062051	0.000144411	2.81689e-05	4.60557e-06	6.3163e-07	7.27558e-08	7.05097e-09	5.76117e-10	3.97815e-11	2.32746e-12	1.15697e-13	4.90095e-15	1.77499e-16	5.5219e-18	1.49419e-19	3.76373e-21	1.51129e-22	
N59	0.179582	0.183323	0.175371	0.154087	0.121893	0.0854099	0.0523646	0.0278459	0.0127653	0.00502434	0.00169357	0.000488227	0.000120325	2.53601e-05	4.5751e-06	7.07467e-07	9.39337e-08	1.07307e-08	1.05707e-09	9.00135e-11	6.64338e-12	4.26244e-13	2.38734e-14	1.17687e-15	5.23228e-17	2.30311e-18	1.59744e-19	
N60	0.155129	0.160865	0.159193	0.147846	0.126589	0.0983785	0.0685263	0.0423711	0.023088	0.0110279	0.00459968	0.0016709	0.000527761	0.000144808	3.45058e-05	7.14225e-06	1.28498e-06	2.01141e-07	2.74284e-08	3.26329e-09	3.39357e-10	3.09176e-11	2.47671e-12	1.75824e-13	1.13255e-14	7.27922e-16	7.82767e-17	
N61	0.160169	0.164514	0.160425	0.146785	0.124222	0.0958545	0.0665878	0.0412063	0.0225266	0.0108101	0.00453246	0.00165489	0.000525027	0.000144544	3.45115e-05	7.14606e-06	1.28381e-06	2.00276e-07	2.71613e-08	3.20696e-09	3.30232e-10	2.9724e-11	2.34675e-12	1.63742e-13	1.03339e-14	6.50447e-16	6.94521e-17	
N62	0.0944816	0.104563	0.116027	0.124944	0.127033	0.119602	0.102946	0.0803307	0.056508	0.0356977	0.0201994	0.0102197	0.00461782	0.00186229	0.000670104	0.000215143	6.16481e-05	1.57738e-05	3.60635e-06	7.37375e-07	1.34977e-07	2.2153e-08	3.26924e-09	4.37481e-10	5.48444e-11	7.38881e-12	1.77017e-12	
N63	0.0233538	0.0304283	0.0439428	0.064049	0.0885255	0.112196	0.128251	0.13117	0.119557	0.0969129	0.0697867	0.0446177	0.0253222	0.0127586	0.00570903	0.00227002	0.000802682	0.000252653	7.08705e-05	1.77394e-05	3.96846e-06	7.95108e-07	1.43241e-07	2.34614e-08	3.63469e-09	6.17631e-10	1.83149e-10	
POCUCO_Telephae_sp	0	0	0	0	0	0	0	0	0	1	0	0	0	0	0	0	0	0	0	0	0	0	0	0	0	0	0	
POCUSC_Cryphalus_abietis	0	0	0	0	0	0	0	0	0	0	1	0	0	0	0	0	0	0	0	0	0	0	0	0	0	0	0	
N64	0.10367	0.112468	0.121197	0.126837	0.125979	0.116465	0.0987377	0.0759517	0.0526231	0.0326799	0.0181338	0.00897379	0.00395645	0.00155352	0.00054332	0.000169324	4.70568e-05	1.16728e-05	2.58738e-06	5.13125e-07	9.11758e-08	1.45406e-08	2.08724e-09	2.7183e-10	3.31505e-11	4.34946e-12	1.0277e-12	
N65	0.0104218	0.0203702	0.0438376	0.0838749	0.134079	0.174771	0.183577	0.154455	0.103817	0.0557246	0.0239204	0.00823774	0.00228682	0.000514864	9.46819e-05	1.43315e-05	1.79974e-06	1.88994e-07	1.67241e-08	1.25628e-09	8.06713e-11	4.45838e-12	2.13562e-13	8.95137e-15	3.35296e-16	1.21484e-17	7.06318e-19	
POCUSC_Phloeotribus_sp	0	0	0	0	0	0	0	0	0	0	1	0	0	0	0	0	0	0	0	0	0	0	0	0	0	0	0	
POCUMO_Lepyrus_sp	0	0	0	1	0	0	0	0	0	0	0	0	0	0	0	0	0	0	0	0	0	0	0	0	0	0	0	
POCUSC_Trypodendron_lineatum	0	0	0	0	1	0	0	0	0	0	0	0	0	0	0	0	0	0	0	0	0	0	0	0	0	0	0	
N66	0.158787	0.162599	0.157948	0.144311	0.122636	0.0957928	0.0680198	0.0434887	0.0248409	0.0126	0.00564973	0.00223228	0.000775584	0.000236679	6.34089e-05	1.49169e-05	3.08346e-06	5.60692e-07	8.98312e-08	1.27082e-08	1.59224e-09	1.77502e-10	1.77411e-11	1.61146e-12	1.36571e-13	1.16395e-14	1.53873e-15	
POCUSC_Hylurgops_sp	0	0	0	0	0	0	0	1	0	0	0	0	0	0	0	0	0	0	0	0	0	0	0	0	0	0	0	
N67	0.146226	0.152265	0.15222	0.143974	0.126717	0.102193	0.0745454	0.0486896	0.0282594	0.014495	0.00654587	0.00259628	0.000903192	0.000275439	7.36459e-05	1.7276e-05	3.55948e-06	6.45096e-07	1.03028e-07	1.45335e-08	1.81627e-09	2.01964e-10	2.01274e-11	1.82172e-12	1.53919e-13	1.31645e-14	1.78176e-15	
POCUSC_Hylastes_sp	0	0	0	0	0	0	0	0	1	0	0	0	0	0	0	0	0	0	0	0	0	0	0	0	0	0	0	
N68	0.121491	0.135139	0.148946	0.15444	0.144528	0.118675	0.0839535	0.0505675	0.0257359	0.0110133	0.00395105	0.00118641	0.00029803	6.26503e-05	1.10321e-05	1.6298e-06	2.02402e-07	2.118e-08	1.8725e-09	1.40267e-10	8.93053e-12	4.8488e-13	2.25392e-14	9.02859e-16	3.17854e-17	1.07636e-18	5.82412e-20	
N69	0.202712	0.20222	0.185197	0.153064	0.112298	0.0722271	0.0403918	0.0195466	0.00816631	0.00294373	0.000916119	0.000246507	5.74694e-05	1.16377e-05	2.05282e-06	3.1637e-07	4.27329e-08	5.07504e-09	5.31644e-10	4.92825e-11	4.05543e-12	2.97211e-13	1.94718e-14	1.14761e-15	6.20154e-17	3.36803e-18	3.19458e-19	
POCUSC_Dendroctonus_simplex	0	1	0	0	0	0	0	0	0	0	0	0	0	0	0	0	0	0	0	0	0	0	0	0	0	0	0	
POCUSC_Dendroctonus_pseudotsugae	0	0	0	0	1	0	0	0	0	0	0	0	0	0	0	0	0	0	0	0	0	0	0	0	0	0	0	
N70	0.110702	0.125329	0.142372	0.15305	0.148474	0.12584	0.0912741	0.0559229	0.0287068	0.0122831	0.00436735	0.0012882	0.000315009	6.38715e-05	1.07468e-05	1.50247e-06	1.74841e-07	1.69708e-08	1.37726e-09	9.36973e-11	5.35883e-12	2.5844e-13	1.05451e-14	3.65708e-16	1.09135e-17	3.01894e-19	1.42866e-20	
N71	0.075575	0.0901718	0.112081	0.13474	0.147929	0.143009	0.119167	0.0845591	0.0507458	0.0256602	0.0109134	0.00390186	0.00117315	0.000296934	6.33676e-05	1.14245e-05	1.74409e-06	2.26042e-07	2.49406e-08	2.34973e-09	1.89623e-10	1.3153e-11	7.87593e-13	4.102e-14	1.89708e-15	8.47344e-17	6.08065e-18	
N72	0.00258766	0.00496525	0.0115533	0.0258916	0.0514431	0.0880262	0.12818	0.157854	0.163769	0.142773	0.104434	0.0640547	0.0329534	0.0142352	0.00517303	0.00158537	0.000411011	9.04554e-05	1.69646e-05	2.72243e-06	3.75417e-07	4.46803e-08	4.61148e-09	4.15706e-10	3.3452e-11	2.68788e-12	3.84197e-13	
POCUSC_Dendroctonus_jeffreyi	0	0	0	0	0	0	0	1	0	0	0	0	0	0	0	0	0	0	0	0	0	0	0	0	0	0	0	
POCUSC_Dendroctonus_ponderosae	0	0	0	0	0	0	0	0	0	0	0	0	1	0	0	0	0	0	0	0	0	0	0	0	0	0	0	
N73	0.0570056	0.0730232	0.0987278	0.126984	0.146968	0.148944	0.130302	0.0976055	0.0622992	0.0337867	0.0155463	0.00606639	0.00200816	0.000564479	0.000134934	2.74821e-05	4.77983e-06	7.11732e-07	9.09838e-08	1.00146e-08	9.52071e-10	7.84265e-11	5.61768e-12	3.51747e-13	1.95644e-14	1.05843e-15	9.94368e-17	
POCUSC_Dendroctonus_frontalis	0	0	1	0	0	0	0	0	0	0	0	0	0	0	0	0	0	0	0	0	0	0	0	0	0	0	0	
N74	0.00919895	0.0152277	0.0298517	0.0566105	0.0948689	0.135706	0.163373	0.164397	0.137737	0.0958651	0.0553644	0.0265268	0.0105514	0.00348905	0.00096109	0.000221103	4.26102e-05	6.90222e-06	9.43215e-07	1.09159e-07	1.0742e-08	9.02625e-10	6.5063e-11	4.04998e-12	2.21612e-13	1.16471e-14	1.03577e-15	
POCUSC_Dendroctonus_adjunctus	0	0	0	0	0	0	0	0	0	0	0	1	0	0	0	0	0	0	0	0	0	0	0	0	0	0	0	
N75	0.00295584	0.00610379	0.0152802	0.0362472	0.0741234	0.125276	0.171376	0.187751	0.163865	0.113692	0.062702	0.0275278	0.00964711	0.00270915	0.000612582	0.000112149	1.67252e-05	2.04496e-06	2.06349e-07	1.72986e-08	1.21272e-09	7.15545e-11	3.57571e-12	1.5233e-13	5.59696e-15	1.89675e-16	1.07325e-17	
POCUSC_Dendroctonus_approximatus	0	0	0	0	0	0	0	0	0	0	0	1	0	0	0	0	0	0	0	0	0	0	0	0	0	0	0	
POCUSC_Dendroctonus_brevicomis	0	0	0	0	1	0	0	0	0	0	0	0	0	0	0	0	0	0	0	0	0	0	0	0	0	0	0	
N76	0.0717049	0.0863018	0.108369	0.131516	0.146016	0.143341	0.121878	0.0886296	0.054693	0.0285048	0.0125131	0.00462095	0.00143529	0.000375205	8.26542e-05	1.53706e-05	2.41815e-06	3.22629e-07	3.66037e-08	3.54161e-09	2.93117e-10	2.08165e-11	1.27274e-12	6.72722e-14	3.10908e-15	1.35688e-16	1.0213e-17	
N77	0.0204755	0.0328958	0.0567997	0.0898441	0.124744	0.150033	0.155223	0.137432	0.103717	0.066522	0.0361887	0.0166797	0.00651102	0.00215319	0.000603739	0.000143722	2.90977e-05	5.02072e-06	7.40108e-07	9.3462e-08	1.01422e-08	9.49335e-10	7.70551e-11	5.47759e-12	3.49674e-13	2.19089e-14	2.21702e-15	
POCUSC_Dendroctonus_punctatus	0	0	0	0	0	0	0	0	0	0	0	0	0	0	0	0	1	0	0	0	0	0	0	0	0	0	0	
N78	0.152063	0.179985	0.204359	0.194416	0.143429	0.079537	0.0329676	0.0102819	0.00244164	0.000447538	6.41907e-05	7.29927e-06	6.66057e-07	4.93162e-08	2.99305e-09	1.50278e-10	6.29502e-12	2.21706e-13	6.61182e-15	1.68065e-16	3.66345e-18	6.88714e-20	1.12294e-21	1.59855e-23	2.01413e-25	2.37203e-27	4.06781e-29	
POCUSC_Dendroctonus_rufipennis	0	1	0	0	0	0	0	0	0	0	0	0	0	0	0	0	0	0	0	0	0	0	0	0	0	0	0	
POCUSC_Dendroctonus_murrayanae	0	0	0	1	0	0	0	0	0	0	0	0	0	0	0	0	0	0	0	0	0	0	0	0	0	0	0	
N79	0.0770793	0.0900077	0.108882	0.128571	0.140894	0.138304	0.118907	0.0883244	0.056232	0.0305483	0.0141303	0.00556161	0.00186347	0.000532146	0.000129746	2.70684e-05	4.84433e-06	7.45775e-07	9.90531e-08	1.13856e-08	1.13619e-09	9.87656e-11	7.50701e-12	5.02077e-13	3.01491e-14	1.79617e-15	1.84107e-16	
POCUSC_Dendroctonus_valens	0	0	0	0	1	0	0	0	0	0	0	0	0	0	0	0	0	0	0	0	0	0	0	0	0	0	0	
POCUSC_Dendroctonus_terebrans	0	0	0	0	0	0	0	1	0	0	0	0	0	0	0	0	0	0	0	0	0	0	0	0	0	0	0	
N80	0.0422947	0.0548146	0.0751086	0.0985732	0.118825	0.129695	0.127574	0.112892	0.0897882	0.0641427	0.0411338	0.0236679	0.0122141	0.00565179	0.00234458	0.000871967	0.000290772	8.69675e-05	2.33415e-05	5.62601e-06	1.21927e-06	2.38121e-07	4.21124e-08	6.83013e-09	1.05568e-09	1.77493e-10	5.05961e-11	
N81	0.105702	0.114353	0.12233	0.126478	0.123842	0.11314	0.0954725	0.0739219	0.0522853	0.0336821	0.0197219	0.0104817	0.00505215	0.00220734	0.000874063	0.000313713	0.000102087	3.01346e-05	8.07417e-06	1.96524e-06	4.34979e-07	8.76927e-08	1.61621e-08	2.75492e-09	4.53099e-10	8.38273e-11	2.72213e-11	
POCUCU_Rhynchaenus_sp	0	0	0	0	1	0	0	0	0	0	0	0	0	0	0	0	0	0	0	0	0	0	0	0	0	0	0	
POCUSC_Crypturgus_pusillus	0	0	0	1	0	0	0	0	0	0	0	0	0	0	0	0	0	0	0	0	0	0	0	0	0	0	0	
N82	0.000110398	0.000253697	0.000760153	0.00224341	0.00598499	0.0141086	0.0291948	0.0528964	0.0837978	0.115952	0.140023	0.14747	0.135385	0.108304	0.0754838	0.0458359	0.0242552	0.0111908	0.00450521	0.00158453	0.000487864	0.000131978	3.16086e-05	6.82409e-06	1.39405e-06	3.10839e-07	1.12399e-07	
N83	3.70707e-05	8.01337e-05	0.000242351	0.000778566	0.00234742	0.0063387	0.015066	0.0313032	0.0566744	0.0892502	0.122105	0.145008	0.149391	0.133469	0.103399	0.0694684	0.040492	0.0204905	0.00901085	0.00344853	0.0011511	0.000336421	8.67703e-05	2.01228e-05	4.40655e-06	1.04533e-06	3.90444e-07	
POCUSC_Polygraphus_grandiclava	0	0	0	0	0	0	0	0	0	0	0	0	0	0	0	0	1	0	0	0	0	0	0	0	0	0	0	
POCUCU_Anthonomus_sp	0	0	0	0	0	0	0	0	0	0	0	0	1	0	0	0	0	0	0	0	0	0	0	0	0	0	0	
N84	4.65175e-10	3.01845e-09	2.73671e-08	2.36207e-07	1.82204e-06	1.22881e-05	7.14643e-05	0.000354715	0.00148994	0.00525654	0.0154694	0.037728	0.0757916	0.124719	0.167306	0.182255	0.160805	0.114769	0.0662769	0.0310226	0.0118084	0.00367303	0.000940785	0.000201476	3.76801e-05	7.15045e-06	2.20245e-06	
POCUEN_Tanymecus_sp	0	0	0	0	0	0	0	0	0	0	0	0	0	0	0	1	0	0	0	0	0	0	0	0	0	0	0	
POCUSC_Polygraphus_poligraphus_M	0	0	0	0	0	0	0	0	0	0	0	0	0	0	0	0	0	0	1	0	0	0	0	0	0	0	0	
N85	0.0485568	0.0590427	0.0760827	0.0969358	0.116383	0.128071	0.127252	0.113261	0.0899223	0.0635409	0.0399148	0.0222779	0.0110461	0.00486609	0.0019051	0.000663168	0.00020538	5.66297e-05	1.39149e-05	3.05038e-06	5.97485e-07	1.04821e-07	1.6552e-08	2.38304e-09	3.2585e-10	4.87575e-11	1.27077e-11	
N86	0.047419	0.0561431	0.0700317	0.0873511	0.104531	0.116827	0.120034	0.112378	0.0954054	0.0732543	0.0507995	0.0317946	0.0179557	0.00914984	0.00420802	0.00174727	0.000655363	0.000222198	6.81591e-05	1.89404e-05	4.77813e-06	1.09873e-06	2.32332e-07	4.60995e-08	9.00227e-09	1.94454e-09	6.50633e-10	
N87	0.00049519	0.0009784	0.00242046	0.00599298	0.0136885	0.0280016	0.0506839	0.0807048	0.112676	0.137628	0.146838	0.136683	0.110915	0.078427	0.0483155	0.0259377	0.0121399	0.00495767	0.00176846	0.000551825	0.00015093	3.6302e-05	7.72917e-06	1.48105e-06	2.679e-07	5.29187e-08	1.72975e-08	
POCUMO_Pissodes_schwarzi_M	0	0	0	0	0	0	0	0	0	0	0	0	1	0	0	0	0	0	0	0	0	0	0	0	0	0	0	
N88	0.000152728	0.000312066	0.000858068	0.00246753	0.00662779	0.0158875	0.0333491	0.0607706	0.0957052	0.129916	0.151754	0.152364	0.1314	0.0973094	0.0618845	0.0338101	0.0158802	0.00641887	0.00223587	0.000672351	0.00017497	3.95529e-05	7.82101e-06	1.37415e-06	2.23905e-07	3.88187e-08	1.12149e-08	
POCUMO_Pissodes_strobi	0	0	0	0	0	0	0	0	0	0	0	0	0	0	0	0	1	0	0	0	0	0	0	0	0	0	0	
N89	7.32141e-07	4.44126e-06	3.69199e-05	0.000273787	0.00165087	0.00779372	0.0280892	0.0756993	0.149865	0.21497	0.221669	0.164275	0.0881312	0.0346719	0.0101644	0.00225887	0.000387054	5.19617e-05	5.54692e-06	4.77248e-07	3.35058e-08	1.94172e-09	9.39776e-11	3.85496e-12	1.37663e-13	4.61271e-15	2.29567e-16	
POCUBA_Limnobaris_sp	0	0	0	0	0	0	0	0	0	0	1	0	0	0	0	0	0	0	0	0	0	0	0	0	0	0	0	
POCUMO_Pissodes_nemorensis	0	0	0	0	0	0	0	0	0	1	0	0	0	0	0	0	0	0	0	0	0	0	0	0	0	0	0	
N90	0.000319142	0.00902973	0.138879	0.365086	0.353226	0.125676	0.00758309	0.000197971	2.91177e-06	2.74946e-08	1.80404e-10	8.67694e-13	3.17969e-15	9.14166e-18	2.10996e-20	3.98289e-23	6.24408e-26	8.23626e-29	9.24479e-32	8.92111e-35	7.47461e-38	5.49491e-41	3.58905e-44	2.11767e-47	1.1548e-50	5.99191e-54	3.19148e-57	
POCUMO_Hylobius_piceus	0	0	1	0	0	0	0	0	0	0	0	0	0	0	0	0	0	0	0	0	0	0	0	0	0	0	0	
POCUMO_Hylobius_abietis	0	0	0	0	0	1	0	0	0	0	0	0	0	0	0	0	0	0	0	0	0	0	0	0	0	0	0	
N91	0.00314403	0.00499711	0.00961372	0.0189895	0.0353962	0.0599114	0.0904113	0.120475	0.140949	0.144257	0.128844	0.100262	0.0679048	0.0400049	0.0204971	0.009135	0.00354295	0.00119674	0.000352444	9.06367e-05	2.03974e-05	4.03049e-06	7.0363e-07	1.10117e-07	1.61307e-08	2.56525e-09	7.116e-10	
N92	0.00142647	0.00226513	0.00451532	0.00965806	0.0200742	0.0384063	0.0657162	0.0990073	0.130187	0.148638	0.146893	0.125417	0.0924074	0.0587227	0.0321795	0.0152091	0.00620283	0.00218476	0.000665443	0.000175637	4.03144e-05	8.10092e-06	1.44441e-06	2.35254e-07	3.73716e-08	6.77459e-09	2.09747e-09	
N93	9.1706e-06	7.56391e-05	0.000713039	0.00520587	0.0271582	0.0952918	0.211833	0.284267	0.226705	0.108634	0.0326418	0.00647911	0.000891661	8.8647e-05	6.58645e-06	3.76108e-07	1.68939e-08	6.08649e-10	1.78825e-11	4.34696e-13	8.8573e-15	1.53206e-16	2.2814e-18	2.9796e-20	3.51266e-22	3.91981e-24	5.3896e-26	
POCUEN_Scepticus_insularis	0	0	0	0	0	0	0	0	1	0	0	0	0	0	0	0	0	0	0	0	0	0	0	0	0	0	0	
POCUEN_Scepticus_griseus	0	0	0	0	0	0	1	0	0	0	0	0	0	0	0	0	0	0	0	0	0	0	0	0	0	0	0	
N94	0.00139214	0.00220272	0.0043828	0.00938401	0.0195573	0.0375494	0.0645094	0.0976235	0.128997	0.14807	0.147188	0.126469	0.093825	0.0600675	0.0331806	0.0158174	0.00651059	0.00231586	0.000712838	0.000190273	4.42011e-05	8.99657e-06	1.62619e-06	2.68612e-07	4.31683e-08	7.80774e-09	2.34339e-09	
POCUCU_Curculio_dentipes	0	0	0	0	0	0	0	0	0	0	0	0	0	0	1	0	0	0	0	0	0	0	0	0	0	0	0	
N95	1.96191e-07	8.03869e-07	4.50855e-06	2.44363e-05	0.000118887	0.000507299	0.00187433	0.00593997	0.0160251	0.0365754	0.0702607	0.11312	0.152131	0.170481	0.158929	0.123155	0.0793281	0.0425094	0.0189811	0.00707923	0.00221261	0.000582187	0.000129915	2.49742e-05	4.31986e-06	7.73461e-07	2.23565e-07	
POCUCU_Curculio_nucum_M	0	0	0	0	0	0	0	0	0	0	0	0	0	0	0	0	0	0	1	0	0	0	0	0	0	0	0	
POCUCU_Curculio_distinguendus	0	0	0	0	0	0	0	0	0	0	0	1	0	0	0	0	0	0	0	0	0	0	0	0	0	0	0	
N96	0.00290291	0.00420423	0.00732778	0.0136304	0.0248921	0.042558	0.0664387	0.093499	0.117827	0.132491	0.132677	0.118202	0.0936377	0.0659511	0.041305	0.0230123	0.0114119	0.00504168	0.00198667	0.000699458	0.000220646	6.26772e-05	1.61939e-05	3.88777e-06	9.09726e-07	2.3286e-07	8.97839e-08	
POCUCU_Dorytomus_sp	0	0	0	0	0	0	0	0	0	0	1	0	0	0	0	0	0	0	0	0	0	0	0	0	0	0	0	
POCUMO_Magdalis_sp	0	0	0	0	0	0	0	0	0	0	0	0	0	0	1	0	0	0	0	0	0	0	0	0	0	0	0	
N97	0.156338	0.162522	0.161098	0.149248	0.126815	0.0973852	0.0668806	0.040774	0.0219528	0.0104001	0.00432439	0.0015755	0.000502436	0.000140187	3.42215e-05	7.31167e-06	1.36825e-06	2.24473e-07	3.23247e-08	4.09144e-09	4.55905e-10	4.48041e-11	3.89308e-12	3.00682e-13	2.10524e-14	1.47995e-15	1.83393e-16	
N98	0.0543393	0.065742	0.08382	0.105044	0.123336	0.131979	0.126796	0.108496	0.0823264	0.0552686	0.0327875	0.017179	0.00794894	0.00324885	0.00117342	0.000374765	0.000105925	2.65208e-05	5.88848e-06	1.16087e-06	2.03488e-07	3.17709e-08	4.43146e-09	5.56655e-10	6.49489e-11	8.04192e-12	1.76601e-12	
N99	0.00446534	0.00747573	0.0151082	0.0303202	0.0553521	0.0888839	0.123873	0.148892	0.153801	0.136218	0.103286	0.0669836	0.0371397	0.0176065	0.00713958	0.00247861	0.000737551	0.000188395	4.13806e-05	7.83122e-06	1.27971e-06	1.81011e-07	2.22308e-08	2.38535e-09	2.28931e-10	2.21802e-11	3.82207e-12	
N100	0.00098652	0.0019018	0.00472142	0.0118984	0.0273291	0.054653	0.0932185	0.13425	0.162393	0.164537	0.139456	0.0988487	0.058626	0.0291271	0.0121431	0.00425722	0.00125833	0.000314476	6.66641e-05	1.20297e-05	1.85553e-06	2.45933e-07	2.82291e-08	2.84549e-09	2.59533e-10	2.34293e-11	3.29514e-12	
POCUEN_Otiorhynchus_armadillo	0	0	0	0	0	0	0	0	0	0	0	0	0	0	1	0	0	0	0	0	0	0	0	0	0	0	0	
N101	0.000228085	0.00059473	0.0020665	0.00699983	0.0205574	0.0498556	0.0976119	0.152526	0.189032	0.185201	0.143235	0.0874451	0.0421876	0.0161174	0.00489011	0.00118253	0.000228866	3.56146e-05	4.47831e-06	4.57416e-07	3.8157e-08	2.61411e-09	1.47938e-10	6.96231e-12	2.76126e-13	9.90441e-15	5.77047e-16	
N102	5.97025e-05	0.000169895	0.000693598	0.00279356	0.00968934	0.0276026	0.0633435	0.115958	0.168375	0.193282	0.175125	0.12522	0.0707379	0.0316416	0.0112433	0.00318661	0.000723791	0.000132444	1.96353e-05	2.37242e-06	2.35044e-07	1.92166e-08	1.30579e-09	7.44987e-11	3.65082e-12	1.67264e-13	1.19702e-14	
POCUEN_Dyslobus_sp	0	0	0	0	0	0	0	0	0	0	0	0	0	1	0	0	0	0	0	0	0	0	0	0	0	0	0	
N103	5.06212e-07	3.61278e-06	3.43592e-05	0.000285393	0.00186307	0.00919171	0.0335319	0.0889809	0.169465	0.229261	0.218938	0.147374	0.0701811	0.0238401	0.00584537	0.00104915	0.000139943	1.40863e-05	1.08609e-06	6.50618e-08	3.06882e-09	1.15397e-10	3.49954e-12	8.65477e-14	1.77145e-15	3.18053e-17	8.48356e-19	
POCUEN_Sitona_hispidulus	0	0	0	0	0	0	0	0	0	1	0	0	0	0	0	0	0	0	0	0	0	0	0	0	0	0	0	
N104	8.35561e-10	1.65049e-08	4.76384e-07	1.06977e-05	0.00016693	0.00174243	0.0118783	0.051917	0.143463	0.248175	0.267137	0.178505	0.0741752	0.0192908	0.00317633	0.000336511	2.33937e-05	1.09043e-06	3.48458e-08	7.80265e-10	1.25011e-11	1.46144e-13	1.26953e-15	8.33436e-18	4.20657e-20	1.70039e-22	8.68399e-25	
N105	8.82717e-10	1.80328e-08	5.28059e-07	1.19021e-05	0.000185178	0.00191713	0.0129014	0.0554271	0.149981	0.253216	0.265181	0.171849	0.0690169	0.0172856	0.00273109	0.000276716	1.83432e-05	8.133e-07	2.46745e-08	5.2385e-10	7.95139e-12	8.8045e-14	7.24627e-16	4.51024e-18	2.1601e-20	8.27018e-23	4.08555e-25	
N106	2.23647e-08	9.08881e-07	3.94408e-05	0.00107246	0.0160447	0.113971	0.319204	0.357684	0.156446	0.0318494	0.00345939	0.000220046	8.75505e-06	2.28898e-07	4.08845e-09	5.1516e-11	4.70602e-13	3.19165e-15	1.64107e-17	6.51763e-20	2.033e-22	5.05553e-25	1.01585e-27	1.66961e-30	2.27067e-33	2.60998e-36	3.46174e-39	
POCUCU_Gymnetron_antirhini	0	0	0	0	0	0	0	1	0	0	0	0	0	0	0	0	0	0	0	0	0	0	0	0	0	0	0	
POCUEN_Naupactus_xanthographus	0	0	0	0	0	1	0	0	0	0	0	0	0	0	0	0	0	0	0	0	0	0	0	0	0	0	0	
POCUCU_Gymnetron_tetrum	0	0	0	0	0	0	0	0	0	0	0	0	1	0	0	0	0	0	0	0	0	0	0	0	0	0	0	
POCUCE_Phytobius_sp	0	0	0	0	0	0	0	0	0	0	0	0	0	1	0	0	0	0	0	0	0	0	0	0	0	0	0	
N107	0.00134312	0.00296764	0.00858221	0.0238807	0.0563379	0.10747	0.162693	0.193906	0.181367	0.13305	0.0766482	0.0347664	0.012463	0.00354743	0.000806034	0.000147058	2.16778e-05	2.59853e-06	2.54956e-07	2.06096e-08	1.38153e-09	7.72875e-11	3.63122e-12	1.44253e-13	4.90542e-15	1.52647e-16	7.72741e-18	
POCUMO_Pachylobius_picivorus	0	0	0	0	0	0	0	1	0	0	0	0	0	0	0	0	0	0	0	0	0	0	0	0	0	0	0	
N108	0.000997841	0.0031104	0.0115788	0.036923	0.0911443	0.167018	0.222563	0.213461	0.146784	0.0724485	0.0258033	0.00668933	0.00127634	0.000181495	1.94898e-05	1.60156e-06	1.02018e-07	5.10003e-09	2.02446e-10	6.45135e-12	1.66744e-13	3.5291e-15	6.17119e-17	8.99178e-19	1.10253e-20	1.18103e-22	1.81594e-24	
N109	7.44866e-05	0.000347478	0.00212618	0.0108642	0.0411612	0.110272	0.203098	0.252332	0.209137	0.11532	0.0425468	0.0106404	0.00183658	0.000223332	1.9543e-05	1.25629e-06	6.04883e-08	2.22092e-09	6.32121e-11	1.41569e-12	2.52896e-14	3.64829e-16	4.29834e-18	4.17872e-20	3.3854e-22	2.34081e-24	2.18906e-26	
POCUDR_Sitophilus_granarius	0	0	0	0	0	0	0	0	0	1	0	0	0	0	0	0	0	0	0	0	0	0	0	0	0	0	0	
POCUDR_Sitophilus_zeamais	0	0	0	0	0	0	0	1	0	0	0	0	0	0	0	0	0	0	0	0	0	0	0	0	0	0	0	
POCUDR_Sitophilus_oryzae	0	0	0	1	0	0	0	0	0	0	0	0	0	0	0	0	0	0	0	0	0	0	0	0	0	0	0	
N110	0.00182153	0.00345778	0.00778808	0.0170409	0.0339475	0.0600526	0.0931941	0.126003	0.147783	0.149916	0.131269	0.0990771	0.0644024	0.0360392	0.0173617	0.00720307	0.00257553	0.000794491	0.000211723	4.88212e-05	9.76022e-06	1.6959e-06	2.57122e-07	3.43337e-08	4.16956e-09	5.25583e-10	1.14687e-10	
N111	6.08056e-06	1.86497e-05	7.73503e-05	0.000312786	0.00113641	0.00362222	0.010016	0.0238466	0.0486029	0.0844121	0.124465	0.155348	0.163749	0.145521	0.108908	0.0686042	0.0363756	0.0162442	0.00611674	0.00194541	0.000523815	0.000119792	2.33952e-05	3.95074e-06	5.99226e-07	9.34727e-08	2.40302e-08	
POCUEN_Brachyderes_incanus	0	0	0	0	0	0	0	0	0	0	0	0	0	0	0	1	0	0	0	0	0	0	0	0	0	0	0	
N112	3.25702e-12	4.03442e-11	6.84061e-10	1.06853e-08	1.44214e-07	1.63706e-06	1.53656e-05	0.00011766	0.000725993	0.0035652	0.0137583	0.0411836	0.0943958	0.16367	0.212448	0.204885	0.146241	0.0772798	0.0303706	0.0089493	0.0019992	0.000342927	4.57993e-05	4.83985e-06	4.16575e-07	3.26185e-08	4.15163e-09	
POCUEN_Strophosoma_melanogrammum	0	0	0	0	0	0	0	0	0	0	0	0	0	0	1	0	0	0	0	0	0	0	0	0	0	0	0	
POCUEN_Strophosoma_capitatum	0	0	0	0	0	0	0	0	0	0	0	0	0	0	0	0	0	1	0	0	0	0	0	0	0	0	0	
POCUEN_Chlorophanus_sp	0	0	0	1	0	0	0	0	0	0	0	0	0	0	0	0	0	0	0	0	0	0	0	0	0	0	0	
N113	0.0316999	0.0414576	0.058511	0.0808526	0.104255	0.122764	0.130583	0.124651	0.106316	0.0807724	0.0545486	0.0327024	0.0173913	0.00820263	0.00343199	0.0012747	0.000420747	0.00012362	3.24005e-05	7.59745e-06	1.5998e-06	3.03984e-07	5.24498e-08	8.29145e-09	1.22328e-09	1.80667e-10	3.90034e-11	
N114	0.0525002	0.0646124	0.0836068	0.105234	0.123275	0.131489	0.126253	0.108395	0.082851	0.0562111	0.0337841	0.0179645	0.00844573	0.00350985	0.00128962	0.000419186	0.000120647	3.07843e-05	6.97458e-06	1.40579e-06	2.52684e-07	4.06315e-08	5.87463e-09	7.72525e-10	9.58527e-11	1.29049e-11	3.09162e-12	
POCUEN_Sitona_lineatus	0	0	0	0	0	1	0	0	0	0	0	0	0	0	0	0	0	0	0	0	0	0	0	0	0	0	0	
N115	0.175864	0.180979	0.175472	0.15637	0.124861	0.0874756	0.0529616	0.0274419	0.0121023	0.00453214	0.00144098	0.000389516	8.97312e-05	1.76698e-05	2.98463e-06	4.34033e-07	5.45482e-08	5.94746e-09	5.64723e-10	4.68739e-11	3.41386e-12	2.1901e-13	1.24335e-14	6.29522e-16	2.90263e-17	1.32621e-18	1.0047e-19	
POCUCL_Cleonus_sp	0	0	1	0	0	0	0	0	0	0	0	0	0	0	0	0	0	0	0	0	0	0	0	0	0	0	0	
N116	0.144586	0.176631	0.207686	0.201174	0.147633	0.0795348	0.0313205	0.00909143	0.00197212	0.000324687	4.12089e-05	4.09219e-06	3.22366e-07	2.04019e-08	1.04941e-09	4.43349e-11	1.55329e-12	4.55281e-14	1.12543e-15	2.36365e-17	4.24642e-19	6.5671e-21	8.79384e-23	1.0255e-24	1.05012e-26	9.80989e-29	1.34372e-30	
POCUMO_Larinus_sp	0	0	0	1	0	0	0	0	0	0	0	0	0	0	0	0	0	0	0	0	0	0	0	0	0	0	0	
POCUMO_Lixus_sp	0	0	0	1	0	0	0	0	0	0	0	0	0	0	0	0	0	0	0	0	0	0	0	0	0	0	0	
POCUEN_Foucartia_squamulata	0	0	0	0	0	0	0	0	0	0	0	0	0	0	0	0	0	0	0	0	1	0	0	0	0	0	0	
N117	0.168632	0.171299	0.163813	0.146288	0.12072	0.0910723	0.0622017	0.038151	0.0208799	0.0101482	0.00436496	0.00165758	0.000554904	0.000163623	4.24837e-05	9.71422e-06	1.95704e-06	3.47631e-07	5.44976e-08	7.54885e-09	9.2517e-10	1.00495e-10	9.70135e-12	8.37745e-13	6.62509e-14	5.35178e-15	7.59114e-16	
N118	0.170809	0.172512	0.163429	0.144516	0.118452	0.0893167	0.061518	0.0384686	0.0217319	0.0110491	0.00504154	0.00206042	0.000753257	0.000246159	7.18883e-05	1.87637e-05	4.37901e-06	9.14389e-07	1.70999e-07	2.86756e-08	4.31982e-09	5.86276e-10	7.20762e-11	8.12415e-12	8.66298e-13	9.7067e-14	1.81276e-14	
POCUEN_Bothrometopus_sp	0	0	0	0	1	0	0	0	0	0	0	0	0	0	0	0	0	0	0	0	0	0	0	0	0	0	0	
N119	0.143685	0.150933	0.152449	0.144947	0.127378	0.102164	0.0742041	0.0485851	0.0286014	0.015116	0.00716648	0.00304673	0.00116142	0.000397046	0.000121768	3.35185e-05	8.28652e-06	1.84133e-06	3.68093e-07	6.62703e-08	1.07601e-08	1.5789e-09	2.10235e-10	2.56648e-11	2.96647e-12	3.6653e-13	7.85732e-14	
N120	0.281577	0.256375	0.198812	0.131589	0.0743067	0.0357354	0.0146026	0.00505892	0.00148325	0.000367653	7.70186e-05	1.36421e-05	2.04544e-06	2.60053e-07	2.80975e-08	2.58659e-09	2.03467e-10	1.37184e-11	7.95363e-13	3.97853e-14	1.72293e-15	6.48331e-17	2.12953e-18	6.15307e-20	1.59497e-21	3.9733e-23	1.49994e-24	
N121	0.282934	0.257888	0.199974	0.131734	0.0734194	0.0344544	0.0135594	0.00446304	0.00122719	0.000281965	5.42153e-05	8.74456e-06	1.18686e-06	1.36044e-07	1.32223e-08	1.09419e-09	7.74291e-11	4.70576e-12	2.46687e-13	1.12023e-14	4.42518e-16	1.52682e-17	4.61961e-19	1.23067e-20	2.90646e-22	6.38636e-24	2.32324e-25	
POCUEN_Barypeithes_sp	0	0	1	0	0	0	0	0	0	0	0	0	0	0	0	0	0	0	0	0	0	0	0	0	0	0	0	
POCUEN_Polydrusus_mollis_M	0	0	1	0	0	0	0	0	0	0	0	0	0	0	0	0	0	0	0	0	0	0	0	0	0	0	0	
N122	0.282391	0.256938	0.198958	0.131359	0.0738932	0.0353423	0.0143363	0.00492073	0.0014267	0.000349094	7.2082e-05	1.25688e-05	1.85339e-06	2.31591e-07	2.4584e-08	2.22337e-09	1.71861e-10	1.13922e-11	6.49866e-13	3.20163e-14	1.36715e-15	5.07831e-17	1.64691e-18	4.68287e-20	1.1789e-21	2.79482e-23	1.08802e-24	
N123	0.00154637	0.0676062	0.875775	0.0542204	0.000846047	5.71143e-06	2.09644e-08	4.74827e-11	7.18916e-14	7.68797e-17	6.04359e-20	3.59958e-23	1.66303e-26	6.0727e-30	1.77953e-33	4.23747e-37	8.2853e-41	1.34184e-44	1.81338e-48	2.05765e-52	1.97081e-56	1.60048e-60	1.1063e-64	6.53566e-69	3.32926e-73	1.52281e-77	7.72897e-82	
POCUEN_Hypera_postica	0	0	1	0	0	0	0	0	0	0	0	0	0	0	0	0	0	0	0	0	0	0	0	0	0	0	0	
POCUEN_Hypera_nigrirostris	0	0	1	0	0	0	0	0	0	0	0	0	0	0	0	0	0	0	0	0	0	0	0	0	0	0	0	
POCUEN_Eudiagogus_sp	0	0	1	0	0	0	0	0	0	0	0	0	0	0	0	0	0	0	0	0	0	0	0	0	0	0	0	
N124	0.00440802	0.00738756	0.0149013	0.0297453	0.0539431	0.0861514	0.119815	0.144453	0.150657	0.135778	0.105692	0.0710603	0.0412851	0.020746	0.00902864	0.00340875	0.00111875	0.000319922	7.99153e-05	1.74856e-05	3.36091e-06	5.69325e-07	8.53591e-08	1.14314e-08	1.4123e-09	1.84889e-10	4.31383e-11	
POCUEN_Hypomeces_squamosus	0	0	0	0	0	0	0	0	0	0	0	1	0	0	0	0	0	0	0	0	0	0	0	0	0	0	0	
POCUEN_Sympiezomias_cribricollis	0	0	0	0	0	0	0	0	0	1	0	0	0	0	0	0	0	0	0	0	0	0	0	0	0	0	0	
N125	0.105709	0.115382	0.124815	0.129942	0.127161	0.115171	0.0956343	0.0723883	0.0497644	0.0309949	0.0174591	0.00888305	0.00407861	0.00168889	0.000630485	0.000212165	6.43637e-05	1.76084e-05	4.3468e-06	9.69206e-07	1.95508e-07	3.57861e-08	5.98231e-09	9.28458e-10	1.40423e-10	2.41468e-11	7.3556e-12	
POCUEN_Phyllobius_pyri	0	0	0	1	0	0	0	0	0	0	0	0	0	0	0	0	0	0	0	0	0	0	0	0	0	0	0	
N126	0.0812879	0.0919617	0.105436	0.117514	0.123574	0.120457	0.10777	0.0879975	0.0653483	0.0440351	0.0268833	0.0148528	0.00742083	0.00335132	0.00136775	0.000504463	0.000168187	5.07121e-05	1.38407e-05	3.42411e-06	7.69748e-07	1.57956e-07	2.98555e-08	5.29674e-09	9.19948e-10	1.73826e-10	5.04653e-11	
POCUEN_Liophloeus_tessulatus	0	0	0	0	0	1	0	0	0	0	0	0	0	0	0	0	0	0	0	0	0	0	0	0	0	0	0	
POCUEN_Phyllobius_argentatus	0	0	0	0	0	0	0	0	0	0	0	0	0	0	1	0	0	0	0	0	0	0	0	0	0	0	0	
