NODE	11	12	13	14	15	16	17	18	19	20	21	22	23	24	25	26	27	28	29	
N1	0.0646388	0.0716525	0.0849717	0.102011	0.11782	0.126219	0.122586	0.106503	0.0821543	0.0560385	0.033736	0.0179152	0.00839691	0.00347935	0.00127873	0.000419968	0.00012614	3.78444e-05	1.54841e-05	
N2	0.0146455	0.0169164	0.0221702	0.0304862	0.0417893	0.0555329	0.0704487	0.0845245	0.0953289	0.100653	0.0992398	0.0912675	0.0783222	0.0628665	0.0474578	0.0340784	0.0238283	0.0170082	0.0134359	
ADCACI_Omus_californicus	0	0	0	0	0	0	0	0	1	0	0	0	0	0	0	0	0	0	0	
N3	7.25971e-06	1.50928e-05	4.42484e-05	0.000136168	0.00039791	0.00107338	0.00264989	0.00596572	0.0122232	0.0227639	0.0385138	0.0592188	0.0828885	0.10598	0.124527	0.135767	0.139289	0.136955	0.131585	
ADCACI_Amblycheila_baroni	0	0	0	0	0	0	0	0	0	0	0	0	0	0	0	0	0	1	0	
ADCACI_Mantichora_amygdaloides	0	0	0	0	0	0	0	0	0	0	0	0	0	0	0	1	0	0	0	
N4	0.106441	0.109992	0.118516	0.126183	0.127332	0.118643	0.100507	0.0766919	0.0524018	0.0319425	0.0173321	0.00836338	0.00359081	0.00137556	0.000473508	0.000148986	4.47143e-05	1.43148e-05	6.43288e-06	
N5	0.193244	0.180694	0.164076	0.141922	0.114512	0.0846002	0.0563942	0.0335562	0.0176906	0.00822291	0.00336059	0.00120649	0.000380936	0.000106207	2.63816e-05	5.94576e-06	1.26162e-06	2.73762e-07	8.03219e-08	
N6	0.208154	0.192476	0.17102	0.14334	0.110969	0.0778068	0.0486146	0.0267357	0.0128277	0.00533749	0.00191896	0.000595119	0.000159261	3.68888e-05	7.45195e-06	1.3365e-06	2.22792e-07	3.9543e-08	1.12356e-08	
N7	0.25847	0.227195	0.183474	0.135177	0.0901673	0.0540428	0.0289098	0.0137259	0.00575876	0.00212828	0.000691385	0.000197201	4.93791e-05	1.08685e-05	2.11102e-06	3.6576e-07	5.83907e-08	9.59527e-09	2.42483e-09	
N8	0.266767	0.235541	0.190087	0.137296	0.0870161	0.0476877	0.0223956	0.00897323	0.00306389	0.00089251	0.000222376	4.75612e-05	8.77045e-06	1.40202e-06	1.95743e-07	2.41673e-08	2.71237e-09	3.02937e-10	5.17794e-11	
ADCACI_Ctenostoma_sp	0	0	0	1	0	0	0	0	0	0	0	0	0	0	0	0	0	0	0	
ADCACI_Cicindela_hybrida	0	1	0	0	0	0	0	0	0	0	0	0	0	0	0	0	0	0	0	
N9	0.303111	0.255673	0.19011	0.123901	0.0703635	0.0346187	0.0146754	0.00533416	0.0016556	0.000437383	9.81273e-05	1.86709e-05	3.01208e-06	4.12437e-07	4.81045e-08	4.82779e-09	4.30412e-10	3.8167e-11	5.32863e-12	
N10	0.279414	0.241996	0.18915	0.131945	0.0812129	0.0436827	0.0203878	0.00821986	0.00285632	0.000854978	0.000220604	4.91456e-05	9.47445e-06	1.58516e-06	2.31068e-07	2.9572e-08	3.4077e-09	3.95512e-10	7.50292e-11	
ADCACI_Therates_sp	0	0	0	1	0	0	0	0	0	0	0	0	0	0	0	0	0	0	0	
N11	0.314856	0.505471	0.161115	0.0176162	0.000914019	2.68818e-05	4.99531e-07	6.30443e-09	5.68794e-11	3.8109e-13	1.9526e-15	7.83157e-18	2.50608e-20	6.50116e-23	1.3868e-25	2.46899e-28	3.75312e-31	5.13752e-34	7.81326e-37	
ADCACI_Oxycheila_sp	0	1	0	0	0	0	0	0	0	0	0	0	0	0	0	0	0	0	0	
ADCACI_Lophyridia_lunulata	0	1	0	0	0	0	0	0	0	0	0	0	0	0	0	0	0	0	0	
N12	0.305176	0.256967	0.190362	0.123309	0.0693981	0.0337196	0.0140604	0.0050046	0.00151375	0.000387724	8.3888e-05	1.531e-05	2.35662e-06	3.06444e-07	3.38314e-08	3.21123e-09	2.7089e-10	2.25278e-11	2.93301e-12	
N13	0.310304	0.25985	0.190421	0.121433	0.0670113	0.0318247	0.0129403	0.00448433	0.00131934	0.000328577	6.91273e-05	1.22725e-05	1.83862e-06	2.32786e-07	2.50052e-08	2.30065e-09	1.85906e-10	1.43711e-11	1.67705e-12	
N14	0.313997	0.261827	0.190298	0.119969	0.0653039	0.0305629	0.0122507	0.0041916	0.00122088	0.000302115	6.34347e-05	1.1296e-05	1.70647e-06	2.18978e-07	2.3938e-08	2.24512e-09	1.8462e-10	1.45524e-11	1.7761e-12	
N15	0.309528	0.259302	0.190212	0.121558	0.0673565	0.0322226	0.0132603	0.00468085	0.00141456	0.000365558	8.07602e-05	1.5259e-05	2.46834e-06	3.42436e-07	4.08529e-08	4.21551e-09	3.84017e-10	3.41134e-11	4.88141e-12	
N16	0.250363	0.239782	0.210257	0.15354	0.0885823	0.0395022	0.0135366	0.00357285	0.000731226	0.000117098	1.48231e-05	1.49906e-06	1.22392e-07	8.15002e-09	4.4704e-10	2.04151e-11	7.89977e-13	2.76882e-14	1.44388e-15	
ADCACI_Prothyma_sp	0	1	0	0	0	0	0	0	0	0	0	0	0	0	0	0	0	0	0	
N17	0.0416742	0.111056	0.230592	0.289251	0.212681	0.090217	0.0214865	0.00281576	0.000216592	1.0517e-05	3.42218e-07	7.81931e-09	1.3015e-10	1.62529e-12	1.55997e-14	1.17433e-16	7.06218e-19	3.50774e-21	2.11541e-23	
ADCACI_Cicindela_sedecimpunctata	0	0	0	0	0	0	1	0	0	0	0	0	0	0	0	0	0	0	0	
ADCACI_Cicindela_aurulenta	0	1	0	0	0	0	0	0	0	0	0	0	0	0	0	0	0	0	0	
ADCACI_Pentacomia_sp	0	1	0	0	0	0	0	0	0	0	0	0	0	0	0	0	0	0	0	
ADCACI_Cicindela_punctulata	0	0	1	0	0	0	0	0	0	0	0	0	0	0	0	0	0	0	0	
ADCACI_Cicindela_dorsalis	0	0	0	1	0	0	0	0	0	0	0	0	0	0	0	0	0	0	0	
ADCACI_Cicindela_repanda	0	0	0	0	1	0	0	0	0	0	0	0	0	0	0	0	0	0	0	
N18	0.193846	0.181075	0.164217	0.141951	0.114541	0.0846147	0.0563121	0.0333448	0.0174085	0.00796232	0.00317746	0.00110394	0.000333825	8.80485e-05	2.03828e-05	4.20632e-06	8.05707e-07	1.60634e-07	4.75949e-08	
N19	0.207262	0.189513	0.165649	0.137305	0.106899	0.0774096	0.0516681	0.0315431	0.017504	0.00878705	0.00397663	0.00161865	0.000591944	0.000194619	5.77813e-05	1.57214e-05	4.10084e-06	1.16731e-06	4.93192e-07	
ADCACI_Myriochile_undulata	0	1	0	0	0	0	0	0	0	0	0	0	0	0	0	0	0	0	0	
N20	0.13025	0.134075	0.142162	0.145706	0.137466	0.115802	0.0855827	0.0549402	0.0304702	0.0145612	0.00599109	0.00212324	0.00064915	0.000171698	3.95026e-05	8.00861e-06	1.48531e-06	2.84278e-07	8.25249e-08	
N21	0.13689	0.155389	0.182761	0.190332	0.159079	0.101928	0.0493081	0.0180178	0.00501429	0.00107525	0.000179969	2.38187e-05	2.52415e-06	2.16788e-07	1.52751e-08	8.95979e-10	4.48604e-11	2.06289e-12	1.367e-13	
ADCACI_Cicindela_splendida	0	0	0	1	0	0	0	0	0	0	0	0	0	0	0	0	0	0	0	
ADCACI_Cicindela_sexguttata	0	0	0	1	0	0	0	0	0	0	0	0	0	0	0	0	0	0	0	
ADCACI_Cicindela_tranquebarica	0	0	0	0	0	0	0	1	0	0	0	0	0	0	0	0	0	0	0	
N22	0.161481	0.154634	0.14709	0.136009	0.119457	0.0976825	0.0732225	0.0497503	0.0303987	0.0166175	0.00810218	0.00351904	0.00136221	0.0004711	0.000146316	4.12498e-05	1.08205e-05	2.83676e-06	9.76605e-07	
N23	0.146573	0.142933	0.140514	0.135429	0.124161	0.105472	0.0813672	0.0561992	0.0344187	0.0185745	0.00879886	0.00365129	0.00132681	0.000422906	0.000118904	2.99479e-05	7.04866e-06	1.74687e-06	6.33624e-07	
N24	0.145716	0.144027	0.14419	0.140644	0.128778	0.107547	0.0802919	0.0528754	0.0304501	0.0152523	0.00662439	0.00249121	0.000811238	0.000229138	5.64078e-05	1.22646e-05	2.45505e-06	5.18543e-07	1.70648e-07	
ADCACI_Ellipsoptera_marginata	0	0	1	0	0	0	0	0	0	0	0	0	0	0	0	0	0	0	0	
ADCACI_Cicindela_marutha	0	0	0	0	0	0	1	0	0	0	0	0	0	0	0	0	0	0	0	
ADCACI_Taenidia_circumdata	0	0	0	0	0	0	1	0	0	0	0	0	0	0	0	0	0	0	0	
ADCACI_Cylindera_cognata	0	0	0	0	0	0	0	0	0	0	0	1	0	0	0	0	0	0	0	
ADCACI_Lophyra_sp	0	0	1	0	0	0	0	0	0	0	0	0	0	0	0	0	0	0	0	
N25	0.152046	0.143423	0.133614	0.12211	0.10853	0.0929272	0.0759501	0.0587633	0.0427403	0.0290613	0.0183993	0.0108219	0.00591298	0.00301175	0.00144433	0.000667143	0.000311284	0.000160589	0.000105258	
N26	0.132132	0.130589	0.131021	0.129065	0.121233	0.106435	0.0862723	0.0641002	0.0434724	0.026846	0.0150778	0.00770117	0.00358226	0.00152363	0.000598018	0.000221081	8.05914e-05	3.21086e-05	1.72599e-05	
ADCACI_Megacephala_brasiliensis	0	0	0	0	0	0	0	0	1	0	0	0	0	0	0	0	0	0	0	
ADCACI_Megacephala_sobrina	0	1	0	0	0	0	0	0	0	0	0	0	0	0	0	0	0	0	0	
ADCACI_Megacephala_whelani	0	0	0	0	0	1	0	0	0	0	0	0	0	0	0	0	0	0	0	
