NODE	7	8	9	10	11	12	13	14	15	16	17	18	19	20	21	22	23	24	25	26	27	28	29	30	31	32	33	
N1	0.281388	0.247052	0.191197	0.130456	0.078317	0.0412427	0.0189897	0.00762177	0.00265984	0.000805467	0.000211348	4.80049e-05	9.43333e-06	1.60343e-06	2.35767e-07	3.00008e-08	3.30585e-09	3.15762e-10	2.61814e-11	1.88875e-12	1.1901e-13	2.14457e-17	4.76804e-18	1.01466e-18	2.12199e-19	4.62607e-20	1.3512e-20	
N2	0.0186768	0.0286516	0.0476061	0.0739448	0.10301	0.127391	0.13945	0.134961	0.11541	0.0871775	0.0581689	0.034295	0.0178764	0.00824562	0.00336946	0.00122153	0.000393523	0.000112865	2.88781e-05	6.60705e-06	1.3555e-06	2.50384e-07	4.19519e-08	6.48595e-09	9.67638e-10	1.57865e-10	4.1717e-11	
ADCANE_Nebria_brevicollis	0	0	1	0	0	0	0	0	0	0	0	0	0	0	0	0	0	0	0	0	0	0	0	0	0	0	0	
N3	0.000949318	0.00217607	0.00618324	0.0165225	0.0381192	0.0738799	0.119023	0.158623	0.174473	0.158238	0.118333	0.0730114	0.0372119	0.0156928	0.00548726	0.00159496	0.000386548	7.83953e-05	1.33639e-05	1.92552e-06	2.36195e-07	2.49089e-08	2.29004e-09	1.87442e-10	1.41637e-11	1.07722e-12	1.20437e-13	
N4	9.8211e-05	0.000207419	0.000594365	0.00177467	0.00493229	0.01222	0.0265265	0.0500755	0.0819303	0.116016	0.14213	0.150692	0.138388	0.110218	0.0762535	0.0459203	0.0241308	0.0110996	0.00448678	0.00160215	0.000508937	0.000145219	3.7722e-05	9.08275e-06	2.07477e-06	4.65381e-07	1.24842e-07	
N5	1.45798e-13	1.59817e-12	2.32977e-11	3.17336e-10	3.88386e-09	4.20277e-08	3.97099e-07	3.24151e-06	2.26461e-05	0.000134217	0.000669029	0.00278062	0.00955145	0.0268744	0.061385	0.112842	0.165614	0.192756	0.177047	0.128027	0.0729344	0.0328728	0.0118337	0.00347228	0.000874683	0.000220437	8.44205e-05	
ADCATR_Perileptus_areolatus	0	0	0	0	0	0	0	0	0	0	0	0	0	0	0	0	0	0	1	0	0	0	0	0	0	0	0	
ADCATR_Bembidion_ruficorne	0	0	0	0	0	0	0	0	0	0	0	0	0	0	0	0	0	0	0	1	0	0	0	0	0	0	0	
N6	1.03834e-12	8.2339e-12	8.95783e-11	9.32679e-10	8.84567e-09	7.51689e-08	5.66088e-07	3.74576e-06	2.1624e-05	0.000108251	0.000467381	0.00173173	0.00548094	0.0147552	0.0336577	0.0648399	0.10521	0.143513	0.164389	0.158097	0.127773	0.0869826	0.0501267	0.024748	0.0108283	0.00465957	0.00260526	
ADCATR_Trechus_quadristriatus	0	0	0	0	0	0	0	0	0	0	0	0	0	0	0	0	0	0	0	0	0	0	0	0	0	1	0	
ADCATR_Trechus_obtusus	0	0	0	0	0	0	0	0	0	0	0	0	0	0	0	0	1	0	0	0	0	0	0	0	0	0	0	
N7	0.00104278	0.00235588	0.00663295	0.0176094	0.0403408	0.0774967	0.123464	0.16229	0.175568	0.156149	0.114162	0.0686495	0.0339915	0.0138805	0.00468392	0.00130928	0.000304034	5.88537e-05	9.53684e-06	1.30049e-06	1.50285e-07	1.48635e-08	1.27707e-09	9.76986e-11	6.96181e-12	5.12366e-13	5.83981e-14	
N8	0.0305492	0.0516101	0.0899355	0.135823	0.170752	0.176444	0.148794	0.101881	0.0564421	0.0252461	0.00910904	0.00265153	0.000623303	0.00011853	1.82767e-05	2.29156e-06	2.34391e-07	1.96288e-08	1.35112e-09	7.67653e-11	3.61633e-12	1.41959e-13	4.67238e-15	1.30361e-16	3.19585e-18	8.37932e-20	6.51875e-21	
N9	0.0324191	0.0540184	0.0928624	0.138545	0.172121	0.175713	0.146297	0.0988146	0.0539471	0.0237522	0.00842555	0.00240813	0.000555087	0.000103364	1.55847e-05	1.90793e-06	1.90263e-07	1.55106e-08	1.0377e-09	5.72125e-11	2.61108e-12	9.9123e-14	3.14852e-15	8.44817e-17	1.96611e-18	4.47338e-20	2.0147e-21	
N10	0.130951	0.153756	0.178956	0.185654	0.158978	0.107103	0.0552147	0.0214771	0.00627264	0.0013775	0.000228728	2.89528e-05	2.8212e-06	2.13848e-07	1.27455e-08	6.03659e-10	2.29542e-11	7.07652e-13	1.78522e-14	3.71761e-16	6.44303e-18	9.36499e-20	1.15005e-21	1.20304e-23	1.08999e-25	9.22833e-28	1.13397e-29	
ADCATR_Bembidion_rapidum	0	0	0	1	0	0	0	0	0	0	0	0	0	0	0	0	0	0	0	0	0	0	0	0	0	0	0	
N11	0.125307	0.151224	0.18196	0.192741	0.164766	0.107726	0.0521882	0.0184097	0.00469064	0.00086168	0.000114408	1.10377e-05	7.79393e-07	4.06231e-08	1.57734e-09	4.6066e-11	1.02177e-12	1.73799e-14	2.28866e-16	2.35486e-18	1.91018e-20	1.23208e-22	6.37173e-25	2.66395e-27	9.0974e-30	2.61901e-32	9.96569e-35	
N12	0.117883	0.144283	0.177385	0.192558	0.169067	0.113889	0.0571037	0.0209703	0.00560191	0.00108789	0.000154137	1.60366e-05	1.23544e-06	7.11505e-08	3.09478e-09	1.02745e-10	2.63138e-12	5.2535e-14	8.2603e-16	1.03303e-17	1.03732e-19	8.43952e-22	5.61143e-24	3.07505e-26	1.40392e-28	5.55715e-31	2.89133e-33	
N13	0.044208	0.0713338	0.122006	0.178746	0.205843	0.179522	0.116491	0.0558122	0.0197177	0.00515288	0.00100249	0.000146452	1.6228e-05	1.37888e-06	9.08577e-08	4.69526e-09	1.92399e-10	6.31837e-12	1.67985e-13	3.65069e-15	6.54405e-17	9.75844e-19	1.22022e-20	1.28906e-22	1.1593e-24	9.0939e-27	1.00099e-28	
N14	0.00363266	0.0194436	0.0956823	0.260496	0.339849	0.207705	0.0624587	0.00981994	0.000865133	4.56756e-05	1.53227e-06	3.42963e-08	5.33238e-10	5.95474e-12	4.91142e-14	3.06356e-16	1.47474e-18	5.57557e-21	1.68112e-23	4.09745e-26	8.17035e-29	1.34723e-31	1.85483e-34	2.15107e-37	2.12026e-40	1.8186e-43	1.88135e-46	
N15	0.00301216	0.0206779	0.120955	0.330357	0.354237	0.144247	0.0245084	0.00192685	7.69252e-05	1.69059e-06	2.18999e-08	1.77041e-10	9.3666e-13	3.3748e-15	8.56335e-18	1.57461e-20	2.15023e-23	2.22747e-26	1.78325e-29	1.12144e-32	5.62068e-36	2.2743e-39	7.51564e-43	2.04957e-46	4.65609e-50	8.89322e-54	1.69852e-57	
N16	0.000666801	0.0083793	0.0855716	0.347082	0.41306	0.130638	0.0139687	0.000619854	1.32629e-05	1.52975e-07	1.03565e-09	4.3985e-12	1.23579e-14	2.39792e-17	3.32957e-20	3.40788e-23	2.63642e-26	1.57503e-29	7.40193e-33	2.78087e-36	8.47101e-40	2.11851e-43	4.39835e-47	7.65633e-51	1.12745e-54	1.41634e-58	1.76064e-62	
N17	7.66027e-06	0.000644296	0.0324385	0.455949	0.474423	0.0358223	0.000710592	5.4431e-06	1.98234e-08	3.92413e-11	4.63766e-14	3.50738e-17	1.79035e-20	6.43357e-24	1.6839e-27	3.30148e-31	4.96385e-35	5.83821e-39	5.46376e-43	4.12914e-47	2.55252e-51	1.30538e-55	5.57832e-60	2.00975e-64	6.15333e-69	1.6128e-73	3.99032e-78	
ADCATR_Bembidion_obtusum	0	0	0	0	1	0	0	0	0	0	0	0	0	0	0	0	0	0	0	0	0	0	0	0	0	0	0	
ADCATR_Bembidion_properans	0	0	0	1	0	0	0	0	0	0	0	0	0	0	0	0	0	0	0	0	0	0	0	0	0	0	0	
ADCATR_Bembidion_inaequale	0	0	0	0	1	0	0	0	0	0	0	0	0	0	0	0	0	0	0	0	0	0	0	0	0	0	0	
ADCATR_Bembidion_levettei_carrianum	0	0	1	0	0	0	0	0	0	0	0	0	0	0	0	0	0	0	0	0	0	0	0	0	0	0	0	
ADCATR_Bembidion_levettei	0	0	0	0	0	0	1	0	0	0	0	0	0	0	0	0	0	0	0	0	0	0	0	0	0	0	0	
N18	0.00154443	0.00582134	0.023614	0.073173	0.159609	0.237613	0.238163	0.160172	0.0725333	0.0222934	0.00469967	0.000687645	7.07204e-05	5.17951e-06	2.73818e-07	1.05953e-08	3.04408e-10	6.58855e-12	1.0899e-13	1.39759e-15	1.40813e-17	1.12913e-19	7.29266e-22	3.83634e-24	1.66116e-26	6.03077e-29	2.71719e-31	
N19	0.000119903	0.000672779	0.00415313	0.0199453	0.0671866	0.153034	0.233727	0.240215	0.167498	0.0799694	0.02636	0.00603783	0.000965149	0.000107929	8.45761e-06	4.65882e-07	1.81759e-08	5.09225e-10	1.04357e-11	1.59637e-13	1.85979e-15	1.68142e-17	1.20004e-19	6.86629e-22	3.19589e-24	1.24447e-26	6.07003e-29	
ADCATR_Bembidion_planatum	0	0	0	1	0	0	0	0	0	0	0	0	0	0	0	0	0	0	0	0	0	0	0	0	0	0	0	
ADCATR_Bembidion_lampros	0	0	0	0	0	0	0	0	0	0	0	0	0	0	0	1	0	0	0	0	0	0	0	0	0	0	0	
N20	0.000457743	0.00318039	0.0241961	0.114536	0.283532	0.331756	0.182449	0.051122	0.00797698	0.000746642	4.44681e-05	1.76632e-06	4.86151e-08	9.57032e-10	1.38415e-11	1.50505e-13	1.25525e-15	8.17288e-18	4.21949e-20	1.75159e-22	5.91988e-25	1.64737e-27	3.81324e-30	7.41042e-33	1.21949e-35	1.72316e-38	2.86326e-41	
ADCATR_Bembidion_concolor	0	0	0	0	1	0	0	0	0	0	0	0	0	0	0	0	0	0	0	0	0	0	0	0	0	0	0	
ADCATR_Bembidion_californicum	0	0	0	0	0	1	0	0	0	0	0	0	0	0	0	0	0	0	0	0	0	0	0	0	0	0	0	
N21	0.000783614	0.0059658	0.0392423	0.148262	0.299998	0.310004	0.155194	0.0362167	0.00408247	0.000242701	8.31499e-06	1.76753e-07	2.47228e-09	2.38403e-11	1.64546e-13	8.38135e-16	3.23152e-18	9.63474e-21	2.26213e-23	4.24872e-26	6.47143e-29	8.09035e-32	8.39082e-35	7.29129e-38	5.37188e-41	3.48099e-44	2.70668e-47	
N22	0.000737148	0.0060996	0.0419468	0.158816	0.312026	0.30584	0.141979	0.0296449	0.00277878	0.00012805	3.20242e-06	4.71973e-08	4.37525e-10	2.68629e-12	1.13863e-14	3.44687e-17	7.66522e-20	1.2824e-22	1.64728e-25	1.65352e-28	1.31719e-31	8.44094e-35	4.40439e-38	1.89166e-41	6.75392e-45	2.02613e-48	6.2645e-52	
ADCATR_Bembidion_confusum	0	0	0	0	0	0	0	1	0	0	0	0	0	0	0	0	0	0	0	0	0	0	0	0	0	0	0	
ADCATR_Bembidion_lapponicum	0	1	0	0	0	0	0	0	0	0	0	0	0	0	0	0	0	0	0	0	0	0	0	0	0	0	0	
ADCATR_Bembidion_balli	0	0	0	0	0	0	1	0	0	0	0	0	0	0	0	0	0	0	0	0	0	0	0	0	0	0	0	
N23	0.163096	0.185378	0.20245	0.189754	0.140105	0.0772812	0.0309416	0.00887632	0.00181916	0.000267268	2.83598e-05	2.19513e-06	1.25362e-07	5.3466e-09	1.72409e-10	4.25529e-12	8.13516e-14	1.21857e-15	1.44589e-17	1.37315e-19	1.05401e-21	6.59945e-24	3.39985e-26	1.45286e-28	5.1909e-31	1.57886e-33	6.02289e-36	
N24	0.154697	0.17836	0.19938	0.191982	0.14579	0.082816	0.034237	0.0101842	0.00217653	0.000335755	3.77019e-05	3.11488e-06	1.91627e-07	8.88905e-09	3.14865e-10	8.62302e-12	1.84789e-13	3.13442e-15	4.25432e-17	4.6682e-19	4.18119e-21	3.08463e-23	1.89029e-25	9.69958e-28	4.2048e-30	1.58721e-32	7.91002e-35	
N25	0.0389932	0.0850316	0.179524	0.263225	0.241672	0.134666	0.0457258	0.00970152	0.00133076	0.00012226	7.77576e-06	3.52644e-07	1.17061e-08	2.91032e-10	5.52952e-12	8.17331e-14	9.54869e-16	8.94236e-18	6.79853e-20	4.24401e-22	2.1979e-24	9.53166e-27	3.49107e-29	1.08835e-31	2.90962e-34	6.77774e-37	1.97006e-39	
N26	0.00268866	0.0146863	0.0760608	0.23164	0.352253	0.239095	0.0720784	0.0106122	0.000844863	3.95664e-05	1.16503e-06	2.27381e-08	3.06944e-10	2.96764e-12	2.11563e-14	1.13978e-16	4.73905e-19	1.54866e-21	4.04126e-24	8.53981e-27	1.47958e-29	2.12519e-32	2.55589e-35	2.59699e-38	2.2476e-41	1.67244e-44	1.37832e-47	
ADCATR_Bembidion_bellorum	0	0	0	0	0	1	0	0	0	0	0	0	0	0	0	0	0	0	0	0	0	0	0	0	0	0	0	
ADCATR_Bembidion_louisella	0	0	0	0	1	0	0	0	0	0	0	0	0	0	0	0	0	0	0	0	0	0	0	0	0	0	0	
N27	0.000283121	0.0083355	0.144251	0.697623	0.141763	0.00757479	0.000167263	1.88148e-06	1.21834e-08	4.92659e-11	1.31938e-13	2.44766e-16	3.25989e-19	3.20921e-22	2.39288e-25	1.3796e-28	6.26054e-32	2.27089e-35	6.6738e-39	1.60813e-42	3.21099e-46	5.36323e-50	7.55728e-54	9.05261e-58	9.28298e-62	8.22934e-66	7.60726e-70	
ADCATR_Bembidion_rothfelsi	0	0	0	1	0	0	0	0	0	0	0	0	0	0	0	0	0	0	0	0	0	0	0	0	0	0	0	
ADCATR_Bembidion_chalceum	0	0	0	1	0	0	0	0	0	0	0	0	0	0	0	0	0	0	0	0	0	0	0	0	0	0	0	
N28	1.61651e-12	3.53237e-09	4.55209e-06	0.00280653	0.553557	0.442202	0.00142865	1.47063e-06	7.19941e-10	1.99949e-13	3.47669e-17	4.02621e-21	3.23701e-25	1.85989e-29	7.79542e-34	2.41799e-38	5.60414e-43	9.75966e-48	1.27958e-52	1.26086e-57	9.28488e-63	5.05765e-68	2.00546e-73	5.65231e-79	1.09485e-84	1.41041e-90	1.35463e-96	
ADCATR_Bembidion_americanum	0	0	0	0	1	0	0	0	0	0	0	0	0	0	0	0	0	0	0	0	0	0	0	0	0	0	0	
ADCATR_Bembidion_bifossulatum	0	0	0	0	0	1	0	0	0	0	0	0	0	0	0	0	0	0	0	0	0	0	0	0	0	0	0	
N29	0.206123	0.232092	0.233737	0.180711	0.0987476	0.037067	0.0095624	0.00171877	0.000219365	2.0288e-05	1.38706e-06	7.14337e-08	2.81984e-09	8.6695e-11	2.10644e-12	4.0989e-14	6.46582e-16	8.36048e-18	8.95147e-20	8.01027e-22	6.04217e-24	3.87202e-26	2.12335e-28	1.00311e-30	4.10933e-33	1.48505e-35	7.05996e-38	
N30	0.0709189	0.33132	0.463412	0.126596	0.00759874	0.000153582	1.34765e-06	6.00389e-09	1.50853e-11	2.30536e-14	2.26838e-17	1.50234e-20	6.93916e-24	2.30112e-27	5.88104e-31	1.3585e-33	2.43738e-35	2.76385e-37	2.49859e-39	1.96633e-41	1.37011e-43	8.50543e-46	4.72781e-48	2.3639e-50	1.06774e-52	4.38989e-55	1.93926e-57	
N31	0.121358	0.633801	0.229896	0.014695	0.000248846	1.56058e-06	4.51392e-09	6.96455e-12	6.34298e-15	3.67157e-18	1.42857e-21	3.90354e-25	7.75822e-29	1.15416e-32	1.31621e-36	1.17401e-40	8.33193e-45	4.77495e-49	2.23831e-53	8.67964e-58	2.81253e-62	7.69202e-67	1.80358e-71	3.83857e-76	9.56192e-81	4.45511e-85	3.97678e-89	
ADCATR_Bembidion_honestum	0	1	0	0	0	0	0	0	0	0	0	0	0	0	0	0	0	0	0	0	0	0	0	0	0	0	0	
ADCATR_Bembidion_integrum	0	1	0	0	0	0	0	0	0	0	0	0	0	0	0	0	0	0	0	0	0	0	0	0	0	0	0	
N32	0.057947	0.298209	0.489549	0.145481	0.00865206	0.000161333	1.23317e-06	4.56808e-09	9.19051e-12	1.09089e-14	8.13639e-18	4.00752e-21	1.35696e-24	3.26721e-28	6.06511e-32	3.28522e-35	1.40269e-37	6.3296e-40	2.48887e-42	8.6285e-45	2.65934e-47	7.3339e-50	1.8201e-52	4.08586e-55	8.33506e-58	1.55189e-60	2.87713e-63	
ADCATR_Bembidion_rufotinctum	0	0	1	0	0	0	0	0	0	0	0	0	0	0	0	0	0	0	0	0	0	0	0	0	0	0	0	
ADCATR_Bembidion_arenobilis	0	0	0	1	0	0	0	0	0	0	0	0	0	0	0	0	0	0	0	0	0	0	0	0	0	0	0	
ADCATR_Bembidion_antiquum	0	0	0	1	0	0	0	0	0	0	0	0	0	0	0	0	0	0	0	0	0	0	0	0	0	0	0	
N33	0.113117	0.136101	0.164532	0.178931	0.163388	0.121061	0.071698	0.0337454	0.0126053	0.00374072	0.000884	0.000166909	2.52794e-05	3.08512e-06	3.04878e-07	2.45237e-08	1.61434e-09	8.74484e-11	3.91992e-12	1.46215e-13	4.56345e-15	1.19824e-16	2.66108e-18	5.02522e-20	8.12826e-22	1.17094e-23	2.55132e-25	
N34	0.0554219	0.0779798	0.115698	0.155647	0.177334	0.165596	0.124442	0.0744533	0.0352555	0.0131793	0.00388899	0.000907425	0.00016794	2.4754e-05	2.92011e-06	2.77179e-07	2.1293e-08	1.3318e-09	6.82378e-11	2.88184e-12	1.00931e-13	2.94921e-15	7.23212e-17	1.49712e-18	2.63669e-20	4.11056e-22	9.7092e-24	
N35	0.00115913	0.00306845	0.0101495	0.0299262	0.0712791	0.132706	0.190123	0.207634	0.171834	0.107405	0.050647	0.0180337	0.00486158	0.000996513	0.000156186	1.88439e-05	1.76341e-06	1.29039e-07	7.44649e-09	3.41815e-10	1.25885e-11	3.75129e-13	9.12071e-15	1.82517e-16	3.04708e-18	4.4914e-20	9.67553e-22	
ADCATR_Bembidion_quadrimaculatum	0	0	0	0	0	0	0	0	0	0	0	0	1	0	0	0	0	0	0	0	0	0	0	0	0	0	0	
N36	0.00112874	0.00291894	0.00967033	0.0290419	0.0705782	0.133364	0.192465	0.210108	0.172569	0.106365	0.0491829	0.0170899	0.00447792	0.00088922	0.000134679	1.56733e-05	1.41302e-06	9.95473e-08	5.52956e-09	2.4437e-10	8.66929e-12	2.49055e-13	5.84352e-15	1.12932e-16	1.81862e-18	2.56387e-20	5.36388e-22	
ADCATR_Bembidion_tairuense	0	0	0	0	0	0	0	0	0	0	1	0	0	0	0	0	0	0	0	0	0	0	0	0	0	0	0	
ADCATR_Bembidion_articulatum	0	0	0	0	1	0	0	0	0	0	0	0	0	0	0	0	0	0	0	0	0	0	0	0	0	0	0	
N37	0.0791209	0.0990853	0.129527	0.158174	0.167927	0.148941	0.10804	0.0633911	0.0299283	0.0113516	0.00346194	0.000851078	0.00016929	2.73722e-05	3.61631e-06	3.92582e-07	3.52242e-08	2.62773e-09	1.63959e-10	8.60722e-12	3.82365e-13	1.44552e-14	4.67613e-16	1.30187e-17	3.1512e-19	7.02434e-21	2.50845e-22	
N38	0.00609688	0.0187907	0.0605667	0.144893	0.235054	0.251171	0.175016	0.0793662	0.0236102	0.00471454	0.000651662	6.43489e-05	4.67263e-06	2.55929e-07	1.08083e-08	3.58679e-10	9.50831e-12	2.04252e-13	3.60044e-15	5.2663e-17	6.45541e-19	6.69078e-21	5.91117e-23	4.48607e-25	2.95466e-27	1.75504e-29	1.43756e-31	
ADCATR_Bembidion_umbratum	0	0	0	1	0	0	0	0	0	0	0	0	0	0	0	0	0	0	0	0	0	0	0	0	0	0	0	
ADCATR_Bembidion_insulatum	0	0	0	0	0	0	0	1	0	0	0	0	0	0	0	0	0	0	0	0	0	0	0	0	0	0	0	
ADCATR_Bembidion_punctulatum	0	0	0	1	0	0	0	0	0	0	0	0	0	0	0	0	0	0	0	0	0	0	0	0	0	0	0	
N39	0.222663	0.225602	0.20544	0.159569	0.102122	0.0528832	0.0219752	0.00730568	0.00194304	0.000414141	7.09459e-05	9.8051e-06	1.09806e-06	1.00126e-07	7.47236e-09	4.58881e-10	2.33165e-11	9.85752e-13	3.48676e-14	1.03756e-15	2.61145e-17	5.58887e-19	1.02235e-20	1.60751e-22	2.1944e-24	2.72987e-26	5.03544e-28	
N40	0.017118	0.969118	0.0137166	4.74466e-05	7.08602e-08	5.75617e-11	2.87611e-14	9.52466e-18	2.19535e-21	3.64159e-25	4.44985e-29	4.07113e-33	2.81919e-37	1.48737e-41	5.99523e-46	1.8448e-50	4.31432e-55	7.60288e-60	9.95997e-65	9.50667e-70	6.42052e-75	2.93826e-80	8.52561e-86	1.40595e-91	1.0757e-97	2.32011e-104	8.07819e-36	
ADCATR_Bembidion_tibiale	0	1	0	0	0	0	0	0	0	0	0	0	0	0	0	0	0	0	0	0	0	0	0	0	0	0	0	
ADCATR_Bembidion_tetracolum	0	1	0	0	0	0	0	0	0	0	0	0	0	0	0	0	0	0	0	0	0	0	0	0	0	0	0	
N41	0.274576	0.256734	0.205636	0.137766	0.0756007	0.0335043	0.0118939	0.003369	0.000760629	0.000137004	1.97325e-05	2.28017e-06	2.12263e-07	1.59931e-08	9.80281e-10	4.91429e-11	2.02613e-12	6.90886e-14	1.9594e-15	4.64768e-17	9.27107e-19	1.56362e-20	2.24133e-22	2.74463e-24	2.88907e-26	2.69048e-28	3.61375e-30	
N42	0.300902	0.269132	0.200876	0.124791	0.0641913	0.0271969	0.00945344	0.00268995	0.000626343	0.000119481	1.87185e-05	2.41667e-06	2.58192e-07	2.29343e-08	1.70225e-09	1.06127e-10	5.58723e-12	2.49716e-13	9.52475e-15	3.1164e-16	8.79059e-18	2.14808e-19	4.56862e-21	8.49689e-23	1.39184e-24	2.0963e-26	4.95289e-28	
N43	0.192231	0.391797	0.327558	0.0797818	0.00817758	0.000439374	1.41189e-05	2.95756e-07	4.28923e-09	4.50192e-11	3.5379e-13	2.13842e-15	1.01604e-17	3.86413e-20	1.19437e-22	3.03982e-25	6.44317e-28	1.14872e-30	1.73788e-33	2.24873e-36	2.50634e-39	2.4217e-42	2.04049e-45	1.50786e-48	9.85175e-52	5.87672e-55	4.24427e-58	
ADCATR_Bembidion_sejunctum	0	1	0	0	0	0	0	0	0	0	0	0	0	0	0	0	0	0	0	0	0	0	0	0	0	0	0	
ADCATR_Bembidion_transversale	0	0	1	0	0	0	0	0	0	0	0	0	0	0	0	0	0	0	0	0	0	0	0	0	0	0	0	
ADCATR_Bembidion_mexicanum	0	1	0	0	0	0	0	0	0	0	0	0	0	0	0	0	0	0	0	0	0	0	0	0	0	0	0	
N44	0.276322	0.260821	0.209719	0.13817	0.0725057	0.0298642	0.00961118	0.0024212	0.000480058	7.54797e-05	9.49164e-06	9.63157e-07	7.9574e-08	5.39943e-09	3.03434e-10	1.42359e-11	5.61806e-13	1.87828e-14	5.35567e-16	1.31062e-17	2.76893e-19	5.07841e-21	8.12806e-23	1.14093e-24	1.41338e-26	1.59636e-28	2.746e-30	
ADCATR_Bembidion_decorum	0	1	0	0	0	0	0	0	0	0	0	0	0	0	0	0	0	0	0	0	0	0	0	0	0	0	0	
ADCATR_Bembidion_levigatum	0	0	0	1	0	0	0	0	0	0	0	0	0	0	0	0	0	0	0	0	0	0	0	0	0	0	0	
ADCATR_Bembidion_coxendix	0	1	0	0	0	0	0	0	0	0	0	0	0	0	0	0	0	0	0	0	0	0	0	0	0	0	0	
N45	0.00107526	0.00222822	0.00585117	0.0149756	0.0339069	0.0656341	0.107142	0.146578	0.167579	0.159959	0.127518	0.0850029	0.0474704	0.0222644	0.00879562	0.00293653	0.000831591	0.000200555	4.13722e-05	7.33564e-06	1.12424e-06	1.49982e-07	1.75916e-08	1.84342e-09	1.77431e-10	1.64477e-11	1.72598e-12	
ADCATR_Bembidion_aenulum	0	0	0	0	0	0	0	0	0	0	0	0	0	0	0	0	0	0	0	0	0	0	0	0	1	0	0	
ADCATR_Pogonus_chalceus	0	0	0	0	0	0	0	0	0	0	1	0	0	0	0	0	0	0	0	0	0	0	0	0	0	0	0	
N46	0.271103	0.246701	0.193692	0.133014	0.0803461	0.0427275	0.0199842	0.00820808	0.00295618	0.000932476	0.000257393	6.21447e-05	1.31223e-05	2.42388e-06	3.91857e-07	5.54877e-08	6.88915e-09	7.50914e-10	7.19686e-11	6.07555e-12	4.52091e-13	2.94555e-14	1.66153e-15	8.09058e-17	3.48067e-18	1.46427e-19	1.03151e-20	
N47	0.146482	0.152196	0.151551	0.142681	0.125157	0.100975	0.0741694	0.0492306	0.0293734	0.0156976	0.00749683	0.00319527	0.00121465	0.000411793	0.000124547	3.36279e-05	8.11303e-06	1.75094e-06	3.38483e-07	5.86999e-08	9.14901e-09	1.2849e-09	1.63369e-10	1.902e-11	2.0977e-12	2.46972e-13	4.95283e-14	
N48	0.106392	0.118057	0.131029	0.139647	0.137899	0.122962	0.0973617	0.0677516	0.0411787	0.0217823	0.0100094	0.00399281	0.00138282	0.000416078	0.000108896	2.48277e-05	4.94003e-06	8.59537e-07	1.31065e-07	1.75551e-08	2.07042e-09	2.15563e-10	1.98743e-11	1.63195e-12	1.21831e-13	9.2122e-15	1.24554e-15	
N49	0.0313004	0.0477003	0.0773982	0.114549	0.147334	0.161903	0.150675	0.118093	0.0776652	0.0427705	0.0197069	0.00759876	0.00245467	0.000665519	0.000151812	2.92222e-05	4.7626e-06	6.59637e-07	7.79474e-08	7.89063e-09	6.87153e-10	5.16984e-11	3.37558e-12	1.92469e-13	9.75002e-15	4.80487e-16	4.05312e-17	
N50	0.084873	0.170815	0.295097	0.282393	0.131666	0.0309012	0.00394455	0.000295749	1.39013e-05	4.31938e-07	9.26088e-09	1.41881e-10	1.59863e-12	1.35694e-14	8.85502e-17	4.5205e-19	1.83268e-21	5.97863e-24	1.5877e-26	3.46794e-29	6.28817e-32	9.54477e-35	1.22229e-37	1.33137e-40	1.25052e-43	1.06223e-46	1.09428e-49	
ADCACA_Pamborus_alternans	0	0	0	1	0	0	0	0	0	0	0	0	0	0	0	0	0	0	0	0	0	0	0	0	0	0	0	
N51	0.0889029	0.185736	0.315038	0.27654	0.110677	0.0209563	0.00203612	0.000110033	3.54368e-06	7.19958e-08	9.66796e-10	8.9176e-12	5.83416e-14	2.78154e-16	9.89018e-19	2.6755e-21	5.60329e-24	9.22516e-27	1.21033e-29	1.28088e-32	1.10546e-35	7.85798e-39	4.64231e-42	2.29836e-45	9.61099e-49	3.42589e-52	1.28416e-55	
ADCACA_Pamborus_opacus	0	1	0	0	0	0	0	0	0	0	0	0	0	0	0	0	0	0	0	0	0	0	0	0	0	0	0	
ADCACA_Pamborus_tropicus	0	0	0	1	0	0	0	0	0	0	0	0	0	0	0	0	0	0	0	0	0	0	0	0	0	0	0	
ADCACA_Cychrus_caraboides	0	0	0	0	0	0	0	0	0	0	0	0	1	0	0	0	0	0	0	0	0	0	0	0	0	0	0	
N52	0.0654541	0.085451	0.118476	0.153515	0.171926	0.159573	0.120043	0.0723434	0.0347305	0.013259	0.00402857	0.000976704	0.000189684	2.96496e-05	3.75017e-06	3.86025e-07	3.25304e-08	2.25781e-09	1.29843e-10	6.22384e-12	2.50105e-13	8.47367e-15	2.43415e-16	5.96704e-18	1.26521e-19	2.48033e-21	7.4716e-23	
N53	0.0707259	0.0909725	0.124135	0.158503	0.174237	0.157433	0.114143	0.0656231	0.0297676	0.010644	0.00300518	0.000672232	0.000119687	1.70529e-05	1.95592e-06	1.81731e-07	1.37663e-08	8.55718e-10	4.39301e-11	1.87438e-12	6.68806e-14	2.00766e-15	5.09974e-17	1.10262e-18	2.04687e-20	3.41944e-22	8.93603e-24	
ADCACA_Carabus_punctatoauratus	0	0	0	0	0	1	0	0	0	0	0	0	0	0	0	0	0	0	0	0	0	0	0	0	0	0	0	
ADCACA_Carabus_granulatus	0	0	0	1	0	0	0	0	0	0	0	0	0	0	0	0	0	0	0	0	0	0	0	0	0	0	0	
N54	4.54897e-05	0.000379721	0.00321057	0.0191359	0.0739732	0.177229	0.263831	0.247146	0.146338	0.0543417	0.0124531	0.00175002	0.000156771	9.41554e-06	3.96835e-07	1.21896e-08	2.81426e-10	5.00835e-12	7.01579e-14	7.87348e-16	7.18623e-18	5.40415e-20	3.3868e-22	1.78708e-24	8.02956e-27	3.17695e-29	1.64839e-31	
ADCACA_Carabus_nemoralis	0	0	0	0	0	0	0	0	0	0	1	0	0	0	0	0	0	0	0	0	0	0	0	0	0	0	0	
ADCACA_Carabus_auronitens	0	0	0	0	1	0	0	0	0	0	0	0	0	0	0	0	0	0	0	0	0	0	0	0	0	0	0	
N55	0.115145	0.12762	0.140191	0.145893	0.13904	0.118782	0.0897975	0.0596021	0.0345617	0.0174545	0.00766225	0.00292057	0.000966153	0.000277402	6.91611e-05	1.49849e-05	2.82476e-06	4.63958e-07	6.65195e-08	8.34517e-09	9.19134e-10	8.93187e-11	7.72043e-12	6.02008e-13	4.35181e-14	3.13705e-15	3.31606e-16	
ADCANE_Notiophilus_sp	0	0	0	0	0	0	0	0	0	0	0	0	0	0	1	0	0	0	0	0	0	0	0	0	0	0	0	
N56	0.1307	0.141653	0.150299	0.150354	0.137319	0.111934	0.0802451	0.0501292	0.0271307	0.0126751	0.00510004	0.00176502	0.000525033	0.000134216	2.94918e-05	5.57342e-06	9.06651e-07	1.27101e-07	1.5377e-08	1.60829e-09	1.45745e-10	1.1478e-11	7.89197e-13	4.78034e-14	2.61793e-15	1.46e-16	1.55988e-17	
N57	0.219789	0.214163	0.188641	0.148996	0.104417	0.0642562	0.0344195	0.015943	0.00635714	0.00217634	0.000638945	0.000160873	3.47688e-05	6.46068e-06	1.03434e-06	1.4303e-07	1.71299e-08	1.782e-09	1.61513e-10	1.27935e-11	8.88409e-13	5.42553e-14	2.92361e-15	1.39644e-16	5.9906e-18	2.49765e-19	1.80589e-20	
N58	0.170127	0.184237	0.18955	0.172878	0.132814	0.0834494	0.0422818	0.0171931	0.0056142	0.00147757	0.000315124	5.48078e-05	7.82674e-06	9.24079e-07	9.08282e-08	7.48235e-09	5.19978e-10	3.06736e-11	1.54511e-12	6.68373e-14	2.49616e-15	8.08951e-17	2.28596e-18	5.65977e-20	1.23709e-21	2.50321e-23	8.24733e-25	
ADCACA_Calosoma_inquistor	0	0	0	0	1	0	0	0	0	0	0	0	0	0	0	0	0	0	0	0	0	0	0	0	0	0	0	
ADCABR_Promecoderus_sp	0	0	0	1	0	0	0	0	0	0	0	0	0	0	0	0	0	0	0	0	0	0	0	0	0	0	0	
N59	0.31413	0.294198	0.217815	0.116542	0.0435046	0.0113673	0.00212086	0.000289579	2.9642e-05	2.32517e-06	1.425e-07	6.9396e-09	2.72536e-10	8.74402e-12	2.31821e-13	5.13044e-15	9.56419e-17	1.51416e-18	2.05083e-20	2.39239e-22	2.41849e-24	2.13073e-26	1.64479e-28	1.11894e-30	6.78112e-33	3.82881e-35	2.99829e-37	
ADCAPS_Mecyclothorax_sp	0	1	0	0	0	0	0	0	0	0	0	0	0	0	0	0	0	0	0	0	0	0	0	0	0	0	0	
ADCAPS_Amblytelus_curtus	0	0	1	0	0	0	0	0	0	0	0	0	0	0	0	0	0	0	0	0	0	0	0	0	0	0	0	
N60	0.130366	0.13984	0.146606	0.145906	0.134067	0.111303	0.0822506	0.053581	0.0305848	0.0152425	0.00661876	0.00250176	0.000822927	0.000235644	5.8782e-05	1.27876e-05	2.42922e-06	4.03613e-07	5.87563e-08	7.50942e-09	8.44574e-10	8.38485e-11	7.38746e-12	5.84881e-13	4.31362e-14	3.31215e-15	3.99553e-16	
ADCASC_Clivina_sp	0	0	0	0	0	0	0	0	1	0	0	0	0	0	0	0	0	0	0	0	0	0	0	0	0	0	0	
ADCAPA_Penetretus_sp	0	0	0	1	0	0	0	0	0	0	0	0	0	0	0	0	0	0	0	0	0	0	0	0	0	0	0	
N61	0.251448	0.235121	0.192548	0.138871	0.0885797	0.0501237	0.0252144	0.011291	0.00450443	0.00160173	0.000507857	0.000143635	3.62538e-05	8.1714e-06	1.64605e-06	2.96653e-07	4.7893e-08	6.93772e-09	9.03603e-10	1.06107e-10	1.12764e-11	1.0906e-12	9.67875e-14	7.97996e-15	6.23363e-16	4.87336e-17	5.70391e-18	
ADCASC_Dyschirius_sp	0	0	0	0	1	0	0	0	0	0	0	0	0	0	0	0	0	0	0	0	0	0	0	0	0	0	0	
N62	0.248464	0.233771	0.193366	0.140868	0.0903576	0.0509606	0.0252247	0.0109382	0.00414876	0.0013748	0.000397738	0.000100431	2.21362e-05	4.26092e-06	7.1681e-07	1.055e-07	1.36018e-08	1.53836e-09	1.52874e-10	1.33712e-11	1.03124e-12	7.02662e-14	4.23883e-15	2.2711e-16	1.09324e-17	5.13162e-19	4.2762e-20	
N63	0.243262	0.23103	0.194	0.14356	0.0931138	0.0526352	0.0258026	0.0109267	0.00398596	0.00125032	0.000336923	7.79747e-05	1.55035e-05	2.65033e-06	3.90019e-07	4.9482e-08	5.42219e-09	5.14266e-10	4.232e-11	3.03041e-12	1.89506e-13	1.04005e-14	5.0483e-16	2.19795e-17	8.85095e-19	3.59397e-20	2.32017e-21	
N64	0.188408	0.188532	0.174747	0.148709	0.115131	0.0805076	0.0506002	0.0285049	0.0143741	0.00648679	0.002621	0.000949063	0.000308359	9.00311e-05	2.36602e-05	5.60683e-06	1.20045e-06	2.32734e-07	4.09624e-08	6.56692e-09	9.63417e-10	1.3029e-10	1.64449e-11	1.98029e-12	2.36599e-13	3.00431e-14	5.11949e-15	
N65	0.000212164	0.000468932	0.00131183	0.00360775	0.00901604	0.019987	0.0389667	0.0665481	0.0993187	0.129309	0.146676	0.144814	0.124374	0.0929016	0.0603624	0.034135	0.0168164	0.00722661	0.00271355	0.000892187	0.000257551	6.55343e-05	1.48044e-05	3.01974e-06	5.83148e-07	1.22963e-07	4.23e-08	
ADCACA_Carabus_problematicus	0	0	0	0	0	0	0	0	0	1	0	0	0	0	0	0	0	0	0	0	0	0	0	0	0	0	0	
ADCALO_Loricera_pilicornis	0	0	0	0	0	0	0	0	0	0	0	0	0	0	0	0	1	0	0	0	0	0	0	0	0	0	0	
ADCAHA_Demetrias_atricapillus	0	1	0	0	0	0	0	0	0	0	0	0	0	0	0	0	0	0	0	0	0	0	0	0	0	0	0	
N66	0.250983	0.236217	0.195152	0.141349	0.0894197	0.0491719	0.0233928	0.00958828	0.00337517	0.00101805	0.000262773	5.80101e-05	1.09548e-05	1.77092e-06	2.45358e-07	2.91801e-08	2.98441e-09	2.63046e-10	2.00269e-11	1.32044e-12	7.56176e-14	3.77507e-15	1.65215e-16	6.40718e-18	2.25908e-19	7.82211e-21	4.22543e-22	
N67	0.155957	0.158914	0.153204	0.139147	0.118424	0.0939588	0.0692043	0.0471675	0.0296816	0.0172192	0.00920049	0.00452538	0.00204855	0.000853479	0.000327321	0.000115594	3.76082e-05	1.12795e-05	3.12122e-06	7.97872e-07	1.88813e-07	4.1532e-08	8.56546e-09	1.68924e-09	3.33817e-10	7.44208e-11	2.62223e-11	
ADCABR_Brachinus_sp	0	0	0	1	0	0	0	0	0	0	0	0	0	0	0	0	0	0	0	0	0	0	0	0	0	0	0	
ADCABR_Pheropsophus_sp	0	0	0	0	0	0	0	0	0	1	0	0	0	0	0	0	0	0	0	0	0	0	0	0	0	0	0	
N68	0.255096	0.23894	0.195672	0.140062	0.0873901	0.0473466	0.022187	0.00896265	0.00311334	0.00092857	0.000237658	5.22096e-05	9.85412e-06	1.60034e-06	2.24068e-07	2.71095e-08	2.84151e-09	2.58742e-10	2.05289e-11	1.42376e-12	8.66324e-14	4.64656e-15	2.21252e-16	9.4734e-18	3.7424e-19	1.45281e-20	8.34374e-22	
ADCABR_Aptinus_displosor	0	1	0	0	0	0	0	0	0	0	0	0	0	0	0	0	0	0	0	0	0	0	0	0	0	0	0	
N69	0.246432	0.239533	0.205382	0.14996	0.0904368	0.0441191	0.0172003	0.00532727	0.00130859	0.000255229	3.96468e-05	4.92618e-06	4.92123e-07	3.97514e-08	2.61173e-09	1.4042e-10	6.21561e-12	2.27866e-13	6.95897e-15	1.78048e-16	3.83749e-18	7.00544e-20	1.08934e-21	1.45307e-23	1.68672e-25	1.81813e-27	2.99145e-29	
N70	0.244738	0.233399	0.196698	0.14503	0.0924985	0.0505516	0.0235251	0.0092924	0.00311332	0.000885792	0.000214553	4.43916e-05	7.87642e-06	1.20352e-06	1.59063e-07	1.82631e-08	1.82953e-09	1.6058e-10	1.23995e-11	8.45688e-13	5.11516e-14	2.75631e-15	1.33189e-16	5.84979e-18	2.42123e-19	1.04898e-20	6.76442e-22	
N71	0.179082	0.184047	0.177715	0.157059	0.12381	0.0852954	0.0506254	0.0256522	0.0110381	0.00402297	0.00124097	0.000324179	7.18248e-05	1.3526e-05	2.17078e-06	2.97789e-07	3.50305e-08	3.5456e-09	3.09844e-10	2.34603e-11	1.54454e-12	8.87414e-14	4.4685e-15	1.98652e-16	7.97705e-18	3.19038e-19	2.0541e-20	
ADCAHA_Galerita_sp	0	0	0	0	0	0	1	0	0	0	0	0	0	0	0	0	0	0	0	0	0	0	0	0	0	0	0	
N72	0.184348	0.189097	0.181621	0.158718	0.122653	0.0819187	0.046524	0.022231	0.00888129	0.00295662	0.000819256	0.000189024	3.63682e-05	5.84807e-06	7.88145e-07	8.93088e-08	8.53857e-09	6.91303e-10	4.75752e-11	2.79372e-12	1.40523e-13	6.07781e-15	2.26933e-16	7.34915e-18	2.08614e-19	5.53395e-21	2.46904e-22	
ADCAHA_Anthia_sp	0	0	1	0	0	0	0	0	0	0	0	0	0	0	0	0	0	0	0	0	0	0	0	0	0	0	0	
N73	0.142156	0.15659	0.168355	0.166345	0.143919	0.105652	0.0646166	0.0326064	0.013516	0.00459754	0.00128472	0.000295666	5.62382e-05	8.87797e-06	1.16856e-06	1.28875e-07	1.19686e-08	9.40774e-10	6.29051e-11	3.59593e-12	1.76595e-13	7.48596e-15	2.75185e-16	8.81434e-18	2.48112e-19	6.4912e-21	2.82825e-22	
ADCAHA_Drypta_sp	0	0	0	0	0	1	0	0	0	0	0	0	0	0	0	0	0	0	0	0	0	0	0	0	0	0	0	
ADCAHA_Macrocheilus_sp	0	0	0	0	1	0	0	0	0	0	0	0	0	0	0	0	0	0	0	0	0	0	0	0	0	0	0	
ADCAHA_Sphallomorpha_sp	0	1	0	0	0	0	0	0	0	0	0	0	0	0	0	0	0	0	0	0	0	0	0	0	0	0	0	
N74	0.222621	0.226881	0.208702	0.16278	0.102464	0.050465	0.0191183	0.00552422	0.00121336	0.000202518	2.57283e-05	2.49539e-06	1.85514e-07	1.06209e-08	4.70728e-10	1.62417e-11	4.38821e-13	9.34017e-15	1.57574e-16	2.12006e-18	2.28893e-20	1.99559e-22	1.41438e-24	8.2134e-27	3.95448e-29	1.63613e-31	9.09965e-34	
N75	0.206952	0.213536	0.201935	0.165288	0.112054	0.0612627	0.0266494	0.00917537	0.00249961	0.000540241	9.30468e-05	1.28416e-05	1.42897e-06	1.29045e-07	9.5204e-09	5.77619e-10	2.90082e-11	1.21351e-12	4.25472e-14	1.25773e-15	3.15326e-17	6.74673e-19	1.24145e-20	1.9893e-22	2.85362e-24	3.96952e-26	7.6636e-28	
N76	0.133786	0.152398	0.168929	0.16875	0.145789	0.106971	0.0661601	0.0343963	0.015025	0.00551938	0.00170806	0.000446348	9.87637e-05	1.85606e-05	2.97204e-06	4.06841e-07	4.77722e-08	4.82822e-09	4.21464e-10	3.18885e-11	2.09925e-12	1.20794e-13	6.11633e-15	2.75892e-16	1.13964e-17	4.66317e-19	2.82536e-20	
N77	0.192793	0.192498	0.177719	0.15026	0.114997	0.0787871	0.0478791	0.0256269	0.0120201	0.0049239	0.00175793	0.000546436	0.00014785	3.48345e-05	7.15284e-06	1.28161e-06	2.00674e-07	2.75061e-08	3.3066e-09	3.49321e-10	3.25015e-11	2.66994e-12	1.94345e-13	1.26326e-14	7.52664e-16	4.62114e-17	5.26019e-18	
N78	0.189349	0.189148	0.175073	0.149037	0.115542	0.0807556	0.0504302	0.0279349	0.0136515	0.00586343	0.00220812	0.000728177	0.000210194	5.3124e-05	1.17648e-05	2.28568e-06	3.90138e-07	5.86044e-08	7.76175e-09	9.08204e-10	9.40942e-11	8.65507e-12	7.099e-13	5.24684e-14	3.61264e-15	2.60063e-16	3.07426e-17	
ADCAHA_Dicrochile_sp	0	0	0	0	1	0	0	0	0	0	0	0	0	0	0	0	0	0	0	0	0	0	0	0	0	0	0	
ADCAHA_Sarothrocrepis_sp	0	0	0	0	0	1	0	0	0	0	0	0	0	0	0	0	0	0	0	0	0	0	0	0	0	0	0	
ADCAHA_Lebia_sp	0	1	0	0	0	0	0	0	0	0	0	0	0	0	0	0	0	0	0	0	0	0	0	0	0	0	0	
N79	6.72348e-08	5.0161e-07	4.47534e-06	3.42309e-05	0.00021523	0.00110092	0.00455136	0.0151178	0.0401225	0.0846484	0.141333	0.18607	0.192638	0.156579	0.0998716	0.0500213	0.0197087	0.00612648	0.00150835	0.000295539	4.63425e-05	5.85287e-06	5.99851e-07	5.04291e-08	3.56913e-09	2.36963e-10	2.57611e-11	
N80	2.98686e-09	1.95812e-08	1.99667e-07	1.90948e-06	1.5477e-05	0.000103885	0.00057183	0.00256232	0.00928349	0.0270213	0.0628092	0.115969	0.169321	0.194832	0.176314	0.125409	0.0701764	0.0309707	0.0108214	0.00300868	0.000669629	0.00012011	1.74951e-05	2.09106e-06	2.1049e-07	2.00931e-08	3.23877e-09	
ADCAHA_Diplocheila_sp	0	0	0	0	0	0	0	0	0	0	0	0	0	0	0	1	0	0	0	0	0	0	0	0	0	0	0	
ADCAHA_Dromius_sp	0	0	0	0	0	0	0	0	0	0	0	0	0	0	1	0	0	0	0	0	0	0	0	0	0	0	0	
N81	1.88923e-09	1.84702e-08	2.49481e-07	2.98704e-06	2.88323e-05	0.000218598	0.00128826	0.00586334	0.0205085	0.054917	0.112266	0.174897	0.207473	0.187426	0.129062	0.0678584	0.0273093	0.00843927	0.0020106	0.000371137	5.34138e-05	6.04313e-06	5.43803e-07	3.96625e-08	2.43174e-09	1.38145e-10	1.1997e-11	
N82	2.23455e-10	2.0262e-09	2.911e-08	3.80182e-07	4.08307e-06	3.52402e-05	0.00024204	0.0013142	0.00561178	0.0187691	0.049023	0.0998059	0.158255	0.195466	0.18826	0.141654	0.0834885	0.0386736	0.0141389	0.00410101	0.000950027	0.000177362	2.70387e-05	3.43872e-06	3.79253e-07	3.91916e-08	4.87737e-09	
ADCAHA_Apenes_sp	0	0	0	0	0	0	0	0	0	0	0	0	0	0	0	0	0	0	0	0	0	0	1	0	0	0	0	
ADCAPS_Olisthopus_sp	0	0	0	0	0	0	0	0	0	0	0	0	0	0	0	0	0	1	0	0	0	0	0	0	0	0	0	
N83	2.01245e-07	2.11171e-06	2.76484e-05	0.000295783	0.00235095	0.0132982	0.0518937	0.135902	0.2332	0.258199	0.184423	0.0863262	0.0271565	0.00590333	0.000910733	0.000102144	8.50761e-06	5.36161e-07	2.59929e-08	9.8373e-10	2.94508e-11	7.05892e-13	1.36982e-14	2.17717e-16	2.88527e-18	3.39018e-20	5.543e-22	
ADCAHA_Syntomus_sp	0	0	0	0	0	1	0	0	0	0	0	0	0	0	0	0	0	0	0	0	0	0	0	0	0	0	0	
N84	4.68365e-11	2.50919e-09	1.49907e-07	6.24939e-06	0.000166492	0.00267533	0.0244039	0.118291	0.285827	0.329936	0.181593	0.0494505	0.00706073	0.000562754	2.65425e-05	7.798e-07	1.49121e-08	1.92707e-10	1.73782e-12	1.12425e-14	5.34438e-17	1.90643e-19	5.19846e-22	1.10153e-24	1.84109e-27	2.47894e-30	3.73221e-33	
N85	3.63324e-14	6.2233e-12	1.06926e-09	1.21547e-07	8.48145e-06	0.000338924	0.00711341	0.0701856	0.283232	0.40401	0.196972	0.035353	0.00268584	9.84102e-05	1.93189e-06	2.20701e-08	1.56644e-10	7.28016e-13	2.31268e-15	5.20317e-18	8.54188e-21	1.04947e-23	9.86159e-27	7.22195e-30	4.19029e-33	1.96172e-36	9.63802e-40	
ADCAHA_Calathus_freyi	0	0	0	0	0	0	0	0	0	1	0	0	0	0	0	0	0	0	0	0	0	0	0	0	0	0	0	
N86	5.77644e-15	1.39105e-12	3.24295e-10	4.86436e-08	4.3813e-06	0.000220061	0.00561194	0.0643727	0.28481	0.413724	0.196638	0.0324105	0.00214176	6.53225e-05	1.03077e-06	9.2051e-09	4.99354e-11	1.74144e-13	4.08824e-16	6.71119e-19	7.95256e-22	6.98794e-25	4.65939e-28	2.40486e-31	9.77609e-35	3.18254e-38	1.02654e-41	
N87	3.4833e-22	1.0286e-18	2.53257e-15	4.03649e-12	3.86893e-09	2.02507e-06	0.000500511	0.0455088	0.870174	0.0822299	0.00157451	1.04526e-05	3.0735e-08	4.65139e-11	4.02077e-14	2.14346e-17	7.47162e-21	1.78281e-24	3.0205e-28	3.74329e-32	3.47743e-36	2.47145e-40	1.36705e-44	5.97117e-49	2.08527e-53	5.8898e-58	1.5357e-62	
ADCAHA_Calathus_auctus	0	0	0	0	0	0	0	0	1	0	0	0	0	0	0	0	0	0	0	0	0	0	0	0	0	0	0	
ADCAHA_Calathus_ascendens	0	0	0	0	0	0	0	0	1	0	0	0	0	0	0	0	0	0	0	0	0	0	0	0	0	0	0	
ADCAHA_Calathus_circumseptus	0	0	0	0	0	0	0	0	0	0	1	0	0	0	0	0	0	0	0	0	0	0	0	0	0	0	0	
N88	8.54029e-13	1.11392e-10	1.41905e-08	1.13635e-06	5.33418e-05	0.00137333	0.0179993	0.111056	0.301812	0.349822	0.174544	0.0389896	0.00412336	0.000219931	6.30784e-06	1.03333e-07	1.02081e-09	6.37862e-12	2.62777e-14	7.39815e-17	1.46845e-19	2.11136e-22	2.25172e-25	1.81865e-28	1.13305e-31	5.54183e-35	2.66127e-38	
N89	7.59897e-13	5.96031e-11	5.17504e-09	3.14091e-07	1.25748e-05	0.000315318	0.00466178	0.0379513	0.158573	0.320542	0.304416	0.138304	0.0312737	0.0036975	0.000242983	9.45428e-06	2.30759e-07	3.71405e-09	4.11182e-11	3.24468e-13	1.88073e-15	8.21519e-18	2.76427e-20	7.30241e-23	1.53996e-25	2.64484e-28	5.13152e-31	
ADCAHA_Colliuris_pennsylvanica	0	0	0	0	0	0	0	0	0	0	0	0	1	0	0	0	0	0	0	0	0	0	0	0	0	0	0	
N90	8.50555e-21	8.7425e-18	8.25542e-15	5.31592e-12	2.19263e-09	5.40772e-07	7.26013e-05	0.00461907	0.110788	0.634919	0.234542	0.0147441	0.000310683	2.91912e-06	1.4346e-08	4.09196e-11	7.29638e-14	8.60267e-17	7.00887e-20	4.0887e-23	1.75851e-26	5.71398e-30	1.43203e-33	2.8175e-37	4.41908e-41	5.61448e-45	7.01871e-49	
ADCAHA_Calathus_brevis	0	0	0	0	0	0	0	0	0	1	0	0	0	0	0	0	0	0	0	0	0	0	0	0	0	0	0	
N91	4.11759e-29	6.49641e-25	7.73786e-21	5.972e-17	2.79762e-13	7.27825e-10	9.24578e-07	0.000467462	0.0639271	0.685033	0.247676	0.00288717	7.78909e-06	7.71464e-09	3.54255e-12	8.70749e-16	1.26347e-19	1.16195e-23	7.14761e-28	3.0675e-32	9.50032e-37	2.18279e-41	3.80675e-46	5.13712e-51	5.45253e-56	4.61599e-61	3.34898e-66	
N92	1.79068e-35	2.28275e-30	2.04904e-25	1.17231e-20	4.00302e-16	7.43093e-12	6.51186e-08	0.000212524	0.157869	0.829618	0.0122895	1.09131e-05	2.46595e-09	2.17852e-13	9.35252e-18	2.22594e-22	3.20693e-27	2.97637e-32	1.86296e-37	8.14059e-43	2.55004e-48	5.84403e-54	9.95111e-60	1.27346e-65	1.23443e-71	9.1442e-78	1.01294e-83	
N93	2.40673e-49	1.60499e-42	5.75643e-36	1.11032e-29	1.13296e-23	5.79586e-18	1.33117e-12	1.11651e-07	0.00214264	0.997558	0.000299255	1.01411e-08	9.42725e-14	3.40725e-19	5.69492e-25	4.85147e-31	2.20878e-37	5.44429e-44	7.11898e-51	4.5853e-58	1.23878e-65	8.85612e-74	4.71288e-52	4.36695e-54	3.63885e-56	2.72827e-58	1.8507e-60	
ADCAHA_Calathus_rectus	0	0	0	0	0	0	0	0	0	1	0	0	0	0	0	0	0	0	0	0	0	0	0	0	0	0	0	
ADCAHA_Calathus_asturiensis	0	0	0	0	0	0	0	0	0	1	0	0	0	0	0	0	0	0	0	0	0	0	0	0	0	0	0	
ADCAHA_Calathus_ambiguus	0	0	0	0	0	0	0	0	1	0	0	0	0	0	0	0	0	0	0	0	0	0	0	0	0	0	0	
ADCAHA_Calathus_micropterus	0	0	0	0	0	0	0	0	0	0	1	0	0	0	0	0	0	0	0	0	0	0	0	0	0	0	0	
N94	7.9584e-13	1.569e-10	2.73437e-08	2.76752e-06	0.000149535	0.0039518	0.0463631	0.219973	0.395107	0.262144	0.0654655	0.0065503	0.000286472	6.00332e-06	6.56534e-08	4.03681e-10	1.48671e-12	3.45906e-15	5.31748e-18	5.60961e-21	4.19419e-24	2.28486e-27	9.28833e-31	2.87673e-34	6.91257e-38	1.31024e-41	2.32419e-45	
N95	3.90728e-12	4.52344e-10	5.20827e-08	3.80618e-06	0.000161932	0.00368889	0.0407872	0.19705	0.381158	0.283462	0.0827879	0.0102802	0.000600677	1.82108e-05	3.1172e-07	3.23159e-09	2.1493e-11	9.61568e-14	3.00947e-16	6.80846e-19	1.14459e-21	1.46384e-24	1.45325e-27	1.13962e-30	7.16763e-34	3.67811e-37	2.01232e-40	
N96	2.49498e-25	1.39012e-21	6.71778e-18	2.1764e-14	4.38565e-11	5.06882e-08	2.99127e-05	0.00744482	0.521351	0.465832	0.00532449	1.72431e-05	2.37748e-08	1.69123e-11	6.97042e-15	1.80137e-18	3.09247e-22	3.68581e-26	3.15792e-30	2.00037e-34	9.587e-39	3.54372e-43	1.02674e-47	2.36396e-52	4.37624e-57	6.59594e-62	9.42436e-67	
ADCAHA_Calathus_erratus	0	0	0	0	0	0	0	0	1	0	0	0	0	0	0	0	0	0	0	0	0	0	0	0	0	0	0	
ADCAHA_Calathus_rotundatus	0	0	0	0	0	0	0	0	0	1	0	0	0	0	0	0	0	0	0	0	0	0	0	0	0	0	0	
ADCAHA_Calathus_melanocephalus	0	0	0	0	0	0	0	0	0	1	0	0	0	0	0	0	0	0	0	0	0	0	0	0	0	0	0	
N97	4.62071e-10	3.23924e-08	2.26634e-06	9.74336e-05	0.00233389	0.0283501	0.157026	0.358858	0.320779	0.11418	0.017144	0.00118598	4.17393e-05	8.18574e-07	9.65519e-09	7.28821e-11	3.70258e-13	1.31908e-15	3.40941e-18	6.57748e-21	9.70159e-24	1.11672e-26	1.02107e-29	7.53154e-33	4.54268e-36	2.27085e-39	1.18273e-42	
ADCAHA_Orthomus_velocissimus	0	0	0	0	0	0	0	1	0	0	0	0	0	0	0	0	0	0	0	0	0	0	0	0	0	0	0	
N98	1.56178e-12	9.40269e-10	4.27886e-07	9.78819e-05	0.00861267	0.14155	0.504811	0.324686	0.0198761	0.000362673	2.73e-06	1.00866e-08	2.05241e-11	2.50126e-14	1.94669e-17	1.01766e-20	3.72126e-24	9.839e-28	1.93332e-31	2.88893e-35	3.34746e-39	3.05822e-43	2.23473e-47	1.32246e-51	6.40695e-56	2.56796e-60	9.80658e-65	
N99	1.29835e-15	1.00917e-11	4.60506e-08	9.1056e-05	0.0529753	0.4068	0.527198	0.0128961	3.91433e-05	3.32776e-08	1.12878e-11	1.86283e-15	1.69891e-19	9.35618e-24	3.3205e-28	7.98001e-33	1.35007e-37	1.65863e-42	1.51761e-47	1.05595e-52	5.68516e-58	2.40657e-63	9.48328e-69	5.13733e-73	1.48447e-76	3.89175e-80	9.19992e-84	
N100	9.28169e-18	7.42919e-13	2.83364e-08	0.000381439	0.952828	0.0465012	0.00028896	9.54991e-08	5.86271e-12	1.21041e-16	1.06687e-21	4.49829e-27	9.54267e-33	1.02282e-38	5.23103e-45	1.1026e-51	6.14332e-59	9.92447e-44	1.86156e-45	3.16883e-47	4.92935e-49	7.04811e-51	9.30851e-53	1.14031e-54	1.30033e-56	1.38453e-58	1.393e-60	
ADCAHA_Calathus_abaxoides	0	0	0	0	1	0	0	0	0	0	0	0	0	0	0	0	0	0	0	0	0	0	0	0	0	0	0	
ADCAHA_Calathus_fuscipes	0	0	0	0	1	0	0	0	0	0	0	0	0	0	0	0	0	0	0	0	0	0	0	0	0	0	0	
ADCAHA_Calathus_mollis	0	0	0	0	0	0	1	0	0	0	0	0	0	0	0	0	0	0	0	0	0	0	0	0	0	0	0	
ADCAHA_Calathus_granatensis	0	0	0	0	0	0	0	1	0	0	0	0	0	0	0	0	0	0	0	0	0	0	0	0	0	0	0	
ADCAHA_Cymindis_sp	0	1	0	0	0	0	0	0	0	0	0	0	0	0	0	0	0	0	0	0	0	0	0	0	0	0	0	
N101	0.209072	0.217815	0.207214	0.167934	0.11015	0.0566677	0.0224658	0.00680089	0.00156592	0.000274114	3.65485e-05	3.72517e-06	2.91653e-07	1.76417e-08	8.29801e-10	3.05612e-11	8.87703e-13	2.04867e-14	3.78451e-16	5.63755e-18	6.82147e-20	6.75249e-22	5.50623e-24	3.72366e-26	2.10338e-28	1.01509e-30	6.41107e-33	
N102	0.250822	0.239731	0.201604	0.146201	0.0894213	0.0452471	0.0186672	0.0062178	0.00166241	0.000355834	6.09669e-05	8.37556e-06	9.25408e-07	8.25671e-08	5.9771e-09	3.52886e-10	1.7085e-11	6.82134e-13	2.25867e-14	6.23743e-16	1.44456e-17	2.82103e-19	4.67078e-21	6.59799e-23	8.04898e-25	8.92433e-27	1.41421e-28	
N103	0.250488	0.239022	0.200759	0.145829	0.0897612	0.0459633	0.0193014	0.00658105	0.00181087	0.00040095	7.13993e-05	1.024e-05	1.18607e-06	1.11371e-07	8.51603e-09	5.32934e-10	2.74395e-11	1.16872e-12	4.14062e-14	1.22695e-15	3.05738e-17	6.44079e-19	1.15318e-20	1.7652e-22	2.33602e-24	2.81361e-26	4.94857e-28	
N104	0.192566	0.201661	0.19675	0.168834	0.121368	0.0706017	0.0324885	0.0116625	0.00324095	0.000695036	0.00011505	1.47387e-05	1.4677e-06	1.14257e-07	6.99869e-09	3.397e-10	1.31614e-11	4.10078e-13	1.03517e-14	2.13259e-16	3.61119e-18	5.06098e-20	5.90947e-22	5.78631e-24	4.78714e-26	3.45028e-28	3.44541e-30	
N105	0.168282	0.178089	0.178976	0.16338	0.130724	0.0895086	0.0516655	0.0249119	0.00998203	0.00331521	0.000911944	0.000207901	3.93438e-05	6.19499e-06	8.13951e-07	8.953e-08	8.2735e-09	6.44735e-10	4.25321e-11	2.3845e-12	1.14063e-13	4.67415e-15	1.64788e-16	5.02549e-18	1.34269e-19	3.36812e-21	1.41603e-22	
N106	0.137616	0.151476	0.162489	0.160865	0.141419	0.107864	0.0704179	0.0390381	0.0182953	0.00723221	0.00241	0.000677371	0.000160818	3.23196e-05	5.51258e-06	8.00379e-07	9.92412e-08	1.05444e-08	9.63418e-10	7.59684e-11	5.18897e-12	3.08238e-13	1.6005e-14	7.3342e-16	3.05013e-17	1.27401e-18	8.24768e-20	
ADCAHA_Platyderus_lusitanicus	0	0	0	0	1	0	0	0	0	0	0	0	0	0	0	0	0	0	0	0	0	0	0	0	0	0	0	
ADCAHA_Platyderus_varians	0	0	0	0	0	0	0	0	0	0	1	0	0	0	0	0	0	0	0	0	0	0	0	0	0	0	0	
N107	0.257422	0.244434	0.20273	0.143859	0.0855236	0.0419261	0.0167926	0.00547578	0.00145461	0.000315863	5.63514e-05	8.30957e-06	1.01935e-06	1.04713e-07	9.06655e-09	6.6588e-10	4.17358e-11	2.24545e-12	1.04275e-13	4.20156e-15	1.4762e-16	4.54384e-18	1.23094e-19	2.95006e-21	6.32212e-23	1.28205e-24	4.17837e-26	
ADCAHA_Amara_sp	0	0	1	0	0	0	0	0	0	0	0	0	0	0	0	0	0	0	0	0	0	0	0	0	0	0	0	
ADCAHA_Zabrus_sp	0	0	1	0	0	0	0	0	0	0	0	0	0	0	0	0	0	0	0	0	0	0	0	0	0	0	0	
N108	0.165952	0.181921	0.190898	0.177512	0.13749	0.0850459	0.0409015	0.0150455	0.00419369	0.000881829	0.00013976	1.67236e-05	1.51635e-06	1.04709e-07	5.54e-09	2.26112e-10	7.17085e-12	1.78039e-13	3.48716e-15	5.42957e-17	6.77152e-19	6.8151e-21	5.57609e-23	3.73786e-25	2.07619e-27	9.95079e-30	6.13183e-32	
N109	0.126358	0.1391	0.151127	0.154588	0.142949	0.116073	0.0812182	0.048423	0.0244515	0.0104311	0.00375907	0.00114601	0.000296317	6.51881e-05	1.2246e-05	1.97203e-06	2.73307e-07	3.27306e-08	3.40063e-09	3.07745e-10	2.43541e-11	1.69254e-12	1.0386e-13	5.68703e-15	2.86539e-16	1.47793e-17	1.20099e-18	
ADCAHA_Pterostichus_herculeanus	0	0	0	0	0	0	0	0	0	1	0	0	0	0	0	0	0	0	0	0	0	0	0	0	0	0	0	
ADCAHA_Pterostichus_angustus	0	0	0	0	0	1	0	0	0	0	0	0	0	0	0	0	0	0	0	0	0	0	0	0	0	0	0	
N110	0.154598	0.17363	0.188305	0.180702	0.143897	0.0912216	0.0448482	0.0168254	0.00477135	0.00101788	0.000163124	1.96603e-05	1.78725e-06	1.23079e-07	6.45502e-09	2.59389e-10	8.03876e-12	1.9346e-13	3.64098e-15	5.3971e-17	6.34606e-19	5.96093e-21	4.50463e-23	2.75952e-25	1.38607e-27	5.96184e-30	3.63095e-32	
N111	0.0839132	0.104606	0.13568	0.163482	0.169832	0.146048	0.101809	0.0569242	0.0254037	0.00903531	0.00256313	0.000581313	0.000105778	1.55103e-05	1.84181e-06	1.78075e-07	1.40975e-08	9.1911e-10	4.96378e-11	2.23356e-12	8.4219e-14	2.67603e-15	7.20512e-17	1.65349e-18	3.26737e-20	5.87209e-22	1.62762e-23	
N112	0.0453207	0.0615051	0.090606	0.126966	0.15705	0.164929	0.144039	0.103456	0.0607694	0.0291262	0.0113907	0.00364049	0.00095342	0.000205333	3.65168e-05	5.38741e-06	6.62605e-07	6.82851e-08	5.92717e-09	4.3559e-10	2.72433e-11	1.45748e-12	6.70341e-14	2.66538e-15	9.26803e-17	3.01841e-18	1.64503e-19	
N113	0.00244608	0.00952486	0.0398701	0.120082	0.233732	0.278819	0.200031	0.0869482	0.0237227	0.00425141	0.000522826	4.58346e-05	2.95806e-06	1.44376e-07	5.4513e-09	1.62317e-10	3.87465e-12	7.52113e-14	1.20202e-15	1.59906e-17	1.78801e-19	1.69515e-21	1.37357e-23	9.58991e-26	5.84353e-28	3.25609e-30	2.46154e-32	
ADCAHA_Pterostichus_niger	0	0	0	0	0	0	1	0	0	0	0	0	0	0	0	0	0	0	0	0	0	0	0	0	0	0	0	
ADCAHA_Pterostichus_interruptus	0	0	0	0	1	0	0	0	0	0	0	0	0	0	0	0	0	0	0	0	0	0	0	0	0	0	0	
N114	7.17338e-08	1.5329e-06	3.2267e-05	0.0004842	0.00486254	0.0310552	0.119352	0.260863	0.309324	0.194606	0.0656462	0.0123231	0.00135325	9.15519e-05	4.00325e-06	1.18025e-07	2.43327e-09	3.61923e-11	3.98907e-13	3.33387e-15	2.15522e-17	1.09655e-19	4.45839e-22	1.46886e-24	3.98478e-27	9.32343e-30	2.76702e-32	
ADCAHA_Pterostichus_globosus	0	0	0	0	0	0	0	0	0	1	0	0	0	0	0	0	0	0	0	0	0	0	0	0	0	0	0	
N115	1.51483e-08	3.88352e-07	1.16859e-05	0.000241922	0.00316827	0.0248764	0.110751	0.264415	0.323636	0.199186	0.062394	0.0103205	0.000946775	5.07198e-05	1.66592e-06	3.50518e-08	4.90986e-10	4.73475e-12	3.23637e-14	1.60839e-16	5.94233e-19	1.66438e-21	3.59584e-24	6.08587e-27	8.18616e-30	8.93536e-33	1.09228e-35	
ADCAHA_Pterostichus_spinolae	0	0	0	0	0	0	0	0	0	1	0	0	0	0	0	0	0	0	0	0	0	0	0	0	0	0	0	
N116	5.21108e-09	1.78443e-07	6.93573e-06	0.000179238	0.00283432	0.0257066	0.124383	0.297546	0.331259	0.170114	0.0421724	0.00539979	0.000382936	1.60389e-05	4.19716e-07	7.20151e-09	8.44149e-11	7.00044e-13	4.23167e-15	1.91302e-17	6.61271e-20	1.78183e-22	3.80647e-25	6.54353e-28	9.17241e-31	1.064e-33	1.36301e-36	
ADCAHA_Pterostichus_flavofemoratus	0	0	0	0	0	0	0	1	0	0	0	0	0	0	0	0	0	0	0	0	0	0	0	0	0	0	0	
ADCAHA_Pterostichus_ziegleri	0	0	0	0	0	0	0	0	1	0	0	0	0	0	0	0	0	0	0	0	0	0	0	0	0	0	0	
N117	0.0053764	0.011166	0.028232	0.0649296	0.121858	0.179426	0.203816	0.177152	0.117378	0.0592514	0.0228291	0.00673999	0.00153325	0.000270575	3.7325e-05	4.05795e-06	3.5066e-07	2.42914e-08	1.36047e-09	6.21142e-11	2.33047e-12	7.24087e-14	1.87696e-15	4.09004e-17	7.58356e-19	1.26857e-20	3.21287e-22	
N118	0.00431987	0.00906551	0.0241645	0.059663	0.119169	0.183077	0.212144	0.183944	0.119031	0.057526	0.0208301	0.00568071	0.0011747	0.000185653	2.26203e-05	2.14432e-06	1.59642e-07	9.42191e-09	4.44911e-10	1.6961e-11	5.26537e-13	1.34218e-14	2.83159e-16	4.98223e-18	7.37999e-20	9.57087e-22	1.83075e-23	
ADCAHA_Pterostichus_aterrimus	0	0	0	0	0	0	0	0	1	0	0	0	0	0	0	0	0	0	0	0	0	0	0	0	0	0	0	
N119	0.00018124	0.00142275	0.0120474	0.0677205	0.216006	0.343956	0.249567	0.0893325	0.0175384	0.00206335	0.000155745	7.9492e-06	2.8587e-07	7.4861e-09	1.46655e-10	2.19819e-12	2.56961e-14	2.38155e-16	1.77536e-18	1.07811e-20	5.39384e-23	2.24589e-25	7.85447e-28	2.32675e-30	5.89231e-33	1.31065e-35	3.65571e-38	
ADCAHA_Pterostichus_nigrita	0	0	0	0	0	1	0	0	0	0	0	0	0	0	0	0	0	0	0	0	0	0	0	0	0	0	0	
ADCAHA_Pterostichus_anthracinus	0	0	0	0	0	1	0	0	0	0	0	0	0	0	0	0	0	0	0	0	0	0	0	0	0	0	0	
ADCAHA_Pterostichus_alacer	0	0	0	0	0	0	0	0	0	1	0	0	0	0	0	0	0	0	0	0	0	0	0	0	0	0	0	
N120	0.160246	0.177112	0.187967	0.177182	0.139896	0.0890421	0.0446033	0.0173333	0.00518555	0.00119086	0.000210068	2.8556e-05	3.00676e-06	2.46808e-07	1.59097e-08	8.11736e-10	3.3048e-11	1.08245e-12	2.8755e-14	6.24449e-16	1.11707e-17	1.65834e-19	2.05822e-21	2.15459e-23	1.93754e-25	1.61415e-27	1.90243e-29	
N121	0.155162	0.163476	0.165418	0.155961	0.132867	0.0997209	0.064738	0.035917	0.0169088	0.00673092	0.00226344	0.000643507	0.000154995	3.17184e-05	5.53367e-06	8.26142e-07	1.05962e-07	1.17235e-08	1.12343e-09	9.36208e-11	6.81196e-12	4.34498e-13	2.4403e-14	1.21533e-15	5.48261e-17	2.46743e-18	1.84769e-19	
ADCAHA_Stomis_sp	0	0	0	0	1	0	0	0	0	0	0	0	0	0	0	0	0	0	0	0	0	0	0	0	0	0	0	
ADCAHA_Pterostichus_nemoralis	0	0	0	0	0	0	1	0	0	0	0	0	0	0	0	0	0	0	0	0	0	0	0	0	0	0	0	
ADCAHA_Pterostichus_melanarius	0	1	0	0	0	0	0	0	0	0	0	0	0	0	0	0	0	0	0	0	0	0	0	0	0	0	0	
N122	0.208679	0.205381	0.184433	0.149839	0.108978	0.0702418	0.0397861	0.0196759	0.00845646	0.00314898	0.00101418	0.000282308	6.79283e-05	1.41402e-05	2.54991e-06	3.9905e-07	5.43092e-08	6.44287e-09	6.67946e-10	6.06752e-11	4.84263e-12	3.40556e-13	2.11686e-14	1.16858e-15	5.81601e-17	2.84655e-18	2.43932e-19	
N123	0.167667	0.175307	0.17401	0.158614	0.128872	0.0913304	0.0556699	0.0289424	0.0127755	0.0047781	0.00151358	0.00040641	9.26427e-05	1.79673e-05	2.97234e-06	4.20642e-07	5.1083e-08	5.34083e-09	4.82361e-10	3.77617e-11	2.57125e-12	1.52808e-13	7.95381e-15	3.64129e-16	1.48211e-17	5.77002e-19	3.90305e-20	
ADCAHA_Poecilus_cupreus	0	0	0	0	1	0	0	0	0	0	0	0	0	0	0	0	0	0	0	0	0	0	0	0	0	0	0	
N124	0.0430686	0.0722707	0.123316	0.176234	0.199373	0.174788	0.117582	0.0604492	0.0237503	0.00715545	0.00166348	0.000300969	4.28053e-05	4.83739e-06	4.39121e-07	3.23614e-08	1.95584e-09	9.78661e-11	4.0905e-12	1.43991e-13	4.30148e-15	1.0982e-16	2.41201e-18	4.58647e-20	7.61939e-22	1.15667e-23	2.71905e-25	
ADCAHA_Poecilus_versicolor	0	0	0	0	0	0	0	0	1	0	0	0	0	0	0	0	0	0	0	0	0	0	0	0	0	0	0	
ADCAHA_Poecilus_lucublandus	0	0	1	0	0	0	0	0	0	0	0	0	0	0	0	0	0	0	0	0	0	0	0	0	0	0	0	
ADCAHA_Poecilus_chalcites	0	0	0	1	0	0	0	0	0	0	0	0	0	0	0	0	0	0	0	0	0	0	0	0	0	0	0	
N125	0.194448	0.194995	0.180745	0.152515	0.115351	0.0772222	0.0453485	0.0232214	0.0103303	0.00398445	0.00133143	0.000385518	9.68123e-05	2.11159e-05	4.00773e-06	6.63367e-07	9.59933e-08	1.21758e-08	1.35743e-09	1.33391e-10	1.1587e-11	8.92324e-13	6.11205e-14	3.74236e-15	2.08217e-16	1.15533e-17	1.14101e-18	
N126	0.0750679	0.104748	0.153281	0.195353	0.196064	0.147826	0.0820256	0.0332535	0.00985013	0.00214155	0.000344278	4.13057e-05	3.73719e-06	2.57803e-07	1.37116e-08	5.68541e-10	1.85777e-11	4.83373e-13	1.01141e-14	1.71787e-16	2.38949e-18	2.74459e-20	2.62375e-22	2.10398e-24	1.431e-26	8.60384e-29	6.95746e-31	
N127	0.0597437	0.0863212	0.135149	0.187496	0.205214	0.167515	0.0994615	0.0425502	0.0131012	0.00291433	0.000471607	5.60165e-05	4.93372e-06	3.25769e-07	1.63086e-08	6.2606e-10	1.86358e-11	4.34828e-13	8.03625e-15	1.18817e-16	1.41875e-18	1.38044e-20	1.10381e-22	7.31262e-25	4.0525e-27	1.93895e-29	1.20999e-31	
N128	0.0587242	0.0845476	0.131788	0.183007	0.202494	0.169078	0.103967	0.0466703	0.0152936	0.00367768	0.000654526	8.71219e-05	8.77453e-06	6.7684e-07	4.04777e-08	1.89941e-09	7.07486e-11	2.11499e-12	5.12777e-14	1.01822e-15	1.67129e-17	2.28716e-19	2.63067e-21	2.56243e-23	2.13153e-25	1.56212e-27	1.61276e-29	
ADCAHA_Microlestes_sp	0	0	0	1	0	0	0	0	0	0	0	0	0	0	0	0	0	0	0	0	0	0	0	0	0	0	0	
ADCAHA_Chlaenius_sp	0	0	0	0	0	0	1	0	0	0	0	0	0	0	0	0	0	0	0	0	0	0	0	0	0	0	0	
ADCAHA_Loxandrus_sp	0	0	0	0	0	0	0	1	0	0	0	0	0	0	0	0	0	0	0	0	0	0	0	0	0	0	0	
N129	0.0702334	0.103872	0.157946	0.202226	0.199646	0.146346	0.0783989	0.0305465	0.00867037	0.00180308	0.000277046	3.17747e-05	2.75125e-06	1.82003e-07	9.31068e-09	3.72765e-10	1.18164e-11	2.99894e-13	6.15839e-15	1.0335e-16	1.4307e-18	1.64809e-20	1.59276e-22	1.30136e-24	9.06496e-27	5.53402e-29	4.61844e-31	
ADCAHA_Agonum_marginatum	0	0	0	0	0	0	0	0	1	0	0	0	0	0	0	0	0	0	0	0	0	0	0	0	0	0	0	
N130	0.190191	0.23494	0.254305	0.192861	0.0932114	0.0282632	0.00547068	0.000695048	5.96859e-05	3.56161e-06	1.51464e-07	4.69633e-09	1.08368e-10	1.89572e-12	2.55652e-14	2.6985e-16	2.26043e-18	1.52168e-20	8.3275e-23	3.74401e-25	1.39631e-27	4.35819e-30	1.14776e-32	2.5698e-35	4.92677e-38	8.20328e-41	1.6582e-43	
ADCAHA_Oodes_sp	0	1	0	0	0	0	0	0	0	0	0	0	0	0	0	0	0	0	0	0	0	0	0	0	0	0	0	
N131	0.139327	0.237067	0.315158	0.220088	0.0743268	0.012764	0.00120059	6.62443e-05	2.27205e-06	5.08348e-08	7.72506e-10	8.24968e-12	6.37367e-14	3.65285e-16	1.58712e-18	5.32841e-21	1.40569e-23	2.95776e-26	5.03023e-29	6.99757e-32	8.04835e-35	7.7284e-38	6.25074e-41	4.29269e-44	2.52166e-47	1.27745e-50	7.00232e-54	
N132	0.0158258	0.11856	0.462231	0.351341	0.049606	0.00238411	5.12718e-05	5.77161e-07	3.77253e-09	1.54277e-11	4.17745e-14	7.83134e-17	1.05378e-19	1.04854e-22	7.91054e-26	4.62223e-29	2.13046e-32	7.87019e-36	2.36289e-39	5.83718e-43	1.19956e-46	2.07087e-50	3.02989e-54	3.78707e-58	4.07306e-62	3.79611e-66	3.53608e-70	
ADCAHA_Percus_politus	0	0	0	1	0	0	0	0	0	0	0	0	0	0	0	0	0	0	0	0	0	0	0	0	0	0	0	
ADCAHA_Notagonum_sp	0	0	1	0	0	0	0	0	0	0	0	0	0	0	0	0	0	0	0	0	0	0	0	0	0	0	0	
ADCAHA_Agonum_muelleri	0	0	1	0	0	0	0	0	0	0	0	0	0	0	0	0	0	0	0	0	0	0	0	0	0	0	0	
ADCAHA_Pterostichus_oblongopunctatus	0	0	0	1	0	0	0	0	0	0	0	0	0	0	0	0	0	0	0	0	0	0	0	0	0	0	0	
N133	0.103456	0.126345	0.156366	0.175535	0.166892	0.129531	0.0805145	0.0397028	0.0154713	0.00476252	0.00116043	0.000224619	3.47027e-05	4.30267e-06	4.30662e-07	3.50133e-08	2.32674e-09	1.27174e-10	5.75274e-12	2.16673e-13	6.83552e-15	1.81703e-16	4.09642e-18	7.90505e-20	1.33215e-21	2.08727e-23	4.58969e-25	
N134	0.00215225	0.00443637	0.0104657	0.0231239	0.0454646	0.0779878	0.115463	0.146574	0.158877	0.146655	0.115094	0.0767256	0.0434337	0.0208837	0.00853439	0.00296755	0.000879288	0.000222422	4.81399e-05	8.93788e-06	1.42779e-06	1.96949e-07	2.3575e-08	2.47221e-09	2.33742e-10	2.2454e-11	3.7338e-12	
N135	0.000164057	0.000393142	0.00123442	0.00379957	0.0104524	0.0249271	0.0508558	0.088097	0.128957	0.159008	0.164815	0.143446	0.104784	0.0642528	0.0330961	0.0143374	0.00523254	0.00161245	0.000420782	9.33381e-05	1.76857e-05	2.88119e-06	4.07073e-07	5.04618e-08	5.58592e-09	5.83785e-10	8.66068e-11	
ADCAHA_Craspedophorus_sp	0	0	0	0	0	0	0	0	0	0	0	0	0	0	0	0	0	0	0	0	0	1	0	0	0	0	0	
N136	0.00011849	0.00028677	0.000954454	0.00319798	0.00956409	0.0244355	0.0524046	0.0935667	0.138466	0.169393	0.171052	0.142484	0.0979185	0.0555613	0.0260683	0.0101336	0.0032721	0.000880238	0.00019795	3.73514e-05	5.93733e-06	7.98471e-07	9.12811e-08	8.93324e-09	7.64494e-10	6.40426e-11	9.46031e-12	
N137	2.31731e-10	3.486e-09	6.58688e-08	1.07773e-06	1.42955e-05	0.00014821	0.00116645	0.00678368	0.0284031	0.0836304	0.170258	0.237946	0.228015	0.149869	0.0675767	0.0209381	0.00449156	0.000678541	7.3878e-05	5.94183e-06	3.614e-07	1.69806e-08	6.28157e-10	1.8625e-11	4.52858e-13	9.66849e-15	3.02129e-16	
ADCAHA_Stenolophus_mixtus	0	0	0	0	0	0	0	0	0	1	0	0	0	0	0	0	0	0	0	0	0	0	0	0	0	0	0	
ADCAHA_Stenolophus_lecontei	0	0	0	0	0	0	0	0	0	0	0	0	0	0	0	1	0	0	0	0	0	0	0	0	0	0	0	
ADCAHA_Stenolophus_teutonus	0	0	0	0	0	0	0	1	0	0	0	0	0	0	0	0	0	0	0	0	0	0	0	0	0	0	0	
N138	3.45718e-07	5.8899e-06	0.000101083	0.0012312	0.00956935	0.0437228	0.122223	0.218839	0.2579	0.201641	0.103474	0.0337958	0.00667808	0.000761666	5.38271e-05	2.54305e-06	8.52033e-08	2.11597e-09	4.02845e-11	6.03657e-13	7.2729e-15	7.17275e-17	5.8874e-19	4.0983e-21	2.49287e-23	1.40914e-25	9.74117e-28	
ADCAHA_Egadroma_marginatum	0	0	0	0	1	0	0	0	0	0	0	0	0	0	0	0	0	0	0	0	0	0	0	0	0	0	0	
ADCAHA_Amphasia_sericea	0	0	0	0	0	0	0	0	0	0	0	0	1	0	0	0	0	0	0	0	0	0	0	0	0	0	0	
N139	0.10507	0.125468	0.153275	0.173345	0.167751	0.132127	0.0823332	0.0400007	0.0150556	0.00438404	0.000989376	0.000173702	2.38465e-05	2.57521e-06	2.20184e-07	1.50068e-08	8.20951e-10	3.6297e-11	1.30591e-12	3.84895e-14	9.35376e-16	1.88618e-17	3.17543e-19	4.49173e-21	5.39082e-23	5.72984e-25	8.67221e-27	
N140	0.0738279	0.0873431	0.107779	0.12978	0.144208	0.142293	0.121737	0.0890543	0.0552779	0.029005	0.0128481	0.00480563	0.00151971	0.000407127	9.2626e-05	1.79469e-05	2.97043e-06	4.21326e-07	5.13843e-08	5.40701e-09	4.92722e-10	3.90509e-11	2.70814e-12	1.66172e-13	9.26436e-15	5.10776e-16	4.43127e-17	
ADCAHA_Amblystomus_sp	0	0	0	0	0	0	0	0	0	0	1	0	0	0	0	0	0	0	0	0	0	0	0	0	0	0	0	
N141	0.0623064	0.076053	0.0974912	0.121228	0.138746	0.141788	0.127139	0.0989998	0.0665199	0.0384226	0.0190388	0.0080863	0.00294417	0.000919676	0.000246812	5.70094e-05	1.13583e-05	1.95668e-06	2.92214e-07	3.79367e-08	4.29387e-09	4.25017e-10	3.69274e-11	2.83564e-12	1.96903e-13	1.37646e-14	1.66246e-15	
ADCAHA_Platymetopus_sp	0	0	0	1	0	0	0	0	0	0	0	0	0	0	0	0	0	0	0	0	0	0	0	0	0	0	0	
N142	0.000251825	0.000754742	0.00283446	0.00956588	0.0268566	0.0613832	0.112949	0.1659	0.193169	0.177393	0.12811	0.072721	0.0325077	0.0114905	0.00323055	0.000727682	0.000132384	1.96173e-05	2.38825e-06	2.4089e-07	2.02951e-08	1.43941e-09	8.6592e-11	4.4556e-12	1.99334e-13	8.4033e-15	5.962e-16	
ADCAHA_Anisodactylus_virens	0	0	0	0	0	0	0	0	1	0	0	0	0	0	0	0	0	0	0	0	0	0	0	0	0	0	0	
ADCAHA_Anisodactylus_hispanus	0	0	0	0	0	0	0	0	0	0	0	1	0	0	0	0	0	0	0	0	0	0	0	0	0	0	0	
N143	0.105909	0.131068	0.164741	0.185498	0.172459	0.126359	0.0711027	0.0303063	0.00972247	0.00234404	0.000425522	5.84152e-05	6.10111e-06	4.8834e-07	3.01965e-08	1.45479e-09	5.50855e-11	1.65367e-12	3.96984e-14	7.68504e-16	1.20945e-17	1.55948e-19	1.65991e-21	1.46961e-23	1.09417e-25	7.14694e-28	6.29956e-30	
N144	0.154098	0.161589	0.162418	0.152521	0.13048	0.0996398	0.0669265	0.0391506	0.0198229	0.00865764	0.00325707	0.00105557	0.000295036	7.12568e-05	1.49076e-05	2.70922e-06	4.29013e-07	5.93854e-08	7.20939e-09	7.70135e-10	7.26328e-11	6.06871e-12	4.51091e-13	3.00602e-14	1.84105e-15	1.15276e-16	1.23044e-17	
ADCAHA_Notiobia_sp	0	0	0	0	0	1	0	0	0	0	0	0	0	0	0	0	0	0	0	0	0	0	0	0	0	0	0	
ADCAHA_Parophonus_hespericus	0	0	0	1	0	0	0	0	0	0	0	0	0	0	0	0	0	0	0	0	0	0	0	0	0	0	0	
N145	0.0894154	0.117858	0.160096	0.191779	0.185053	0.137091	0.0759756	0.0310528	0.00928921	0.00202686	0.000322404	3.74458e-05	3.18587e-06	1.99444e-07	9.23746e-09	3.18503e-10	8.2306e-12	1.60548e-13	2.38143e-15	2.70645e-17	2.37456e-19	1.62061e-21	8.66919e-24	3.66353e-26	1.23568e-28	3.43395e-31	1.23888e-33	
N146	0.0843567	0.11246	0.154646	0.187851	0.185193	0.141856	0.0825014	0.0359921	0.0117132	0.00284024	0.000514126	6.97648e-05	7.13831e-06	5.54633e-07	3.29826e-08	1.51379e-09	5.40884e-11	1.51767e-12	3.37318e-14	5.98911e-16	8.5647e-18	9.94334e-20	9.44431e-22	7.3992e-24	4.85058e-26	2.83895e-28	2.30074e-30	
N147	0.170943	0.179025	0.17803	0.161943	0.129958	0.0894226	0.0517253	0.0248389	0.00983269	0.00319866	0.000854828	0.00018798	3.41166e-05	5.13036e-06	6.42143e-07	6.72288e-08	5.91768e-09	4.40242e-10	2.78257e-11	1.50195e-12	6.9585e-14	2.78075e-15	9.63177e-17	2.90736e-18	7.73367e-20	1.93046e-21	7.85059e-23	
N148	0.144299	0.162999	0.179912	0.178251	0.148701	0.100367	0.0535829	0.0223643	0.00726315	0.00183507	0.000361711	5.5892e-05	6.81214e-06	6.59454e-07	5.10826e-08	3.19047e-09	1.61899e-10	6.72532e-12	2.30381e-13	6.55432e-15	1.55925e-16	3.12207e-18	5.29436e-20	7.64939e-22	9.48138e-24	1.03983e-25	1.67877e-27	
N149	0.0857194	0.119005	0.168904	0.203962	0.190968	0.132615	0.0668648	0.0242622	0.00632788	0.00119083	0.000162878	1.63472e-05	1.21716e-06	6.80215e-08	2.8876e-09	9.42289e-11	2.39127e-12	4.77223e-14	7.56994e-16	9.64116e-18	9.9534e-20	8.40453e-22	5.8535e-24	3.38954e-26	1.64601e-28	6.89572e-31	3.80884e-33	
ADCAHA_Abacetus_sp	0	0	0	0	0	0	0	1	0	0	0	0	0	0	0	0	0	0	0	0	0	0	0	0	0	0	0	
N150	0.0926221	0.125856	0.174574	0.205953	0.187422	0.125606	0.0607079	0.0210002	0.00520048	0.00092677	0.000119866	1.13715e-05	8.00705e-07	4.23713e-08	1.70644e-09	5.29588e-11	1.28193e-12	2.44847e-14	3.73091e-16	4.58285e-18	4.5825e-20	3.76441e-22	2.56239e-24	1.45697e-26	6.97725e-29	2.88233e-31	1.5683e-33	
ADCAHA_Bradybaenus_sp	0	0	0	0	1	0	0	0	0	0	0	0	0	0	0	0	0	0	0	0	0	0	0	0	0	0	0	
ADCAHA_Ophonus_azureus	0	0	1	0	0	0	0	0	0	0	0	0	0	0	0	0	0	0	0	0	0	0	0	0	0	0	0	
N151	0.0776169	0.11221	0.166355	0.206661	0.196149	0.137044	0.0696198	0.0257301	0.00697266	0.00140213	0.00021215	2.45052e-05	2.19204e-06	1.53946e-07	8.59829e-09	3.86533e-10	1.41421e-11	4.25448e-13	1.06242e-14	2.22151e-16	3.9211e-18	5.8859e-20	7.56595e-22	8.3823e-24	8.05987e-26	6.90959e-28	8.58327e-30	
ADCAHA_Graphipterus_sp	0	0	0	1	0	0	0	0	0	0	0	0	0	0	0	0	0	0	0	0	0	0	0	0	0	0	0	
ADCAHA_Ophonus_longicollis	0	0	0	0	0	1	0	0	0	0	0	0	0	0	0	0	0	0	0	0	0	0	0	0	0	0	0	
ADCAHA_Ophonus_stictus	0	0	0	1	0	0	0	0	0	0	0	0	0	0	0	0	0	0	0	0	0	0	0	0	0	0	0	
N152	0.0243749	0.039816	0.0691828	0.108176	0.145451	0.165548	0.158154	0.12616	0.0837991	0.0463109	0.0213106	0.00818169	0.00262825	0.000708874	0.000161148	3.10037e-05	5.06948e-06	7.07497e-07	8.4634e-08	8.71475e-09	7.75642e-10	5.99167e-11	4.03345e-12	2.37589e-13	1.23071e-14	5.72307e-16	3.30542e-17	
ADCAHA_Licinus_sp	0	0	0	0	0	0	0	0	0	0	0	0	0	0	0	0	0	0	0	0	0	0	0	0	0	1	0	
N153	0.10191	0.120873	0.145293	0.162113	0.158438	0.131305	0.0906978	0.0517551	0.0242963	0.00937073	0.00297079	0.000775532	0.000167152	2.98436e-05	4.43062e-06	5.49214e-07	5.70917e-08	4.99927e-09	3.70439e-10	2.33339e-11	1.25511e-12	5.79091e-14	2.30199e-15	7.9223e-17	2.38335e-18	6.6618e-20	3.07746e-21	
N154	0.100892	0.118443	0.142106	0.160578	0.159999	0.134706	0.093538	0.0529183	0.0242674	0.00901266	0.00271518	0.000665644	0.000133349	2.19341e-05	2.97774e-06	3.35457e-07	3.15333e-08	2.48708e-09	1.65494e-10	9.34099e-12	4.49585e-13	1.85465e-14	6.59025e-16	2.02742e-17	5.44595e-19	1.34775e-20	5.48578e-22	
ADCAHA_Abax_parallelepipedus	0	0	0	0	0	1	0	0	0	0	0	0	0	0	0	0	0	0	0	0	0	0	0	0	0	0	0	
N155	0.00209081	0.0168787	0.100654	0.262816	0.33242	0.211803	0.0645636	0.00821273	0.000538818	2.10361e-05	5.35244e-07	9.44057e-09	1.20679e-10	1.15633e-12	8.52805e-15	4.94586e-17	2.29601e-19	8.66096e-22	2.68915e-24	6.9501e-27	1.51001e-29	2.78219e-32	4.38177e-35	5.94371e-38	7.01657e-41	7.4795e-44	9.74672e-47	
ADCAHA_Dixus_capito	0	0	1	0	0	0	0	0	0	0	0	0	0	0	0	0	0	0	0	0	0	0	0	0	0	0	0	
ADCAHA_Abax_ovalis	0	0	0	0	0	0	1	0	0	0	0	0	0	0	0	0	0	0	0	0	0	0	0	0	0	0	0	
N156	0.286101	0.29161	0.234179	0.128499	0.0463609	0.0111617	0.0018496	0.000217927	1.88062e-05	1.21972e-06	6.07918e-08	2.37334e-09	7.37872e-11	1.85333e-12	3.80845e-14	6.47444e-16	9.19639e-18	1.10116e-19	1.12041e-21	9.75776e-24	7.32241e-26	4.76363e-28	2.70213e-30	1.34485e-32	5.94023e-35	2.43612e-37	1.33961e-39	
ADCAHA_Carterus_rotundicollis_M	0	0	1	0	0	0	0	0	0	0	0	0	0	0	0	0	0	0	0	0	0	0	0	0	0	0	0	
ADCAHA_Carterus_fulvipes	0	1	0	0	0	0	0	0	0	0	0	0	0	0	0	0	0	0	0	0	0	0	0	0	0	0	0	
N157	0.0976608	0.124439	0.162306	0.188101	0.177832	0.131226	0.0739369	0.0314744	0.0100823	0.00243057	0.0004423	6.10682e-05	6.4403e-06	5.22838e-07	3.29517e-08	1.62664e-09	6.34639e-11	1.9746e-12	4.94285e-14	1.004e-15	1.6685e-17	2.28686e-19	2.6062e-21	2.49455e-23	2.04462e-25	1.52678e-27	1.51562e-29	
ADCAHA_Harpalus_pennsylvanicus	0	0	1	0	0	0	0	0	0	0	0	0	0	0	0	0	0	0	0	0	0	0	0	0	0	0	0	
N158	0.0935597	0.117954	0.152502	0.177865	0.173478	0.136297	0.0847847	0.0414602	0.0159095	0.00479742	0.00114078	0.000214958	3.22841e-05	3.88943e-06	3.78425e-07	2.99412e-08	1.93982e-09	1.03617e-10	4.59395e-12	1.70154e-13	5.29814e-15	1.39523e-16	3.12567e-18	5.99392e-20	9.95007e-22	1.51548e-23	3.51026e-25	
N159	0.286472	0.260146	0.200201	0.130371	0.0715669	0.0329876	0.0127308	0.00410843	0.00110908	0.000250881	4.76893e-05	7.6452e-06	1.03794e-06	1.1987e-07	1.18308e-08	1.0026e-09	7.3294e-11	4.64338e-12	2.56073e-13	1.23463e-14	5.22594e-16	1.94985e-17	6.43845e-19	1.89035e-20	4.98779e-22	1.25739e-23	5.26311e-25	
ADCAHA_Acinopus_picipes	0	1	0	0	0	0	0	0	0	0	0	0	0	0	0	0	0	0	0	0	0	0	0	0	0	0	0	
ADCAHA_Nesarpalus_sp	0	1	0	0	0	0	0	0	0	0	0	0	0	0	0	0	0	0	0	0	0	0	0	0	0	0	0	
N160	0.0244642	0.0375077	0.0653031	0.107113	0.151084	0.176361	0.16758	0.128657	0.0795604	0.0396091	0.0158964	0.00515647	0.00135686	0.000290893	5.10573e-05	7.375e-06	8.81427e-07	8.76426e-08	7.29025e-09	5.10106e-10	3.01907e-11	1.5202e-12	6.55753e-14	2.44944e-15	8.11125e-17	2.55665e-18	1.20356e-19	
ADCAHA_Harpalus_serripes	0	0	0	0	0	0	0	0	0	0	0	0	0	1	0	0	0	0	0	0	0	0	0	0	0	0	0	
N161	0.012548	0.0253516	0.0565328	0.10972	0.171008	0.206214	0.188583	0.1294	0.0662859	0.0253156	0.00721782	0.00154149	0.000247847	3.01939e-05	2.80807e-06	2.01029e-07	1.11768e-08	4.8704e-10	1.67887e-11	4.62022e-13	1.02423e-14	1.84497e-16	2.72311e-18	3.31981e-20	3.37285e-22	2.94401e-24	3.56175e-26	
N162	0.00344824	0.00980834	0.0283998	0.0680509	0.129088	0.189177	0.210705	0.176444	0.110323	0.0513003	0.0177106	0.00454099	0.000866663	0.000123629	1.32595e-05	1.07728e-06	6.68913e-08	3.20555e-09	1.19795e-10	3.52845e-12	8.27812e-14	1.56299e-15	2.39862e-17	3.02051e-19	3.15339e-21	2.82151e-23	3.51002e-25	
N163	2.59232e-07	2.87234e-06	3.21069e-05	0.000289803	0.00198807	0.0100731	0.0370246	0.0974015	0.181445	0.237281	0.216283	0.136606	0.0595097	0.0178236	0.00366573	0.000518406	5.06393e-05	3.44433e-06	1.65007e-07	5.648e-09	1.40391e-10	2.57826e-12	3.55968e-14	3.75799e-16	3.08456e-18	2.02824e-20	1.67931e-22	
N164	4.51652e-10	5.10242e-08	5.41895e-06	0.000358872	0.0123901	0.16977	0.438504	0.32976	0.0465537	0.00258419	7.32703e-05	1.21603e-06	1.28538e-08	9.16908e-11	4.60582e-13	1.6837e-15	4.59927e-18	9.59637e-21	1.55815e-23	2.00075e-26	2.06066e-29	1.72389e-32	1.18468e-35	6.75791e-39	3.23784e-42	1.34669e-45	6.38434e-49	
ADCAHA_Harpalus_attenuatus	0	0	0	0	0	0	0	1	0	0	0	0	0	0	0	0	0	0	0	0	0	0	0	0	0	0	0	
ADCAHA_Harpalus_rubripes	0	0	0	0	0	1	0	0	0	0	0	0	0	0	0	0	0	0	0	0	0	0	0	0	0	0	0	
N165	1.83043e-10	3.8234e-09	9.44717e-08	1.89555e-06	2.8476e-05	0.000309821	0.00239349	0.0129379	0.0483499	0.123662	0.214641	0.251114	0.197033	0.103363	0.0362082	0.00847519	0.00132934	0.000140492	1.00885e-05	4.97749e-07	1.71052e-08	4.15893e-10	7.27818e-12	9.33548e-14	8.95639e-16	6.73446e-18	6.35345e-20	
N166	6.58901e-16	3.20613e-14	2.00031e-12	1.008e-10	3.87187e-09	1.10803e-07	2.32286e-06	3.51545e-05	0.000379083	0.0028781	0.0152137	0.055376	0.137214	0.228685	0.253299	0.184608	0.0881071	0.0276074	0.00572284	0.000792409	7.40428e-05	4.72249e-06	2.08612e-07	6.51264e-09	1.48298e-10	2.66636e-12	6.01368e-14	
ADCAHA_Harpalus_ebeninus	0	0	0	0	0	0	0	0	0	0	0	0	0	0	0	0	0	0	0	0	0	1	0	0	0	0	0	
N167	9.99839e-34	1.14262e-30	1.38934e-27	1.37135e-24	1.06334e-21	6.35658e-19	2.87153e-16	9.57828e-14	2.29513e-11	3.82065e-09	4.23626e-07	2.96012e-05	0.00120689	0.0255676	0.231358	0.59943	0.133614	0.00855433	0.000235367	3.39454e-06	2.88829e-08	1.56873e-10	5.75582e-13	1.48942e-15	2.816e-18	4.07362e-21	6.28501e-24	
ADCAHA_Harpalus_decipiens	0	0	0	0	0	0	0	0	0	0	0	0	0	0	0	1	0	0	0	0	0	0	0	0	0	0	0	
ADCAHA_Harpalus_wagneri	0	0	0	0	0	0	0	0	0	0	0	0	0	0	0	1	0	0	0	0	0	0	0	0	0	0	0	
ADCAHA_Harpalus_honestus	0	0	0	0	0	0	0	0	0	0	0	1	0	0	0	0	0	0	0	0	0	0	0	0	0	0	0	
ADCAHA_Harpalus_dimidiatus	0	1	0	0	0	0	0	0	0	0	0	0	0	0	0	0	0	0	0	0	0	0	0	0	0	0	0	
N168	0.0555264	0.0892085	0.150285	0.20769	0.213591	0.15814	0.0835249	0.031515	0.00855582	0.00168906	0.000245518	2.66303e-05	2.18481e-06	1.37406e-07	6.71071e-09	2.57672e-10	7.87009e-12	1.93328e-13	3.85925e-15	6.32133e-17	8.57313e-19	9.70875e-21	9.25342e-23	7.47763e-25	5.16266e-27	3.12148e-29	2.59415e-31	
N169	0.0197361	0.0493283	0.125347	0.229107	0.269368	0.19498	0.0854633	0.022635	0.00364825	0.000363055	2.27737e-05	9.23028e-07	2.48161e-08	4.54235e-10	5.80175e-12	5.29027e-14	3.51638e-16	1.73638e-18	6.48031e-21	1.85663e-23	4.14191e-26	7.29381e-29	1.04408e-31	1.77013e-34	1.73347e-36	3.96118e-38	1.14153e-39	
N170	0.0189037	0.0474539	0.122204	0.22674	0.270429	0.198377	0.0880433	0.0235928	0.00384446	0.000386484	2.44725e-05	1.00063e-06	2.7128e-08	5.00597e-10	6.44576e-12	5.92599e-14	3.97265e-16	1.97944e-18	7.46339e-21	2.19063e-23	6.51236e-26	8.31231e-28	3.00319e-29	1.07233e-30	3.45087e-32	1.01067e-33	3.60456e-35	
ADCAHA_Harpalus_contemptus	0	0	0	0	1	0	0	0	0	0	0	0	0	0	0	0	0	0	0	0	0	0	0	0	0	0	0	
N171	4.95286e-21	9.62913e-18	1.39984e-14	1.39501e-11	8.92357e-09	3.35359e-06	0.000648594	0.051067	0.934524	0.0137097	4.69437e-05	6.59269e-08	4.80645e-11	2.07347e-14	5.75471e-18	1.08922e-21	1.4677e-25	1.45518e-29	1.08966e-33	6.29409e-38	2.85364e-42	1.03037e-46	2.99943e-51	7.11302e-56	1.38661e-60	2.24879e-65	3.59811e-70	
ADCAHA_Harpalus_affinis	0	0	0	0	0	0	0	0	1	0	0	0	0	0	0	0	0	0	0	0	0	0	0	0	0	0	0	
ADCAHA_Harpalus_distinguendus	0	0	0	0	0	0	0	0	1	0	0	0	0	0	0	0	0	0	0	0	0	0	0	0	0	0	0	
ADCAHA_Harpalus_aesculanus	0	1	0	0	0	0	0	0	0	0	0	0	0	0	0	0	0	0	0	0	0	0	0	0	0	0	0	
ADCAHA_Harpalus_anxius	0	1	0	0	0	0	0	0	0	0	0	0	0	0	0	0	0	0	0	0	0	0	0	0	0	0	0	
N172	0.19541	0.194648	0.178763	0.149914	0.1136	0.0770886	0.0465331	0.0248691	0.0117311	0.00487471	0.00178237	0.000573138	0.000162069	4.0313e-05	8.82564e-06	1.70199e-06	2.89416e-07	4.34469e-08	5.76561e-09	6.77355e-10	7.05596e-11	6.52844e-12	5.37663e-13	3.95863e-14	2.65237e-15	1.79219e-16	2.17391e-17	
N173	0.198625	0.195379	0.176192	0.145609	0.11003	0.0757822	0.0474103	0.026855	0.0137346	0.00632798	0.00262204	0.000975928	0.000326047	9.77397e-05	2.62892e-05	6.34604e-06	1.37549e-06	2.67883e-07	4.69203e-08	7.39987e-09	1.05262e-09	1.35422e-10	1.58407e-11	1.70506e-12	1.74421e-13	1.89533e-14	3.53667e-15	
ADCAPA_Mystropomus_subcostatus	0	0	1	0	0	0	0	0	0	0	0	0	0	0	0	0	0	0	0	0	0	0	0	0	0	0	0	
N174	0.185513	0.18489	0.170775	0.145728	0.114347	0.0820914	0.0536774	0.0318465	0.0170928	0.00828072	0.0036151	0.00142066	0.000502217	0.000159657	4.56433e-05	1.17374e-05	2.71635e-06	5.66162e-07	1.06386e-07	1.80493e-08	2.77104e-09	3.86431e-10	4.92878e-11	5.82833e-12	6.58747e-13	7.82358e-14	1.50693e-14	
ADCAPA_Arthropterus_sp	0	0	0	0	0	0	0	0	0	1	0	0	0	0	0	0	0	0	0	0	0	0	0	0	0	0	0	
N175	0.198336	0.196096	0.178113	0.147911	0.111561	0.0759161	0.0463393	0.0252548	0.0122457	0.0052693	0.00200855	0.000677448	0.000202056	5.32837e-05	1.2426e-05	2.56389e-06	4.68419e-07	7.58518e-08	1.08994e-08	1.39165e-09	1.58117e-10	1.60128e-11	1.44852e-12	1.17574e-13	8.72654e-15	6.59821e-16	9.05862e-17	
N176	0.214775	0.208791	0.183863	0.146464	0.105153	0.0677199	0.0389327	0.0198942	0.00900355	0.00359948	0.00126899	0.000394168	0.000107852	2.60054e-05	5.53053e-06	1.03866e-06	1.72524e-07	2.53894e-08	3.31676e-09	3.85403e-10	3.99191e-11	3.69374e-12	3.06092e-13	2.28127e-14	1.55496e-15	1.07556e-16	1.36809e-17	
N177	0.0257705	0.127922	0.391849	0.353013	0.0908839	0.00995946	0.000580935	2.0591e-05	4.83321e-07	7.97665e-09	9.67208e-11	8.91064e-13	6.40418e-15	3.6682e-17	1.70418e-19	6.5171e-22	2.07742e-24	5.5798e-27	1.27478e-29	2.49789e-32	4.22905e-35	6.22806e-38	8.03002e-41	9.13609e-44	9.32293e-47	8.99838e-50	1.05287e-52	
ADCASC_Scarites_terricola	0	0	0	1	0	0	0	0	0	0	0	0	0	0	0	0	0	0	0	0	0	0	0	0	0	0	0	
ADCASC_Scarites_laevigatus	0	0	1	0	0	0	0	0	0	0	0	0	0	0	0	0	0	0	0	0	0	0	0	0	0	0	0	
ADCASC_Scarites_eurytus	0	0	0	1	0	0	0	0	0	0	0	0	0	0	0	0	0	0	0	0	0	0	0	0	0	0	0	
N178	0.134591	0.146595	0.155554	0.153845	0.1374	0.108783	0.0755793	0.0458285	0.0241813	0.0110868	0.00441481	0.00152718	0.000459266	0.000120209	2.74254e-05	5.46358e-06	9.52274e-07	1.45524e-07	1.95421e-08	2.31153e-09	2.41418e-10	2.23184e-11	1.83133e-12	1.33957e-13	8.87683e-15	5.89508e-16	7.12986e-17	
N179	0.0348546	0.112936	0.251627	0.309241	0.206251	0.0716964	0.0121729	0.00115026	6.76066e-05	2.67248e-06	7.5116e-08	1.56422e-09	2.49052e-11	3.10836e-13	3.10306e-15	2.51962e-17	1.6877e-19	9.43882e-22	4.45402e-24	1.78973e-26	6.17401e-29	1.84206e-31	4.78748e-34	1.09336e-36	2.23303e-39	4.30812e-42	1.03264e-44	
ADCASC_Carenum_interruptum	0	0	0	0	0	1	0	0	0	0	0	0	0	0	0	0	0	0	0	0	0	0	0	0	0	0	0	
ADCASC_Scarites_hespericus	0	1	0	0	0	0	0	0	0	0	0	0	0	0	0	0	0	0	0	0	0	0	0	0	0	0	0	
N180	0.00328089	0.00838557	0.024811	0.0624807	0.123383	0.186098	0.211874	0.181021	0.115861	0.0556581	0.0201758	0.0055658	0.00118127	0.000195271	2.54666e-05	2.6538e-06	2.23669e-07	1.54217e-08	8.79082e-10	4.18316e-11	1.67655e-12	5.70568e-14	1.66137e-15	4.17113e-17	9.14511e-19	1.85479e-20	5.91585e-22	
ADCASC_Scarites_buparius	0	0	0	0	0	1	0	0	0	0	0	0	0	0	0	0	0	0	0	0	0	0	0	0	0	0	0	
ADCASC_Scarites_occidentalis_M	0	0	0	0	0	0	0	0	0	1	0	0	0	0	0	0	0	0	0	0	0	0	0	0	0	0	0	
N181	0.0919262	0.104097	0.119487	0.13264	0.136977	0.128129	0.106743	0.0783837	0.0504204	0.028308	0.013845	0.00589407	0.00218412	0.000704933	0.000198378	4.87473e-05	1.04783e-05	1.97441e-06	3.26947e-07	4.77261e-08	6.16626e-09	7.09164e-10	7.32267e-11	6.88248e-12	6.03146e-13	5.27041e-14	6.93625e-15	
N182	1.40405e-06	5.42686e-06	2.74555e-05	0.00012963	0.00053648	0.00191964	0.0059049	0.0155459	0.0348846	0.0664564	0.10708	0.145445	0.166061	0.159025	0.127542	0.0856174	0.0481163	0.0226631	0.00896355	0.00298497	0.000839849	0.00020055	4.0924e-05	7.23795e-06	1.15554e-06	1.91516e-07	5.25085e-08	
ADCACI_Omus_californicus	0	0	0	0	0	0	0	0	0	0	0	0	0	0	1	0	0	0	0	0	0	0	0	0	0	0	0	
N183	2.49212e-10	2.14985e-09	2.69589e-08	3.14209e-07	3.13153e-06	2.59795e-05	0.000176846	0.000976999	0.00433662	0.0153134	0.0426012	0.092501	0.155441	0.200737	0.198219	0.149287	0.0857719	0.0377047	0.0127506	0.00334181	0.00068487	0.000110833	1.43142e-05	1.4944e-06	1.29453e-07	1.04048e-08	1.39764e-09	
ADCACI_Amblycheila_baroni	0	0	0	0	0	0	0	0	0	0	0	0	0	1	0	0	0	0	0	0	0	0	0	0	0	0	0	
ADCACI_Mantichora_amygdaloides	0	0	0	0	0	0	0	0	0	0	0	0	0	0	0	0	1	0	0	0	0	0	0	0	0	0	0	
N184	0.0929228	0.104934	0.120432	0.134354	0.139711	0.131052	0.108341	0.0777196	0.0478955	0.0251995	0.011279	0.00428723	0.0013833	0.000379059	8.83196e-05	1.75268e-05	2.96856e-06	4.30149e-07	5.34632e-08	5.71576e-09	5.27207e-10	4.20942e-11	2.92137e-12	1.77492e-13	9.64067e-15	5.1481e-16	4.64977e-17	
N185	0.0794967	0.0887878	0.100775	0.112793	0.120884	0.121111	0.111437	0.0930161	0.0698524	0.0469415	0.0281328	0.0150066	0.00711723	0.00300026	0.00112435	0.000374784	0.000111217	2.94129e-05	6.9413e-06	1.4639e-06	2.76366e-07	4.68091e-08	7.14095e-09	9.91343e-10	1.29743e-10	1.83449e-11	4.54473e-12	
N186	0.0175466	0.0263392	0.0453218	0.0758084	0.113444	0.146559	0.160962	0.14921	0.116342	0.0761969	0.0419195	0.0193945	0.00756178	0.00249159	0.000696149	0.000165558	3.36502e-05	5.87028e-06	8.8275e-07	1.14923e-07	1.30088e-08	1.28598e-09	1.11568e-10	8.56109e-12	5.94092e-13	4.13151e-14	5.0191e-15	
ADCACI_Megacephala_brasiliensis	0	0	0	0	0	0	1	0	0	0	0	0	0	0	0	0	0	0	0	0	0	0	0	0	0	0	0	
ADCACI_Megacephala_sobrina	0	0	0	0	0	0	0	0	1	0	0	0	0	0	0	0	0	0	0	0	0	0	0	0	0	0	0	
ADCACI_Megacephala_whelani	0	0	0	0	0	0	0	1	0	0	0	0	0	0	0	0	0	0	0	0	0	0	0	0	0	0	0	
N187	0.0798663	0.0936059	0.113863	0.134956	0.147417	0.142438	0.118403	0.0831576	0.0487796	0.0237288	0.00953271	0.00315622	0.00086077	0.000193473	3.589e-05	5.50605e-06	7.00375e-07	7.40842e-08	6.53787e-09	4.83027e-10	2.99858e-11	1.57001e-12	6.96015e-14	2.62405e-15	8.48999e-17	2.50336e-18	1.20455e-19	
N188	0.0698689	0.0830964	0.103712	0.127131	0.144468	0.145826	0.126981	0.0935639	0.0576188	0.0294278	0.0124086	0.00430979	0.00123205	0.00029001	5.62793e-05	9.02102e-06	1.19721e-06	1.31917e-07	1.21054e-08	9.28185e-10	5.96733e-11	3.22858e-12	1.47606e-13	5.73577e-15	1.92316e-16	5.99444e-18	3.03123e-19	
N189	0.0626868	0.075202	0.0953905	0.119558	0.139629	0.145637	0.131903	0.101895	0.066396	0.0362516	0.016523	0.0062761	0.00198613	0.000524053	0.00011547	2.12923e-05	3.29433e-06	4.28927e-07	4.71485e-08	4.39039e-09	3.47575e-10	2.34846e-11	1.36063e-12	6.81411e-14	3.01817e-15	1.29767e-16	8.80978e-18	
N190	0.000748708	0.0018888	0.00599488	0.0174458	0.042613	0.0851542	0.137694	0.178958	0.186093	0.154402	0.102111	0.05386	0.0227072	0.00767838	0.00209197	0.000461693	8.30332e-05	1.22463e-05	1.4909e-06	1.50817e-07	1.27603e-08	9.08865e-10	5.48659e-11	2.83207e-12	1.27661e-13	5.50659e-15	3.84427e-16	
N191	0.000305485	0.000880233	0.0034654	0.012652	0.037529	0.086558	0.152514	0.203483	0.20464	0.15492	0.0884116	0.0381874	0.0125594	0.00316933	0.00061901	9.44498e-05	1.13667e-05	1.08931e-06	8.39116e-08	5.24307e-09	2.68052e-10	1.13063e-11	3.9657e-13	1.16561e-14	2.90007e-16	6.41871e-18	2.24619e-19	
ADCACI_Cicindela_splendida	0	0	0	0	0	0	0	0	0	1	0	0	0	0	0	0	0	0	0	0	0	0	0	0	0	0	0	
ADCACI_Cicindela_sexguttata	0	0	0	0	0	0	1	0	0	0	0	0	0	0	0	0	0	0	0	0	0	0	0	0	0	0	0	
ADCACI_Cicindela_tranquebarica	0	0	0	0	0	0	0	0	0	0	0	1	0	0	0	0	0	0	0	0	0	0	0	0	0	0	0	
N192	0.0422411	0.0552313	0.0779915	0.106996	0.134163	0.148773	0.143154	0.118144	0.0830187	0.0494494	0.0249047	0.0105942	0.00380639	0.00115601	0.00029719	6.47997e-05	1.20113e-05	1.89776e-06	2.56318e-07	2.96857e-08	2.95765e-09	2.54369e-10	1.89578e-11	1.23195e-12	7.11083e-14	4.00313e-15	3.85015e-16	
N193	1.71684e-07	1.56155e-06	1.66689e-05	0.000146708	0.00102259	0.00552809	0.022666	0.0687471	0.150122	0.229617	0.240103	0.169055	0.0801137	0.0259214	0.00586192	0.000951521	0.000113814	1.02776e-05	7.15987e-07	3.9221e-08	1.71794e-09	6.10629e-11	1.78467e-12	4.34442e-14	8.97141e-16	1.67201e-17	4.6401e-19	
ADCACI_Cicindela_marutha	0	0	0	0	0	0	0	0	0	0	0	1	0	0	0	0	0	0	0	0	0	0	0	0	0	0	0	
ADCACI_Cylindera_cognata	0	0	0	0	0	0	0	0	0	0	1	0	0	0	0	0	0	0	0	0	0	0	0	0	0	0	0	
N194	0.0684433	0.0839386	0.108357	0.134692	0.151332	0.14812	0.123813	0.0874666	0.0519411	0.0258658	0.0107954	0.00377868	0.00111102	0.000275018	5.74728e-05	1.01717e-05	1.52984e-06	1.96241e-07	2.15505e-08	2.03383e-09	1.6559e-10	1.1676e-11	7.15815e-13	3.83337e-14	1.8148e-15	8.22309e-17	6.53778e-18	
ADCACI_Taenidia_circumdata	0	0	0	0	0	0	1	0	0	0	0	0	0	0	0	0	0	0	0	0	0	0	0	0	0	0	0	
ADCACI_Ellipsoptera_marginata	0	0	1	0	0	0	0	0	0	0	0	0	0	0	0	0	0	0	0	0	0	0	0	0	0	0	0	
N195	0.0697892	0.0803161	0.0955534	0.112385	0.125546	0.129265	0.12017	0.0995131	0.0727819	0.0467679	0.0263234	0.0129584	0.00557669	0.00209867	0.000691236	0.000199513	5.05436e-05	1.12592e-05	2.20992e-06	3.83013e-07	5.87536e-08	7.99799e-09	9.69722e-10	1.05577e-10	1.0623e-11	1.1198e-12	2.09082e-13	
ADCACI_Myriochile_undulata	0	0	0	0	0	0	0	0	1	0	0	0	0	0	0	0	0	0	0	0	0	0	0	0	0	0	0	
ADCACI_Lophyra_sp	0	0	0	0	0	1	0	0	0	0	0	0	0	0	0	0	0	0	0	0	0	0	0	0	0	0	0	
N196	0.0524958	0.0703242	0.0993253	0.130956	0.152754	0.154028	0.132642	0.0968183	0.0595994	0.0308382	0.0133856	0.00486978	0.00148499	0.000379883	8.16469e-05	1.47737e-05	2.25628e-06	2.9168e-07	3.20189e-08	2.99477e-09	2.39504e-10	1.64376e-11	9.71793e-13	4.97106e-14	2.22447e-15	9.38329e-17	6.83587e-18	
N197	0.155508	0.163299	0.164131	0.153547	0.130337	0.0984801	0.0653707	0.0377971	0.0189356	0.00819491	0.00305965	0.000985368	0.000273932	6.58283e-05	1.37003e-05	2.475e-06	3.89084e-07	5.33725e-08	6.40667e-09	6.74933e-10	6.25887e-11	5.12443e-12	3.71604e-13	2.39718e-14	1.39553e-15	8.04734e-17	8.40715e-18	
ADCACI_Cicindela_hybrida	0	0	0	1	0	0	0	0	0	0	0	0	0	0	0	0	0	0	0	0	0	0	0	0	0	0	0	
ADCACI_Ctenostoma_sp	0	0	1	0	0	0	0	0	0	0	0	0	0	0	0	0	0	0	0	0	0	0	0	0	0	0	0	
N198	0.00647512	0.0128508	0.0284033	0.057074	0.0986629	0.143371	0.172751	0.171052	0.138349	0.0910569	0.0486667	0.0211092	0.00743591	0.00213112	0.000498319	9.54082e-05	1.502e-05	1.95339e-06	2.10916e-07	1.90057e-08	1.43685e-09	9.16292e-11	4.95738e-12	2.29281e-13	9.22537e-15	3.48994e-16	2.1293e-17	
ADCACI_Therates_sp	0	0	0	0	0	0	0	1	0	0	0	0	0	0	0	0	0	0	0	0	0	0	0	0	0	0	0	
N199	0.000340939	0.0010227	0.00384884	0.0129449	0.0357811	0.0791514	0.138172	0.188496	0.199537	0.163104	0.102652	0.0496925	0.0185152	0.00532169	0.00118416	0.000204953	2.7747e-05	2.9568e-06	2.49691e-07	1.68285e-08	9.11948e-10	4.00552e-11	1.43971e-12	4.29509e-14	1.09301e-15	2.54192e-17	7.95618e-19	
ADCACI_Oxycheila_sp	0	0	0	0	0	0	0	0	0	0	0	0	0	0	0	0	1	0	0	0	0	0	0	0	0	0	0	
N200	0.000229017	0.000805075	0.00338204	0.0122725	0.0358033	0.0819983	0.145488	0.198043	0.205235	0.160959	0.0951256	0.0422547	0.0140954	0.00353405	0.000667665	9.5435e-05	1.03774e-05	8.64121e-07	5.55157e-08	2.77423e-09	1.08758e-10	3.37432e-12	8.36078e-14	1.67049e-15	2.72762e-17	3.82223e-19	7.79363e-21	
ADCACI_Lophyridia_lunulata	0	0	1	0	0	0	0	0	0	0	0	0	0	0	0	0	0	0	0	0	0	0	0	0	0	0	0	
N201	2.43011e-05	0.00013331	0.00077401	0.00375466	0.0144116	0.0427532	0.0967549	0.165524	0.21249	0.203428	0.144482	0.07581	0.0292966	0.00832371	0.00173824	0.000267201	3.03367e-05	2.55764e-06	1.61295e-07	7.67694e-09	2.78592e-10	7.79349e-12	1.69988e-13	2.92429e-15	4.01874e-17	4.58068e-19	7.15812e-21	
ADCACI_Cicindela_repanda	0	1	0	0	0	0	0	0	0	0	0	0	0	0	0	0	0	0	0	0	0	0	0	0	0	0	0	
N202	4.43729e-08	4.58696e-07	5.24018e-06	5.18634e-05	0.00040903	0.00246998	0.0111923	0.0376155	0.0930344	0.168343	0.221795	0.211914	0.146313	0.0727748	0.0260105	0.00666839	0.00122563	0.000161685	1.53613e-05	1.05731e-06	5.31681e-08	1.97424e-09	5.48053e-11	1.15344e-12	1.87469e-14	2.49007e-16	4.56743e-18	
N203	1.14328e-11	2.13247e-10	5.13066e-09	1.0638e-07	1.74975e-06	2.20472e-05	0.000208755	0.0014671	0.00758472	0.0286407	0.0785112	0.155364	0.220762	0.224097	0.161735	0.082649	0.0298171	0.00758601	0.00136301	0.000173711	1.58209e-05	1.04033e-06	5.00279e-08	1.78829e-09	4.88549e-11	1.11244e-12	3.38593e-14	
ADCACI_Cicindela_punctulata	0	0	0	0	0	0	0	0	0	0	0	0	0	0	0	0	0	1	0	0	0	0	0	0	0	0	0	
N204	1.16364e-16	4.7099e-15	2.56908e-13	1.1656e-11	4.18508e-10	1.16949e-08	2.51032e-07	4.08814e-06	4.99114e-05	0.00045154	0.00299274	0.0143693	0.0494242	0.120432	0.205632	0.243499	0.198198	0.110196	0.0417527	0.0108085	0.00192631	0.000239224	2.1025e-05	1.3323e-06	6.25606e-08	2.37518e-09	1.26924e-10	
N205	2.62863e-47	1.10606e-43	4.943e-40	1.86805e-36	5.75823e-33	1.42576e-29	2.79559e-26	4.272e-23	4.99428e-20	4.37015e-17	2.78759e-14	1.25445e-11	3.81879e-09	7.43327e-07	8.53762e-05	0.00510758	0.127475	0.796663	0.0691482	0.00150659	1.37606e-05	6.59236e-08	1.88047e-10	3.46894e-13	4.40613e-16	4.16454e-19	3.97647e-22	
ADCACI_Cicindela_sedecimpunctata	0	0	0	0	0	0	0	0	0	0	0	0	0	0	0	0	0	1	0	0	0	0	0	0	0	0	0	
ADCACI_Cicindela_aurulenta	0	0	0	0	0	0	0	0	0	0	0	0	0	0	0	0	0	1	0	0	0	0	0	0	0	0	0	
N206	2.50131e-30	6.93631e-28	2.27208e-25	6.27389e-23	1.41708e-20	2.58423e-18	3.75743e-16	4.29667e-14	3.80618e-12	2.56824e-10	1.2951e-08	4.77558e-07	1.25525e-05	0.000228113	0.00276	0.0211937	0.0970955	0.245797	0.32015	0.217789	0.0785232	0.0148918	0.00147353	8.22365e-05	2.81801e-06	6.57152e-08	1.86503e-09	
ADCACI_Prothyma_sp	0	0	0	0	0	0	0	0	0	0	0	0	0	0	0	0	0	0	0	0	0	1	0	0	0	0	0	
ADCACI_Pentacomia_sp	0	0	0	0	0	0	0	0	0	0	0	0	0	0	0	0	0	1	0	0	0	0	0	0	0	0	0	
ADCACI_Cicindela_dorsalis	0	0	0	0	0	0	0	1	0	0	0	0	0	0	0	0	0	0	0	0	0	0	0	0	0	0	0	
