NODE	22	23	24	25	26	27	28	29	30	31	32	33	34	35	36	37	38	39	40	41	42	43	44	45	46	47	48	49	50	
N1	0.0138275	0.0150722	0.017578	0.0214175	0.0266438	0.0332077	0.0408811	0.0492106	0.0575224	0.0649905	0.0707635	0.074123	0.0746292	0.0722134	0.0671871	0.060168	0.0519467	0.0433346	0.0350336	0.0275539	0.0211881	0.0160323	0.0120353	0.00905651	0.00691801	0.00544267	0.00447749	0.00390422	0.00364137	
N2	0.0125752	0.0141303	0.0165671	0.0201077	0.0248979	0.0309554	0.0381256	0.0460459	0.0541428	0.0616795	0.0678573	0.0719526	0.073456	0.0721752	0.0682711	0.0622181	0.0547012	0.0464821	0.0382707	0.0306299	0.0239302	0.0183493	0.0139065	0.0105119	0.00801798	0.00626214	0.00510052	0.00443639	0.00424337	
N3	0.000963453	0.00118893	0.00160956	0.00228116	0.00327797	0.00469028	0.00661821	0.00916106	0.0124019	0.0163887	0.0211141	0.0264983	0.0323789	0.0385114	0.0445847	0.0502487	0.0551532	0.0589916	0.061542	0.0626989	0.0624914	0.0610848	0.0587669	0.0559237	0.0530077	0.0505063	0.0489122	0.0486993	0.0503047	
N4	0.00012161	0.000157184	0.000232366	0.000371221	0.000612912	0.00101603	0.00166256	0.00265986	0.00413835	0.00624273	0.00911496	0.0128693	0.0175622	0.0231622	0.0295286	0.0364068	0.0434453	0.0502366	0.0563753	0.0615241	0.065472	0.0681738	0.069763	0.070537	0.0709209	0.0714192	0.0725659	0.0748798	0.0788281	
N5	3.79795e-05	4.82018e-05	6.96494e-05	0.000109727	0.000181388	0.000305751	0.000515425	0.000858227	0.00140065	0.00223009	0.00345456	0.00519842	0.00759325	0.0107635	0.014808	0.0197804	0.0256719	0.032402	0.0398201	0.0477212	0.0558752	0.0640637	0.0721185	0.0799537	0.0875815	0.0951092	0.102716	0.110613	0.118999	
N6	1.61984e-06	2.27101e-06	3.85097e-06	7.27824e-06	1.44378e-05	2.89808e-05	5.76714e-05	0.00011251	0.000213877	0.000394859	0.000706735	0.00122526	0.0020569	0.00334358	0.00526416	0.00803058	0.011877	0.0170412	0.0237386	0.0321324	0.0423019	0.0542166	0.0677183	0.0825175	0.0982033	0.11427	0.130153	0.145274	0.159092	
POCHCH_Chrysolina_americana	0	0	0	0	0	0	0	0	0	0	0	0	0	0	0	0	0	0	0	0	0	0	0	0	0	1	0	0	0	
POCHCH_Chrysolina_gemina	0	0	0	0	0	0	0	0	0	0	0	0	0	0	0	0	0	0	0	0	0	0	0	0	0	0	1	0	0	
N7	7.73816e-10	1.77093e-09	5.69414e-09	1.98646e-08	6.87753e-08	2.3002e-07	7.36258e-07	2.24567e-06	6.50966e-06	1.79e-05	4.66269e-05	0.000114945	0.000267995	0.000590743	0.00123101	0.00242543	0.00452024	0.00797405	0.0133282	0.0211351	0.0318493	0.0457023	0.0625987	0.0820701	0.103307	0.125258	0.14677	0.166712	0.184071	
POCHCH_Chrysolina_polita	0	0	0	0	0	0	0	0	0	0	0	0	0	0	0	0	0	0	0	0	0	0	0	0	0	0	1	0	0	
POCHCH_Chrysolina_grossa	0	0	0	0	0	0	0	0	0	0	0	0	0	0	0	0	0	0	0	0	0	0	0	0	1	0	0	0	0	
N8	4.27502e-05	5.63611e-05	8.64834e-05	0.000145617	0.000256605	0.000458116	0.000811448	0.00140739	0.00237075	0.00385902	0.00605146	0.00912571	0.0132226	0.0184037	0.0246124	0.0316505	0.0391822	0.0467724	0.0539533	0.0603077	0.0655463	0.0695627	0.0724516	0.0744901	0.0760919	0.0777497	0.0799792	0.0832748	0.0880773	
N9	3.7832e-05	5.04362e-05	7.86572e-05	0.000134533	0.000240107	0.000432849	0.00077255	0.00134858	0.00228517	0.00374128	0.0059009	0.00895063	0.0130443	0.0182589	0.0245516	0.0317314	0.0394581	0.0472767	0.0546847	0.0612198	0.0665464	0.0705212	0.0732207	0.0749289	0.0760917	0.0772536	0.0789933	0.0818689	0.0863763	
N10	2.18309e-07	3.51578e-07	7.22056e-07	1.64948e-06	3.89133e-06	9.14529e-06	2.10355e-05	4.69202e-05	0.000100977	0.000209072	0.000415776	0.000793459	0.00145247	0.00255023	0.00429558	0.00694425	0.0107814	0.0160899	0.0231076	0.0319801	0.042722	0.0551967	0.0691228	0.0841054	0.0996846	0.115384	0.130751	0.145368	0.158861	
POCHCH_Chrysolina_curvilinea	0	0	0	0	0	0	0	0	0	0	0	0	0	0	0	0	0	0	0	0	0	0	0	0	0	0	0	1	0	
N11	1.69564e-08	2.88053e-08	6.58477e-08	1.73275e-07	4.76664e-07	1.30571e-06	3.48167e-06	8.94425e-06	2.20321e-05	5.19248e-05	0.000116968	0.000251743	0.000517628	0.00101698	0.00190972	0.00342912	0.00589115	0.00969008	0.0152731	0.0230896	0.0335179	0.0467772	0.0628453	0.0813986	0.101796	0.123112	0.144225	0.163937	0.181118	
POCHCH_Chrysolina_carnifex	0	0	0	0	0	0	0	0	0	0	0	0	0	0	0	0	0	0	0	0	0	0	0	0	0	0	0	1	0	
POCHCH_Chrysolina_marginata	0	0	0	0	0	0	0	0	0	0	0	0	0	0	0	0	0	0	0	0	0	0	0	0	0	0	0	1	0	
N12	0.000790564	0.00100793	0.00144776	0.00221332	0.00344983	0.00533777	0.0080765	0.0118559	0.0168167	0.0230031	0.0303182	0.0384919	0.0470763	0.0554745	0.0630052	0.0689947	0.0728778	0.0742884	0.0731177	0.0695291	0.0639272	0.0568909	0.0490881	0.0411907	0.0338105	0.027463	0.0225642	0.0194542	0.0184383	
POCHCH_Chrysolina_varians	0	0	0	0	0	0	0	0	0	0	0	0	0	0	0	0	0	0	0	0	0	0	0	0	0	0	1	0	0	
POCHCH_Chrysolina_geminata	0	1	0	0	0	0	0	0	0	0	0	0	0	0	0	0	0	0	0	0	0	0	0	0	0	0	0	0	0	
N13	3.10742e-05	4.14831e-05	6.47097e-05	0.000110444	0.000196325	0.000352147	0.000625249	0.00108639	0.00183468	0.00299938	0.00473578	0.00721259	0.0105896	0.0149864	0.0204479	0.0269117	0.0341908	0.0419762	0.049867	0.0574258	0.0642501	0.0700474	0.0746972	0.0782868	0.081113	0.0836501	0.0864881	0.0902541	0.0955275	
POCHCH_Chrysolina_timarchoides	0	0	0	0	0	0	0	0	0	0	0	0	0	0	0	0	1	0	0	0	0	0	0	0	0	0	0	0	0	
POCHCH_Chrysolina_peregrina	0	0	0	0	0	0	0	0	0	0	0	0	0	0	0	0	0	0	0	0	0	0	0	0	0	0	1	0	0	
N14	1.28736e-09	4.23127e-09	1.96339e-08	9.24892e-08	4.11608e-07	1.70533e-06	6.54917e-06	2.32557e-05	7.61904e-05	0.000229831	0.00063708	0.00161971	0.00377018	0.00802147	0.0155762	0.0275683	0.0444236	0.0651176	0.0867794	0.105122	0.115797	0.11614	0.106356	0.089424	0.0697899	0.0516268	0.0376355	0.0288644	0.0253924	
POCHCH_Chrysolina_cerealis	0	0	0	0	0	0	0	0	0	0	0	0	0	0	0	0	0	0	0	0	0	0	1	0	0	0	0	0	0	
POCHCH_Chrysolina_fastuosa	0	0	0	0	0	0	0	0	0	0	0	0	0	0	0	0	0	0	0	1	0	0	0	0	0	0	0	0	0	
N15	0.014526	0.0160464	0.0181222	0.0207986	0.0240946	0.0279875	0.0323971	0.0371746	0.0420996	0.0468903	0.0512258	0.054781	0.0572662	0.0584673	0.0582759	0.0567051	0.0538865	0.0500501	0.0454914	0.0405326	0.0354862	0.0306261	0.026171	0.0222798	0.0190588	0.0165764	0.0148816	0.0140249	0.0140766	
N16	0.0179238	0.0196364	0.0218341	0.0245242	0.0276781	0.0312234	0.0350391	0.038956	0.0427645	0.0462314	0.0491215	0.051225	0.0523835	0.0525107	0.0516045	0.0497474	0.0470952	0.0438563	0.040266	0.0365601	0.0329528	0.0296216	0.0267008	0.0242838	0.0224311	0.0211824	0.0205709	0.0206367	0.0214384	
POCHCH_Chrysolina_obsoleta	0	0	0	0	0	0	0	0	0	0	1	0	0	0	0	0	0	0	0	0	0	0	0	0	0	0	0	0	0	
N17	0.0107382	0.0119502	0.0136726	0.0159498	0.0188071	0.0222377	0.02619	0.0305578	0.0351755	0.0398229	0.0442393	0.0481472	0.0512832	0.0534301	0.0544456	0.0542825	0.0529945	0.0507287	0.0477057	0.0441905	0.0404616	0.036783	0.0333834	0.030446	0.0281084	0.0264718	0.0256159	0.0256168	0.0265641	
POCHCH_Chrysolina_haemoptera	0	0	0	0	0	0	0	0	0	0	0	0	0	0	0	0	0	0	0	0	0	0	0	0	1	0	0	0	0	
N18	0.0118194	0.0131347	0.0149993	0.017476	0.0206098	0.0244087	0.0288226	0.0337257	0.0389077	0.0440796	0.0488955	0.052991	0.0560306	0.0577569	0.0580303	0.056851	0.0543579	0.0508051	0.0465223	0.0418672	0.0371805	0.0327522	0.0288022	0.0254781	0.0228656	0.0210076	0.0199282	0.0196549	0.0202394	
POCHCH_Chrysolina_diluta	0	0	0	0	0	0	0	0	0	0	0	0	0	0	0	1	0	0	0	0	0	0	0	0	0	0	0	0	0	
POCHCH_Chrysolina_colasi	0	0	0	0	0	0	0	0	0	0	0	0	0	1	0	0	0	0	0	0	0	0	0	0	0	0	0	0	0	
N19	2.60943e-19	2.65692e-18	3.62559e-17	4.71228e-16	5.6862e-15	6.34828e-14	6.54318e-13	6.21252e-12	5.42114e-11	4.33722e-10	3.17355e-09	2.1182e-08	1.28626e-07	7.08691e-07	3.53332e-06	1.58982e-05	6.43924e-05	0.000234208	0.000763358	0.00222571	0.00579873	0.013495	0.028073	0.0523045	0.0875832	0.132463	0.182095	0.229129	0.265751	
POCHCH_Chrysolina_femoralis	0	0	0	0	0	0	0	0	0	0	0	0	0	0	0	0	0	0	0	0	0	0	0	0	0	0	1	0	0	
POCHCH_Chrysolina_affinis	0	0	0	0	0	0	0	0	0	0	0	0	0	0	0	0	0	0	0	0	0	0	0	0	0	0	0	1	0	
N20	0.041186	0.0445632	0.0483577	0.0523961	0.0564078	0.0600552	0.0629763	0.0648348	0.0653682	0.0644276	0.0620006	0.0582133	0.0533115	0.0476248	0.0415212	0.0353607	0.0294564	0.0240484	0.0192919	0.01526	0.0119566	0.00933461	0.00731596	0.0058099	0.00472699	0.00398907	0.00353536	0.00332596	0.00334394	
N21	0.00903604	0.0105673	0.0131542	0.0169753	0.0221755	0.0287952	0.036697	0.0455098	0.0546166	0.063202	0.070362	0.0752585	0.0772804	0.0761692	0.0720722	0.0655073	0.0572514	0.0481854	0.039139	0.0307723	0.0235144	0.0175613	0.0129169	0.00945587	0.00698907	0.00531625	0.00426263	0.00369988	0.00355693	
N22	0.0061534	0.00739796	0.00967625	0.0133067	0.0186437	0.0259693	0.0353464	0.0464683	0.0585622	0.0704086	0.0805099	0.0873897	0.0899434	0.0877244	0.0810652	0.0709866	0.0589319	0.0464213	0.0347401	0.0247467	0.0168269	0.0109686	0.00689976	0.00423262	0.00257522	0.00159655	0.00105096	0.000776242	0.000680966	
POCHCH_Chrysolina_viridana	0	0	0	0	0	0	0	0	0	0	0	0	1	0	0	0	0	0	0	0	0	0	0	0	0	0	0	0	0	
N23	5.07693e-16	2.22092e-14	1.04497e-12	4.20194e-11	1.41626e-09	3.92884e-08	8.78108e-07	1.54164e-05	0.000206187	0.00202303	0.0138917	0.0629626	0.175887	0.284879	0.265066	0.141663	0.0438797	0.00837202	0.00105354	9.27206e-05	5.98393e-06	2.94308e-07	1.13916e-08	3.56832e-10	9.27726e-12	2.04987e-13	3.93606e-15	6.72396e-17	1.29894e-18	
POCHCH_Chrysolina_herbacea	0	0	0	0	0	0	0	0	0	0	0	0	0	0	0	1	0	0	0	0	0	0	0	0	0	0	0	0	0	
POCHCH_Chrysolina_graminis	0	0	0	0	0	0	0	0	0	0	0	0	1	0	0	0	0	0	0	0	0	0	0	0	0	0	0	0	0	
N24	0.0047684	0.00568864	0.00734147	0.00993795	0.0137237	0.0189256	0.0256747	0.0339169	0.0433352	0.0533135	0.0629708	0.0712759	0.0772264	0.0800521	0.0793825	0.0753294	0.0684576	0.0596542	0.0499388	0.0402708	0.0314031	0.0238103	0.0176911	0.0130237	0.00964666	0.00733887	0.0058828	0.00510706	0.00491174	
POCHCH_Chrysolina_lucida	0	0	0	0	0	0	0	0	0	0	0	0	0	0	0	0	0	0	0	0	1	0	0	0	0	0	0	0	0	
POCHCH_Chrysolina_coerulans	0	0	0	0	0	0	0	0	0	0	0	0	0	0	1	0	0	0	0	0	0	0	0	0	0	0	0	0	0	
N25	0.0603019	0.0640156	0.0670713	0.0693174	0.0705961	0.0707691	0.0697451	0.0675018	0.0640985	0.0596769	0.0544484	0.0486734	0.042633	0.0366012	0.0308196	0.0254798	0.020714	0.0165937	0.013136	0.0103144	0.00807182	0.0063341	0.00502118	0.00405618	0.00337149	0.00291235	0.00263855	0.00252504	0.00256217	
POCHCH_Chrysolina_aurichalcea	0	0	0	1	0	0	0	0	0	0	0	0	0	0	0	0	0	0	0	0	0	0	0	0	0	0	0	0	0	
POCHCH_Chrysolina_bicolor	0	0	0	0	0	0	1	0	0	0	0	0	0	0	0	0	0	0	0	0	0	0	0	0	0	0	0	0	0	
