NODE	17	18	19	20	21	22	23	24	25	26	27	28	29	30	31	32	33	34	35	36	
N1	0.343777	0.280982	0.190333	0.107243	0.0501545	0.019372	0.00614418	0.00159169	0.000335362	5.73003e-05	7.92702e-06	8.87642e-07	8.05156e-08	5.9263e-09	3.54875e-10	1.73561e-11	6.99174e-13	3.7023e-17	6.87639e-18	1.91e-18	
N2	0.223567	0.231215	0.209153	0.159301	0.0992061	0.0496268	0.0197606	0.006241	0.00156327	0.000311193	4.94005e-05	6.28091e-06	6.42758e-07	5.32269e-08	3.58701e-09	1.97902e-10	9.00087e-12	3.41986e-13	1.16847e-14	6.73137e-16	
N3	0.216859	0.236831	0.224123	0.168852	0.0965018	0.0408246	0.0126323	0.00284669	0.000467684	5.62987e-05	5.00484e-06	3.31786e-07	1.6581e-08	6.31801e-10	1.85674e-11	4.25628e-13	7.69568e-15	1.11174e-16	1.34049e-18	2.28709e-20	
N4	0.15565	0.199206	0.227578	0.201602	0.130686	0.0603937	0.0196302	0.00446017	0.000707948	7.88006e-05	6.19577e-06	3.47505e-07	1.40645e-08	4.15931e-10	9.10503e-12	1.49473e-13	1.86402e-15	1.78928e-17	1.36186e-19	1.33309e-21	
N5	0.0694182	0.117797	0.186921	0.227495	0.200139	0.124293	0.0538423	0.0161811	0.00337219	0.000489202	4.97636e-05	3.58558e-06	1.85217e-07	6.95179e-09	1.92282e-10	3.97646e-12	6.24276e-14	7.59476e-16	7.59632e-18	9.98676e-20	
N6	0.0394321	0.0739413	0.140712	0.21086	0.228314	0.173215	0.0909143	0.0328523	0.00817228	0.00140426	0.000167712	1.40387e-05	8.31952e-07	3.53002e-08	1.08549e-09	2.45005e-11	4.11428e-13	5.23096e-15	5.31654e-17	7.19474e-19	
N7	0.00303559	0.00820561	0.0254404	0.0666422	0.134537	0.202032	0.221901	0.176871	0.102084	0.0427395	0.0130407	0.00292013	0.000484179	6.00919e-05	5.65562e-06	4.10044e-07	2.33449e-08	1.06861e-09	4.09152e-11	1.86898e-12	
N8	0.00375378	0.00967229	0.0289441	0.0734766	0.143571	0.208248	0.22036	0.168631	0.0930252	0.0370207	0.0106686	0.00224006	0.000345453	3.95082e-05	3.38824e-06	2.20661e-07	1.1077e-08	4.38706e-10	1.49033e-11	8.03901e-13	
POCELA_Glenea_sp	0	0	0	1	0	0	0	0	0	0	0	0	0	0	0	0	0	0	0	0	
N9	0.00327703	0.00767612	0.0222417	0.0578985	0.119479	0.186773	0.217243	0.186638	0.118207	0.0552854	0.0191799	0.00496894	0.000969409	0.000143798	1.63892e-05	1.45157e-06	1.01287e-07	5.71622e-09	2.88582e-10	2.31213e-11	
N10	3.62029e-32	4.21906e-32	4.91759e-32	5.63693e-32	6.26057e-32	6.66413e-32	6.75093e-32	4.29947e-10	4.2189e-05	0.999936	2.21214e-05	1.18186e-10	2.24986e-32	1.5353e-32	9.91515e-33	6.06889e-33	3.53183e-33	1.97662e-33	1.11848e-33	7.70713e-34	
POCELA_Epiglenea_comes	0	0	0	0	0	0	0	0	0	1	0	0	0	0	0	0	0	0	0	0	
POCECE_Cyrtoclytus_sp	0	0	0	0	0	0	0	0	0	1	0	0	0	0	0	0	0	0	0	0	
N11	3.86759e-09	4.199e-07	3.64572e-05	0.00191453	0.0500379	0.457511	0.443466	0.0454011	0.0016049	2.7424e-05	2.67415e-07	1.64401e-09	6.81251e-12	1.99653e-14	4.29198e-17	6.96754e-20	8.76216e-23	8.79906e-26	7.54319e-29	7.2096e-32	
POCELA_Oberea_sp	0	0	0	0	0	0	1	0	0	0	0	0	0	0	0	0	0	0	0	0	
POCELA_Phytoecia_sp	0	0	0	0	0	1	0	0	0	0	0	0	0	0	0	0	0	0	0	0	
N12	2.08082e-17	1.11236e-15	6.13534e-14	2.84797e-12	1.09396e-10	3.42341e-09	8.58363e-08	1.69372e-06	2.57842e-05	0.000296043	0.00249593	0.0149603	0.0612744	0.163479	0.269441	0.263194	0.153178	0.0547571	0.0133021	0.00359532	
POCELA_Leiopus_sp	0	0	0	0	0	0	0	0	0	0	0	0	0	0	0	0	0	0	1	0	
POCELA_Saperda_sp	0	0	0	0	0	0	0	0	0	0	0	0	0	0	1	0	0	0	0	0	
N13	0.037861	0.0648525	0.118742	0.183609	0.216478	0.187106	0.116868	0.0525776	0.01708	0.00403069	0.00069676	8.90902e-05	8.51569e-06	6.15254e-07	3.3983e-08	1.45227e-09	4.87324e-11	1.31902e-12	3.13135e-14	1.0486e-15	
N14	0.0670955	0.0955038	0.140053	0.181004	0.189874	0.155855	0.0985899	0.0478119	0.017778	0.00508567	0.0011255	0.000194061	2.6278e-05	2.81854e-06	2.41584e-07	1.66967e-08	9.39739e-10	4.3847e-11	1.84768e-12	1.30153e-13	
POCELA_Batocera_rubus	0	0	1	0	0	0	0	0	0	0	0	0	0	0	0	0	0	0	0	0	
N15	0.00343515	0.011376	0.0387445	0.101197	0.18808	0.242265	0.214123	0.129294	0.0532248	0.0149478	0.00288408	0.00038848	3.73449e-05	2.62402e-06	1.37915e-07	5.53866e-09	1.73312e-10	4.31907e-12	9.15174e-14	2.92589e-15	
POCELA_Pogonocherus_hispidus	0	0	0	1	0	0	0	0	0	0	0	0	0	0	0	0	0	0	0	0	
POCELA_Apomecyna_sp	0	0	0	0	0	0	0	0	0	1	0	0	0	0	0	0	0	0	0	0	
N16	0.000148841	0.000573642	0.0026482	0.0104151	0.03256	0.0790006	0.146368	0.204324	0.212633	0.163768	0.0930344	0.0390093	0.0121284	0.00281866	0.000494912	6.64868e-05	6.93789e-06	5.77934e-07	4.30488e-08	5.40295e-09	
POCELA_Xenolea_sp	0	0	0	0	0	0	0	0	0	0	0	1	0	0	0	0	0	0	0	0	
POCELA_Agapanthia_daurica	0	0	0	0	0	0	0	0	1	0	0	0	0	0	0	0	0	0	0	0	
N17	0.135133	0.179217	0.216614	0.206431	0.146881	0.0765676	0.0291108	0.0080978	0.00166143	0.000254255	2.94022e-05	2.60494e-06	1.79275e-07	9.71308e-09	4.19595e-10	1.4628e-11	4.16651e-13	9.88219e-15	2.10062e-16	6.88085e-18	
POCELA_Monochamus_saltuarius	0	0	0	0	0	0	1	0	0	0	0	0	0	0	0	0	0	0	0	0	
N18	0.279438	0.323047	0.257975	0.111709	0.0247464	0.00288923	0.00018832	7.26842e-06	1.75027e-07	2.74918e-09	2.92473e-11	2.17605e-13	1.16391e-15	4.5838e-18	1.35733e-20	3.07843e-23	5.43653e-26	7.59531e-29	8.66033e-32	1.15099e-34	
POCELA_Monochamus_galloprovincialis_M	0	1	0	0	0	0	0	0	0	0	0	0	0	0	0	0	0	0	0	0	
N19	0.270904	0.330724	0.266384	0.108708	0.0211577	0.00202013	0.000100653	2.79606e-06	4.59889e-08	4.71712e-10	3.15367e-12	1.42708e-14	4.51474e-17	1.02688e-19	1.7207e-22	2.17008e-25	2.09908e-28	1.58367e-31	9.48079e-35	5.81362e-38	
N20	0.0596144	0.253737	0.405131	0.232422	0.0465397	0.00250077	5.45832e-05	5.97905e-07	3.72959e-09	1.44271e-11	3.68267e-14	6.50546e-17	8.25886e-20	7.77025e-23	5.55787e-26	3.08814e-29	1.3577e-32	4.79902e-36	1.38423e-39	3.99534e-43	
POCELA_Monochamus_sartor	0	1	0	0	0	0	0	0	0	0	0	0	0	0	0	0	0	0	0	0	
POCELA_Monochamus_urussovi	0	0	0	0	1	0	0	0	0	0	0	0	0	0	0	0	0	0	0	0	
POCELA_Monochamus_sutor	0	1	0	0	0	0	0	0	0	0	0	0	0	0	0	0	0	0	0	0	
N21	0.180862	0.203541	0.20875	0.180203	0.123912	0.0657914	0.0265678	0.00811643	0.00187728	0.000330236	4.44887e-05	4.62812e-06	3.7515e-07	2.39168e-08	1.21049e-09	4.90938e-11	1.61164e-12	4.35744e-14	1.04761e-15	3.8906e-17	
N22	0.194649	0.209889	0.203729	0.169386	0.116241	0.0643516	0.0283798	0.00991329	0.00273971	0.000600287	0.000104715	1.46256e-05	1.64636e-06	1.50425e-07	1.12384e-08	6.91754e-10	3.53764e-11	1.52717e-12	6.03703e-14	4.04956e-15	
POCELA_Phaea_sp	0	0	0	0	0	1	0	0	0	0	0	0	0	0	0	0	0	0	0	0	
N23	0.241329	0.258052	0.230922	0.157072	0.0773092	0.02711	0.00679297	0.00123084	0.000163829	1.62909e-05	1.23045e-06	7.17089e-08	3.27198e-09	1.18473e-10	3.44639e-12	8.14645e-14	1.58153e-15	2.55414e-17	3.59695e-19	7.60724e-21	
POCELA_Tetraopes_femoratus	0	0	0	1	0	0	0	0	0	0	0	0	0	0	0	0	0	0	0	0	
POCELA_Tetraopes_tetropthalmus	0	1	0	0	0	0	0	0	0	0	0	0	0	0	0	0	0	0	0	0	
N24	0.10413	0.131693	0.162642	0.177971	0.163994	0.124146	0.0762466	0.0377573	0.0150407	0.00482138	0.00124649	0.000260858	4.4394e-05	6.17678e-06	7.06731e-07	6.69274e-08	5.29152e-09	3.56948e-10	2.28433e-11	2.55013e-12	
POCELA_Acalolepta_luxuriosa	0	0	0	1	0	0	0	0	0	0	0	0	0	0	0	0	0	0	0	0	
N25	6.8211e-06	9.49924e-05	0.00121844	0.0103398	0.0529392	0.152398	0.256959	0.265209	0.171444	0.0694359	0.0172297	0.00250829	0.000205857	1.02216e-05	3.31406e-07	7.45084e-09	1.21679e-10	1.50463e-12	1.51653e-14	2.0091e-16	
POCELA_Pterolophia_sp	0	0	0	0	1	0	0	0	0	0	0	0	0	0	0	0	0	0	0	0	
POCELA_Acalolepta_fraudatrix	0	0	0	0	0	0	0	0	0	0	0	1	0	0	0	0	0	0	0	0	
N26	0.26208	0.256847	0.212184	0.143871	0.0779121	0.0330024	0.0107916	0.00270622	0.000519607	7.65361e-05	8.68695e-06	7.64441e-07	5.25348e-08	2.84201e-09	1.22045e-10	4.19766e-12	1.16903e-13	2.69092e-15	5.50837e-17	1.68529e-18	
POCELA_Mesosa_myops	0	1	0	0	0	0	0	0	0	0	0	0	0	0	0	0	0	0	0	0	
N27	0.254256	0.251662	0.21174	0.147301	0.0823861	0.0362539	0.0123764	0.00325289	0.000656499	0.000101839	1.21858e-05	1.13081e-06	8.19149e-08	4.66634e-09	2.107e-10	7.60642e-12	2.21977e-13	5.35137e-15	1.14942e-16	3.63241e-18	
POCELA_Uraecha_bimaculata	0	0	0	1	0	0	0	0	0	0	0	0	0	0	0	0	0	0	0	0	
N28	0.205108	0.219634	0.209163	0.167937	0.109426	0.0565399	0.0228641	0.00718802	0.00175266	0.000331694	4.88668e-05	5.63018e-06	5.10217e-07	3.66057e-08	2.09397e-09	9.62292e-11	3.58451e-12	1.1006e-13	3.00266e-15	1.30715e-16	
N29	0.150772	0.17617	0.192747	0.182299	0.141873	0.0885425	0.043768	0.0170495	0.00522949	0.00126535	0.000242422	3.69574e-05	4.50968e-06	4.43326e-07	3.53555e-08	2.30515e-09	1.24184e-10	5.67047e-12	2.43233e-13	1.66514e-14	
POCELA_Apriona_japonica	0	0	0	0	1	0	0	0	0	0	0	0	0	0	0	0	0	0	0	0	
POCELA_Mesechthistatus_binodosus	0	0	0	0	0	0	0	1	0	0	0	0	0	0	0	0	0	0	0	0	
N30	0.0454404	0.1803	0.351728	0.299697	0.108183	0.0137789	0.000842236	2.94717e-05	6.56204e-07	9.96718e-09	1.08493e-10	8.77977e-13	5.43525e-15	2.63363e-17	1.01788e-19	3.18923e-22	8.22813e-25	1.78725e-27	3.47098e-30	8.20602e-33	
POCELA_Anoplophora_chinensis	0	0	0	0	1	0	0	0	0	0	0	0	0	0	0	0	0	0	0	0	
POCELA_Anoplophora_malasiaca	0	1	0	0	0	0	0	0	0	0	0	0	0	0	0	0	0	0	0	0	
N31	0.156475	0.180957	0.193643	0.178439	0.136451	0.0852222	0.0431934	0.0177253	0.00588898	0.00158602	0.000347026	6.18718e-05	9.021e-06	1.08007e-06	1.06712e-07	8.75776e-09	6.04158e-10	3.61664e-11	2.10684e-12	2.01225e-13	
N32	0.0749307	0.101688	0.138083	0.167019	0.171063	0.145351	0.101575	0.0581698	0.0272721	0.0104733	0.00329972	0.000854895	0.000182676	3.23116e-05	4.75308e-06	5.85616e-07	6.1307e-08	5.66583e-09	5.21396e-10	7.61355e-11	
N33	0.0320995	0.0524949	0.0931662	0.147023	0.188641	0.189892	0.147817	0.0885217	0.0407862	0.0145101	0.00400999	0.000867525	0.000148208	2.01804e-05	2.21089e-06	1.96817e-07	1.4408e-08	8.88745e-10	5.11065e-11	4.9622e-12	
N34	0.00617339	0.017974	0.0574665	0.140552	0.234834	0.255808	0.17849	0.079967	0.0234296	0.00461204	0.000628141	6.08917e-05	4.31146e-06	2.28176e-07	9.21193e-09	2.88882e-10	7.15354e-12	1.42483e-13	2.41475e-15	6.05726e-17	
POCELE_Acmaeops_sp	0	0	0	0	1	0	0	0	0	0	0	0	0	0	0	0	0	0	0	0	
POCELE_Gaurotes_sp	0	0	0	0	0	0	1	0	0	0	0	0	0	0	0	0	0	0	0	0	
N35	6.27195e-06	0.000117073	0.0019278	0.0199228	0.114495	0.317444	0.360851	0.155553	0.0272511	0.00231995	0.000109959	3.19148e-06	6.07376e-08	7.97637e-10	7.51938e-12	5.25157e-14	2.79019e-16	1.15883e-18	3.98605e-21	1.668e-23	
N36	1.30134e-08	8.56448e-07	5.15226e-05	0.00175966	0.0295315	0.206483	0.475754	0.252964	0.0319864	0.00143882	2.93328e-05	3.15336e-07	1.98095e-09	7.8319e-12	2.06113e-14	3.77273e-17	4.97578e-20	4.86796e-23	3.62576e-26	2.67374e-29	
POCESP_Asemum_striatum	0	0	0	0	0	0	0	1	0	0	0	0	0	0	0	0	0	0	0	0	
POCESP_Spondylis_sp	0	0	0	0	0	0	1	0	0	0	0	0	0	0	0	0	0	0	0	0	
POCELE_Rhagium_mordax	0	0	0	0	0	1	0	0	0	0	0	0	0	0	0	0	0	0	0	0	
N37	0.000779469	0.00204172	0.00644724	0.0183208	0.0435233	0.0848742	0.134949	0.174212	0.18201	0.153525	0.104399	0.0572107	0.0252858	0.00903347	0.00261932	0.000621071	0.000122347	2.08769e-05	3.54154e-06	9.7413e-07	
POCESP_Tetropium_castaneum	0	0	0	0	0	0	0	0	0	0	0	0	1	0	0	0	0	0	0	0	
N38	8.27797e-06	4.01991e-05	0.000254447	0.00142607	0.0064588	0.0228464	0.0618852	0.12656	0.1933	0.218777	0.182644	0.112328	0.050996	0.0171808	0.00433133	0.000826316	0.000121217	1.41552e-05	1.50487e-06	2.65654e-07	
POCELA_Mecynippus_pubicornis	0	0	0	0	0	0	0	0	0	0	0	0	1	0	0	0	0	0	0	0	
POCECE_Xylotrechus_sp	0	0	0	0	0	0	0	0	1	0	0	0	0	0	0	0	0	0	0	0	
N39	0.189502	0.219325	0.225661	0.183788	0.111492	0.0494362	0.0160804	0.00389033	0.000712328	0.000100499	1.11132e-05	9.78387e-07	6.95572e-08	4.04504e-09	1.94739e-10	7.85621e-12	2.6975e-13	8.11302e-15	2.31001e-16	9.90573e-18	
POCESP_Tetropium_gabrieli	0	0	1	0	0	0	0	0	0	0	0	0	0	0	0	0	0	0	0	0	
POCESP_Tetropium_fuscum	0	0	0	1	0	0	0	0	0	0	0	0	0	0	0	0	0	0	0	0	
N40	0.208213	0.215438	0.198653	0.159746	0.109464	0.0627025	0.0296144	0.0114334	0.00359195	0.000916951	0.000190368	3.22231e-05	4.46405e-06	5.08684e-07	4.79921e-08	3.78468e-09	2.53649e-10	1.49691e-11	8.57016e-13	7.33554e-14	
N41	0.202016	0.211974	0.199533	0.163492	0.113157	0.064591	0.0298992	0.0111042	0.00328869	0.000774692	0.000145124	2.16557e-05	2.58183e-06	2.46929e-07	1.90431e-08	1.1921e-09	6.11953e-11	2.63737e-12	1.05788e-13	7.60057e-15	
N42	0.114331	0.140486	0.166547	0.175183	0.156673	0.116803	0.0718647	0.0362861	0.0149894	0.00505912	0.00139527	0.00031484	5.82553e-05	8.86568e-06	1.11394e-06	1.1612e-07	1.01255e-08	7.56077e-10	5.38596e-11	6.5948e-12	
N43	0.00431768	0.00979724	0.0252887	0.0575993	0.107572	0.160996	0.191308	0.179625	0.132916	0.0774375	0.0355421	0.0128782	0.00369672	0.000844775	0.000154625	2.2843e-05	2.75531e-06	2.7945e-07	2.70453e-08	4.52564e-09	
POCEPR_Prionus_sp	0	0	0	0	0	0	0	0	0	0	0	1	0	0	0	0	0	0	0	0	
POCELE_Leptura_sp	0	0	0	0	0	0	1	0	0	0	0	0	0	0	0	0	0	0	0	0	
N44	0.147068	0.16546	0.176206	0.169625	0.141628	0.0995594	0.0578447	0.0275023	0.010656	0.00336328	0.000866479	0.000182859	3.17537e-05	4.5604e-06	5.44647e-07	5.44085e-08	4.58067e-09	3.31484e-10	2.29913e-11	2.88046e-12	
POCECE_Chlorophorus_sp	0	0	0	1	0	0	0	0	0	0	0	0	0	0	0	0	0	0	0	0	
POCECE_Stenygra_sp	0	0	0	0	1	0	0	0	0	0	0	0	0	0	0	0	0	0	0	0	
N45	0.189382	0.201672	0.195164	0.166133	0.120372	0.0722984	0.0353402	0.0139011	0.00437498	0.00109981	0.000221098	3.56589e-05	4.63507e-06	4.88322e-07	4.19821e-08	2.97138e-09	1.75594e-10	8.92231e-12	4.24124e-13	3.0778e-14	
POCEPR_Macrotoma_sp	0	0	0	0	0	0	1	0	0	0	0	0	0	0	0	0	0	0	0	0	
N46	0.160903	0.186468	0.201515	0.186171	0.137995	0.0788947	0.0340082	0.0109206	0.00259927	0.000458461	6.01096e-05	5.89037e-06	4.34483e-07	2.43209e-08	1.04235e-09	3.45246e-11	8.92609e-13	1.82692e-14	3.13437e-16	7.97562e-18	
N47	0.0758714	0.110679	0.158935	0.193188	0.187342	0.141154	0.0814758	0.0357637	0.0119066	0.00300943	0.000579626	8.55656e-05	9.75226e-06	8.65307e-07	6.03066e-08	3.33212e-09	1.47423e-10	5.30366e-12	1.66399e-13	8.3815e-15	
N48	0.0229556	0.0427811	0.0854468	0.145767	0.196058	0.201785	0.156818	0.0914502	0.0399382	0.0130783	0.00322411	0.000602111	8.5869e-05	9.43903e-06	8.07864e-07	5.44134e-08	2.91904e-09	1.27317e-10	4.9185e-12	3.04421e-13	
POCECE_Purpuricenus_sp	0	0	0	0	0	0	0	0	0	1	0	0	0	0	0	0	0	0	0	0	
POCECE_Elaphidion_sp	0	0	0	0	0	1	0	0	0	0	0	0	0	0	0	0	0	0	0	0	
POCECE_Eburia_sp	0	0	0	1	0	0	0	0	0	0	0	0	0	0	0	0	0	0	0	0	
N49	0.163691	0.188011	0.201338	0.184991	0.136702	0.0779594	0.0335124	0.010731	0.00254861	0.000449237	5.90059e-05	5.81153e-06	4.3257e-07	2.45488e-08	1.07243e-09	3.64442e-11	9.76249e-13	2.11242e-14	3.9774e-16	1.04447e-17	
POCECE_Phymatodes_sp	0	0	0	0	0	0	1	0	0	0	0	0	0	0	0	0	0	0	0	0	
N50	0.184328	0.20418	0.20638	0.177645	0.123174	0.0663469	0.0271978	0.00840404	0.00195307	0.000342299	4.55147e-05	4.6288e-06	3.63423e-07	2.22498e-08	1.07315e-09	4.11986e-11	1.27232e-12	3.20892e-14	7.02419e-16	2.3641e-17	
N51	0.113722	0.154189	0.202053	0.215418	0.170049	0.095161	0.0371282	0.0100788	0.0019158	0.000257899	2.49358e-05	1.75851e-06	9.18826e-08	3.61244e-09	1.08468e-10	2.52264e-12	4.6055e-14	6.69878e-16	8.13305e-18	1.40351e-19	
N52	0.0955452	0.137952	0.195609	0.223329	0.18524	0.106673	0.0419761	0.0112866	0.00209232	0.000271201	2.49914e-05	1.66654e-06	8.18599e-08	3.01318e-09	8.44816e-11	1.83199e-12	3.11691e-14	4.22357e-16	4.75684e-18	7.56202e-20	
POCECE_Callidium_violaceum	0	0	0	0	0	1	0	0	0	0	0	0	0	0	0	0	0	0	0	0	
POCECE_Clytus_arietis	0	0	0	1	0	0	0	0	0	0	0	0	0	0	0	0	0	0	0	0	
POCECE_Plagionotus_sp	0	0	0	0	1	0	0	0	0	0	0	0	0	0	0	0	0	0	0	0	
POCECE_Rosalia_sp	0	0	1	0	0	0	0	0	0	0	0	0	0	0	0	0	0	0	0	0	
POCEDI_Distenia_sp	0	0	0	0	0	0	1	0	0	0	0	0	0	0	0	0	0	0	0	0	
