NODE	7	8	9	10	11	12	13	14	15	16	17	18	19	20	21	22	23	24	25	26	27	28	29	30	31	32	33	34	35	36	37	
N1	0.287164	0.250354	0.191323	0.128415	0.0756778	0.0390953	0.0176652	0.0069652	0.00239131	0.000713586	0.000184826	4.15113e-05	8.07998e-06	1.36269e-06	1.99145e-07	2.52275e-08	2.77185e-09	2.64356e-10	2.19051e-11	1.57873e-12	9.90846e-14	1.93046e-17	4.22026e-18	8.62863e-19	1.65158e-19	2.96383e-20	5.00115e-21	7.99322e-22	1.23531e-22	1.96818e-23	4.32469e-24	
N2	0.176302	0.17636	0.164327	0.142496	0.114741	0.0855655	0.0589468	0.0374371	0.0218851	0.0117633	0.00580952	0.00263525	0.00109776	0.000419964	0.000147572	4.76421e-05	1.41357e-05	3.8561e-06	9.67547e-07	2.23404e-07	4.74924e-08	9.30045e-09	1.67872e-09	2.79453e-10	4.2934e-11	6.09374e-12	8.00784e-13	9.81767e-14	1.1598e-14	1.51857e-15	3.65229e-16	
N3	0.119595	0.12712	0.131831	0.131051	0.122935	0.107619	0.0873112	0.0653864	0.0451028	0.0286246	0.016706	0.00896448	0.00442275	0.00200642	0.000837124	0.000321288	0.000113463	3.68809e-05	1.1038e-05	3.04296e-06	7.73046e-07	1.81068e-07	3.91263e-08	7.80626e-09	1.43986e-09	2.46126e-10	3.92038e-11	5.90157e-12	8.74616e-13	1.45545e-13	4.15907e-14	
N4	0.0681215	0.0784204	0.0923725	0.106205	0.115595	0.117231	0.109963	0.0950812	0.075671	0.0553896	0.0372754	0.0230578	0.0131089	0.0068493	0.00328908	0.00145174	0.000589062	0.000219779	7.54199e-05	2.38131e-05	6.92087e-06	1.85249e-06	4.56993e-07	1.04011e-07	2.18792e-08	4.26796e-09	7.77564e-10	1.345e-10	2.30292e-11	4.39887e-12	1.36805e-12	
N5	4.30098e-08	2.1794e-07	1.45455e-06	8.9082e-06	4.76442e-05	0.000220575	0.000880074	0.00301402	0.00882446	0.0219993	0.0465177	0.0831241	0.125109	0.158145	0.167503	0.148414	0.109906	0.068017	0.0352014	0.0152576	0.00555058	0.00169954	0.000439453	9.632e-05	1.79703e-05	2.8674e-06	3.93695e-07	4.70213e-08	5.03661e-09	5.46022e-10	1.01109e-10	
N6	9.55515e-12	8.84645e-11	1.23951e-09	1.63645e-08	1.8661e-07	1.79631e-06	1.44436e-05	9.62533e-05	0.000527778	0.0023643	0.00859344	0.025176	0.0590943	0.110552	0.164134	0.192785	0.178787	0.130809	0.0755321	0.0344723	0.0124683	0.0035875	0.000825172	0.000152613	2.28442e-05	2.78734e-06	2.79356e-07	2.32178e-08	1.63434e-09	1.07711e-10	1.19564e-11	
ADCACA_Calosoma_inquistor	0	0	0	0	0	0	0	0	0	0	0	0	0	0	0	0	0	0	0	0	1	0	0	0	0	0	0	0	0	0	0	
ADCACA_Carabus_auronitens	0	0	0	0	0	0	0	0	0	0	0	0	0	1	0	0	0	0	0	0	0	0	0	0	0	0	0	0	0	0	0	
N7	9.55377e-20	6.79682e-18	5.8039e-16	4.32574e-14	2.64848e-12	1.29462e-10	4.95151e-09	1.45365e-07	3.20863e-06	5.20191e-05	0.000603163	0.00485397	0.0262324	0.0920229	0.203184	0.276463	0.230408	0.118589	0.038378	0.00799736	0.00110264	0.000103493	6.80052e-06	3.21195e-07	1.11703e-08	2.92332e-10	5.87185e-12	9.22722e-14	1.16393e-15	1.26899e-17	1.85661e-19	
N8	6.79959e-22	9.08146e-20	1.48884e-17	1.97039e-15	2.03819e-13	1.61706e-11	9.65336e-10	4.24584e-08	1.34363e-06	2.97793e-05	0.000448278	0.0044276	0.0276256	0.104707	0.232718	0.296445	0.215786	0.0910748	0.0228561	0.00351526	0.000342114	2.17525e-05	9.31657e-07	2.76568e-08	5.84095e-10	8.98613e-12	1.02882e-13	8.93803e-16	6.00701e-18	3.23727e-20	2.22714e-22	
N9	9.30689e-26	3.27742e-23	1.26984e-20	3.91655e-18	9.39752e-16	1.71889e-13	2.34076e-11	2.30799e-09	1.59357e-07	7.39729e-06	0.000219438	0.0038995	0.0381463	0.183583	0.376359	0.288553	0.0933472	0.014596	0.00122704	6.01394e-05	1.8306e-06	3.64109e-08	4.93453e-10	4.71921e-12	3.28129e-14	1.70168e-16	6.72962e-19	2.06907e-21	5.03117e-24	9.8828e-27	2.19586e-29	
ADCACA_Pamborus_opacus	0	0	0	0	0	0	0	0	0	0	0	0	0	0	1	0	0	0	0	0	0	0	0	0	0	0	0	0	0	0	0	
ADCACA_Pamborus_tropicus	0	0	0	0	0	0	0	0	0	0	0	0	0	0	1	0	0	0	0	0	0	0	0	0	0	0	0	0	0	0	0	
ADCACA_Carabus_nemoralis	0	0	0	0	0	0	0	0	0	0	0	0	0	0	0	1	0	0	0	0	0	0	0	0	0	0	0	0	0	0	0	
ADCACA_Pamborus_alternans	0	0	0	0	0	0	0	0	0	0	0	0	0	0	0	0	0	0	1	0	0	0	0	0	0	0	0	0	0	0	0	
N10	0.110808	0.120267	0.129108	0.133408	0.129459	0.115805	0.0942721	0.0692441	0.0456384	0.0268997	0.0141515	0.00663942	0.0027779	0.00103705	0.000345789	0.000103116	2.75437e-05	6.60172e-06	1.42246e-06	2.76069e-07	4.83568e-08	7.66025e-09	1.09968e-09	1.43368e-10	1.70136e-11	1.8431e-12	1.83109e-13	1.68521e-14	1.47866e-15	1.37748e-16	2.2389e-17	
ADCACA_Carabus_punctatoauratus	0	0	0	0	0	0	1	0	0	0	0	0	0	0	0	0	0	0	0	0	0	0	0	0	0	0	0	0	0	0	0	
ADCACA_Carabus_granulatus	0	0	0	1	0	0	0	0	0	0	0	0	0	0	0	0	0	0	0	0	0	0	0	0	0	0	0	0	0	0	0	
ADCACA_Cychrus_caraboides	0	0	0	1	0	0	0	0	0	0	0	0	0	0	0	0	0	0	0	0	0	0	0	0	0	0	0	0	0	0	0	
N11	0.190318	0.187634	0.170264	0.142579	0.110346	0.0789823	0.0522937	0.0320215	0.0181278	0.00948322	0.00458213	0.00204402	0.000841478	0.000319607	0.000111975	3.61846e-05	1.07852e-05	2.96538e-06	7.52268e-07	1.76128e-07	3.80723e-08	7.60186e-09	1.40287e-09	2.39471e-10	3.78595e-11	5.55645e-12	7.60844e-13	9.8395e-14	1.24385e-14	1.72984e-15	4.15072e-16	
ADCANE_Notiophilus_sp	0	0	0	0	1	0	0	0	0	0	0	0	0	0	0	0	0	0	0	0	0	0	0	0	0	0	0	0	0	0	0	
N12	0.197214	0.19355	0.174025	0.143669	0.109013	0.0760402	0.048747	0.028707	0.0155214	0.00770122	0.00350507	0.00146289	0.000559795	0.000196391	6.31701e-05	1.86323e-05	5.04075e-06	1.25123e-06	2.85079e-07	5.96464e-08	1.14662e-08	2.02637e-09	3.29429e-10	4.9301e-11	6.79805e-12	8.64839e-13	1.01806e-13	1.11846e-14	1.18267e-15	1.36469e-16	2.83067e-17	
N13	0.030439	0.0473729	0.0814117	0.12764	0.168229	0.180572	0.155953	0.107993	0.0600159	0.0268691	0.00974673	0.00288508	0.000702365	0.000141791	2.39331e-05	3.40513e-06	4.1155e-07	4.25662e-08	3.79376e-09	2.93258e-10	1.97799e-11	1.17067e-12	6.11159e-14	2.8282e-15	1.16557e-16	4.29846e-18	1.42676e-19	4.30378e-21	1.20661e-22	3.36898e-24	1.45839e-25	
ADCASC_Clivina_sp	0	0	0	0	1	0	0	0	0	0	0	0	0	0	0	0	0	0	0	0	0	0	0	0	0	0	0	0	0	0	0	
ADCAPA_Penetretus_sp	0	0	0	0	0	0	0	1	0	0	0	0	0	0	0	0	0	0	0	0	0	0	0	0	0	0	0	0	0	0	0	
N14	0.212749	0.205946	0.18038	0.143485	0.10393	0.0686761	0.0414547	0.0228808	0.0115562	0.00534382	0.00226357	0.000878667	0.000312695	0.000102062	3.0566e-05	8.40326e-06	2.12182e-06	4.92333e-07	1.05039e-07	2.06183e-08	3.72611e-09	6.20391e-10	9.52362e-11	1.34897e-11	1.76454e-12	2.13371e-13	2.38964e-14	2.49378e-15	2.49211e-16	2.72001e-17	5.53642e-18	
ADCABR_Promecoderus_sp	0	1	0	0	0	0	0	0	0	0	0	0	0	0	0	0	0	0	0	0	0	0	0	0	0	0	0	0	0	0	0	
N15	0.306224	0.279297	0.209194	0.123514	0.0560212	0.0193711	0.00513127	0.00105321	0.00016988	2.185e-05	2.27278e-06	1.93713e-07	1.36916e-08	8.11248e-10	4.06917e-11	1.74318e-12	6.42867e-14	2.05576e-15	5.73763e-17	1.406e-18	3.04148e-20	5.83706e-22	9.98383e-24	1.52838e-25	2.10247e-27	2.60921e-29	2.93477e-31	3.01489e-33	2.88329e-35	2.72144e-37	3.62431e-39	
ADCAPS_Mecyclothorax_sp	0	0	1	0	0	0	0	0	0	0	0	0	0	0	0	0	0	0	0	0	0	0	0	0	0	0	0	0	0	0	0	
ADCAPS_Amblytelus_curtus	0	1	0	0	0	0	0	0	0	0	0	0	0	0	0	0	0	0	0	0	0	0	0	0	0	0	0	0	0	0	0	
N16	0.251102	0.235076	0.192962	0.139542	0.0890852	0.0502063	0.0249473	0.0109114	0.00419427	0.00141522	0.000418833	0.00010868	2.47258e-05	4.93383e-06	8.63996e-07	1.3289e-07	1.79708e-08	2.13922e-09	2.24453e-10	2.07875e-11	1.7019e-12	1.2335e-13	7.92358e-15	4.51422e-16	2.28158e-17	1.0232e-18	4.07646e-20	1.45067e-21	4.71868e-23	1.56596e-24	9.74868e-26	
N17	0.214937	0.207675	0.181232	0.143395	0.103156	0.0676113	0.040439	0.0220999	0.011047	0.00505527	0.00211949	0.000814726	0.000287328	9.3028e-05	2.76693e-05	7.56513e-06	1.90265e-06	4.40484e-07	9.39389e-08	1.84689e-08	3.35035e-09	5.61318e-10	8.69591e-11	1.24768e-11	1.66193e-12	2.06335e-13	2.4046e-14	2.66539e-15	2.89019e-16	3.34763e-17	6.34489e-18	
ADCANE_Nebria_brevicollis	0	0	0	1	0	0	0	0	0	0	0	0	0	0	0	0	0	0	0	0	0	0	0	0	0	0	0	0	0	0	0	
N18	0.226761	0.217067	0.185966	0.143108	0.0991451	0.061922	0.0348916	0.0177452	0.00814729	0.00337729	0.00126409	0.000427252	0.000130421	3.59626e-05	8.96005e-06	2.01776e-06	4.10867e-07	7.56858e-08	1.26196e-08	1.90579e-09	2.60869e-10	3.2395e-11	3.65376e-12	3.74877e-13	3.50708e-14	3.00325e-15	2.3708e-16	1.75116e-17	1.25908e-18	1.0136e-19	1.59931e-20	
N19	0.225908	0.21643	0.185707	0.143219	0.0994891	0.0623317	0.0352459	0.0179942	0.00829573	0.00345391	0.00129877	0.000441123	0.000135349	3.75241e-05	9.40261e-06	2.13021e-06	4.36538e-07	8.09591e-08	1.35959e-08	2.06892e-09	2.85511e-10	3.57658e-11	4.07225e-12	4.22184e-13	3.99643e-14	3.47002e-15	2.78613e-16	2.10104e-17	1.54164e-18	1.23371e-19	1.79928e-20	
N20	0.242788	0.229473	0.191588	0.141645	0.0927964	0.0538564	0.02767	0.0125745	0.00505091	0.00179232	0.000561701	0.00015546	3.80049e-05	8.20998e-06	1.56814e-06	2.65029e-07	3.967e-08	5.26422e-09	6.20015e-10	6.4893e-11	6.04355e-12	5.01534e-13	3.71449e-14	2.45973e-15	1.4599e-16	7.7964e-18	3.77484e-19	1.68622e-20	7.27421e-22	3.47655e-23	3.14226e-24	
N21	0.283896	0.26111	0.203913	0.133087	0.0714787	0.031275	0.011106	0.00320529	0.000755507	0.000146449	2.35326e-05	3.16079e-06	3.578e-07	3.44077e-08	2.8321e-09	2.00937e-10	1.23698e-11	6.64755e-13	3.13626e-14	1.30583e-15	4.82157e-17	1.58591e-18	4.6664e-20	1.23316e-21	2.93815e-23	6.33775e-25	1.2444e-26	2.24582e-28	3.8104e-30	6.45748e-32	1.59268e-33	
ADCATR_Bembidion_aenulum	0	0	1	0	0	0	0	0	0	0	0	0	0	0	0	0	0	0	0	0	0	0	0	0	0	0	0	0	0	0	0	
N22	0.231037	0.370328	0.298396	0.0877097	0.0116598	0.000832743	3.58117e-05	1.00245e-06	1.93152e-08	2.67148e-10	2.74038e-12	2.14031e-14	1.3006e-16	6.26196e-19	2.42627e-21	7.66821e-24	2.00042e-26	4.35293e-29	7.97538e-32	1.24079e-34	1.65172e-37	1.89449e-40	1.88419e-43	1.63444e-46	1.24326e-49	8.33414e-53	4.94617e-56	2.61014e-59	1.2304e-62	5.25964e-66	2.65883e-69	
ADCATR_Bembidion_umbratum	0	0	1	0	0	0	0	0	0	0	0	0	0	0	0	0	0	0	0	0	0	0	0	0	0	0	0	0	0	0	0	
ADCATR_Bembidion_insulatum	0	1	0	0	0	0	0	0	0	0	0	0	0	0	0	0	0	0	0	0	0	0	0	0	0	0	0	0	0	0	0	
N23	0.242773	0.229475	0.191608	0.141669	0.0928094	0.0538548	0.0276592	0.0125622	0.0050417	0.00178705	0.000559255	0.000154517	3.76974e-05	8.12436e-06	1.54761e-06	2.6077e-07	3.89015e-08	5.14315e-09	6.03306e-10	6.28669e-11	5.82711e-12	4.81114e-13	3.54397e-14	2.33341e-15	1.37673e-16	7.30873e-18	3.51924e-19	1.56511e-20	6.73015e-22	3.19515e-23	2.83024e-24	
N24	0.255093	0.238248	0.194385	0.138983	0.0871835	0.0479792	0.0231457	0.00977649	0.00361127	0.00116523	0.000328134	8.05969e-05	1.7262e-05	3.22393e-06	5.25236e-07	7.46918e-08	9.27947e-09	1.00829e-09	9.59443e-11	8.00679e-12	5.86939e-13	3.78583e-14	2.15248e-15	1.08078e-16	4.8016e-18	1.89124e-19	6.61833e-21	2.06388e-22	5.78799e-24	1.55277e-25	6.9719e-27	
N25	0.253102	0.236808	0.193895	0.139383	0.0880872	0.0489497	0.0239057	0.010252	0.00385727	0.00127228	0.000367681	9.30743e-05	2.06381e-05	4.00996e-06	6.83147e-07	1.02138e-07	1.34168e-08	1.55057e-09	1.57898e-10	1.41917e-11	1.12784e-12	7.94033e-14	4.96213e-15	2.75822e-16	1.36665e-17	6.05088e-19	2.40207e-20	8.60811e-22	2.83912e-23	9.27627e-25	4.85531e-26	
N26	0.235498	0.225667	0.192654	0.145751	0.096971	0.0562968	0.0283264	0.0122868	0.00457631	0.00145966	0.000398044	9.27285e-05	1.84525e-05	3.13808e-06	4.56502e-07	5.68804e-08	6.08033e-09	5.58657e-10	4.42095e-11	3.01997e-12	1.78494e-13	9.15037e-15	4.07879e-16	1.58493e-17	5.38255e-19	1.60175e-20	4.18773e-22	9.64737e-24	1.96996e-25	3.73053e-27	1.15327e-28	
N27	0.197446	0.198729	0.184633	0.155005	0.115259	0.0747619	0.0418589	0.0200902	0.00822881	0.00286865	0.000849942	0.000213928	4.5755e-05	8.32318e-06	1.2895e-06	1.70452e-07	1.92641e-08	1.86586e-09	1.55276e-10	1.11326e-11	6.8958e-13	3.70103e-14	1.72619e-15	7.0174e-17	2.49389e-18	7.77127e-20	2.13005e-21	5.15678e-23	1.11456e-24	2.2782e-26	7.3928e-28	
N28	0.0561593	0.0942364	0.157612	0.210654	0.209655	0.151723	0.0793624	0.0301321	0.00840197	0.00174908	0.000276892	3.3954e-05	3.28173e-06	2.54011e-07	1.59715e-08	8.26284e-10	3.55755e-11	1.28773e-12	3.95464e-14	1.03884e-15	2.35157e-17	4.61787e-19	7.91494e-21	1.19068e-22	1.58019e-24	1.85892e-26	1.94747e-28	1.82723e-30	1.55464e-32	1.26233e-34	1.47818e-36	
ADCATR_Bembidion_tibiale	0	0	1	0	0	0	0	0	0	0	0	0	0	0	0	0	0	0	0	0	0	0	0	0	0	0	0	0	0	0	0	
ADCATR_Bembidion_tetracolum	0	0	0	0	0	0	1	0	0	0	0	0	0	0	0	0	0	0	0	0	0	0	0	0	0	0	0	0	0	0	0	
N29	0.154236	0.165557	0.170411	0.16069	0.134353	0.0977	0.061121	0.0326899	0.0148926	0.00576709	0.0018965	0.000529543	0.000125614	2.53418e-05	4.35486e-06	6.38683e-07	8.01199e-08	8.61816e-09	7.97016e-10	6.35504e-11	4.38164e-12	2.62011e-13	1.36296e-14	6.18664e-16	2.45785e-17	8.57242e-19	2.63287e-20	7.1462e-22	1.72884e-23	3.95096e-25	1.48392e-26	
N30	0.1564	0.170176	0.177956	0.168416	0.137938	0.095119	0.054383	0.0255825	0.00987385	0.00312778	0.000815133	0.000175426	3.13209e-05	4.66325e-06	5.82123e-07	6.12663e-08	5.46656e-09	4.15775e-10	2.70994e-11	1.5214e-12	7.39358e-14	3.12494e-15	1.1539e-16	3.73851e-18	1.06714e-19	2.69419e-21	6.03888e-23	1.20641e-24	2.16329e-26	3.64673e-28	9.92539e-30	
N31	0.136035	0.200935	0.255446	0.223662	0.12623	0.0453028	0.0105478	0.00164805	0.000179028	1.39641e-05	8.04309e-07	3.50421e-08	1.17886e-09	3.11718e-11	6.57955e-13	1.12369e-14	1.57149e-16	1.81896e-18	1.75928e-20	1.43418e-22	9.9319e-25	5.88486e-27	3.00308e-29	1.32786e-31	5.11594e-34	1.72637e-36	5.12718e-39	1.3463e-41	3.14196e-44	6.64924e-47	1.82171e-49	
ADCATR_Bembidion_transversale	0	1	0	0	0	0	0	0	0	0	0	0	0	0	0	0	0	0	0	0	0	0	0	0	0	0	0	0	0	0	0	
ADCATR_Bembidion_mexicanum	0	0	0	0	1	0	0	0	0	0	0	0	0	0	0	0	0	0	0	0	0	0	0	0	0	0	0	0	0	0	0	
ADCATR_Bembidion_sejunctum	0	0	0	0	0	1	0	0	0	0	0	0	0	0	0	0	0	0	0	0	0	0	0	0	0	0	0	0	0	0	0	
N32	0.0217876	0.033531	0.0574039	0.0924605	0.130798	0.158086	0.161273	0.13808	0.098958	0.0593092	0.029732	0.0124795	0.00439322	0.00130009	0.000324321	6.84203e-05	1.22502e-05	1.86855e-06	2.43783e-07	2.73165e-08	2.63986e-09	2.20942e-10	1.60812e-11	1.02203e-12	5.69428e-14	2.79208e-15	1.20943e-16	4.64741e-18	1.59915e-19	5.26123e-21	3.00481e-22	
ADCATR_Bembidion_levigatum	0	0	0	0	0	1	0	0	0	0	0	0	0	0	0	0	0	0	0	0	0	0	0	0	0	0	0	0	0	0	0	
ADCATR_Bembidion_decorum	0	0	0	0	0	0	0	0	0	0	0	1	0	0	0	0	0	0	0	0	0	0	0	0	0	0	0	0	0	0	0	
N33	0.223757	0.215941	0.187389	0.145967	0.101658	0.0629967	0.0345726	0.0167354	0.00712329	0.00266035	0.000870707	0.000249621	6.26974e-05	1.38067e-05	2.66867e-06	4.53427e-07	6.78388e-08	8.95459e-09	1.04499e-09	1.0805e-10	9.92117e-12	8.10829e-13	5.912e-14	3.85476e-15	2.25294e-16	1.18329e-17	5.60359e-19	2.40955e-20	9.63876e-22	3.96591e-23	2.667e-24	
ADCATR_Bembidion_punctulatum	0	0	0	0	0	1	0	0	0	0	0	0	0	0	0	0	0	0	0	0	0	0	0	0	0	0	0	0	0	0	0	
ADCATR_Bembidion_articulatum	0	0	1	0	0	0	0	0	0	0	0	0	0	0	0	0	0	0	0	0	0	0	0	0	0	0	0	0	0	0	0	
N34	0.112824	0.190717	0.277389	0.247625	0.125622	0.037689	0.00713965	0.000907547	8.14041e-05	5.36564e-06	2.68535e-07	1.048e-08	3.26021e-10	8.23453e-12	1.71511e-13	2.98523e-15	4.39226e-17	5.51791e-19	5.97125e-21	5.60984e-23	4.60739e-25	3.32886e-27	2.12778e-29	1.20946e-31	6.14304e-34	2.80142e-36	1.15351e-38	4.3283e-41	1.51185e-43	5.19941e-46	2.27792e-48	
ADCATR_Bembidion_tairuense	0	0	1	0	0	0	0	0	0	0	0	0	0	0	0	0	0	0	0	0	0	0	0	0	0	0	0	0	0	0	0	
ADCATR_Bembidion_quadrimaculatum	0	0	0	1	0	0	0	0	0	0	0	0	0	0	0	0	0	0	0	0	0	0	0	0	0	0	0	0	0	0	0	
N35	0.176616	0.180142	0.172542	0.152545	0.122202	0.0872938	0.0549406	0.0302174	0.0144507	0.00599268	0.00215289	0.000670164	0.000180948	4.24479e-05	8.66919e-06	1.54503e-06	2.409e-07	3.29478e-08	3.96362e-09	4.20566e-10	3.94686e-11	3.28504e-12	2.43153e-13	1.60484e-14	9.47012e-16	5.01009e-17	2.38423e-18	1.02691e-19	4.08243e-21	1.63643e-22	1.09728e-23	
N36	0.166419	0.177374	0.179944	0.165385	0.132453	0.0900672	0.0511563	0.0240274	0.00927888	0.00293815	0.00076243	0.000162303	2.84064e-05	4.10025e-06	4.89904e-07	4.86526e-08	4.03366e-09	2.80458e-10	1.64292e-11	8.14622e-13	3.43465e-14	1.23696e-15	3.82201e-17	1.01756e-18	2.34404e-20	4.69098e-22	8.18743e-24	1.25114e-25	1.68324e-27	2.06263e-29	3.86539e-31	
N37	0.197428	0.20785	0.20191	0.169356	0.117074	0.0648987	0.0284242	0.00976813	0.00262938	0.000555386	9.24397e-05	1.21942e-05	1.28356e-06	1.08599e-07	7.44168e-09	4.16155e-10	1.91354e-11	7.28776e-13	2.31519e-14	6.17665e-16	1.39284e-17	2.67116e-19	4.38217e-21	6.18409e-23	7.54643e-25	8.00292e-27	7.41047e-29	6.01855e-31	4.30916e-33	2.78261e-35	2.56195e-37	
N38	0.293028	0.279838	0.220437	0.131183	0.0555213	0.0162358	0.00325858	0.000451807	4.38621e-05	3.03148e-06	1.51812e-07	5.60579e-09	1.55207e-10	3.27311e-12	5.33501e-14	6.8125e-16	6.90069e-18	5.609e-20	3.69731e-22	1.99591e-24	8.90367e-27	3.30977e-29	1.0332e-31	2.72802e-34	6.13313e-37	1.18136e-39	1.96092e-42	2.82014e-45	3.53382e-48	3.92514e-51	5.42008e-54	
ADCATR_Bembidion_balli	0	0	1	0	0	0	0	0	0	0	0	0	0	0	0	0	0	0	0	0	0	0	0	0	0	0	0	0	0	0	0	
N39	0.291834	0.281355	0.222698	0.131335	0.0542277	0.0152397	0.00289862	0.000375906	3.3716e-05	2.12823e-06	9.62989e-08	3.18108e-09	7.80683e-11	1.44699e-12	2.05683e-14	2.27419e-16	1.98165e-18	1.37731e-20	7.72079e-23	3.52667e-25	1.32509e-27	4.13145e-30	1.07757e-32	2.36886e-35	4.41984e-38	7.04474e-41	9.65029e-44	1.14257e-46	1.17548e-49	1.06073e-52	1.12185e-55	
ADCATR_Bembidion_lapponicum	0	1	0	0	0	0	0	0	0	0	0	0	0	0	0	0	0	0	0	0	0	0	0	0	0	0	0	0	0	0	0	
ADCATR_Bembidion_confusum	0	0	0	1	0	0	0	0	0	0	0	0	0	0	0	0	0	0	0	0	0	0	0	0	0	0	0	0	0	0	0	
N40	0.0961653	0.136186	0.191896	0.219149	0.184496	0.109994	0.0457484	0.0132492	0.0026873	0.000385734	3.97025e-05	2.97323e-06	1.64459e-07	6.82026e-09	2.15156e-10	5.23497e-12	9.95263e-14	1.49666e-15	1.80057e-17	1.75144e-19	1.39109e-21	9.10442e-24	4.95197e-26	2.25611e-28	8.67337e-31	2.83291e-33	7.91166e-36	1.90056e-38	3.94953e-41	7.17697e-44	1.58783e-46	
N41	0.0895568	0.136171	0.20836	0.243497	0.190383	0.0949713	0.03005	0.00611494	0.000818448	7.39106e-05	4.62065e-06	2.04957e-07	6.59994e-09	1.57573e-10	2.84336e-12	3.94606e-14	4.2791e-16	3.6782e-18	2.53908e-20	1.42439e-22	6.56425e-25	2.50977e-27	8.03344e-30	2.17064e-32	4.98887e-35	9.82199e-38	1.66724e-40	2.45477e-43	3.1527e-46	3.56362e-49	4.75696e-52	
N42	0.0579176	0.117742	0.229952	0.290524	0.205809	0.0790812	0.0167724	0.00204475	0.00015019	6.95712e-06	2.11831e-07	4.39754e-09	6.42668e-11	6.79917e-13	5.33626e-15	3.17433e-17	1.45856e-19	5.26426e-22	1.51487e-24	3.52235e-27	6.69757e-30	1.05275e-32	1.38136e-35	1.5266e-38	1.43254e-41	1.14993e-44	7.95039e-48	4.76407e-51	2.48865e-54	1.14107e-57	5.74382e-61	
ADCATR_Bembidion_rothfelsi	0	0	0	1	0	0	0	0	0	0	0	0	0	0	0	0	0	0	0	0	0	0	0	0	0	0	0	0	0	0	0	
N43	0.0236092	0.081795	0.228958	0.338535	0.238692	0.0766632	0.0109488	0.00076789	2.93129e-05	6.61772e-07	9.43123e-09	8.93619e-11	5.87069e-13	2.76819e-15	9.64355e-18	2.54367e-20	5.18795e-23	8.33205e-26	1.07062e-28	1.11615e-31	9.55888e-35	6.79982e-38	4.05795e-41	2.04986e-44	8.83634e-48	3.2746e-51	1.05029e-54	2.93364e-58	7.17668e-62	1.54662e-65	3.49426e-69	
N44	0.000916397	0.391256	0.605167	0.00265761	3.19396e-06	1.54122e-09	3.55467e-13	4.36603e-17	3.08691e-21	1.33302e-25	3.6807e-30	6.73319e-35	8.38625e-40	7.25945e-45	4.43279e-50	1.92805e-55	6.00274e-61	1.33771e-66	2.12216e-72	2.36811e-78	1.8211e-84	9.34078e-91	3.03378e-97	5.72297e-104	5.34498e-111	1.69595e-118	3.97305e-84	2.12726e-46	1.75325e-47	1.38128e-48	1.11663e-49	
ADCATR_Bembidion_louisella	0	0	1	0	0	0	0	0	0	0	0	0	0	0	0	0	0	0	0	0	0	0	0	0	0	0	0	0	0	0	0	
ADCATR_Bembidion_bellorum	0	1	0	0	0	0	0	0	0	0	0	0	0	0	0	0	0	0	0	0	0	0	0	0	0	0	0	0	0	0	0	
ADCATR_Bembidion_chalceum	0	0	0	0	0	1	0	0	0	0	0	0	0	0	0	0	0	0	0	0	0	0	0	0	0	0	0	0	0	0	0	
N45	0.00108489	0.0175756	0.167129	0.383921	0.324037	0.0990981	0.00694869	0.000203546	3.13719e-06	2.88049e-08	1.70554e-10	6.88675e-13	1.97792e-15	4.17678e-18	6.66218e-21	8.20871e-24	7.96308e-27	6.1822e-30	3.89629e-33	2.01858e-36	8.69261e-40	3.14246e-43	9.62208e-47	2.51559e-50	5.65654e-54	1.10125e-57	1.86761e-61	2.77442e-65	3.62917e-69	4.2128e-73	5.2439e-77	
ADCATR_Bembidion_americanum	0	0	0	0	0	1	0	0	0	0	0	0	0	0	0	0	0	0	0	0	0	0	0	0	0	0	0	0	0	0	0	
ADCATR_Bembidion_bifossulatum	0	0	1	0	0	0	0	0	0	0	0	0	0	0	0	0	0	0	0	0	0	0	0	0	0	0	0	0	0	0	0	
N46	0.0482456	0.0805696	0.143295	0.208933	0.223511	0.167891	0.0871222	0.0311653	0.0077355	0.00134841	0.000167619	1.51126e-05	1.00555e-06	5.02249e-08	1.91408e-09	5.65183e-11	1.31161e-12	2.42403e-14	3.61143e-16	4.38623e-18	4.38777e-20	3.64966e-22	2.54626e-24	1.50206e-26	7.54789e-29	3.25313e-31	1.21025e-33	3.90939e-36	1.10278e-38	2.75464e-41	8.80279e-44	
N47	5.56656e-07	2.71183e-05	0.000996933	0.0199332	0.174899	0.459166	0.284648	0.0563606	0.00385059	0.000115349	1.79761e-06	1.63361e-08	9.37459e-11	3.60114e-13	9.68161e-16	1.8868e-18	2.74235e-21	3.04333e-24	2.63022e-27	1.80042e-30	9.90405e-34	4.43417e-37	1.63383e-40	5.00347e-44	1.28472e-47	2.78755e-51	5.14713e-55	8.13938e-59	1.10879e-62	1.31422e-66	1.68275e-70	
N48	3.41362e-08	4.20389e-06	0.0003893	0.0158542	0.212421	0.547513	0.204817	0.0184876	0.000507866	5.41186e-06	2.68385e-08	7.04826e-11	1.07649e-13	1.02586e-16	6.44155e-20	2.78331e-23	8.57318e-27	1.93843e-30	3.29758e-34	4.31032e-38	4.40828e-42	3.58367e-46	2.34801e-50	1.25516e-54	5.53417e-59	2.03227e-63	6.27017e-68	1.63821e-72	3.6505e-77	6.98354e-82	1.24969e-86	
N49	5.42281e-09	1.47489e-06	0.000260976	0.0180231	0.328135	0.569455	0.0815942	0.00250546	2.48223e-05	1.0293e-07	2.12346e-10	2.45624e-13	1.73666e-16	8.00755e-20	2.53161e-23	5.711e-27	9.49509e-31	1.19503e-34	1.16444e-38	8.95388e-43	5.52339e-47	2.77272e-51	1.14695e-55	3.95296e-60	1.1463e-64	2.82151e-69	5.94148e-74	1.07801e-78	1.69618e-83	2.32808e-88	3.00141e-93	
ADCATR_Bembidion_honestum	0	0	0	0	0	1	0	0	0	0	0	0	0	0	0	0	0	0	0	0	0	0	0	0	0	0	0	0	0	0	0	
ADCATR_Bembidion_arenobilis	0	0	0	0	1	0	0	0	0	0	0	0	0	0	0	0	0	0	0	0	0	0	0	0	0	0	0	0	0	0	0	
ADCATR_Bembidion_rufotinctum	0	0	0	0	0	1	0	0	0	0	0	0	0	0	0	0	0	0	0	0	0	0	0	0	0	0	0	0	0	0	0	
ADCATR_Bembidion_integrum	0	0	0	0	0	0	0	1	0	0	0	0	0	0	0	0	0	0	0	0	0	0	0	0	0	0	0	0	0	0	0	
ADCATR_Bembidion_antiquum	0	0	0	0	0	1	0	0	0	0	0	0	0	0	0	0	0	0	0	0	0	0	0	0	0	0	0	0	0	0	0	
N50	0.102113	0.123796	0.151897	0.170128	0.163469	0.130468	0.0850783	0.0449541	0.0191734	0.00659432	0.00183048	0.000411031	7.49114e-05	1.11269e-05	1.35332e-06	1.35469e-07	1.12208e-08	7.733e-10	4.45887e-11	2.16302e-12	8.87612e-14	3.09766e-15	9.24153e-17	2.36884e-18	5.24219e-20	1.00622e-21	1.68275e-23	2.46251e-25	3.17072e-27	3.70673e-29	6.60948e-31	
N51	0.0416745	0.0703551	0.126734	0.190539	0.217004	0.180454	0.108135	0.0466203	0.014538	0.00331099	0.000557555	7.03795e-05	6.75445e-06	4.99814e-07	2.89046e-08	1.32315e-09	4.85206e-11	1.44124e-12	3.50352e-14	7.03648e-16	1.17789e-17	1.65682e-19	1.97303e-21	2.00309e-23	1.74497e-25	1.31221e-27	8.56613e-30	4.88024e-32	2.44134e-34	1.09832e-36	6.74666e-39	
N52	0.00392185	0.0136159	0.0493605	0.131308	0.23226	0.263739	0.189827	0.0861912	0.0246915	0.00450422	0.000535745	4.28822e-05	2.38646e-06	9.51867e-08	2.79561e-09	6.19062e-11	1.05516e-12	1.40955e-14	1.4994e-16	1.28804e-18	9.04774e-21	5.25533e-23	2.54958e-25	1.04252e-27	3.62265e-30	1.07782e-32	2.76459e-35	6.15197e-38	1.19467e-40	2.04498e-43	4.27059e-46	
ADCATR_Bembidion_californicum	0	0	0	1	0	0	0	0	0	0	0	0	0	0	0	0	0	0	0	0	0	0	0	0	0	0	0	0	0	0	0	
ADCATR_Bembidion_concolor	0	0	0	0	0	0	0	0	1	0	0	0	0	0	0	0	0	0	0	0	0	0	0	0	0	0	0	0	0	0	0	
N53	0.0224659	0.057878	0.15334	0.271206	0.276083	0.156615	0.0510153	0.0100339	0.00125333	0.000103953	5.9466e-06	2.42276e-07	7.22515e-09	1.6147e-10	2.76009e-12	3.67377e-14	3.86842e-16	3.26814e-18	2.2433e-20	1.26538e-22	5.9259e-25	2.32561e-27	7.71356e-30	2.17914e-32	5.2811e-35	1.10516e-37	2.00916e-40	3.19106e-43	4.45132e-46	5.50667e-49	8.17806e-52	
ADCATR_Bembidion_lampros	0	0	0	1	0	0	0	0	0	0	0	0	0	0	0	0	0	0	0	0	0	0	0	0	0	0	0	0	0	0	0	
ADCATR_Bembidion_planatum	0	0	0	0	1	0	0	0	0	0	0	0	0	0	0	0	0	0	0	0	0	0	0	0	0	0	0	0	0	0	0	
N54	0.00222199	0.00659023	0.0236435	0.0695095	0.149535	0.226275	0.236423	0.168938	0.0822438	0.0273072	0.00621696	0.000979306	0.000108004	8.45493e-06	4.76834e-07	1.96701e-08	6.02516e-10	1.39054e-11	2.45182e-13	3.34644e-15	3.57933e-17	3.03478e-19	2.06156e-21	1.13322e-23	5.08734e-26	1.88133e-28	5.78773e-31	1.59709e-33	1.24231e-35	6.2595e-37	4.65263e-38	
N55	9.79607e-05	0.000668247	0.00455619	0.0232252	0.0806019	0.182804	0.265494	0.243362	0.138807	0.0485821	0.0103422	0.00134496	0.000109084	5.70301e-06	1.9942e-07	4.83198e-09	8.37463e-11	1.06745e-12	1.025e-14	7.57151e-17	4.38165e-19	2.01855e-21	7.50797e-24	2.28316e-26	5.74052e-29	1.20543e-31	2.13332e-34	3.20834e-37	4.13142e-40	4.60303e-43	5.93304e-46	
ADCATR_Bembidion_inaequale	0	0	1	0	0	0	0	0	0	0	0	0	0	0	0	0	0	0	0	0	0	0	0	0	0	0	0	0	0	0	0	
N56	2.32508e-08	4.95238e-07	1.13894e-05	0.000193123	0.00222254	0.0164899	0.0756084	0.205211	0.313788	0.255719	0.10597	0.0222245	0.00241306	0.00014467	5.146e-06	1.15712e-07	1.7333e-09	1.8053e-11	1.35419e-13	7.53285e-16	3.18466e-18	1.04493e-20	2.70928e-23	5.63861e-26	9.55015e-29	1.33243e-31	1.54799e-34	1.51214e-37	1.25288e-40	8.89205e-44	6.95066e-47	
ADCATR_Bembidion_obtusum	0	0	0	0	0	0	0	0	0	0	0	1	0	0	0	0	0	0	0	0	0	0	0	0	0	0	0	0	0	0	0	
ADCATR_Bembidion_properans	0	0	0	0	0	0	0	0	0	1	0	0	0	0	0	0	0	0	0	0	0	0	0	0	0	0	0	0	0	0	0	
N57	0.00218564	0.00640054	0.0229517	0.0679606	0.147516	0.225186	0.23725	0.170917	0.0839073	0.0281098	0.00646247	0.001029	0.000114844	9.10945e-06	5.21255e-07	2.18487e-08	6.81091e-10	1.60242e-11	2.88555e-13	4.03005e-15	4.4199e-17	3.85091e-19	2.69428e-21	1.52899e-23	7.10374e-26	2.73241e-28	9.77723e-31	1.43343e-32	1.06957e-33	7.72944e-35	6.51047e-36	
ADCATR_Bembidion_levettei	0	0	0	0	1	0	0	0	0	0	0	0	0	0	0	0	0	0	0	0	0	0	0	0	0	0	0	0	0	0	0	
ADCATR_Bembidion_levettei_carrianum	0	0	0	0	0	0	0	0	0	1	0	0	0	0	0	0	0	0	0	0	0	0	0	0	0	0	0	0	0	0	0	
ADCATR_Bembidion_rapidum	0	0	0	0	0	0	0	1	0	0	0	0	0	0	0	0	0	0	0	0	0	0	0	0	0	0	0	0	0	0	0	
ADCATR_Bembidion_coxendix	0	0	0	0	0	0	0	0	1	0	0	0	0	0	0	0	0	0	0	0	0	0	0	0	0	0	0	0	0	0	0	
ADCATR_Pogonus_chalceus	0	0	0	0	0	0	0	0	1	0	0	0	0	0	0	0	0	0	0	0	0	0	0	0	0	0	0	0	0	0	0	
N58	0.184071	0.182507	0.167387	0.142256	0.112082	0.0818407	0.0553384	0.034615	0.0200086	0.010677	0.00525507	0.00238393	0.000996219	0.000383354	0.00013581	4.42911e-05	1.32978e-05	3.67614e-06	9.35994e-07	2.19573e-07	4.74787e-08	9.4679e-09	1.74217e-09	2.95994e-10	4.64681e-11	6.7479e-12	9.08526e-13	1.14317e-13	1.38955e-14	1.87964e-15	4.66657e-16	
N59	0.105657	0.116124	0.127026	0.133707	0.131605	0.118735	0.0969559	0.0711155	0.0466511	0.0273072	0.0142495	0.00662809	0.00274959	0.00101821	0.000337	9.98304e-05	2.65113e-05	6.32235e-06	1.35638e-06	2.6227e-07	4.57925e-08	7.23353e-09	1.03573e-09	1.34685e-10	1.5937e-11	1.7196e-12	1.69677e-13	1.54111e-14	1.32085e-15	1.20354e-16	2.01206e-17	
ADCATR_Trechus_quadristriatus	0	0	0	0	0	0	0	1	0	0	0	0	0	0	0	0	0	0	0	0	0	0	0	0	0	0	0	0	0	0	0	
ADCATR_Trechus_obtusus	0	0	0	0	1	0	0	0	0	0	0	0	0	0	0	0	0	0	0	0	0	0	0	0	0	0	0	0	0	0	0	
N60	0.17826	0.177983	0.165279	0.142689	0.11431	0.0847648	0.0580337	0.0365999	0.0212222	0.0112972	0.00551505	0.00246725	0.00101104	0.000379436	0.000130415	4.10597e-05	1.18455e-05	3.13284e-06	7.60002e-07	1.69226e-07	3.46109e-08	6.50724e-09	1.12561e-09	1.79298e-10	2.63262e-11	3.56739e-12	4.47109e-13	5.21921e-14	5.84909e-15	7.22868e-16	1.65812e-16	
ADCATR_Perileptus_areolatus	0	0	0	0	0	1	0	0	0	0	0	0	0	0	0	0	0	0	0	0	0	0	0	0	0	0	0	0	0	0	0	
ADCATR_Bembidion_ruficorne	0	0	1	0	0	0	0	0	0	0	0	0	0	0	0	0	0	0	0	0	0	0	0	0	0	0	0	0	0	0	0	
N61	0.217257	0.210865	0.184943	0.146281	0.103982	0.0661951	0.0376293	0.0190599	0.00858973	0.00344141	0.00122529	0.000387709	0.000109067	2.72947e-05	6.08169e-06	1.20777e-06	2.14026e-07	3.38886e-08	4.80142e-09	6.09677e-10	6.95011e-11	7.12663e-12	6.58808e-13	5.506e-14	4.17597e-15	2.88996e-16	1.8401e-17	1.09207e-18	6.17649e-20	3.5257e-21	2.90582e-22	
ADCASC_Dyschirius_sp	0	0	1	0	0	0	0	0	0	0	0	0	0	0	0	0	0	0	0	0	0	0	0	0	0	0	0	0	0	0	0	
N62	0.146913	0.153129	0.153031	0.144233	0.12613	0.100993	0.0733303	0.0479637	0.0281363	0.0147613	0.0069143	0.0028889	0.00107625	0.000357515	0.000105927	2.80079e-05	6.61312e-06	1.39553e-06	2.63435e-07	4.45293e-08	6.7471e-09	9.17441e-10	1.12084e-10	1.23182e-11	1.21947e-12	1.0891e-13	8.79506e-15	6.45912e-16	4.41308e-17	3.12882e-18	3.9398e-19	
N63	0.11467	0.122938	0.129362	0.130825	0.124799	0.110781	0.0906904	0.0680789	0.0466917	0.0291895	0.0166077	0.00859164	0.00403905	0.0017251	0.000669387	0.000236026	7.56533e-05	2.20552e-05	5.85189e-06	1.41424e-06	3.11582e-07	6.26443e-08	1.15067e-08	1.93371e-09	2.97885e-10	4.21963e-11	5.52864e-12	6.78575e-13	8.05833e-14	1.0319e-14	2.24107e-15	
N64	0.0454175	0.0587966	0.0806923	0.106155	0.127718	0.137826	0.132224	0.112209	0.0839684	0.0552901	0.031991	0.0162529	0.00724843	0.00283825	0.000976321	0.000295288	7.86147e-05	1.8448e-05	3.82162e-06	7.00034e-07	1.13589e-07	1.63572e-08	2.09449e-09	2.38967e-10	2.43481e-11	2.22176e-12	1.82401e-13	1.36116e-14	9.5106e-16	6.9067e-17	8.37144e-18	
N65	0.0548835	0.0623347	0.0728797	0.0850058	0.0963411	0.10415	0.106112	0.101114	0.089677	0.0737934	0.0562257	0.0396147	0.0257879	0.0155021	0.00860335	0.00440767	0.00208471	0.000910453	0.000367261	0.000136889	4.71679e-05	1.50343e-05	4.43633e-06	1.21333e-06	3.08165e-07	7.29473e-08	1.62186e-08	3.44926e-09	7.35694e-10	1.79609e-10	7.11098e-11	
ADCABR_Pheropsophus_sp	0	0	0	1	0	0	0	0	0	0	0	0	0	0	0	0	0	0	0	0	0	0	0	0	0	0	0	0	0	0	0	
ADCABR_Brachinus_sp	0	0	0	0	0	0	0	0	0	0	0	0	0	0	1	0	0	0	0	0	0	0	0	0	0	0	0	0	0	0	0	
N66	0.0289307	0.0418464	0.065016	0.0947072	0.123564	0.142296	0.14374	0.126881	0.0976044	0.0653026	0.0379501	0.0191434	0.00838117	0.00318601	0.00105251	0.000302547	7.57944e-05	1.65793e-05	3.17306e-06	5.32521e-07	7.8552e-08	1.02093e-08	1.17204e-09	1.19167e-10	1.07633e-11	8.66955e-13	6.2663e-14	4.11448e-15	2.52535e-16	1.58115e-17	1.62332e-18	
N67	0.000696563	0.00173509	0.0053365	0.0154645	0.0385864	0.0796737	0.13333	0.17866	0.190283	0.160359	0.106673	0.0559717	0.0231808	0.00759212	0.00197214	0.000407829	6.74347e-05	8.95883e-06	9.61212e-07	8.37348e-08	5.95489e-09	3.47612e-10	1.67469e-11	6.69479e-13	2.23268e-14	6.24507e-16	1.47341e-17	2.95375e-19	5.11757e-21	8.27172e-23	2.02947e-24	
N68	0.00202016	0.00330912	0.0067644	0.0144767	0.0293774	0.0537984	0.0867391	0.121563	0.147087	0.153101	0.136863	0.105031	0.0692269	0.0392322	0.0191481	0.00806475	0.0029379	0.000928022	0.000254873	6.10341e-05	1.27823e-05	2.34868e-06	3.79977e-07	5.43477e-08	6.90692e-09	7.8516e-10	8.05858e-11	7.57156e-12	6.66713e-13	5.87403e-14	7.59426e-15	
ADCAHA_Sphallomorpha_sp	0	0	0	0	0	0	0	0	0	0	0	0	0	0	0	0	0	0	1	0	0	0	0	0	0	0	0	0	0	0	0	
N69	0.00436485	0.00642185	0.0112582	0.0206541	0.0365983	0.0599433	0.0886182	0.116728	0.136019	0.139674	0.126138	0.100093	0.0697773	0.0427485	0.0230315	0.0109229	0.00456548	0.00168409	0.000549087	0.000158501	4.05797e-05	9.23164e-06	1.86981e-06	3.37896e-07	5.46134e-08	7.92062e-09	1.03651e-09	1.23916e-10	1.401e-11	1.68378e-12	3.40615e-13	
ADCAHA_Galerita_sp	0	0	0	0	0	0	0	0	0	0	0	1	0	0	0	0	0	0	0	0	0	0	0	0	0	0	0	0	0	0	0	
N70	0.0017722	0.00318569	0.00733623	0.0173853	0.0378316	0.0716373	0.114986	0.154347	0.172008	0.158546	0.12066	0.0757923	0.0393207	0.0168724	0.00600043	0.0017732	0.000436714	8.99385e-05	1.55437e-05	2.26286e-06	2.7858e-07	2.91176e-08	2.59428e-09	1.97823e-10	1.29628e-11	7.32995e-13	3.59464e-14	1.54184e-15	5.92388e-17	2.24268e-18	1.37368e-19	
N71	0.00167573	0.00305586	0.00716883	0.0172724	0.0380658	0.0726818	0.117105	0.157069	0.174117	0.158923	0.119231	0.0735021	0.0372569	0.0155501	0.00535515	0.0015256	0.000360617	7.09638e-05	1.16676e-05	1.60894e-06	1.86821e-07	1.834e-08	1.52838e-09	1.08569e-10	6.60093e-12	3.44922e-13	1.55592e-14	6.09667e-16	2.11001e-17	7.06031e-19	4.2912e-20	
ADCAHA_Drypta_sp	0	0	0	0	0	1	0	0	0	0	0	0	0	0	0	0	0	0	0	0	0	0	0	0	0	0	0	0	0	0	0	
ADCAHA_Macrocheilus_sp	0	0	0	0	0	0	0	0	0	0	0	1	0	0	0	0	0	0	0	0	0	0	0	0	0	0	0	0	0	0	0	
ADCAHA_Anthia_sp	0	0	0	0	0	0	0	0	0	1	0	0	0	0	0	0	0	0	0	0	0	0	0	0	0	0	0	0	0	0	0	
N72	0.000507893	0.0012889	0.00414241	0.0127081	0.0336242	0.073269	0.128377	0.178459	0.195271	0.167404	0.112167	0.0586975	0.0240077	0.00768949	0.00193439	0.000383642	6.02502e-05	7.5293e-06	7.52607e-07	6.04979e-08	3.9324e-09	2.07836e-10	8.98101e-12	3.19037e-13	9.36736e-15	2.28566e-16	4.66179e-18	8.01165e-20	1.18234e-21	1.61524e-23	3.39822e-25	
N73	0.000119191	0.000344516	0.00140871	0.00558484	0.0186946	0.0500878	0.104735	0.168536	0.206951	0.192969	0.136313	0.0729281	0.0295925	0.00913354	0.00215292	0.000389516	5.44047e-05	5.90358e-06	5.01062e-07	3.34975e-08	1.77661e-09	7.52949e-11	2.56838e-12	7.1017e-14	1.60289e-15	2.97331e-17	4.56305e-19	5.83237e-21	6.26468e-23	5.86874e-25	7.68716e-27	
N74	1.12154e-06	5.22955e-06	3.43898e-05	0.000213056	0.00111374	0.00472718	0.0160153	0.0429076	0.0903722	0.149049	0.192008	0.192939	0.151186	0.0924484	0.0441864	0.0165479	0.00487133	0.00113152	0.000208296	3.05342e-05	3.5827e-06	3.38296e-07	2.58504e-08	1.60767e-09	8.1845e-11	3.43067e-12	1.191e-13	3.44571e-15	8.38341e-17	1.80039e-18	6.07164e-20	
N75	4.97775e-06	1.864e-05	9.47353e-05	0.000456474	0.00190569	0.00668261	0.0193804	0.0460464	0.0890675	0.139668	0.177071	0.181227	0.149678	0.0998206	0.0538363	0.0235365	0.00836648	0.00242694	0.000576861	0.000112854	1.82574e-05	2.45449e-06	2.75572e-07	2.59677e-08	2.06409e-09	1.39098e-10	7.99131e-12	3.94627e-13	1.71224e-14	7.16511e-16	4.77677e-17	
N76	0.000241344	0.000606631	0.00194811	0.00608619	0.0168204	0.0394549	0.077007	0.12388	0.163561	0.176989	0.156993	0.11428	0.0683873	0.0337155	0.0137285	0.00462991	0.00129727	0.000303024	5.92274e-05	9.72511e-06	1.34717e-06	1.58133e-07	1.57999e-08	1.34998e-09	9.90987e-11	6.28032e-12	3.45559e-13	1.66616e-14	7.22113e-16	3.10217e-17	2.11293e-18	
N77	0.00284557	0.00701782	0.0215812	0.0583535	0.122346	0.19073	0.218534	0.184221	0.115072	0.0538014	0.0190446	0.00516413	0.00108506	0.00017861	2.32715e-05	2.42322e-06	2.03476e-07	1.38942e-08	7.77616e-10	3.59354e-11	1.38081e-12	4.44085e-14	1.20293e-15	2.7609e-17	5.39958e-19	9.04751e-21	1.3057e-22	1.63193e-24	1.78245e-26	1.77436e-28	2.58247e-30	
ADCAHA_Poecilus_cupreus	0	0	0	0	1	0	0	0	0	0	0	0	0	0	0	0	0	0	0	0	0	0	0	0	0	0	0	0	0	0	0	
N78	0.000118379	0.00195661	0.0278721	0.188649	0.402639	0.301659	0.0696799	0.00703539	0.000377694	1.212e-05	2.51126e-07	3.5489e-09	3.56406e-11	2.62656e-13	1.45777e-15	6.22557e-18	2.08335e-20	5.5493e-23	1.19271e-25	2.0936e-28	3.03369e-31	3.66402e-34	3.72079e-37	3.20217e-40	2.35248e-43	1.48511e-46	8.10591e-50	3.84696e-53	1.59683e-56	5.89368e-60	2.50934e-63	
ADCAHA_Poecilus_versicolor	0	0	0	0	0	1	0	0	0	0	0	0	0	0	0	0	0	0	0	0	0	0	0	0	0	0	0	0	0	0	0	
ADCAHA_Poecilus_lucublandus	0	0	0	1	0	0	0	0	0	0	0	0	0	0	0	0	0	0	0	0	0	0	0	0	0	0	0	0	0	0	0	
ADCAHA_Poecilus_chalcites	0	0	0	0	0	0	0	0	0	0	0	0	0	0	0	0	1	0	0	0	0	0	0	0	0	0	0	0	0	0	0	
N79	1.75835e-06	5.84329e-06	2.9071e-05	0.000145175	0.000641426	0.00241698	0.00767127	0.0203905	0.0452249	0.0834764	0.12798	0.162762	0.171608	0.150008	0.108792	0.0655484	0.0328728	0.0137552	0.00481598	0.00141541	0.000350406	7.33459e-05	1.3032e-05	1.9738e-06	2.56026e-07	2.86036e-08	2.77471e-09	2.36953e-10	1.83244e-11	1.39302e-12	1.64828e-13	
ADCAHA_Pterostichus_oblongopunctatus	0	0	0	0	0	0	0	0	0	0	0	0	0	0	0	0	0	0	1	0	0	0	0	0	0	0	0	0	0	0	0	
N80	4.32755e-08	2.81259e-07	2.58463e-06	2.21458e-05	0.00015844	0.000912147	0.00416053	0.0149041	0.0416703	0.0904859	0.152025	0.197078	0.196819	0.151366	0.0897176	0.0410666	0.0145616	0.00401625	0.0008659	0.000146756	1.96734e-05	2.09969e-06	1.79621e-07	1.24017e-08	6.95871e-10	3.19514e-11	1.20893e-12	3.80041e-14	1.01002e-15	2.45742e-17	9.07218e-19	
N81	5.83536e-16	5.58161e-14	5.77444e-12	4.93287e-10	3.24972e-08	1.57109e-06	5.30617e-05	0.00117868	0.0158513	0.114093	0.360867	0.36804	0.121019	0.0174807	0.00135055	6.31023e-05	1.93523e-06	4.12817e-08	6.39485e-10	7.43672e-12	6.6663e-14	4.70641e-16	2.66424e-18	1.22777e-20	4.66644e-23	1.47957e-25	3.95469e-28	9.01152e-31	1.78413e-33	3.244e-36	7.16004e-39	
ADCAHA_Oodes_sp	0	0	0	0	0	0	0	0	0	0	1	0	0	0	0	0	0	0	0	0	0	0	0	0	0	0	0	0	0	0	0	
ADCAHA_Agonum_marginatum	0	0	0	0	0	0	0	0	0	0	0	1	0	0	0	0	0	0	0	0	0	0	0	0	0	0	0	0	0	0	0	
N82	1.5043e-08	1.00589e-07	1.09454e-06	1.11219e-05	9.24465e-05	0.00060642	0.00309549	0.0121984	0.0368994	0.085301	0.150178	0.200862	0.203792	0.156778	0.0915073	0.0405893	0.013718	0.00354508	0.00070354	0.000107759	1.28095e-05	1.18886e-06	8.66942e-08	4.9997e-09	2.29553e-10	8.44733e-12	2.50837e-13	6.05383e-15	1.20083e-16	2.06403e-18	5.44428e-20	
N83	4.40222e-08	2.75283e-07	2.51113e-06	2.12225e-05	0.00014938	0.000848667	0.00384072	0.0137348	0.0385744	0.0846624	0.144644	0.19183	0.197177	0.157027	0.0969799	0.0465498	0.0174227	0.00510683	0.00117833	0.000215284	3.13442e-05	3.66132e-06	3.45531e-07	2.65327e-08	1.66957e-09	8.67006e-11	3.74252e-12	1.35445e-13	4.18384e-15	1.19245e-16	5.25047e-18	
ADCAHA_Agonum_muelleri	0	0	0	0	0	0	0	0	0	0	0	0	0	0	0	1	0	0	0	0	0	0	0	0	0	0	0	0	0	0	0	
N84	1.30354e-11	5.29504e-10	2.50863e-08	9.39762e-07	2.54858e-05	0.000469618	0.00547835	0.0370325	0.132923	0.26261	0.2946	0.187591	0.0656803	0.0121891	0.0013073	8.8384e-05	4.02565e-06	1.29813e-07	3.07787e-09	5.52719e-11	7.69901e-13	8.48333e-15	7.51717e-17	5.43262e-19	3.24135e-21	1.61384e-23	6.77058e-26	2.41701e-28	7.45495e-31	2.08725e-33	7.38854e-36	
ADCAHA_Notagonum_sp	0	0	0	0	0	0	0	0	0	0	0	0	1	0	0	0	0	0	0	0	0	0	0	0	0	0	0	0	0	0	0	
ADCAHA_Percus_politus	0	0	0	0	0	0	0	1	0	0	0	0	0	0	0	0	0	0	0	0	0	0	0	0	0	0	0	0	0	0	0	
N85	1.6245e-10	2.18804e-09	3.99456e-08	6.39339e-07	8.17347e-06	8.10842e-05	0.000614645	0.00351678	0.015023	0.0474528	0.10992	0.185466	0.226758	0.200186	0.127401	0.0584868	0.0194306	0.004699	0.000834201	0.000109868	1.08661e-05	8.1764e-07	4.74394e-08	2.15053e-09	7.7145e-11	2.21648e-12	5.15851e-14	9.83006e-16	1.55297e-17	2.12439e-19	4.21759e-21	
N86	3.16108e-14	9.14059e-13	3.66286e-11	1.22507e-09	3.21828e-08	6.50851e-07	9.97754e-06	0.000114219	0.000961662	0.00586372	0.0254948	0.0778511	0.164628	0.238274	0.234168	0.155742	0.0701562	0.0214942	0.0045124	0.000656467	6.7203e-05	4.93045e-06	2.6439e-07	1.05678e-08	3.20796e-10	7.5253e-12	1.38603e-13	2.03366e-15	2.41132e-17	2.39375e-19	3.25736e-21	
ADCAHA_Microlestes_sp	0	0	0	0	0	0	0	0	0	0	0	0	0	0	0	0	0	0	1	0	0	0	0	0	0	0	0	0	0	0	0	
ADCAHA_Chlaenius_sp	0	0	0	0	0	0	0	0	0	0	0	0	0	1	0	0	0	0	0	0	0	0	0	0	0	0	0	0	0	0	0	
ADCAHA_Loxandrus_sp	0	0	0	0	0	0	0	0	1	0	0	0	0	0	0	0	0	0	0	0	0	0	0	0	0	0	0	0	0	0	0	
N87	7.80227e-08	4.52235e-07	4.00869e-06	3.28377e-05	0.000221939	0.00120245	0.00516317	0.0174524	0.0462249	0.0956361	0.154283	0.193973	0.190191	0.145693	0.0874364	0.041258	0.0153727	0.00454474	0.00107167	0.00020268	3.09223e-05	3.82869e-06	3.8713e-07	3.21796e-08	2.21524e-09	1.27412e-10	6.19456e-12	2.58975e-13	9.56318e-15	3.27907e-16	1.49207e-17	
N88	1.80497e-11	1.20293e-10	1.24369e-09	1.25357e-08	1.12192e-07	8.71223e-07	5.82236e-06	3.33433e-05	0.000163134	0.000680214	0.00241213	0.00726171	0.018532	0.0400444	0.0732004	0.113131	0.147778	0.163152	0.152277	0.120219	0.0803474	0.0455155	0.0218909	0.00896059	0.00313329	0.000941918	0.000246319	5.73491e-05	1.24504e-05	2.77717e-06	8.62187e-07	
N89	6.30342e-16	6.74714e-15	1.13936e-13	1.86786e-12	2.73717e-11	3.52205e-10	3.95398e-09	3.85636e-08	3.25518e-07	2.3693e-06	1.48161e-05	7.93179e-05	0.00036228	0.00140716	0.00463407	0.0129043	0.0303149	0.0599665	0.0997434	0.13938	0.163571	0.161247	0.13362	0.0931969	0.054812	0.0272497	0.0114922	0.00414062	0.00130364	0.000394301	0.000163333	
ADCAHA_Platyderus_lusitanicus	0	0	0	0	0	0	0	0	0	0	0	0	0	0	0	0	0	1	0	0	0	0	0	0	0	0	0	0	0	0	0	
ADCAHA_Platyderus_varians	0	0	0	0	0	0	0	0	0	0	0	0	0	0	0	0	0	0	0	0	0	0	0	0	0	0	0	0	0	1	0	
N90	6.7409e-17	8.39141e-16	1.63358e-14	3.06265e-13	5.13346e-12	7.56446e-11	9.73368e-10	1.08862e-08	1.05367e-07	8.78788e-07	6.28775e-06	3.84209e-05	0.000199566	0.000877004	0.00324524	0.0100637	0.0260322	0.0559187	0.0993292	0.145358	0.174692	0.172005	0.13855	0.0912687	0.0492195	0.0217965	0.00798366	0.00246367	0.000675415	0.000192337	8.34063e-05	
ADCAHA_Amara_sp	0	0	0	0	0	0	0	0	0	0	0	0	0	0	0	0	0	0	0	0	0	0	1	0	0	0	0	0	0	0	0	
ADCAHA_Zabrus_sp	0	0	0	0	0	0	0	0	0	0	0	0	0	0	0	0	0	0	0	0	0	0	0	1	0	0	0	0	0	0	0	
N91	2.7557e-07	1.77356e-06	1.67151e-05	0.000139507	0.000922894	0.00468971	0.0180597	0.0522807	0.113129	0.182224	0.21786	0.192991	0.126599	0.0615327	0.0221967	0.00595885	0.00119492	0.000179808	2.04125e-05	1.75872e-06	1.15752e-07	5.85984e-09	2.29811e-10	7.03343e-12	1.69237e-13	3.2254e-15	4.90527e-17	5.99843e-19	5.9556e-21	4.97728e-23	5.66621e-25	
N92	1.29204e-06	8.36053e-06	6.36771e-05	0.000416664	0.0021919	0.00905688	0.0290371	0.0716183	0.134978	0.193342	0.209623	0.171561	0.105852	0.0492448	0.0173031	0.00460598	0.000932919	0.000144568	1.72501e-05	1.59627e-06	1.15439e-07	6.57664e-09	2.97593e-10	1.07839e-11	3.15506e-13	7.51267e-15	1.46751e-16	2.37196e-18	3.2186e-20	3.88845e-22	6.68049e-24	
N93	1.41963e-05	4.68593e-05	0.000219864	0.00100908	0.00400667	0.0131698	0.0351578	0.075459	0.129396	0.176548	0.191171	0.164084	0.111633	0.0602682	0.025876	0.00886238	0.0024306	0.00053619	9.56089e-05	1.38526e-05	1.63978e-06	1.59473e-07	1.28137e-08	8.5542e-10	4.77099e-11	2.23545e-12	8.8507e-14	2.98382e-15	8.71415e-17	2.36765e-18	9.96698e-20	
N94	6.71872e-11	8.95538e-10	1.54668e-08	2.3784e-07	3.0655e-06	3.21157e-05	0.000267244	0.00173056	0.00854761	0.0315542	0.0853269	0.165953	0.228895	0.222085	0.151215	0.0724605	0.0246459	0.00603686	0.00108483	0.000145932	1.49909e-05	1.19807e-06	7.57679e-08	3.84995e-09	1.59333e-10	5.43668e-12	1.54662e-13	3.71004e-15	7.63809e-17	1.43682e-18	4.05308e-20	
ADCAHA_Pterostichus_alacer	0	0	0	0	0	0	0	0	0	0	0	0	0	0	0	1	0	0	0	0	0	0	0	0	0	0	0	0	0	0	0	
ADCAHA_Stomis_sp	0	0	0	0	0	0	0	0	0	0	0	1	0	0	0	0	0	0	0	0	0	0	0	0	0	0	0	0	0	0	0	
N95	6.74275e-05	0.000192193	0.000712933	0.00255738	0.00809195	0.0217714	0.0489149	0.090845	0.1386	0.173033	0.176361	0.146597	0.0993841	0.0550067	0.0249023	0.00924576	0.00282461	0.000712781	0.000149205	2.60268e-05	3.8014e-06	4.67167e-07	4.85462e-08	4.28684e-09	3.23255e-10	2.09176e-11	1.16765e-12	5.66511e-14	2.43758e-15	1.01887e-16	6.95744e-18	
ADCAHA_Pterostichus_herculeanus	0	0	0	0	0	0	0	0	0	0	0	0	1	0	0	0	0	0	0	0	0	0	0	0	0	0	0	0	0	0	0	
ADCAHA_Pterostichus_angustus	0	0	0	0	0	0	1	0	0	0	0	0	0	0	0	0	0	0	0	0	0	0	0	0	0	0	0	0	0	0	0	
ADCAHA_Pterostichus_nemoralis	0	1	0	0	0	0	0	0	0	0	0	0	0	0	0	0	0	0	0	0	0	0	0	0	0	0	0	0	0	0	0	
N96	3.08084e-07	1.82804e-06	1.56312e-05	0.000121788	0.00077435	0.00386667	0.0148943	0.0438089	0.0977491	0.164724	0.209073	0.199611	0.143378	0.0775965	0.0317297	0.00984135	0.00232669	0.000421706	5.89719e-05	6.40673e-06	5.44654e-07	3.65028e-08	1.94321e-09	8.27896e-11	2.84424e-12	7.94009e-14	1.81648e-15	3.44572e-17	5.54939e-19	8.11015e-21	1.59566e-22	
ADCAHA_Pterostichus_melanarius	0	0	0	0	0	0	0	0	0	0	0	0	1	0	0	0	0	0	0	0	0	0	0	0	0	0	0	0	0	0	0	
N97	3.96463e-07	2.11717e-06	1.69264e-05	0.00012557	0.000764448	0.00368334	0.0138402	0.0402132	0.089826	0.153627	0.200647	0.199894	0.151939	0.0882534	0.0392844	0.0134536	0.00356209	0.00073325	0.000118078	1.49733e-05	1.50548e-06	1.2086e-07	7.80162e-09	4.07776e-10	1.73773e-11	6.07853e-13	1.75699e-14	4.22702e-16	8.57685e-18	1.56544e-19	4.28753e-21	
N98	3.61494e-07	1.83696e-06	1.40339e-05	9.90876e-05	0.000578089	0.00271238	0.0101299	0.0299163	0.0694987	0.126465	0.179679	0.198913	0.171441	0.115094	0.0602861	0.0247096	0.00795629	0.00202234	0.000408048	6.57564e-05	8.51841e-06	8.93095e-07	7.6301e-08	5.34854e-09	3.09713e-10	1.4914e-11	6.0111e-13	2.04119e-14	5.89654e-16	1.52992e-17	6.38933e-19	
N99	3.85664e-08	2.81352e-07	3.06041e-06	2.94219e-05	0.000226503	0.00136334	0.0063398	0.0225603	0.0609235	0.123974	0.189067	0.21533	0.182896	0.115957	0.0550451	0.0196639	0.00532201	0.0011001	0.000175238	2.17168e-05	2.11438e-06	1.63322e-07	1.01059e-08	5.05631e-10	2.06413e-11	6.93454e-13	1.93297e-14	4.50586e-16	8.86829e-18	1.53865e-19	4.07999e-21	
N100	1.81789e-28	3.19086e-25	5.55422e-22	7.85794e-19	8.44435e-16	6.60371e-13	3.59635e-10	1.28792e-07	2.78792e-05	0.00316685	0.139182	0.391781	0.357789	0.106026	0.00201338	1.48053e-05	5.7195e-08	1.33738e-10	2.05928e-13	2.21012e-16	1.72299e-19	1.00701e-22	4.52438e-26	1.59497e-29	4.48789e-33	1.02267e-36	1.91112e-40	2.96182e-44	3.85379e-48	4.35439e-52	5.44407e-56	
ADCAHA_Pterostichus_flavofemoratus	0	0	0	0	0	0	0	0	0	0	0	0	0	1	0	0	0	0	0	0	0	0	0	0	0	0	0	0	0	0	0	
ADCAHA_Pterostichus_ziegleri	0	0	0	0	0	0	0	0	0	0	1	0	0	0	0	0	0	0	0	0	0	0	0	0	0	0	0	0	0	0	0	
N101	7.4578e-11	1.62597e-09	4.69933e-08	1.09101e-06	1.8813e-05	0.000233095	0.00201677	0.0118732	0.0467263	0.122413	0.214222	0.251519	0.19848	0.105073	0.0371498	0.00874137	0.00137447	0.000146992	1.09705e-05	5.87294e-07	2.31449e-08	6.87302e-10	1.56986e-11	2.80821e-13	3.99712e-15	4.59095e-17	4.30835e-19	3.34064e-21	2.16351e-23	1.20144e-25	8.86972e-28	
ADCAHA_Pterostichus_globosus	0	0	0	0	0	0	0	1	0	0	0	0	0	0	0	0	0	0	0	0	0	0	0	0	0	0	0	0	0	0	0	
ADCAHA_Pterostichus_spinolae	0	0	0	0	0	0	0	0	0	0	0	0	0	0	0	1	0	0	0	0	0	0	0	0	0	0	0	0	0	0	0	
N102	2.8784e-08	1.95266e-07	1.98274e-06	1.82879e-05	0.000138227	0.000833833	0.00396469	0.0147186	0.0423134	0.0935375	0.158112	0.203565	0.199184	0.148061	0.083721	0.0361218	0.0119484	0.00304928	0.000604992	9.41256e-05	1.15899e-05	1.14022e-06	9.04819e-08	5.84577e-09	3.10262e-10	1.36441e-11	5.01222e-13	1.55032e-14	4.08055e-16	9.63209e-18	3.63011e-19	
ADCAHA_Pterostichus_interruptus	0	0	0	0	0	0	0	0	0	0	0	0	0	0	0	1	0	0	0	0	0	0	0	0	0	0	0	0	0	0	0	
ADCAHA_Pterostichus_niger	0	0	0	0	0	0	0	0	0	1	0	0	0	0	0	0	0	0	0	0	0	0	0	0	0	0	0	0	0	0	0	
N103	4.99658e-06	1.58218e-05	7.30363e-05	0.000335803	0.00136393	0.00471577	0.0136892	0.0331407	0.0666403	0.110992	0.15283	0.173783	0.163132	0.126467	0.0810567	0.0430259	0.0189587	0.00695427	0.00213047	0.000547075	0.00011821	2.15814e-05	3.34319e-06	4.41348e-07	4.98721e-08	4.84592e-09	4.07015e-10	2.97971e-11	1.94604e-12	1.25468e-13	1.36657e-14	
ADCAHA_Pterostichus_aterrimus	0	0	0	0	0	0	0	0	0	0	0	0	0	0	0	0	1	0	0	0	0	0	0	0	0	0	0	0	0	0	0	
N104	1.24516e-25	3.1749e-22	7.22228e-19	1.28842e-15	1.66994e-12	1.46332e-09	7.94326e-07	0.000234481	0.0298183	0.934611	0.0350111	0.000323095	1.28283e-06	2.76248e-09	3.66384e-12	3.2426e-15	2.02314e-18	9.26048e-22	3.20465e-25	8.58289e-29	1.81256e-32	3.06429e-36	4.19916e-40	4.71306e-44	4.37085e-48	3.37494e-52	2.18556e-56	1.19808e-60	5.66815e-65	2.44647e-69	1.1289e-73	
ADCAHA_Pterostichus_nigrita	0	0	0	0	0	0	0	0	0	1	0	0	0	0	0	0	0	0	0	0	0	0	0	0	0	0	0	0	0	0	0	
ADCAHA_Pterostichus_anthracinus	0	0	0	0	0	0	0	0	0	1	0	0	0	0	0	0	0	0	0	0	0	0	0	0	0	0	0	0	0	0	0	
N105	0.000162554	0.000451436	0.00178247	0.00692534	0.0228552	0.0601402	0.122128	0.187788	0.216101	0.18482	0.117044	0.0548207	0.0190056	0.0048888	0.000936491	0.000134225	1.44744e-05	1.18162e-06	7.35111e-08	3.50951e-09	1.29503e-10	3.72067e-12	8.38429e-14	1.49285e-15	2.1158e-17	2.40488e-19	2.20934e-21	1.65524e-23	1.02517e-25	5.49222e-28	3.95646e-30	
N106	0.00021511	0.000549931	0.00189449	0.00637017	0.018664	0.0455645	0.0905937	0.144727	0.184293	0.186297	0.149351	0.0950917	0.0482442	0.0195955	0.00640806	0.00169771	0.000366779	6.50472e-05	9.53209e-06	1.16165e-06	1.18465e-07	1.01708e-08	7.39457e-10	4.57902e-11	2.42954e-12	1.11198e-13	4.43018e-15	1.56033e-16	5.02564e-18	1.62306e-19	7.51352e-21	
N107	0.000179794	0.000380791	0.0011155	0.0034175	0.00960565	0.0235109	0.0490641	0.0864781	0.128135	0.159241	0.165849	0.1448	0.106101	0.0653693	0.0339447	0.0148984	0.0055442	0.00175521	0.000474398	0.000109866	2.18847e-05	3.76431e-06	5.61491e-07	7.29756e-08	8.31084e-09	8.35349e-10	7.4828e-11	6.05659e-12	4.52888e-13	3.31842e-14	3.44712e-15	
N108	0.000343074	0.000668367	0.00172229	0.00462642	0.0115985	0.0258927	0.0503911	0.0846007	0.121847	0.150085	0.157839	0.141612	0.108372	0.0707593	0.0394451	0.0187923	0.0076613	0.00267692	0.000803063	0.000207254	4.61135e-05	8.86583e-06	1.47647e-06	2.13521e-07	2.68849e-08	2.9557e-09	2.84728e-10	2.41935e-11	1.85443e-12	1.43272e-13	1.9717e-14	
N109	0.000245069	0.000465973	0.00119412	0.00326795	0.00845777	0.0196212	0.0398655	0.070184	0.106495	0.138873	0.155382	0.149043	0.122526	0.0863392	0.0521774	0.0270657	0.0120648	0.00462804	0.00153029	0.000436981	0.000107983	2.31428e-05	4.31188e-06	7.0014e-07	9.93395e-08	1.23536e-08	1.35236e-09	1.31556e-10	1.17209e-11	1.07539e-12	1.66952e-13	
ADCAHA_Stenolophus_lecontei	0	0	0	0	0	0	0	0	0	0	0	0	0	0	1	0	0	0	0	0	0	0	0	0	0	0	0	0	0	0	0	
ADCAHA_Stenolophus_mixtus	0	0	0	0	0	0	0	0	0	0	1	0	0	0	0	0	0	0	0	0	0	0	0	0	0	0	0	0	0	0	0	
ADCAHA_Stenolophus_teutonus	0	0	0	0	0	0	0	0	1	0	0	0	0	0	0	0	0	0	0	0	0	0	0	0	0	0	0	0	0	0	0	
N110	2.09996e-37	6.97412e-35	2.31348e-32	6.91677e-30	1.84386e-27	4.33485e-25	8.88803e-23	1.57149e-20	2.36818e-18	3.00403e-16	3.16401e-14	2.72455e-12	1.88391e-10	1.02379e-08	4.25921e-07	1.31236e-05	0.000286887	0.00419861	0.0378888	0.18625	0.408189	0.289511	0.0664629	0.00680618	0.000380082	1.31167e-05	3.04567e-07	5.08102e-09	6.48886e-11	6.90736e-13	8.39908e-15	
ADCAHA_Amphasia_sericea	0	0	0	0	0	0	0	0	0	0	0	0	0	0	0	0	0	0	0	0	0	1	0	0	0	0	0	0	0	0	0	
ADCAHA_Egadroma_marginatum	0	0	0	0	0	0	0	0	0	0	0	0	0	0	0	0	0	0	0	0	1	0	0	0	0	0	0	0	0	0	0	
ADCAHA_Craspedophorus_sp	0	0	0	0	0	0	0	0	0	0	1	0	0	0	0	0	0	0	0	0	0	0	0	0	0	0	0	0	0	0	0	
N111	0.000267492	0.000773019	0.0028915	0.0102545	0.0308009	0.0741563	0.138665	0.197493	0.211603	0.169251	0.100626	0.0443941	0.0145396	0.00354257	0.000644426	8.79358e-05	9.05207e-06	7.07426e-07	4.22628e-08	1.94416e-09	6.93834e-11	1.93567e-12	4.25381e-14	7.41977e-16	1.03498e-17	1.1631e-19	1.06086e-21	7.91503e-24	4.88724e-26	2.60483e-28	1.80417e-30	
N112	0.00161851	0.00304246	0.00715078	0.0167999	0.0358918	0.0669856	0.10708	0.145003	0.165248	0.157888	0.126261	0.0844936	0.0473682	0.022292	0.00883112	0.00295476	0.000838019	0.000202251	4.17019e-05	7.37551e-06	1.12339e-06	1.47943e-07	1.69123e-08	1.68509e-09	1.46993e-10	1.12881e-11	7.69353e-13	4.72016e-14	2.68346e-15	1.52802e-16	1.3003e-17	
N113	0.00835566	0.01255	0.0217364	0.0376797	0.0611689	0.0901529	0.118654	0.138105	0.1413	0.12661	0.09914	0.0677682	0.0404297	0.0210595	0.00958661	0.0038187	0.00133322	0.000408727	0.000110256	2.62278e-05	5.51456e-06	1.02726e-06	1.6995e-07	2.50325e-08	3.29109e-09	3.87336e-10	4.09816e-11	3.93567e-12	3.53934e-13	3.35863e-14	5.48648e-15	
ADCAHA_Platymetopus_sp	0	0	0	0	0	1	0	0	0	0	0	0	0	0	0	0	0	0	0	0	0	0	0	0	0	0	0	0	0	0	0	
ADCAHA_Amblystomus_sp	0	0	0	0	0	0	0	0	0	1	0	0	0	0	0	0	0	0	0	0	0	0	0	0	0	0	0	0	0	0	0	
N114	1.11071e-11	1.17368e-10	1.57399e-09	1.91311e-08	2.03181e-07	1.85959e-06	1.44919e-05	9.50442e-05	0.00051862	0.00232857	0.00851312	0.0251018	0.0592128	0.111048	0.164878	0.193334	0.17883	0.130434	0.0750223	0.034047	0.012207	0.00346634	0.000782845	0.000141472	2.06184e-05	2.44599e-06	2.38781e-07	1.94716e-08	1.36833e-09	9.20589e-11	9.87637e-12	
ADCAHA_Anisodactylus_virens	0	0	0	0	0	0	0	0	0	0	0	0	1	0	0	0	0	0	0	0	0	0	0	0	0	0	0	0	0	0	0	
ADCAHA_Anisodactylus_hispanus	0	0	0	0	0	0	0	0	0	0	0	0	0	0	0	0	0	0	0	0	0	1	0	0	0	0	0	0	0	0	0	
N115	0.00149578	0.00386475	0.0113296	0.0299242	0.0667676	0.121478	0.175969	0.199646	0.175465	0.118639	0.0614874	0.0244035	0.00742671	0.0017387	0.000314645	4.42786e-05	4.87921e-06	4.24185e-07	2.93246e-08	1.62504e-09	7.27667e-11	2.65371e-12	7.9424e-14	1.9653e-15	4.04904e-17	6.99294e-19	1.01906e-20	1.26188e-22	1.34363e-24	1.29149e-26	1.75718e-28	
N116	0.0174983	0.0248681	0.0398582	0.0631842	0.0925722	0.121478	0.140645	0.142568	0.126007	0.096892	0.0647577	0.0376157	0.0190014	0.00835684	0.00320507	0.00107405	0.000315192	8.12002e-05	1.84118e-05	3.68437e-06	6.52458e-07	1.02534e-07	1.43389e-08	1.78945e-09	1.99868e-10	2.00477e-11	1.81511e-12	1.49994e-13	1.16849e-14	9.58528e-16	1.30619e-16	
ADCAHA_Notiobia_sp	0	0	0	0	0	0	0	0	0	0	0	1	0	0	0	0	0	0	0	0	0	0	0	0	0	0	0	0	0	0	0	
N117	0.00851432	0.0540399	0.239138	0.389214	0.247312	0.0554698	0.00593394	0.000362762	1.4149e-05	3.7872e-07	7.32517e-09	1.06393e-10	1.1954e-12	1.06393e-14	7.64731e-17	4.51108e-19	2.21377e-21	9.14358e-24	3.21077e-26	9.67029e-29	2.51761e-31	5.70513e-34	1.13233e-36	1.97957e-39	3.06462e-42	4.22405e-45	5.21779e-48	5.83921e-51	6.06003e-54	6.15654e-57	7.2981e-60	
ADCAHA_Parophonus_hespericus	0	0	0	0	1	0	0	0	0	0	0	0	0	0	0	0	0	0	0	0	0	0	0	0	0	0	0	0	0	0	0	
ADCAHA_Graphipterus_sp	0	0	1	0	0	0	0	0	0	0	0	0	0	0	0	0	0	0	0	0	0	0	0	0	0	0	0	0	0	0	0	
N118	0.011904	0.0210165	0.043358	0.0835399	0.136483	0.18097	0.190314	0.156638	0.100134	0.0495328	0.0189432	0.00560855	0.00128954	0.000231283	3.25362e-05	3.61256e-06	3.18732e-07	2.25042e-08	1.28075e-09	5.91798e-11	2.23613e-12	6.95791e-14	1.79507e-15	3.86506e-17	6.98959e-19	1.06806e-20	1.38712e-22	1.53996e-24	1.47308e-26	1.25977e-28	1.543e-30	
N119	0.0159645	0.0269141	0.0533953	0.0993693	0.155308	0.193773	0.188071	0.139937	0.0791549	0.0338882	0.0109649	0.00268336	0.000497922	7.03301e-05	7.59935e-06	6.31797e-07	4.06738e-08	2.04143e-09	8.04441e-11	2.50673e-12	6.22151e-14	1.23868e-15	1.99227e-17	2.6064e-19	2.79211e-21	2.46507e-23	1.80488e-25	1.10265e-27	5.65671e-30	2.47914e-32	1.40463e-34	
N120	0.0138518	0.0225856	0.0441171	0.0836907	0.137002	0.182391	0.191556	0.156157	0.0979693	0.0471229	0.017367	0.00491254	0.0010702	0.000180399	2.36625e-05	2.43033e-06	1.96768e-07	1.26455e-08	6.49629e-10	2.68653e-11	9.00587e-13	2.46385e-14	5.53764e-16	1.02906e-17	1.59104e-19	2.05967e-21	2.24861e-23	2.09319e-25	1.70345e-27	1.30494e-29	1.39961e-31	
ADCAHA_Harpalus_pennsylvanicus	0	0	0	0	0	0	0	0	0	0	1	0	0	0	0	0	0	0	0	0	0	0	0	0	0	0	0	0	0	0	0	
N121	0.0137261	0.0224614	0.0439142	0.0831572	0.135914	0.181044	0.190813	0.1566	0.0992356	0.0483727	0.0181285	0.00523285	0.00116755	0.000202339	2.73944e-05	2.91619e-06	2.45764e-07	1.65137e-08	8.91065e-10	3.88881e-11	1.38238e-12	4.03025e-14	9.70137e-16	1.94061e-17	3.24613e-19	4.56869e-21	5.44566e-23	5.54598e-25	4.92031e-27	4.06777e-29	4.75336e-31	
ADCAHA_Abacetus_sp	0	0	0	0	0	0	1	0	0	0	0	0	0	0	0	0	0	0	0	0	0	0	0	0	0	0	0	0	0	0	0	
N122	0.00488026	0.0094221	0.0228001	0.0528907	0.10382	0.163221	0.200141	0.188742	0.135875	0.0744277	0.0310134	0.00985095	0.00239426	0.000447559	6.4735e-05	7.29347e-06	6.44621e-07	4.50198e-08	2.50272e-09	1.11557e-10	4.01573e-12	1.1756e-13	2.81793e-15	5.56714e-17	9.12261e-19	1.24753e-20	1.43226e-22	1.38892e-24	1.14662e-26	8.30625e-29	8.53897e-31	
N123	0.00533072	0.00981755	0.022223	0.0484628	0.0914251	0.142664	0.180296	0.182496	0.147111	0.0942446	0.0480106	0.0194991	0.00633965	0.0016585	0.000351154	6.05504e-05	8.55796e-06	9.97861e-07	9.66058e-08	7.81443e-09	5.31375e-10	3.05545e-11	1.4941e-12	6.24711e-14	2.24524e-15	6.97256e-17	1.88172e-18	4.45173e-20	9.4443e-22	1.96223e-23	6.12965e-25	
ADCAHA_Nesarpalus_sp	0	0	0	0	0	0	0	0	0	0	0	0	0	0	1	0	0	0	0	0	0	0	0	0	0	0	0	0	0	0	0	
ADCAHA_Acinopus_picipes	0	0	0	0	1	0	0	0	0	0	0	0	0	0	0	0	0	0	0	0	0	0	0	0	0	0	0	0	0	0	0	
N124	0.00339134	0.00762052	0.0207284	0.0513944	0.104815	0.16809	0.206906	0.192786	0.134981	0.0708448	0.0279119	0.00829106	0.001869	0.000322319	4.29085e-05	4.45153e-06	3.63404e-07	2.35704e-08	1.22611e-09	5.16223e-11	1.77453e-12	5.02207e-14	1.17943e-15	2.31578e-17	3.82857e-19	5.36523e-21	6.41379e-23	6.58303e-25	5.85849e-27	4.71086e-29	5.353e-31	
ADCAHA_Harpalus_serripes	0	0	0	0	0	1	0	0	0	0	0	0	0	0	0	0	0	0	0	0	0	0	0	0	0	0	0	0	0	0	0	
N125	0.000214406	0.000821274	0.00423016	0.018748	0.0620405	0.144585	0.230262	0.246493	0.175944	0.0835869	0.0265126	0.00565465	0.000819267	8.16429e-05	5.67459e-06	2.79183e-07	9.87045e-09	2.54569e-10	4.86044e-12	6.96787e-14	7.60244e-16	6.39449e-18	4.19675e-20	2.17377e-22	8.98131e-25	2.9897e-27	8.09343e-30	1.79742e-32	3.30213e-35	5.09138e-38	9.14335e-41	
N126	0.000204447	0.000808167	0.00426004	0.0191371	0.0637217	0.148373	0.234392	0.247095	0.172443	0.079528	0.0243172	0.00496647	0.000684817	6.45982e-05	4.23096e-06	1.95482e-07	6.47551e-09	1.563e-10	2.79267e-12	3.75012e-14	3.83982e-16	3.03902e-18	1.88309e-20	9.24524e-23	3.63679e-25	1.1582e-27	3.0152e-30	6.47569e-33	1.15901e-35	1.77856e-38	3.25539e-41	
N127	0.000190267	0.000790489	0.00423394	0.0189295	0.0625033	0.14495	0.229857	0.245552	0.175485	0.0838271	0.0268806	0.00583592	0.000868045	8.97271e-05	6.54777e-06	3.42938e-07	1.31074e-08	3.71614e-10	7.93926e-12	1.29741e-13	1.64477e-15	1.63899e-17	1.29964e-19	8.2945e-22	4.30585e-24	1.83602e-26	6.48906e-29	1.917e-31	4.77244e-34	1.0192e-36	2.67886e-39	
N128	0.0040706	0.0120509	0.0423099	0.115737	0.215245	0.26067	0.203432	0.102932	0.034393	0.00778288	0.00122567	0.000137908	1.13579e-05	6.99785e-07	3.28901e-08	1.19997e-09	3.45198e-11	7.94059e-13	1.4792e-14	2.25721e-16	2.8511e-18	3.00938e-20	2.67754e-22	2.02419e-24	1.30979e-26	7.30338e-29	3.53121e-31	1.48911e-33	5.50951e-36	1.82119e-38	7.95791e-41	
ADCAHA_Harpalus_attenuatus	0	0	0	1	0	0	0	0	0	0	0	0	0	0	0	0	0	0	0	0	0	0	0	0	0	0	0	0	0	0	0	
ADCAHA_Harpalus_rubripes	0	0	0	0	0	0	1	0	0	0	0	0	0	0	0	0	0	0	0	0	0	0	0	0	0	0	0	0	0	0	0	
N129	1.88119e-05	9.99886e-05	0.000734969	0.00450311	0.0203607	0.0654085	0.146523	0.226267	0.239333	0.173113	0.0858661	0.0294058	0.00702364	0.00118494	0.00014324	1.25981e-05	8.1888e-07	3.99521e-08	1.48525e-09	4.26813e-11	9.61044e-13	1.71724e-14	2.46401e-16	2.87045e-18	2.74269e-20	2.16978e-22	1.43372e-24	7.97736e-27	3.76963e-29	1.54997e-31	8.33258e-34	
N130	1.18758e-05	7.04762e-05	0.000575427	0.00383724	0.0185805	0.0629703	0.14647	0.230841	0.244689	0.17411	0.0834678	0.0271975	0.00610352	0.000958818	0.000107354	8.72801e-06	5.24825e-07	2.37571e-08	8.23166e-10	2.21735e-11	4.71047e-13	7.99666e-15	1.09808e-16	1.23329e-18	1.14456e-20	8.85971e-23	5.76962e-25	3.18616e-27	1.50343e-29	6.16817e-32	3.31364e-34	
N131	1.29559e-20	8.2773e-18	4.98245e-15	2.28535e-12	7.36211e-10	1.56299e-07	2.03339e-05	0.00146166	0.0488723	0.530661	0.397984	0.0206478	0.000349438	2.77041e-06	1.2247e-08	3.34995e-11	6.0803e-14	7.70249e-17	7.07693e-20	4.86119e-23	2.55874e-26	1.05338e-29	3.45085e-33	9.13036e-37	1.97629e-40	3.53919e-44	5.2962e-48	6.68151e-52	7.16491e-56	6.6291e-60	6.5541e-64	
ADCAHA_Harpalus_decipiens	0	0	0	0	0	0	0	0	0	1	0	0	0	0	0	0	0	0	0	0	0	0	0	0	0	0	0	0	0	0	0	
ADCAHA_Harpalus_wagneri	0	0	0	0	0	0	0	0	0	0	1	0	0	0	0	0	0	0	0	0	0	0	0	0	0	0	0	0	0	0	0	
ADCAHA_Harpalus_honestus	0	0	0	0	0	0	1	0	0	0	0	0	0	0	0	0	0	0	0	0	0	0	0	0	0	0	0	0	0	0	0	
ADCAHA_Harpalus_ebeninus	0	0	0	0	0	0	0	0	0	0	0	1	0	0	0	0	0	0	0	0	0	0	0	0	0	0	0	0	0	0	0	
ADCAHA_Harpalus_dimidiatus	0	0	0	0	0	0	1	0	0	0	0	0	0	0	0	0	0	0	0	0	0	0	0	0	0	0	0	0	0	0	0	
N132	0.000214738	0.000740746	0.00350391	0.0146586	0.0472689	0.112055	0.191214	0.232406	0.200357	0.122625	0.0535502	0.0168257	0.00384464	0.000646725	8.11404e-05	7.69506e-06	5.58997e-07	3.15096e-08	1.3954e-09	4.91242e-11	1.39014e-12	3.19535e-14	6.0244e-16	9.4016e-18	1.22482e-19	1.34265e-21	1.24763e-23	9.89692e-26	6.75977e-28	4.11835e-30	3.51692e-32	
ADCAHA_Harpalus_anxius	0	0	0	0	0	0	0	0	1	0	0	0	0	0	0	0	0	0	0	0	0	0	0	0	0	0	0	0	0	0	0	
N133	4.66708e-07	4.88759e-06	6.3133e-05	0.000644377	0.00473695	0.0240257	0.081583	0.181218	0.259305	0.23776	0.14034	0.0539489	0.01372	0.0023498	0.000276211	2.27253e-05	1.33511e-06	5.71379e-08	1.8162e-09	4.36785e-11	8.08634e-13	1.171e-14	1.34599e-16	1.24452e-18	9.36938e-21	5.8072e-23	2.99322e-25	1.29484e-27	4.74257e-30	1.49835e-32	5.99511e-35	
N134	3.95467e-10	1.23066e-08	4.60398e-07	1.25852e-05	0.000229915	0.00266469	0.0186865	0.076776	0.186135	0.272082	0.244809	0.137576	0.0486196	0.0107876	0.00148835	0.000125995	6.53076e-06	2.1445e-07	4.67065e-09	7.04616e-11	7.64165e-13	6.14552e-15	3.76119e-17	1.79049e-19	6.75424e-22	2.05159e-24	5.08816e-27	1.04303e-29	1.78653e-32	2.59142e-35	4.3323e-38	
ADCAHA_Harpalus_aesculanus	0	0	0	0	0	0	0	0	0	0	0	0	0	0	0	1	0	0	0	0	0	0	0	0	0	0	0	0	0	0	0	
ADCAHA_Harpalus_contemptus	0	0	0	0	0	0	1	0	0	0	0	0	0	0	0	0	0	0	0	0	0	0	0	0	0	0	0	0	0	0	0	
N135	1.13973e-10	7.21524e-09	4.92654e-07	2.308e-05	0.000674853	0.0112795	0.0954112	0.339283	0.387698	0.142102	0.0217784	0.00167475	7.27549e-05	1.93756e-06	3.35825e-08	3.96656e-10	3.31226e-12	2.0155e-14	9.16729e-17	3.18537e-19	8.61665e-22	1.84486e-24	3.17236e-27	4.43861e-30	5.11224e-33	4.89812e-36	3.94107e-39	2.686e-42	1.56297e-45	7.85362e-49	4.36961e-52	
ADCAHA_Harpalus_affinis	0	0	0	0	0	0	0	1	0	0	0	0	0	0	0	0	0	0	0	0	0	0	0	0	0	0	0	0	0	0	0	
ADCAHA_Harpalus_distinguendus	0	0	0	0	0	0	0	0	1	0	0	0	0	0	0	0	0	0	0	0	0	0	0	0	0	0	0	0	0	0	0	
N136	0.02979	0.0464361	0.0791161	0.123432	0.163965	0.179406	0.158844	0.112669	0.0636907	0.0286433	0.0102566	0.00293256	0.000672442	0.000124339	1.86559e-05	2.28662e-06	2.30541e-07	1.92531e-08	1.34103e-09	7.84255e-11	3.87576e-12	1.62859e-13	5.85284e-15	1.80904e-16	4.83469e-18	1.12305e-19	2.28038e-21	4.0812e-23	6.56618e-25	1.02026e-26	2.33893e-28	
ADCAHA_Licinus_sp	0	0	0	0	0	0	0	0	1	0	0	0	0	0	0	0	0	0	0	0	0	0	0	0	0	0	0	0	0	0	0	
N137	0.184408	0.191507	0.185611	0.161289	0.122106	0.0792341	0.0437027	0.0204092	0.00805773	0.00268926	0.00075938	0.000181705	3.69205e-05	6.38652e-06	9.43208e-07	1.19308e-07	1.29689e-08	1.21572e-09	9.86315e-11	6.95062e-12	4.27009e-13	2.29523e-14	1.08328e-15	4.50501e-17	1.65646e-18	5.40312e-20	1.56855e-21	4.06654e-23	9.47767e-25	2.08769e-26	7.71495e-28	
N138	0.25486	0.338176	0.277081	0.106378	0.0209454	0.00238102	0.000171226	8.32902e-06	2.88053e-07	7.35746e-09	1.42998e-10	2.16622e-12	2.60868e-14	2.53894e-16	2.02537e-18	1.34039e-20	7.43755e-23	3.49257e-25	1.39951e-27	4.82117e-30	1.43744e-32	3.73192e-35	8.484e-38	1.69751e-40	3.00343e-43	4.71966e-46	6.61451e-49	8.30485e-52	9.42232e-55	1.00377e-57	1.35058e-60	
ADCAHA_Carterus_rotundicollis_M	0	0	1	0	0	0	0	0	0	0	0	0	0	0	0	0	0	0	0	0	0	0	0	0	0	0	0	0	0	0	0	
ADCAHA_Carterus_fulvipes	0	1	0	0	0	0	0	0	0	0	0	0	0	0	0	0	0	0	0	0	0	0	0	0	0	0	0	0	0	0	0	
N139	0.278413	0.260039	0.207372	0.137088	0.0730301	0.0307351	0.0101135	0.00259515	0.000520697	8.21827e-05	1.0284e-05	1.02927e-06	8.3139e-08	5.46852e-09	2.9545e-10	1.32201e-11	4.93755e-13	1.55064e-14	4.12318e-16	9.343e-18	1.81514e-19	3.04071e-21	4.41576e-23	5.587e-25	6.18796e-27	6.02619e-29	5.18192e-31	3.9507e-33	2.68539e-35	1.6752e-37	1.50466e-39	
N140	0.262297	0.27492	0.236149	0.145286	0.0606058	0.0170083	0.00325495	0.00043405	4.12879e-05	2.86581e-06	1.48229e-07	5.82326e-09	1.76776e-10	4.21156e-12	7.9854e-14	1.22033e-15	1.52042e-17	1.56057e-19	1.3322e-21	9.54117e-24	5.77895e-26	2.98198e-28	1.31982e-30	5.04203e-33	1.67226e-35	4.84127e-38	1.22959e-40	2.75264e-43	5.45609e-46	9.66638e-49	2.13008e-51	
ADCAHA_Abax_parallelepipedus	0	0	0	1	0	0	0	0	0	0	0	0	0	0	0	0	0	0	0	0	0	0	0	0	0	0	0	0	0	0	0	
ADCAHA_Dixus_capito	0	1	0	0	0	0	0	0	0	0	0	0	0	0	0	0	0	0	0	0	0	0	0	0	0	0	0	0	0	0	0	
ADCAHA_Abax_ovalis	0	0	1	0	0	0	0	0	0	0	0	0	0	0	0	0	0	0	0	0	0	0	0	0	0	0	0	0	0	0	0	
N141	0.0452389	0.0587718	0.0827609	0.113118	0.140014	0.151545	0.141135	0.112295	0.0761087	0.0439009	0.0215571	0.00902021	0.00322121	0.000983673	0.000257461	5.79067e-05	1.12234e-05	1.88015e-06	2.73079e-07	3.44987e-08	3.80317e-09	3.67059e-10	3.11166e-11	2.32445e-12	1.53499e-13	8.98917e-15	4.6834e-16	2.17995e-17	9.17743e-19	3.78263e-20	2.74536e-21	
ADCAHA_Ophonus_stictus	0	1	0	0	0	0	0	0	0	0	0	0	0	0	0	0	0	0	0	0	0	0	0	0	0	0	0	0	0	0	0	
N142	0.00170503	0.00437225	0.0123919	0.0312351	0.0665108	0.116662	0.165855	0.189065	0.171591	0.123445	0.0702421	0.0316051	0.0112613	0.0031872	0.000719638	0.00013034	1.90563e-05	2.26449e-06	2.20288e-07	1.76714e-08	1.17748e-09	6.56331e-11	3.08146e-12	1.22662e-13	4.16586e-15	1.21429e-16	3.05513e-18	6.67322e-20	1.27729e-21	2.25127e-23	6.24541e-25	
ADCAHA_Ophonus_longicollis	0	0	0	0	1	0	0	0	0	0	0	0	0	0	0	0	0	0	0	0	0	0	0	0	0	0	0	0	0	0	0	
N143	2.05992e-05	8.96146e-05	0.000495445	0.00240666	0.0095344	0.0299764	0.0734414	0.138179	0.197316	0.211907	0.170082	0.101682	0.0452615	0.0150384	0.00374901	0.000706561	0.000101621	1.12729e-05	9.75473e-07	6.66029e-08	3.62879e-09	1.59487e-10	5.71284e-12	1.68398e-13	4.12195e-15	8.44894e-17	1.46161e-18	2.14969e-20	2.70961e-22	3.02122e-24	4.97086e-26	
ADCAHA_Ophonus_azureus	0	0	0	0	0	0	0	0	0	0	0	0	0	1	0	0	0	0	0	0	0	0	0	0	0	0	0	0	0	0	0	
ADCAHA_Bradybaenus_sp	0	0	0	0	0	0	0	0	0	1	0	0	0	0	0	0	0	0	0	0	0	0	0	0	0	0	0	0	0	0	0	
N144	0.000320371	0.000723367	0.00209375	0.00605373	0.0159086	0.0363476	0.0705116	0.114608	0.154893	0.173312	0.160181	0.122187	0.0769464	0.0400516	0.0172651	0.0061796	0.00184226	0.000459072	9.5989e-05	1.69102e-05	2.52059e-06	3.1927e-07	3.45152e-08	3.19865e-09	2.55257e-10	1.76269e-11	1.0601e-12	5.61758e-14	2.70311e-15	1.30277e-16	9.62137e-18	
N145	0.000145934	0.000367302	0.00122032	0.00405256	0.0121023	0.0309006	0.0656472	0.11427	0.16152	0.184435	0.169646	0.125541	0.0747432	0.0358364	0.0138623	0.00433711	0.00110096	0.000227573	3.84568e-05	5.33568e-06	6.10548e-07	5.78856e-08	4.56861e-09	3.01594e-10	1.6733e-11	7.84198e-13	3.123e-14	1.06705e-15	3.20433e-17	9.23728e-19	4.17754e-20	
ADCAHA_Lebia_sp	0	0	0	0	0	0	0	0	0	1	0	0	0	0	0	0	0	0	0	0	0	0	0	0	0	0	0	0	0	0	0	
N146	6.57597e-05	0.00017482	0.000664931	0.00256671	0.00876002	0.025	0.0581379	0.108665	0.161937	0.191479	0.17914	0.132428	0.0773422	0.0357157	0.0130628	0.00379314	0.000877159	0.00016212	2.40455e-05	2.87461e-06	2.78292e-07	2.19236e-08	1.41247e-09	7.48003e-11	3.27265e-12	1.189e-13	3.60562e-15	9.17564e-17	1.97584e-18	3.77103e-20	1.12099e-21	
N147	4.63832e-06	2.11011e-05	0.000123571	0.000671017	0.00307374	0.011403	0.0335482	0.0772952	0.138289	0.190969	0.202721	0.165027	0.10295	0.0492636	0.018128	0.00515028	0.00113564	0.000195572	2.64904e-05	2.84373e-06	2.43861e-07	1.68403e-08	9.44055e-10	4.33034e-11	1.63782e-12	5.14592e-14	1.35289e-15	2.99923e-17	5.68028e-19	9.74088e-21	2.51314e-22	
ADCAPS_Olisthopus_sp	0	0	0	0	0	0	0	0	1	0	0	0	0	0	0	0	0	0	0	0	0	0	0	0	0	0	0	0	0	0	0	
N148	1.04831e-07	9.14226e-07	9.50598e-06	8.56895e-05	0.00061571	0.00340531	0.0142325	0.0444414	0.102878	0.175621	0.220282	0.202561	0.136403	0.067256	0.0243017	0.00644591	0.00125831	0.000181396	1.93921e-05	1.54501e-06	9.22567e-08	4.15467e-09	1.42067e-10	3.71539e-12	7.488e-14	1.17235e-15	1.43844e-17	1.39871e-19	1.10009e-21	7.51161e-24	8.25289e-26	
N149	0.0206241	0.0460765	0.108007	0.193206	0.241521	0.206174	0.119976	0.0479877	0.0133735	0.00263874	0.00037481	3.89542e-05	3.00827e-06	1.75123e-07	7.78823e-09	2.67915e-10	7.21193e-12	1.53574e-13	2.61351e-15	3.58884e-17	4.01285e-19	3.68514e-21	2.80214e-23	1.77786e-25	9.48055e-28	4.27839e-30	1.64459e-32	5.4189e-35	1.54263e-37	3.9045e-40	1.26272e-42	
N150	0.0143417	0.0410186	0.118275	0.234462	0.283527	0.201056	0.0833069	0.0205649	0.00312412	0.000303045	1.94622e-05	8.5553e-07	2.65179e-08	5.94988e-10	9.89005e-12	1.24308e-13	1.20309e-15	9.1122e-18	5.47993e-20	2.65105e-22	1.04393e-24	3.382e-27	9.10245e-30	2.05345e-32	3.91465e-35	6.35386e-38	8.84134e-41	1.06147e-43	1.10608e-46	1.00843e-49	1.05452e-52	
N151	2.89287e-05	0.000515498	0.00797682	0.0694379	0.277572	0.391375	0.204964	0.043892	0.00405121	0.00018273	4.51453e-06	6.67128e-08	6.30505e-10	4.01441e-12	1.79453e-14	5.82444e-17	1.41128e-19	2.61332e-22	3.77288e-25	4.32066e-28	3.98436e-31	2.99814e-34	1.86263e-37	9.65455e-41	4.21458e-44	1.56272e-47	4.95968e-51	1.35681e-54	3.22005e-58	6.67517e-62	1.45404e-65	
ADCAHA_Calathus_abaxoides	0	0	0	0	0	0	0	1	0	0	0	0	0	0	0	0	0	0	0	0	0	0	0	0	0	0	0	0	0	0	0	
N152	4.41046e-08	7.50034e-06	0.000886805	0.041188	0.480164	0.424528	0.0515686	0.00163917	1.87012e-05	9.33838e-08	2.34955e-10	3.30615e-13	2.81644e-16	1.54466e-19	5.72626e-23	1.49239e-26	2.82396e-30	3.98502e-34	4.28938e-38	3.58996e-42	2.37508e-46	1.25999e-50	5.42708e-55	1.9188e-59	5.62278e-64	1.37734e-68	2.84191e-73	4.97281e-78	7.42426e-83	9.50992e-88	1.14322e-92	
ADCAHA_Calathus_fuscipes	0	0	0	0	0	1	0	0	0	0	0	0	0	0	0	0	0	0	0	0	0	0	0	0	0	0	0	0	0	0	0	
N153	1.58709e-09	1.19334e-06	0.000434562	0.0426103	0.620682	0.319321	0.0168067	0.000143757	3.39116e-07	3.01621e-10	1.23391e-13	2.65833e-17	3.32374e-21	2.59317e-25	1.33501e-29	4.73971e-34	1.20251e-38	2.24473e-43	3.15879e-48	3.42001e-53	2.89884e-58	1.95241e-63	1.05839e-68	4.66976e-74	1.69334e-79	5.08976e-85	1.27764e-90	2.69618e-96	4.81107e-102	7.29663e-108	9.76024e-114	
N154	9.02027e-09	5.97294e-06	0.00174863	0.0864612	0.553291	0.32963	0.0286782	0.000184133	3.43791e-07	2.71314e-10	1.09798e-13	2.57038e-17	3.78141e-21	3.71406e-25	2.55043e-29	1.26969e-33	4.71823e-38	1.3405e-42	2.97053e-47	5.2215e-52	7.38564e-57	8.511e-62	8.07664e-67	6.37956e-72	4.55629e-77	1.37221e-81	3.34319e-85	8.72901e-89	2.05147e-92	4.33901e-96	8.51726e-100	
ADCAHA_Calathus_granatensis	0	0	0	0	0	0	1	0	0	0	0	0	0	0	0	0	0	0	0	0	0	0	0	0	0	0	0	0	0	0	0	
N155	2.40109e-09	3.61587e-05	0.158195	0.836993	0.00477106	4.8101e-06	1.01715e-09	5.25271e-14	1.00208e-18	8.53544e-24	3.54716e-29	7.41452e-35	7.60283e-41	3.45592e-47	5.17661e-54	1.72278e-48	4.31387e-40	1.79271e-41	6.81325e-43	2.38431e-44	7.72781e-46	2.33137e-47	6.57528e-49	1.74029e-50	4.33702e-52	1.02075e-53	2.27491e-55	4.81233e-57	9.68341e-59	1.85706e-60	3.45979e-62	
ADCAHA_Calathus_melanocephalus	0	0	0	1	0	0	0	0	0	0	0	0	0	0	0	0	0	0	0	0	0	0	0	0	0	0	0	0	0	0	0	
ADCAHA_Calathus_ambiguus	0	0	1	0	0	0	0	0	0	0	0	0	0	0	0	0	0	0	0	0	0	0	0	0	0	0	0	0	0	0	0	
N156	8.86079e-11	1.66253e-07	0.000144578	0.0332851	0.838175	0.127148	0.00124479	2.38978e-06	1.51886e-09	4.2172e-13	6.04538e-17	4.99485e-21	2.56954e-25	8.71e-30	2.03065e-34	3.36615e-39	4.07255e-44	3.67141e-49	2.50711e-54	1.31369e-59	5.33441e-65	1.69069e-70	4.20173e-76	8.20504e-82	1.25839e-87	3.35489e-79	7.22464e-80	7.58629e-81	2.54292e-82	3.91688e-85	9.59362e-89	
N157	3.70212e-13	5.18831e-09	2.89575e-05	0.0351446	0.861901	0.102767	0.000159134	4.28779e-08	3.62775e-12	1.2624e-16	2.09635e-21	1.81994e-26	1.36638e-31	4.12262e-35	2.5625e-38	1.26842e-41	5.06763e-45	1.65898e-48	4.50442e-52	1.02432e-55	1.96624e-59	3.20587e-63	4.46142e-67	5.31849e-71	5.44488e-75	3.61224e-66	4.14094e-66	2.88757e-66	8.78742e-67	8.17074e-68	1.33343e-69	
N158	1.75874e-12	1.78238e-08	7.26573e-05	0.0631403	0.883971	0.0527653	5.03906e-05	1.02433e-08	7.53021e-13	2.56857e-17	4.62008e-22	4.70375e-27	2.82965e-32	1.15237e-37	8.44841e-42	4.22867e-45	1.83498e-48	6.81062e-52	2.18511e-55	6.11614e-59	1.50541e-62	3.28124e-66	6.3722e-70	1.1086e-73	1.7362e-77	2.45836e-81	3.15942e-85	3.69837e-89	3.95577e-93	3.87725e-97	3.56036e-101	
ADCAHA_Calathus_mollis	0	0	0	1	0	0	0	0	0	0	0	0	0	0	0	0	0	0	0	0	0	0	0	0	0	0	0	0	0	0	0	
ADCAHA_Calathus_asturiensis	0	0	0	0	1	0	0	0	0	0	0	0	0	0	0	0	0	0	0	0	0	0	0	0	0	0	0	0	0	0	0	
ADCAHA_Calathus_micropterus	0	0	0	0	0	1	0	0	0	0	0	0	0	0	0	0	0	0	0	0	0	0	0	0	0	0	0	0	0	0	0	
ADCAHA_Calathus_erratus	0	0	0	0	1	0	0	0	0	0	0	0	0	0	0	0	0	0	0	0	0	0	0	0	0	0	0	0	0	0	0	
N159	0.0113446	0.124991	0.622486	0.219016	0.0212884	0.000856264	1.73349e-05	1.98521e-07	1.39169e-09	6.32905e-12	1.95366e-14	4.24627e-17	6.70003e-20	7.87592e-23	7.05248e-26	4.9043e-29	2.69362e-32	1.18598e-35	4.24145e-39	1.24665e-42	3.04315e-46	6.22805e-50	1.07777e-53	1.58929e-57	2.01107e-61	2.19786e-65	2.09053e-69	1.85844e-73	4.9138e-77	9.62212e-80	2.62568e-82	
N160	2.87567e-09	0.000118215	0.999748	0.000134253	2.92577e-09	2.13386e-14	3.36424e-33	8.40217e-34	1.73285e-34	3.0257e-35	4.56042e-36	6.02591e-37	7.06915e-38	7.44048e-39	7.08882e-40	6.15993e-41	4.91415e-42	3.61969e-43	2.47415e-44	1.57631e-45	9.39806e-47	5.26214e-48	2.7759e-49	1.38363e-50	6.53371e-52	2.92999e-53	1.25054e-54	5.09022e-56	1.97966e-57	7.36933e-59	2.71994e-60	
ADCAHA_Calathus_brevis	0	0	1	0	0	0	0	0	0	0	0	0	0	0	0	0	0	0	0	0	0	0	0	0	0	0	0	0	0	0	0	
ADCAHA_Calathus_rectus	0	0	1	0	0	0	0	0	0	0	0	0	0	0	0	0	0	0	0	0	0	0	0	0	0	0	0	0	0	0	0	
N161	0.000137547	0.0235663	0.947201	0.0289516	0.000143758	2.2344e-07	1.46717e-10	4.84763e-14	9.04096e-18	1.03235e-21	7.66653e-26	3.87918e-30	1.38755e-34	3.61458e-39	7.02734e-44	1.04062e-48	1.194e-53	1.07704e-58	7.73316e-64	4.4667e-69	2.09449e-74	8.03581e-80	2.53952e-85	6.64852e-91	1.44895e-96	2.63927e-102	4.03133e-108	5.17697e-114	5.60022e-120	5.10981e-126	4.0868e-132	
ADCAHA_Calathus_rotundatus	0	0	1	0	0	0	0	0	0	0	0	0	0	0	0	0	0	0	0	0	0	0	0	0	0	0	0	0	0	0	0	
ADCAHA_Colliuris_pennsylvanica	0	0	1	0	0	0	0	0	0	0	0	0	0	0	0	0	0	0	0	0	0	0	0	0	0	0	0	0	0	0	0	
N162	0.129425	0.188102	0.244252	0.226069	0.13877	0.0556907	0.0147316	0.0026137	0.000317602	2.70145e-05	1.64322e-06	7.29557e-08	2.40998e-09	6.02964e-11	1.16153e-12	1.749e-14	2.08732e-16	1.9996e-18	1.55563e-20	9.93381e-23	5.25811e-25	2.32789e-27	8.69194e-30	2.75816e-32	7.49105e-35	1.75279e-37	3.55486e-40	6.28448e-43	9.7358e-46	1.3329e-48	2.1851e-51	
N163	0.0252723	0.378746	0.450952	0.139428	0.00552237	7.93661e-05	5.52527e-07	2.15522e-09	5.1563e-12	8.05795e-15	8.62036e-18	6.54885e-21	3.63918e-24	1.51594e-27	4.83241e-31	1.19979e-34	2.35567e-38	3.70641e-42	4.7279e-46	4.93982e-50	4.26606e-54	3.06987e-58	1.85402e-62	9.45804e-67	4.09895e-71	1.51691e-75	4.81564e-80	1.31684e-84	3.11308e-89	6.39722e-94	1.32729e-98	
N164	0.0217902	0.810883	0.162444	0.00486094	2.24268e-05	3.24056e-08	2.00394e-11	6.32561e-15	1.14243e-18	1.27923e-22	9.42816e-27	4.79034e-31	1.741e-35	4.66447e-40	9.44578e-45	1.47658e-49	1.81411e-54	1.77902e-59	1.4114e-64	9.16605e-70	4.92355e-75	2.20761e-80	8.33023e-86	2.66471e-91	7.2734e-97	1.704e-102	3.44467e-108	6.03737e-114	9.214e-120	1.22929e-125	1.4861e-131	
ADCAHA_Calathus_ascendens	0	1	0	0	0	0	0	0	0	0	0	0	0	0	0	0	0	0	0	0	0	0	0	0	0	0	0	0	0	0	0	
ADCAHA_Calathus_circumseptus	0	1	0	0	0	0	0	0	0	0	0	0	0	0	0	0	0	0	0	0	0	0	0	0	0	0	0	0	0	0	0	
ADCAHA_Calathus_auctus	0	0	0	1	0	0	0	0	0	0	0	0	0	0	0	0	0	0	0	0	0	0	0	0	0	0	0	0	0	0	0	
ADCAHA_Calathus_freyi	0	1	0	0	0	0	0	0	0	0	0	0	0	0	0	0	0	0	0	0	0	0	0	0	0	0	0	0	0	0	0	
N165	3.97337e-08	3.06622e-07	3.45013e-06	3.51994e-05	0.000287439	0.00180112	0.00849806	0.0298696	0.0776818	0.148829	0.209505	0.216421	0.164045	0.0913201	0.037401	0.0112988	0.00252615	0.000419671	5.20489e-05	4.84454e-06	3.40367e-07	1.81642e-08	7.41221e-10	2.32904e-11	5.6764e-13	1.08146e-14	1.62525e-16	1.9535e-18	1.94207e-20	1.79839e-22	2.53571e-24	
N166	2.091e-08	1.43521e-07	1.61712e-06	1.69169e-05	0.000143124	0.000941439	0.00473387	0.018019	0.0515964	0.110721	0.177742	0.213433	0.191976	0.129685	0.0660369	0.0254637	0.00747464	0.00168013	0.000291029	3.91103e-05	4.10631e-06	3.39278e-07	2.22231e-08	1.16262e-09	4.89494e-11	1.67172e-12	4.67404e-14	1.08558e-15	2.16948e-17	4.15719e-19	1.07493e-20	
ADCAHA_Orthomus_velocissimus	0	0	0	0	0	0	0	0	0	0	0	0	0	0	0	0	0	1	0	0	0	0	0	0	0	0	0	0	0	0	0	
ADCAHA_Syntomus_sp	0	0	0	0	0	0	0	0	0	0	0	0	0	0	0	0	0	0	0	1	0	0	0	0	0	0	0	0	0	0	0	
ADCAHA_Apenes_sp	0	0	0	0	0	0	0	0	0	0	0	0	0	0	1	0	0	0	0	0	0	0	0	0	0	0	0	0	0	0	0	
N167	0.000184074	0.000425662	0.0013476	0.00431596	0.0123641	0.030252	0.0620498	0.105773	0.149171	0.1736	0.166489	0.131523	0.0856158	0.045974	0.0203996	0.00749683	0.00228821	0.000581936	0.000123754	2.2091e-05	3.32349e-06	4.23162e-07	4.5793e-08	4.22995e-09	3.34951e-10	2.28355e-11	1.34646e-12	6.90888e-14	3.13621e-15	1.37129e-16	1.00931e-17	
N168	0.000176803	0.000590122	0.00231468	0.00815991	0.0240274	0.0572456	0.108715	0.163416	0.193772	0.180908	0.132804	0.0765731	0.0346507	0.0123055	0.00343381	0.000755195	0.000131569	1.82834e-05	2.04331e-06	1.85297e-07	1.37605e-08	8.44422e-10	4.31932e-11	1.85684e-12	6.76065e-14	2.09987e-15	5.60227e-17	1.29322e-18	2.61677e-20	4.92583e-22	1.44355e-23	
ADCAHA_Dromius_sp	0	0	0	0	0	0	0	0	0	0	0	0	0	0	1	0	0	0	0	0	0	0	0	0	0	0	0	0	0	0	0	
ADCAHA_Diplocheila_sp	0	0	1	0	0	0	0	0	0	0	0	0	0	0	0	0	0	0	0	0	0	0	0	0	0	0	0	0	0	0	0	
N169	3.79048e-14	1.55268e-12	7.05474e-11	2.72097e-09	8.52639e-08	2.09456e-06	3.89693e-05	0.000529104	0.00501902	0.0315114	0.122269	0.269731	0.312416	0.187521	0.0591046	0.0105941	0.00117377	8.60545e-05	4.40246e-06	1.63809e-07	4.581e-09	9.88732e-11	1.68328e-12	2.30199e-14	2.56818e-16	2.36873e-18	1.82784e-20	1.19432e-22	6.73221e-25	3.46038e-27	2.3217e-29	
ADCAHA_Sarothrocrepis_sp	0	0	0	0	0	0	0	0	0	0	0	0	0	1	0	0	0	0	0	0	0	0	0	0	0	0	0	0	0	0	0	
ADCAHA_Dicrochile_sp	0	0	0	0	0	0	0	0	0	0	0	1	0	0	0	0	0	0	0	0	0	0	0	0	0	0	0	0	0	0	0	
ADCAHA_Cymindis_sp	0	0	0	0	0	0	0	0	0	0	0	0	1	0	0	0	0	0	0	0	0	0	0	0	0	0	0	0	0	0	0	
ADCABR_Aptinus_displosor	0	0	1	0	0	0	0	0	0	0	0	0	0	0	0	0	0	0	0	0	0	0	0	0	0	0	0	0	0	0	0	
N170	0.112386	0.125675	0.139236	0.145291	0.138263	0.118055	0.0897838	0.0606383	0.0363332	0.0193141	0.00911395	0.00382133	0.00142539	0.000473695	0.000140486	3.725e-05	8.84759e-06	1.88632e-06	3.61759e-07	6.25434e-08	9.76933e-09	1.38184e-09	1.77417e-10	2.07305e-11	2.21144e-12	2.16318e-13	1.95424e-14	1.65248e-15	1.34586e-16	1.14932e-17	1.59173e-18	
ADCAHA_Demetrias_atricapillus	0	0	0	0	0	0	0	0	1	0	0	0	0	0	0	0	0	0	0	0	0	0	0	0	0	0	0	0	0	0	0	
N171	0.282526	0.272826	0.219491	0.13596	0.0621811	0.0207946	0.00512607	0.000946139	0.000133128	1.45372e-05	1.25265e-06	8.64785e-08	4.84875e-09	2.23504e-10	8.5625e-12	2.75296e-13	7.49342e-15	1.74044e-16	3.47401e-18	5.99804e-20	9.01073e-22	1.18423e-23	1.36838e-25	1.3966e-27	1.26443e-29	1.01963e-31	7.35351e-34	4.7691e-36	2.81818e-38	1.59721e-40	1.25507e-42	
ADCALO_Loricera_pilicornis	0	1	0	0	0	0	0	0	0	0	0	0	0	0	0	0	0	0	0	0	0	0	0	0	0	0	0	0	0	0	0	
ADCACA_Carabus_problematicus	0	0	1	0	0	0	0	0	0	0	0	0	0	0	0	0	0	0	0	0	0	0	0	0	0	0	0	0	0	0	0	
N172	0.0867291	0.0965613	0.108257	0.118204	0.122399	0.118093	0.105005	0.0854624	0.0633894	0.0427241	0.0261151	0.0144575	0.00724276	0.00328173	0.00134459	0.000498155	0.000166921	5.0603e-05	1.38858e-05	3.45105e-06	7.7736e-07	1.58831e-07	2.94651e-08	4.96892e-09	7.63045e-10	1.07017e-10	1.37901e-11	1.65557e-12	1.92031e-13	2.40151e-14	4.91484e-15	
N173	0.0906743	0.0975862	0.104288	0.109334	0.11092	0.107493	0.098428	0.0844218	0.0673817	0.0498071	0.0339784	0.0213413	0.0123201	0.00652988	0.00317528	0.00141605	0.000579061	0.000217136	7.46754e-05	2.35606e-05	6.82225e-06	1.81391e-06	4.43113e-07	9.95349e-08	2.05847e-08	3.92896e-09	6.96071e-10	1.16228e-10	1.91141e-11	3.53616e-12	1.09573e-12	
N174	0.0501035	0.0583946	0.0706482	0.0847516	0.0977316	0.106488	0.108655	0.103314	0.0912736	0.07477	0.0567062	0.039766	0.0257589	0.0154	0.00849186	0.00431682	0.00202234	0.000872936	0.000347148	0.000127193	4.29426e-05	1.33626e-05	3.83378e-06	1.01465e-06	2.47936e-07	5.60409e-08	1.17757e-08	2.33571e-09	4.59342e-10	1.04336e-10	4.02094e-11	
N175	0.000257723	0.00057864	0.00151957	0.0038316	0.00888405	0.0186396	0.0350688	0.0588292	0.0876718	0.115789	0.135298	0.139712	0.127392	0.102512	0.0727758	0.0455735	0.0251745	0.0122693	0.00527768	0.00200475	0.000672937	0.000199788	5.25199e-05	1.2242e-05	2.5351e-06	4.67808e-07	7.73777e-08	1.16387e-08	1.66267e-09	2.61015e-10	7.13849e-11	
N176	8.25003e-06	2.05276e-05	6.96034e-05	0.000239988	0.000769105	0.00223003	0.00578696	0.0133574	0.0273078	0.0492924	0.0783728	0.109557	0.134457	0.144716	0.136483	0.112725	0.0815041	0.0515825	0.0285774	0.0138633	0.00589197	0.00219549	0.000718025	0.000206415	5.22828e-05	1.17173e-05	2.34369e-06	4.26618e-07	7.39662e-08	1.36532e-08	3.79782e-09	
ADCASC_Carenum_interruptum	0	0	0	0	0	0	0	0	0	0	0	0	0	0	0	0	0	0	1	0	0	0	0	0	0	0	0	0	0	0	0	
ADCASC_Scarites_hespericus	0	0	0	0	0	0	0	0	0	0	0	0	0	0	0	0	0	0	0	0	1	0	0	0	0	0	0	0	0	0	0	
N177	0.00242193	0.00443545	0.0104347	0.0247714	0.0524546	0.0940596	0.13988	0.171113	0.171715	0.14138	0.0956852	0.0533987	0.0246712	0.00948074	0.00304566	0.000822242	0.000187555	3.63401e-05	6.01245e-06	8.53759e-07	1.04562e-07	1.1097e-08	1.02519e-09	8.28026e-11	5.87187e-12	3.67216e-13	2.03633e-14	1.01064e-15	4.59307e-17	2.0717e-18	1.51678e-19	
ADCASC_Scarites_buparius	0	0	0	0	0	0	1	0	0	0	0	0	0	0	0	0	0	0	0	0	0	0	0	0	0	0	0	0	0	0	0	
ADCASC_Scarites_occidentalis_M	0	0	0	0	0	0	0	1	0	0	0	0	0	0	0	0	0	0	0	0	0	0	0	0	0	0	0	0	0	0	0	
N178	0.101664	0.111129	0.121082	0.127985	0.127889	0.118352	0.0999414	0.0762337	0.0521809	0.0319198	0.0174094	0.00845715	0.00365858	0.00141015	0.000484729	0.000148795	4.08512e-05	1.00486e-05	2.21868e-06	4.40571e-07	7.88381e-08	1.27392e-08	1.86268e-09	2.46993e-10	2.9776e-11	3.27434e-12	3.30253e-13	3.09062e-14	2.76468e-15	2.61673e-16	4.20908e-17	
N179	0.0572695	0.0996354	0.17193	0.228483	0.215119	0.139864	0.0627332	0.0197005	0.00443253	0.000732872	9.12451e-05	8.74617e-06	6.58208e-07	3.95638e-08	1.92813e-09	7.71945e-11	2.56845e-12	7.17523e-14	1.69837e-15	3.43398e-17	5.97471e-19	9.00466e-21	1.18268e-22	1.36116e-24	1.37973e-26	1.23763e-28	9.87147e-31	7.04568e-33	4.56638e-35	2.83512e-37	2.43333e-39	
ADCASC_Scarites_terricola	0	0	1	0	0	0	0	0	0	0	0	0	0	0	0	0	0	0	0	0	0	0	0	0	0	0	0	0	0	0	0	
ADCASC_Scarites_laevigatus	0	0	0	0	0	1	0	0	0	0	0	0	0	0	0	0	0	0	0	0	0	0	0	0	0	0	0	0	0	0	0	
ADCASC_Scarites_eurytus	0	0	0	0	0	0	1	0	0	0	0	0	0	0	0	0	0	0	0	0	0	0	0	0	0	0	0	0	0	0	0	
N180	0.0737582	0.0800411	0.0869295	0.0933723	0.0979576	0.0992662	0.0962937	0.0887998	0.077442	0.0636217	0.0490962	0.0355126	0.0240399	0.0152127	0.00899205	0.00496192	0.00255524	0.0012278	0.000550442	0.000230259	8.98902e-05	3.27578e-05	1.11481e-05	3.54537e-06	1.05504e-06	2.94679e-07	7.78632e-08	1.98894e-08	5.21113e-09	1.62627e-09	8.10939e-10	
ADCAPA_Arthropterus_sp	0	0	0	0	0	0	1	0	0	0	0	0	0	0	0	0	0	0	0	0	0	0	0	0	0	0	0	0	0	0	0	
ADCAPA_Mystropomus_subcostatus	0	0	0	0	0	0	0	0	0	0	1	0	0	0	0	0	0	0	0	0	0	0	0	0	0	0	0	0	0	0	0	
N181	0.000149483	0.000316771	0.000869948	0.00239385	0.00605056	0.0136966	0.0275469	0.0490603	0.0772231	0.107282	0.131406	0.141808	0.134769	0.112776	0.083109	0.0539597	0.0308882	0.0156043	0.00696582	0.00275198	0.000963976	0.000300052	8.32178e-05	2.06356e-05	4.596e-06	9.25313e-07	1.70026e-07	2.89716e-08	4.72545e-09	8.04498e-10	2.02605e-10	
N182	2.96704e-07	7.72739e-07	2.72799e-06	1.0106e-05	3.62027e-05	0.000121312	0.000374191	0.00105348	0.00269417	0.00624091	0.0130703	0.0247162	0.0421635	0.0648413	0.0898486	0.112144	0.126059	0.127618	0.116385	0.0956614	0.0709205	0.0474809	0.0287557	0.0157921	0.00789208	0.00360796	0.00152211	0.000602638	0.000232711	9.67575e-05	5.50126e-05	
ADCACI_Omus_californicus	0	0	0	0	0	0	0	0	0	0	0	0	0	0	0	1	0	0	0	0	0	0	0	0	0	0	0	0	0	0	0	
N183	1.00437e-15	7.9261e-15	9.11878e-14	1.04292e-12	1.11786e-11	1.10094e-10	9.8534e-10	7.95722e-09	5.76912e-08	3.74054e-07	2.16169e-06	1.11014e-05	5.05183e-05	0.000203146	0.000719931	0.00224267	0.00612542	0.014634	0.0305121	0.0554103	0.08749	0.119942	0.142633	0.147086	0.131615	0.102441	0.0697935	0.0422829	0.0237019	0.0135406	0.00956276	
ADCACI_Amblycheila_baroni	0	0	0	0	0	0	0	0	0	0	0	0	0	0	0	0	0	0	0	0	0	0	0	0	0	0	0	0	0	1	0	
ADCACI_Mantichora_amygdaloides	0	0	0	0	0	0	0	0	0	0	0	0	0	0	0	0	0	0	0	0	0	0	0	1	0	0	0	0	0	0	0	
N184	2.86562e-05	7.5185e-05	0.000260099	0.000907533	0.0029218	0.00834235	0.0206739	0.0438965	0.0791976	0.120743	0.15496	0.166975	0.150798	0.114022	0.0721478	0.0382041	0.016938	0.00629334	0.00196216	0.000514218	0.0001135	2.11495e-05	3.336e-06	4.46826e-07	5.10169e-08	4.99213e-09	4.22514e-10	3.15465e-11	2.18623e-12	1.6281e-13	2.14298e-14	
N185	2.59813e-05	6.86892e-05	0.000240233	0.000849038	0.00277076	0.00801587	0.0201052	0.0431387	0.0785115	0.120518	0.155431	0.167972	0.151834	0.114671	0.0723206	0.0380874	0.0167571	0.00616429	0.00189833	0.00049018	0.000106334	1.94224e-05	2.99482e-06	3.91006e-07	4.33853e-08	4.11205e-09	3.35816e-10	2.40837e-11	1.59717e-12	1.15302e-13	1.60152e-14	
N186	0.00177541	0.00272901	0.0051734	0.0104508	0.02051	0.0372513	0.061144	0.0896663	0.116827	0.134863	0.137747	0.124408	0.0993383	0.0701386	0.0438067	0.0242176	0.0118595	0.00514954	0.00198478	0.000679891	0.000207272	5.63189e-05	1.36603e-05	2.96267e-06	5.75566e-07	1.00374e-07	1.57672e-08	2.25157e-09	3.02659e-10	4.42352e-11	1.15596e-11	
N187	7.1863e-06	3.88383e-05	0.000268858	0.00161082	0.00769494	0.0282154	0.0771752	0.153899	0.220103	0.223809	0.161663	0.0835028	0.0312584	0.0086332	0.00179424	0.000286161	3.56752e-05	3.5355e-06	2.82761e-07	1.84976e-08	1.00171e-09	4.53878e-11	1.7372e-12	5.66515e-14	1.5865e-15	3.84417e-17	8.12517e-19	1.51556e-20	2.55455e-22	4.14404e-24	9.49182e-26	
ADCACI_Megacephala_brasiliensis	0	0	0	0	0	0	0	0	0	0	1	0	0	0	0	0	0	0	0	0	0	0	0	0	0	0	0	0	0	0	0	
ADCACI_Megacephala_sobrina	0	0	0	0	0	0	0	1	0	0	0	0	0	0	0	0	0	0	0	0	0	0	0	0	0	0	0	0	0	0	0	
ADCACI_Megacephala_whelani	0	0	0	0	0	0	0	0	0	0	1	0	0	0	0	0	0	0	0	0	0	0	0	0	0	0	0	0	0	0	0	
N188	1.34018e-06	4.80714e-06	2.42238e-05	0.000122348	0.000555931	0.00217595	0.00718897	0.0198298	0.0453582	0.0856353	0.132994	0.169474	0.176878	0.151016	0.105406	0.0601368	0.0280553	0.0107117	0.00335159	0.000860906	0.000181938	3.17153e-05	4.57367e-06	5.47417e-07	5.4571e-08	4.5483e-09	3.18274e-10	1.8801e-11	9.50452e-13	4.45937e-14	3.53063e-15	
N189	3.46292e-05	9.21569e-05	0.000344043	0.00129175	0.00433818	0.0125056	0.0304197	0.0619092	0.104899	0.147521	0.171847	0.165624	0.131996	0.086989	0.047432	0.0214201	0.0080232	0.0024972	0.000647291	0.000140085	2.53834e-05	3.86281e-06	4.95293e-07	5.36917e-08	4.93821e-09	3.86743e-10	2.58886e-11	1.48821e-12	7.43832e-14	3.50343e-15	2.84003e-16	
N190	3.05239e-05	7.7566e-05	0.000275159	0.000993624	0.00325785	0.0093116	0.0228153	0.0475338	0.0838227	0.124758	0.156432	0.165061	0.14648	0.109321	0.0686444	0.0362959	0.0161814	0.00609269	0.00194139	0.000524737	0.000120622	2.36485e-05	3.96628e-06	5.70879e-07	7.07491e-08	7.57566e-09	7.03691e-10	5.7084e-11	4.1322e-12	2.96909e-13	3.70228e-14	
N191	1.9559e-08	1.05016e-07	8.17162e-07	6.11432e-06	4.00863e-05	0.000223369	0.00104235	0.00403489	0.0128599	0.0335292	0.0711024	0.12201	0.168682	0.187253	0.166529	0.118529	0.0675477	0.0308761	0.0113553	0.00337424	0.000814291	0.000160519	2.60091e-05	3.4865e-06	3.89192e-07	3.64153e-08	2.87464e-09	1.92879e-10	1.11785e-11	6.11981e-13	5.79548e-14	
N192	1.72215e-18	8.53235e-17	5.36835e-15	2.98185e-13	1.37838e-11	5.17257e-10	1.54904e-08	3.64171e-07	6.60056e-06	9.03347e-05	0.000910989	0.00657581	0.0328187	0.108699	0.228021	0.288853	0.213463	0.0920786	0.0240262	0.00398167	0.000439578	3.37143e-05	1.86128e-06	7.62006e-08	2.3721e-09	5.73532e-11	1.09686e-12	1.68626e-14	2.12066e-16	2.28854e-18	3.42163e-20	
ADCACI_Cicindela_splendida	0	0	0	0	0	0	0	0	0	0	0	0	0	0	0	0	1	0	0	0	0	0	0	0	0	0	0	0	0	0	0	
ADCACI_Cicindela_sexguttata	0	0	0	0	0	0	0	0	0	0	0	0	0	0	0	1	0	0	0	0	0	0	0	0	0	0	0	0	0	0	0	
ADCACI_Cicindela_tranquebarica	0	0	0	0	0	0	0	0	0	0	0	0	0	1	0	0	0	0	0	0	0	0	0	0	0	0	0	0	0	0	0	
ADCACI_Myriochile_undulata	0	0	0	0	0	0	0	0	0	1	0	0	0	0	0	0	0	0	0	0	0	0	0	0	0	0	0	0	0	0	0	
N193	0.000703192	0.00144705	0.00393099	0.0107941	0.0265904	0.0559594	0.0985109	0.143635	0.172594	0.170485	0.138285	0.0921041	0.0504106	0.0227046	0.00843143	0.00258783	0.000658328	0.000139249	2.45735e-05	3.63124e-06	4.51028e-07	4.72734e-08	4.19788e-09	3.17099e-10	2.04582e-11	1.13188e-12	5.39214e-14	2.22231e-15	8.01068e-17	2.70543e-18	1.53114e-19	
N194	0.00228517	0.00430985	0.0102213	0.0240667	0.0505827	0.0906838	0.135861	0.168445	0.17202	0.144411	0.0996255	0.0565238	0.0264171	0.0101936	0.00325689	0.000864448	0.000191305	3.54385e-05	5.51811e-06	7.2533e-07	8.08377e-08	7.67264e-09	6.22943e-10	4.34538e-11	2.61553e-12	1.36423e-13	6.19198e-15	2.4568e-16	8.60379e-18	2.83844e-19	1.60038e-20	
ADCACI_Taenidia_circumdata	0	0	0	0	0	0	0	0	1	0	0	0	0	0	0	0	0	0	0	0	0	0	0	0	0	0	0	0	0	0	0	
ADCACI_Cylindera_cognata	0	0	0	0	0	1	0	0	0	0	0	0	0	0	0	0	0	0	0	0	0	0	0	0	0	0	0	0	0	0	0	
N195	0.00012982	0.000380181	0.00153182	0.00585585	0.0188078	0.0486555	0.0994882	0.159088	0.197667	0.190209	0.141698	0.0819073	0.036907	0.0130468	0.00364616	0.000812372	0.000145567	2.11634e-05	2.51808e-06	2.47253e-07	2.01958e-08	1.38266e-09	7.99112e-11	3.9252e-12	1.64902e-13	5.96058e-15	1.86424e-16	5.07425e-18	1.21373e-19	2.69315e-21	9.69254e-23	
ADCACI_Ellipsoptera_marginata	0	0	0	0	0	0	0	0	1	0	0	0	0	0	0	0	0	0	0	0	0	0	0	0	0	0	0	0	0	0	0	
ADCACI_Cicindela_marutha	0	0	0	0	0	0	0	0	0	1	0	0	0	0	0	0	0	0	0	0	0	0	0	0	0	0	0	0	0	0	0	
N196	5.04039e-09	2.82394e-08	2.20583e-07	1.7101e-06	1.18996e-05	7.13323e-05	0.000361548	0.00153422	0.00541685	0.0158397	0.0382192	0.0758576	0.123525	0.164663	0.17938	0.159494	0.115661	0.0683942	0.0329918	0.0129949	0.00418607	0.00110527	0.000239876	4.29448e-05	6.37097e-06	7.88057e-07	8.20571e-08	7.31652e-09	5.78783e-10	4.47666e-11	5.43862e-12	
ADCACI_Cicindela_hybrida	0	0	0	0	0	0	0	0	0	0	0	0	0	0	0	0	1	0	0	0	0	0	0	0	0	0	0	0	0	0	0	
N197	8.12169e-10	4.98108e-09	4.42061e-08	3.91921e-07	3.1279e-06	2.15416e-05	0.000125478	0.000611502	0.00247614	0.00828915	0.0228471	0.0516682	0.0955791	0.144248	0.177217	0.176927	0.143364	0.0942225	0.0502242	0.0217261	0.00763696	0.00218574	0.000510725	9.77612e-05	1.53949e-05	2.00531e-06	2.17786e-07	2.00077e-08	1.60927e-09	1.26305e-10	1.56972e-11	
ADCACI_Ctenostoma_sp	0	0	0	0	0	0	0	0	0	0	0	0	0	1	0	0	0	0	0	0	0	0	0	0	0	0	0	0	0	0	0	
N198	6.42222e-19	2.47269e-17	1.39783e-15	7.09251e-14	2.95242e-12	9.78977e-11	2.5507e-09	5.17733e-08	8.1321e-07	9.82752e-06	9.09018e-05	0.000640531	0.0034237	0.0138291	0.0420732	0.0961477	0.164684	0.211089	0.202299	0.144928	0.0776598	0.0311717	0.00939607	0.00213543	0.000368186	4.86449e-05	5.0105e-06	4.1552e-07	2.96647e-08	2.15863e-09	2.88044e-10	
N199	1.01752e-18	3.4692e-17	1.67227e-15	7.12683e-14	2.52075e-12	7.27331e-11	1.69505e-09	3.1639e-08	4.69272e-07	5.48961e-06	5.02951e-05	0.000358573	0.00197786	0.00839892	0.0273469	0.0680649	0.129245	0.187067	0.206439	0.173938	0.112176	0.0555758	0.0212549	0.00631466	0.00146947	0.000270963	4.02842e-05	4.96584e-06	5.31768e-07	5.33523e-08	6.17726e-09	
N200	1.92782e-20	4.77182e-19	1.79964e-17	6.18208e-16	1.83926e-14	4.6963e-13	1.02333e-11	1.89256e-10	2.95419e-09	3.87023e-08	4.23142e-07	3.83928e-06	2.87504e-05	0.00017676	0.000887812	0.00362662	0.0120009	0.0320651	0.0690032	0.119401	0.166011	0.185503	0.166792	0.120935	0.0709311	0.0337902	0.0131424	0.0042057	0.00112848	0.000275508	8.99901e-05	
N201	7.96823e-26	6.07591e-24	6.30925e-22	5.79793e-20	4.56093e-18	3.04134e-16	1.70443e-14	7.95371e-13	3.05897e-11	9.58559e-10	2.41615e-08	4.82839e-07	7.52552e-06	8.9794e-05	0.000803101	0.00525743	0.0245374	0.0793965	0.173342	0.24992	0.235846	0.146889	0.0616574	0.0179157	0.00370576	0.00056073	6.37648e-05	5.61442e-06	3.98725e-07	2.48419e-08	2.13523e-09	
ADCACI_Prothyma_sp	0	0	0	0	0	0	0	0	0	0	0	0	0	0	0	0	0	0	0	1	0	0	0	0	0	0	0	0	0	0	0	
ADCACI_Pentacomia_sp	0	0	0	0	0	0	0	0	0	0	0	0	0	0	0	0	0	0	0	1	0	0	0	0	0	0	0	0	0	0	0	
N202	6.43801e-40	9.59721e-38	1.8764e-35	3.37407e-33	5.38362e-31	7.55756e-29	9.28793e-27	9.94629e-25	9.23649e-23	7.40019e-21	5.08776e-19	2.98452e-17	1.48471e-15	6.22317e-14	2.18251e-12	6.35641e-11	1.5249e-09	2.9866e-08	4.72894e-07	5.98801e-06	5.99057e-05	0.00046711	0.00279585	0.0126292	0.042264	0.102807	0.178743	0.220511	0.197058	0.140188	0.102472	
ADCACI_Cicindela_sedecimpunctata	0	0	0	0	0	0	0	0	0	0	0	0	0	0	0	0	0	0	0	0	0	0	0	0	0	0	0	0	0	1	0	
ADCACI_Cicindela_aurulenta	0	0	0	0	0	0	0	0	0	0	0	0	0	0	0	0	0	0	0	0	0	0	0	0	0	0	0	0	1	0	0	
ADCACI_Cicindela_punctulata	0	0	0	0	0	0	0	0	0	0	0	0	0	0	0	0	0	0	0	0	0	0	0	1	0	0	0	0	0	0	0	
N203	1.64226e-18	5.84824e-17	2.93227e-15	1.33806e-13	5.08168e-12	1.55459e-10	3.77103e-09	7.18293e-08	1.0664e-06	1.22618e-05	0.000108572	0.000736418	0.003808	0.0149475	0.0443715	0.0992946	0.167081	0.211011	0.199786	0.141761	0.0754219	0.0301305	0.00906109	0.0020593	0.000355807	4.71797e-05	4.87982e-06	4.06398e-07	2.92877e-08	2.21385e-09	3.18952e-10	
ADCACI_Cicindela_dorsalis	0	0	0	0	0	0	0	0	0	0	0	1	0	0	0	0	0	0	0	0	0	0	0	0	0	0	0	0	0	0	0	
N204	5.77487e-18	1.76534e-16	7.6257e-15	2.99427e-13	9.81758e-12	2.62311e-10	5.64342e-09	9.69044e-08	1.31775e-06	1.40883e-05	0.000117612	0.000761794	0.00380607	0.0145911	0.0427267	0.0952079	0.160973	0.206104	0.199642	0.146312	0.0812215	0.0342309	0.0109912	0.00270192	0.00051194	7.54816e-05	8.79183e-06	8.31475e-07	6.76646e-08	5.44224e-09	6.69341e-10	
ADCACI_Cicindela_repanda	0	0	0	0	0	0	0	0	0	0	0	0	0	0	0	0	0	0	0	0	1	0	0	0	0	0	0	0	0	0	0	
N205	7.8083e-16	1.10289e-14	2.41152e-13	4.93288e-12	8.76491e-11	1.33237e-09	1.7208e-08	1.87757e-07	1.72122e-06	1.31858e-05	8.39725e-05	0.000442348	0.00191856	0.00682262	0.0198194	0.0468851	0.0900897	0.14033	0.176946	0.180447	0.148766	0.0991654	0.0534844	0.023374	0.00829766	0.00240283	0.000571882	0.000113575	1.95211e-05	3.25918e-06	8.26805e-07	
ADCACI_Therates_sp	0	0	0	0	0	0	0	0	0	0	0	0	0	1	0	0	0	0	0	0	0	0	0	0	0	0	0	0	0	0	0	
N206	9.05494e-43	2.7274e-40	9.99954e-38	3.37177e-35	1.00105e-32	2.58349e-30	5.75668e-28	1.10101e-25	1.79655e-23	2.48494e-21	2.89326e-19	2.81415e-17	2.26758e-15	1.49969e-13	8.05647e-12	3.47427e-10	1.18649e-08	3.15842e-07	6.43196e-06	9.79652e-05	0.00108548	0.00845146	0.0442401	0.147041	0.288185	0.304213	0.158963	0.041241	0.00586559	0.000545958	6.38578e-05	
ADCACI_Oxycheila_sp	0	0	0	0	0	0	0	0	0	0	0	0	0	0	0	0	0	0	0	0	0	0	0	0	0	1	0	0	0	0	0	
ADCACI_Lophyridia_lunulata	0	0	0	0	0	0	0	0	0	0	0	0	0	0	0	0	0	0	0	0	0	0	0	0	0	0	1	0	0	0	0	
ADCACI_Lophyra_sp	0	0	0	0	0	0	0	0	0	1	0	0	0	0	0	0	0	0	0	0	0	0	0	0	0	0	0	0	0	0	0	
