NODE	11	12	13	14	15	16	17	18	19	20	21	22	23	24	25	26	27	28	29	30	31	32	33	
N1	0.451523	0.313369	0.157426	0.0581455	0.0158394	0.00317611	0.000467393	5.0373e-05	3.97476e-06	2.29993e-07	9.79166e-09	3.08178e-10	7.2129e-12	1.26396e-13	8.51537e-18	8.53963e-19	7.50527e-20	5.81386e-21	3.99904e-22	2.4687e-23	1.39309e-24	7.61057e-26	6.24344e-27	
N2	0.34724	0.313173	0.204483	0.0953093	0.0312932	0.00719678	0.00116093	0.000132206	1.07312e-05	6.28071e-07	2.68397e-08	8.48363e-10	2.00937e-11	3.6121e-13	4.98951e-15	5.35948e-17	4.52776e-19	3.04104e-21	1.64045e-23	7.17599e-26	2.56948e-28	7.67544e-31	2.90666e-33	
N3	0.286864	0.287404	0.222458	0.128254	0.0540538	0.0165717	0.0037048	0.000607743	7.37544e-05	6.68318e-06	4.56622e-07	2.37607e-08	9.51147e-10	2.95824e-11	7.21823e-13	1.39488e-14	2.15431e-16	2.68254e-18	2.71581e-20	2.25384e-22	1.54867e-24	9.17414e-27	7.75442e-29	
N4	0.0928756	0.128306	0.169489	0.191544	0.17494	0.126064	0.0710661	0.0312877	0.0107749	0.00291213	0.000620353	0.000104677	1.4067e-05	1.51419e-06	1.31334e-07	9.23502e-09	5.29721e-10	2.49415e-11	9.70284e-13	3.14393e-14	8.63479e-16	2.17983e-17	9.092e-19	
N5	0.0554622	0.0798028	0.116775	0.15599	0.177449	0.165345	0.123629	0.0734222	0.0344879	0.012804	0.00376315	0.000878291	0.000163458	2.43772e-05	2.9293e-06	2.85353e-07	2.26901e-08	1.48525e-09	8.09902e-11	3.75142e-12	1.52886e-13	5.90328e-15	3.3573e-16	
POCHDO_Donacia_hirticollis	0	0	0	0	0	0	0	0	0	0	0	1	0	0	0	0	0	0	0	0	0	0	0	
N6	0.0500904	0.0731636	0.10953	0.150392	0.176448	0.169858	0.131173	0.0802879	0.0387241	0.0146896	0.0043854	0.00103275	0.000192533	2.85396e-05	3.38072e-06	3.21799e-07	2.47614e-08	1.55056e-09	7.96836e-11	3.40618e-12	1.24858e-13	4.32291e-15	2.44947e-16	
POCHDO_Donacia_vulgaris	0	0	0	0	0	0	1	0	0	0	0	0	0	0	0	0	0	0	0	0	0	0	0	
N7	0.0367442	0.0558601	0.0891648	0.132138	0.168483	0.177257	0.150454	0.101806	0.0545932	0.0231499	0.00776461	0.00206405	0.000436279	7.36319e-05	9.9711e-06	1.08934e-06	9.65989e-08	7.00279e-09	4.1904e-10	2.10362e-11	9.16022e-13	3.77061e-14	2.38018e-15	
POCHDO_Donacia_bicolor	0	0	0	0	0	0	0	0	0	0	0	1	0	0	0	0	0	0	0	0	0	0	0	
N8	0.0340998	0.05283	0.0861212	0.129835	0.167884	0.178802	0.153469	0.104919	0.0567941	0.0242869	0.0082061	0.00219496	0.000466255	7.89819e-05	1.07211e-05	1.17243e-06	1.03893e-07	7.50714e-09	4.45651e-10	2.19846e-11	9.25445e-13	3.64905e-14	2.36232e-15	
N9	0.048219	0.0705796	0.106129	0.146739	0.173937	0.169947	0.134021	0.0844011	0.0422517	0.0167992	0.00531318	0.00134101	0.000271274	4.42109e-05	5.83822e-06	6.28502e-07	5.55071e-08	4.04758e-09	2.45306e-10	1.24518e-11	5.38398e-13	2.17532e-14	1.58887e-15	
POCHDO_Donacia_biimpressa	0	0	0	0	1	0	0	0	0	0	0	0	0	0	0	0	0	0	0	0	0	0	0	
POCHDO_Donacia_clavipes	0	0	0	0	0	1	0	0	0	0	0	0	0	0	0	0	0	0	0	0	0	0	0	
POCHDO_Donacia_subtilis	0	0	0	0	0	0	0	0	0	0	1	0	0	0	0	0	0	0	0	0	0	0	0	
N10	0.00892288	0.0172844	0.0365978	0.0707376	0.116651	0.159649	0.178994	0.163306	0.12082	0.0723687	0.0350835	0.0137749	0.00438694	0.00113582	0.00023981	4.14557e-05	5.89895e-06	6.9609e-07	6.88927e-08	5.8359e-09	4.4358e-10	3.52186e-11	5.3514e-12	
N11	0.00668271	0.0129593	0.0283858	0.0578669	0.101338	0.147662	0.176534	0.171975	0.136035	0.0872367	0.0453398	0.0191114	0.00654332	0.00182392	0.000415239	7.75428e-05	1.19482e-05	1.53208e-06	1.65605e-07	1.54053e-08	1.28082e-09	1.05109e-10	1.35374e-11	
N12	0.00271558	0.0058938	0.0144423	0.0329232	0.0652924	0.109381	0.152426	0.175192	0.165298	0.127728	0.0807585	0.0417895	0.0177167	0.00616462	0.0017648	0.000416949	8.16011e-05	1.32924e-05	1.81472e-06	2.10423e-07	2.14826e-08	2.20669e-09	4.07134e-10	
POCHCR_Crioceris_paracenthesis	0	0	0	0	0	0	0	0	0	0	0	0	0	0	1	0	0	0	0	0	0	0	0	
POCHCR_Crioceris_asparagi	0	0	0	0	1	0	0	0	0	0	0	0	0	0	0	0	0	0	0	0	0	0	0	
POCHCR_Oulema_melanopus	0	0	0	0	0	0	0	0	0	0	0	0	0	0	0	0	1	0	0	0	0	0	0	
POCHCR_Lilioceris_sp	0	0	0	0	0	0	0	1	0	0	0	0	0	0	0	0	0	0	0	0	0	0	0	
N13	0.290251	0.280013	0.21227	0.127075	0.0599399	0.0222106	0.00645756	0.00147467	0.000265309	3.7775e-05	4.28023e-06	3.88376e-07	2.84081e-08	1.68658e-09	8.18334e-11	3.26722e-12	1.08058e-13	2.97997e-15	6.8974e-17	1.35016e-18	2.26908e-20	3.49473e-22	8.50004e-24	
N14	0.216504	0.226826	0.201991	0.154078	0.100782	0.0564393	0.0270065	0.0110264	0.00383954	0.00114089	0.000289685	6.29846e-05	1.17572e-05	1.88986e-06	2.62441e-07	3.15936e-08	3.30881e-09	3.02565e-10	2.42512e-11	1.71366e-12	1.08887e-13	7.00742e-15	8.97494e-16	
POCHBR_Pachymerus_sp	0	0	0	1	0	0	0	0	0	0	0	0	0	0	0	0	0	0	0	0	0	0	0	
POCHBR_Zabrotes_subfasciatus	0	0	0	1	0	0	0	0	0	0	0	0	0	0	0	0	0	0	0	0	0	0	0	
N15	0.261753	0.26685	0.219072	0.141981	0.0716179	0.0279369	0.00841708	0.00196198	0.000354997	5.00797e-05	5.53655e-06	4.82434e-07	3.33363e-08	1.83851e-09	8.14609e-11	2.91924e-12	8.51789e-14	2.03711e-15	4.01927e-17	6.58469e-19	9.02907e-21	1.07698e-22	1.98968e-24	
N16	0.120838	0.166504	0.204628	0.201447	0.154138	0.0911016	0.0415915	0.0146956	0.00403061	0.000861385	0.000144075	1.89542e-05	1.97191e-06	1.63163e-07	1.0802e-08	5.7574e-10	2.48617e-11	8.75438e-13	2.5304e-14	6.0472e-16	1.20852e-17	2.1367e-19	6.16433e-21	
N17	0.180224	0.20991	0.214081	0.179925	0.119786	0.061881	0.0245818	0.00749071	0.00175361	0.00031663	4.43385e-05	4.84717e-06	4.16722e-07	2.8393e-08	1.54536e-09	6.77281e-11	2.40919e-12	7.00988e-14	1.68105e-15	3.34853e-17	5.60573e-19	8.35031e-21	1.98111e-22	
N18	0.148565	0.188491	0.212343	0.193982	0.137972	0.0750952	0.0310423	0.00972096	0.0023076	0.000416474	5.74127e-05	6.08092e-06	4.98191e-07	3.18032e-08	1.59417e-09	6.32436e-11	2.00159e-12	5.09391e-14	1.05062e-15	1.76996e-17	2.46008e-19	2.94746e-21	5.37753e-23	
N19	0.200303	0.229064	0.22462	0.175937	0.1047	0.0461419	0.0149416	0.00356585	0.000632873	8.45417e-05	8.61309e-06	6.78267e-07	4.18283e-08	2.0454e-09	8.02447e-11	2.55358e-12	6.65897e-14	1.43651e-15	2.58628e-17	3.91818e-19	5.04021e-21	5.70979e-23	1.01532e-24	
POCHBR_Callosobruchus_subinnotatus	0	0	0	1	0	0	0	0	0	0	0	0	0	0	0	0	0	0	0	0	0	0	0	
POCHBR_Callosobruchus_maculatus	0	0	1	0	0	0	0	0	0	0	0	0	0	0	0	0	0	0	0	0	0	0	0	
N20	0.014299	0.0364772	0.0830253	0.145851	0.196061	0.201851	0.159332	0.0965327	0.0449364	0.0160869	0.00443233	0.000940563	0.000153868	1.94362e-05	1.90117e-06	1.44672e-07	8.62147e-09	4.05755e-10	1.52302e-11	4.61265e-13	1.14884e-14	2.52996e-16	8.88546e-18	
POCHBR_Callosobruchus_chinensis	0	1	0	0	0	0	0	0	0	0	0	0	0	0	0	0	0	0	0	0	0	0	0	
POCHSA_Sagra_femorata	0	0	0	0	0	0	0	0	0	0	0	0	0	0	1	0	0	0	0	0	0	0	0	
POCHBR_Callosobruchus_analis	0	1	0	0	0	0	0	0	0	0	0	0	0	0	0	0	0	0	0	0	0	0	0	
N21	0.0249867	0.052436	0.101447	0.156564	0.190552	0.183501	0.140347	0.0855332	0.0416598	0.0162632	0.00510362	0.00129148	0.000264411	4.39581e-05	5.95819e-06	6.61431e-07	6.04582e-08	4.58028e-09	2.90286e-10	1.56427e-11	7.44479e-13	3.51781e-14	2.74495e-15	
N22	0.000418972	0.00131277	0.00467064	0.0143518	0.0361365	0.0739291	0.122786	0.165611	0.181475	0.161628	0.11706	0.0689919	0.0331232	0.0129738	0.00415486	0.00109147	0.000236341	4.2505e-05	6.42901e-06	8.36097e-07	9.76248e-08	1.12929e-08	1.84023e-09	
POCHBR_Bruchus_pisorum	0	0	0	0	0	0	0	0	0	0	0	0	0	0	0	0	0	0	1	0	0	0	0	
POCHBR_Spermophagus_sp	0	0	0	0	0	0	0	0	0	0	0	0	1	0	0	0	0	0	0	0	0	0	0	
POCHBR_Bruchus_rufimanus	0	1	0	0	0	0	0	0	0	0	0	0	0	0	0	0	0	0	0	0	0	0	0	
N23	0.274667	0.268867	0.210736	0.13387	0.0691997	0.0291259	0.00997969	0.0027842	0.00063313	0.000117595	1.78922e-05	2.2383e-06	2.31202e-07	1.98103e-08	1.41497e-09	8.46729e-11	4.26692e-12	1.82021e-13	6.61029e-15	2.05971e-16	5.61103e-18	1.44762e-19	6.26125e-21	
N24	0.284626	0.274572	0.209833	0.129059	0.0643344	0.026065	0.00859298	0.00230727	0.000505247	9.04168e-05	1.32603e-05	1.5993e-06	1.59272e-07	1.31562e-08	9.05687e-10	5.22209e-11	2.53472e-12	1.041e-13	3.6361e-15	1.08633e-16	2.8074e-18	6.70789e-20	2.78689e-21	
N25	0.229938	0.242934	0.215017	0.156351	0.0915823	0.0426477	0.015694	0.00456134	0.00105035	0.000192676	2.83474e-05	3.37003e-06	3.26261e-07	2.59231e-08	1.70344e-09	9.32626e-11	4.28473e-12	1.66314e-13	5.48963e-15	1.55074e-16	3.78478e-18	8.45479e-20	3.31319e-21	
POCHBR_Bruchidius_aureus	0	0	0	1	0	0	0	0	0	0	0	0	0	0	0	0	0	0	0	0	0	0	0	
POCHBR_Bruchidius_saundersi	0	0	0	1	0	0	0	0	0	0	0	0	0	0	0	0	0	0	0	0	0	0	0	
POCHBR_Bruchidius_urbanus	0	1	0	0	0	0	0	0	0	0	0	0	0	0	0	0	0	0	0	0	0	0	0	
POCHBR_Acanthoscelides_obtectus	0	0	0	0	1	0	0	0	0	0	0	0	0	0	0	0	0	0	0	0	0	0	0	
N26	0.349235	0.31561	0.205299	0.0936275	0.0291722	0.00611285	0.000856978	8.06282e-05	5.13646e-06	2.24387e-07	6.8226e-09	1.46708e-10	2.26775e-12	2.56083e-14	2.14587e-16	1.35442e-18	6.53103e-21	2.43819e-23	7.13556e-26	1.65624e-28	3.08261e-31	4.67072e-34	8.15009e-37	
N27	0.327682	0.30766	0.212999	0.105259	0.0362363	0.00859152	0.00140147	0.000158256	1.25054e-05	7.00961e-07	2.82916e-08	8.35053e-10	1.83038e-11	3.02421e-13	3.82027e-15	3.73953e-17	2.87238e-19	1.75174e-21	8.57565e-24	3.40547e-26	1.11069e-28	3.09844e-31	1.14158e-33	
N28	0.282957	0.276701	0.214261	0.131134	0.0628994	0.023461	0.00677347	0.00151194	0.000261367	3.51255e-05	3.68949e-06	3.04813e-07	1.99461e-08	1.04143e-09	4.37124e-11	1.48611e-12	4.12285e-14	9.40145e-16	1.77467e-17	2.79258e-19	3.69568e-21	4.28238e-23	7.70122e-25	
N29	0.251012	0.257398	0.215934	0.146511	0.0794522	0.0341706	0.0116131	0.00311795	0.000662735	0.000111953	1.51064e-05	1.63778e-06	1.43578e-07	1.02458e-08	5.99178e-10	2.89104e-11	1.15865e-12	3.88304e-14	1.09623e-15	2.63419e-17	5.51555e-19	1.09237e-20	3.38957e-22	
POCHCH_Timarcha_intricata	0	0	0	0	0	0	0	1	0	0	0	0	0	0	0	0	0	0	0	0	0	0	0	
N30	0.265884	0.27319	0.223901	0.140763	0.0660974	0.0229481	0.00590001	0.00113236	0.000164035	1.81547e-05	1.5542e-06	1.04164e-07	5.5289e-09	2.3498e-10	8.07934e-12	2.2693e-13	5.25444e-15	1.01153e-16	1.63205e-18	2.22449e-20	2.59167e-22	2.7312e-24	4.51242e-26	
POCHCH_Timarcha_metallica	0	0	0	0	0	1	0	0	0	0	0	0	0	0	0	0	0	0	0	0	0	0	0	
N31	0.322009	0.331839	0.232771	0.092393	0.0189101	0.00196776	0.000107185	3.20256e-06	5.52277e-08	5.77175e-10	3.82105e-12	1.6665e-14	4.95544e-17	1.03522e-19	1.55971e-22	1.73424e-25	1.45224e-28	9.32485e-32	4.6652e-35	1.84478e-38	5.84207e-42	1.50987e-45	4.1326e-49	
N32	0.336174	0.340917	0.227521	0.0807013	0.0135827	0.0010628	3.99821e-05	7.65331e-07	7.93335e-09	4.72689e-11	1.70829e-13	3.92576e-16	5.9769e-19	6.2464e-22	4.62103e-25	2.48543e-28	9.94805e-32	3.02425e-35	7.1097e-39	1.31325e-42	1.93308e-46	2.29906e-50	2.65676e-54	
N33	0.333333	0.340238	0.228963	0.0821308	0.0141319	0.0011553	4.68447e-05	1.00278e-06	1.20857e-08	8.70047e-11	3.94039e-13	1.17398e-15	2.39066e-18	3.43832e-21	3.59242e-24	2.79397e-27	1.65212e-30	7.56628e-34	2.72772e-37	7.85275e-41	1.82858e-44	3.49671e-48	6.94542e-52	
N34	0.308793	0.335717	0.242206	0.0935884	0.0178908	0.00171496	8.70147e-05	2.49121e-06	4.27686e-08	4.64563e-10	3.3433e-12	1.65783e-14	5.85639e-17	1.51644e-19	2.94967e-22	4.40236e-25	5.13552e-28	4.75882e-31	3.55328e-34	2.16507e-37	1.08892e-40	4.59289e-44	2.13585e-47	
POCHCH_Timarcha_granadensis	0	0	1	0	0	0	0	0	0	0	0	0	0	0	0	0	0	0	0	0	0	0	0	
N35	0.223855	0.322251	0.297611	0.129337	0.0247085	0.00214483	9.05408e-05	2.0028e-06	2.49064e-08	1.85296e-10	8.70053e-13	2.69861e-15	5.74745e-18	8.68758e-21	9.58746e-24	7.91565e-27	4.99393e-30	2.45244e-33	9.52803e-37	2.97089e-40	7.52975e-44	1.57004e-47	3.26454e-51	
N36	0.072404	0.199548	0.347811	0.269692	0.0938653	0.0153927	0.00123578	5.04837e-05	1.12521e-06	1.47382e-08	1.21081e-10	6.58469e-13	2.47736e-15	6.68655e-18	1.33439e-20	2.01956e-23	2.36866e-26	2.19322e-29	1.62927e-32	9.8481e-36	4.90424e-39	2.03877e-42	9.07262e-46	
POCHCH_Timarcha_goettingensis	0	0	0	0	0	0	1	0	0	0	0	0	0	0	0	0	0	0	0	0	0	0	0	
N37	0.0751823	0.321202	0.462189	0.130599	0.0105068	0.000316404	4.2546e-06	2.89366e-08	1.09486e-10	2.48502e-13	3.5947e-16	3.48094e-19	2.34917e-22	1.14231e-25	4.11522e-29	1.12447e-32	2.37762e-36	3.95764e-40	5.26361e-44	5.6664e-48	4.99377e-52	3.64063e-56	2.56024e-60	
N38	0.0597502	0.423243	0.451927	0.0638365	0.00123663	6.32607e-06	1.19297e-08	1.01614e-11	4.48119e-15	1.12755e-18	1.73918e-22	1.73656e-26	1.17095e-30	6.36934e-35	1.46763e-37	8.51238e-40	2.52942e-42	5.32133e-45	9.48141e-48	1.47066e-50	2.00264e-53	2.41016e-56	2.76404e-59	
N39	0.0518165	0.410933	0.464668	0.0712555	0.00132088	6.34271e-06	1.13535e-08	9.38207e-12	4.11605e-15	1.05672e-18	1.70382e-22	1.81899e-26	1.33886e-30	7.47868e-35	4.85691e-38	1.87983e-40	4.67212e-43	9.25116e-46	1.59123e-48	2.42146e-51	3.28486e-54	3.99725e-57	4.74453e-60	
POCHCH_Timarcha_cornuta	0	1	0	0	0	0	0	0	0	0	0	0	0	0	0	0	0	0	0	0	0	0	0	
POCHCH_Timarcha_sinuaticollis	0	0	0	1	0	0	0	0	0	0	0	0	0	0	0	0	0	0	0	0	0	0	0	
POCHCH_Timarcha_recticollis	0	1	0	0	0	0	0	0	0	0	0	0	0	0	0	0	0	0	0	0	0	0	0	
N40	2.05184e-05	0.00958904	0.985286	0.00509926	4.92243e-06	1.62631e-09	2.40438e-13	1.85604e-17	8.26777e-22	2.27768e-26	4.07944e-31	4.92869e-36	4.12866e-41	2.44704e-46	1.04116e-51	3.21062e-57	7.21146e-63	1.18046e-68	1.40224e-74	1.19695e-80	7.2192e-87	2.99691e-93	8.81546e-100	
POCHCH_Timarcha_maritima	0	0	1	0	0	0	0	0	0	0	0	0	0	0	0	0	0	0	0	0	0	0	0	
POCHCH_Timarcha_interstitialis	0	0	1	0	0	0	0	0	0	0	0	0	0	0	0	0	0	0	0	0	0	0	0	
N41	0.197574	0.32318	0.316866	0.135916	0.0244566	0.00193372	7.26747e-05	1.41602e-06	1.55009e-08	1.02133e-10	4.29002e-13	1.20478e-15	2.35347e-18	3.30571e-21	3.43358e-24	2.70108e-27	1.64273e-30	7.8627e-34	3.00829e-37	9.32739e-41	2.37224e-44	5.00795e-48	1.07344e-51	
N42	0.00106019	0.015325	0.132874	0.435042	0.3354	0.0760524	0.00415688	8.87985e-05	9.38269e-07	5.62467e-09	2.09429e-11	5.16728e-14	8.87105e-17	1.10102e-19	1.01887e-22	7.21104e-26	3.98749e-29	1.75436e-32	6.23814e-36	1.81734e-39	4.39001e-43	8.8948e-47	1.84069e-50	
POCHCH_Timarcha_fallax	0	0	0	0	0	1	0	0	0	0	0	0	0	0	0	0	0	0	0	0	0	0	0	
POCHCH_Timarcha_aurichalcea	0	0	0	1	0	0	0	0	0	0	0	0	0	0	0	0	0	0	0	0	0	0	0	
N43	0.285633	0.405046	0.252685	0.0525121	0.0039933	0.000127789	1.95471e-06	1.58884e-08	7.47339e-11	2.17795e-13	4.15475e-16	5.4255e-19	5.032e-22	3.4182e-25	1.7453e-28	6.84793e-32	2.1044e-35	5.14932e-39	1.01789e-42	1.64629e-46	2.20328e-50	2.46629e-54	2.74179e-58	
N44	0.250354	0.453689	0.256804	0.0373774	0.00174314	3.22635e-05	2.79341e-07	1.27932e-09	3.40046e-12	5.63388e-15	6.15363e-18	4.63447e-21	2.49631e-24	9.91229e-28	2.97618e-31	6.90436e-35	1.26068e-38	1.84103e-42	2.18061e-46	2.12079e-50	1.71221e-54	1.15907e-58	7.58365e-63	
POCHCH_Timarcha_montserratensis	0	0	1	0	0	0	0	0	0	0	0	0	0	0	0	0	0	0	0	0	0	0	0	
N45	0.141487	0.70918	0.145665	0.00364294	2.46215e-05	6.35489e-08	7.68422e-11	4.97972e-14	1.90028e-17	4.57453e-21	7.31807e-25	8.09993e-29	6.40358e-33	3.70915e-37	1.60675e-41	5.29229e-46	1.34323e-50	2.65501e-55	4.12029e-60	5.05023e-65	4.90758e-70	3.78769e-75	2.51702e-80	
N46	0.0781003	0.777442	0.143443	0.00101389	1.29121e-06	5.03547e-10	7.98237e-14	6.10966e-18	2.52153e-22	6.04315e-27	8.98247e-32	2.8129e-36	2.42349e-39	2.38783e-42	1.94526e-45	1.32399e-48	7.60663e-52	3.72073e-55	1.56062e-58	5.6466e-62	1.77109e-65	4.83528e-69	1.19532e-72	
POCHCH_Timarcha_geniculata	0	1	0	0	0	0	0	0	0	0	0	0	0	0	0	0	0	0	0	0	0	0	0	
N47	0.0685243	0.769298	0.160946	0.00122965	1.77092e-06	8.27593e-10	1.65724e-13	1.66998e-17	9.33695e-22	3.08427e-26	6.53533e-31	6.76074e-35	1.06133e-37	1.57174e-40	1.9682e-43	2.10888e-46	1.95408e-49	1.58017e-52	1.12406e-55	7.08288e-59	3.97768e-62	2.00178e-65	9.54159e-69	
POCHCH_Timarcha_perezi	0	0	1	0	0	0	0	0	0	0	0	0	0	0	0	0	0	0	0	0	0	0	0	
POCHCH_Timarcha_cyanescens	0	1	0	0	0	0	0	0	0	0	0	0	0	0	0	0	0	0	0	0	0	0	0	
POCHCH_Timarcha_gougeleti	0	1	0	0	0	0	0	0	0	0	0	0	0	0	0	0	0	0	0	0	0	0	0	
POCHCH_Timarcha_hispanica	0	1	0	0	0	0	0	0	0	0	0	0	0	0	0	0	0	0	0	0	0	0	0	
N48	0.0604607	0.204936	0.385912	0.264874	0.0742113	0.00908857	0.000502558	1.40404e-05	2.20326e-07	2.1094e-09	1.31277e-11	5.57983e-14	1.68495e-16	3.73286e-19	6.23116e-22	8.0155e-25	8.0996e-28	6.5368e-31	4.27476e-34	2.29414e-37	1.0219e-40	3.83139e-44	1.58931e-47	
POCHCH_Timarcha_intermedia	0	0	0	0	0	1	0	0	0	0	0	0	0	0	0	0	0	0	0	0	0	0	0	
N49	0.072423	0.287966	0.467519	0.156089	0.0154336	0.000561189	8.61503e-06	6.33869e-08	2.49105e-10	5.70292e-13	8.14523e-16	7.66413e-19	4.96428e-22	2.2946e-25	7.79824e-29	1.99829e-32	3.94464e-36	6.11028e-40	7.54721e-44	7.53853e-48	6.16519e-52	4.17507e-56	2.69532e-60	
POCHCH_Timarcha_lugens	0	1	0	0	0	0	0	0	0	0	0	0	0	0	0	0	0	0	0	0	0	0	0	
N50	0.0368927	0.243673	0.581809	0.130879	0.00663251	0.00011338	8.27719e-07	3.02011e-09	6.16064e-12	7.63507e-15	6.12698e-18	3.34701e-21	1.29566e-24	3.67299e-28	7.83606e-32	1.2874e-35	1.66106e-39	1.7118e-43	1.42985e-47	9.80614e-52	5.58481e-56	2.66852e-60	1.20878e-64	
POCHCH_Timarcha_calceata	0	0	1	0	0	0	0	0	0	0	0	0	0	0	0	0	0	0	0	0	0	0	0	
POCHCH_Timarcha_marginicollis	0	0	1	0	0	0	0	0	0	0	0	0	0	0	0	0	0	0	0	0	0	0	0	
N51	0.22681	0.299575	0.280397	0.147075	0.0400054	0.00567789	0.000439616	1.96383e-05	5.34803e-07	9.33023e-09	1.08884e-10	8.82161e-13	5.12263e-15	2.19136e-17	7.07152e-20	1.7573e-22	3.42415e-25	5.31531e-28	6.66627e-31	6.83996e-34	5.80651e-37	4.12904e-40	3.25454e-43	
N52	0.228346	0.304254	0.282772	0.142942	0.0365018	0.00481986	0.000348921	1.47607e-05	3.86914e-07	6.61134e-09	7.68871e-11	6.31171e-13	3.77234e-15	1.68546e-17	5.75877e-20	1.53456e-22	3.24437e-25	5.52469e-28	7.67887e-31	8.81535e-34	8.44776e-37	6.84086e-40	6.27251e-43	
POCHCH_Timarcha_strangulata	0	0	0	1	0	0	0	0	0	0	0	0	0	0	0	0	0	0	0	0	0	0	0	
POCHCH_Timarcha_scabripennis	0	1	0	0	0	0	0	0	0	0	0	0	0	0	0	0	0	0	0	0	0	0	0	
N53	0.00226048	0.0313114	0.23831	0.521054	0.191635	0.0150356	0.000387923	4.28908e-06	2.39851e-08	7.58637e-11	1.47058e-13	1.85562e-16	1.59733e-19	9.7375e-23	4.33389e-26	1.44421e-29	3.6803e-33	7.30153e-37	1.14519e-40	1.4388e-44	1.46477e-48	1.22257e-52	1.02131e-56	
POCHCH_Timarcha_ventricosa	0	0	0	0	1	0	0	0	0	0	0	0	0	0	0	0	0	0	0	0	0	0	0	
N54	0.00151726	0.0250007	0.232711	0.551715	0.177399	0.0114296	0.00022554	1.79132e-06	6.83576e-09	1.41558e-11	1.73751e-14	1.35115e-17	7.01194e-21	2.53155e-24	6.57797e-28	1.26528e-31	1.84486e-35	2.08051e-39	1.84638e-43	1.30894e-47	7.51003e-52	3.52837e-56	1.55304e-60	
POCHCH_Timarcha_rugosa	0	0	0	1	0	0	0	0	0	0	0	0	0	0	0	0	0	0	0	0	0	0	0	
POCHCH_Timarcha_espanoli	0	0	0	1	0	0	0	0	0	0	0	0	0	0	0	0	0	0	0	0	0	0	0	
N55	0.286885	0.318298	0.249294	0.113956	0.0277803	0.00353824	0.000239175	8.85946e-06	1.86812e-07	2.33225e-09	1.79084e-11	8.76508e-14	2.82576e-16	6.18245e-19	9.43075e-22	1.02763e-24	8.1755e-28	4.84295e-31	2.17424e-34	7.51695e-38	2.03045e-41	4.34611e-45	9.01685e-49	
N56	0.263535	0.293371	0.248481	0.137748	0.0463151	0.00931519	0.00114256	8.83036e-05	4.45782e-06	1.52218e-07	3.63023e-09	6.22334e-11	7.86738e-13	7.50173e-15	5.50413e-17	3.16293e-19	1.44604e-21	5.33378e-24	1.60725e-26	4.00137e-29	8.319e-32	1.481e-34	3.42135e-37	
POCHCH_Timarcha_tenebricosa	0	0	0	1	0	0	0	0	0	0	0	0	0	0	0	0	0	0	0	0	0	0	0	
POCHCH_Timarcha_pimelioides	0	0	0	1	0	0	0	0	0	0	0	0	0	0	0	0	0	0	0	0	0	0	0	
N57	0.253926	0.298639	0.257188	0.13784	0.0434147	0.00803226	0.000894826	6.2076e-05	2.77761e-06	8.29299e-08	1.7051e-09	2.48478e-11	2.63389e-13	2.07856e-15	1.24671e-17	5.7889e-20	2.11526e-22	6.1716e-25	1.4566e-27	2.81363e-30	4.49932e-33	6.13765e-36	1.08601e-38	
POCHCH_Timarcha_balearica	0	0	0	0	0	0	1	0	0	0	0	0	0	0	0	0	0	0	0	0	0	0	0	
POCHCH_Timarcha_insparsa	0	1	0	0	0	0	0	0	0	0	0	0	0	0	0	0	0	0	0	0	0	0	0	
N58	0.243453	0.260662	0.226731	0.152542	0.0772759	0.0291573	0.00817287	0.00170505	0.000265994	3.12371e-05	2.7838e-06	1.89972e-07	1.00225e-08	4.12818e-10	1.3406e-11	3.46572e-13	7.19959e-15	1.21271e-16	1.67063e-18	1.89784e-20	1.79355e-22	1.45386e-24	1.72297e-26	
N59	0.266876	0.265907	0.213721	0.138581	0.0720444	0.0298484	0.00982179	0.00256608	0.000533537	8.86647e-05	1.18444e-05	1.28034e-06	1.12792e-07	8.15788e-09	4.88008e-10	2.43217e-11	1.01709e-12	3.59322e-14	1.0795e-15	2.77594e-17	6.17027e-19	1.25499e-20	4.41128e-22	
POCHCH_Phratora_laticollis	0	0	0	1	0	0	0	0	0	0	0	0	0	0	0	0	0	0	0	0	0	0	0	
POCHCH_Phratora_tibialis	0	1	0	0	0	0	0	0	0	0	0	0	0	0	0	0	0	0	0	0	0	0	0	
N60	0.132227	0.19022	0.233346	0.213104	0.139471	0.0646602	0.0211661	0.00489814	0.000804853	9.45407e-05	8.00585e-06	4.93497e-07	2.23783e-08	7.5483e-10	1.91559e-11	3.69977e-13	5.5007e-15	6.36626e-17	5.79808e-19	4.1993e-21	2.4445e-23	1.17116e-25	7.4288e-28	
N61	0.068521	0.119753	0.185821	0.220191	0.193515	0.125222	0.059552	0.0208401	0.00538581	0.00103343	0.000148217	1.6012e-05	1.31402e-06	8.26632e-08	4.02457e-09	1.53137e-10	4.59948e-12	1.10129e-13	2.12285e-15	3.32885e-17	4.32006e-19	5.00194e-21	8.8383e-23	
POCHCH_Phaedon_sp	0	0	0	1	0	0	0	0	0	0	0	0	0	0	0	0	0	0	0	0	0	0	0	
N62	1.32938e-07	1.83601e-06	2.52985e-05	0.000262759	0.00200699	0.011083	0.0433722	0.117581	0.215545	0.261062	0.205001	0.103126	0.0331097	0.00682037	0.000914649	8.17033e-05	4.99795e-06	2.15496e-07	6.73255e-09	1.56343e-10	2.76758e-12	3.95657e-14	8.22173e-16	
N63	2.26068e-11	9.87875e-10	4.84327e-08	1.75546e-06	4.40965e-05	0.000735356	0.00774988	0.0485816	0.168718	0.30491	0.286793	0.141176	0.0361227	0.00479936	0.000352448	1.53694e-05	4.23403e-07	7.75077e-09	9.82582e-11	8.92635e-13	5.98247e-15	3.07023e-17	1.93868e-19	
POCHCH_Gastrophysa_poligoni	0	0	0	0	0	0	0	0	1	0	0	0	0	0	0	0	0	0	0	0	0	0	0	
POCHCH_Gastrophysa_viridula	0	0	0	0	0	0	0	0	0	0	0	0	1	0	0	0	0	0	0	0	0	0	0	
POCHCH_Gastrophysa_cyanea	0	0	0	0	0	0	0	0	0	0	0	0	0	1	0	0	0	0	0	0	0	0	0	
N64	0.199932	0.241112	0.243764	0.182052	0.0932496	0.0316708	0.0070676	0.00104172	0.000102771	6.90638e-06	3.22358e-07	1.06604e-08	2.54699e-10	4.4792e-12	5.90079e-14	5.9191e-16	4.59e-18	2.79029e-20	1.34696e-22	5.22492e-25	1.64688e-27	4.3004e-30	1.39732e-32	
N65	0.234036	0.261873	0.239155	0.161229	0.074957	0.0232539	0.00477602	0.000654241	6.07302e-05	3.89721e-06	1.76649e-07	5.77799e-09	1.3921e-10	2.51847e-12	3.48254e-14	3.74131e-16	3.16942e-18	2.14613e-20	1.17602e-22	5.2743e-25	1.95707e-27	6.14935e-30	2.51995e-32	
N66	0.150466	0.255538	0.307446	0.203488	0.0695729	0.012275	0.00115152	6.05041e-05	1.88532e-06	3.67337e-08	4.68657e-10	4.07261e-12	2.49293e-14	1.10627e-16	3.64839e-19	9.13647e-22	1.77039e-24	2.69876e-27	3.28418e-30	3.2324e-33	2.60365e-36	1.74479e-39	1.33212e-42	
N67	0.110048	0.220809	0.317085	0.241711	0.0915104	0.0171312	0.0016217	8.20561e-05	2.36811e-06	4.14106e-08	4.62329e-10	3.44463e-12	1.77795e-14	6.56236e-17	1.77974e-19	3.63052e-22	5.68505e-25	6.95636e-28	6.75656e-31	5.28208e-34	3.36526e-37	1.77209e-40	1.01666e-43	
POCHCH_Chrysomela_tremulae	0	0	1	0	0	0	0	0	0	0	0	0	0	0	0	0	0	0	0	0	0	0	0	
POCHCH_Chrysomela_populi	0	0	0	0	0	1	0	0	0	0	0	0	0	0	0	0	0	0	0	0	0	0	0	
POCHCH_Prasocuris_sp	0	1	0	0	0	0	0	0	0	0	0	0	0	0	0	0	0	0	0	0	0	0	0	
POCHCH_Plagiodera_versicolora	0	0	1	0	0	0	0	0	0	0	0	0	0	0	0	0	0	0	0	0	0	0	0	
N68	0.0878519	0.154583	0.236559	0.250976	0.171625	0.0741523	0.0202695	0.00354654	0.000404317	3.0695e-05	1.58974e-06	5.75796e-08	1.49419e-09	2.84212e-11	4.04693e-13	4.39732e-15	3.71002e-17	2.46889e-19	1.31435e-21	5.66975e-24	2.00608e-26	5.96743e-29	2.2859e-31	
N69	0.109209	0.195788	0.286775	0.251562	0.120434	0.0312799	0.00454491	0.000385961	2.0048e-05	6.64751e-07	1.46241e-08	2.20915e-10	2.36223e-12	1.83661e-14	1.06315e-16	4.67905e-19	1.59503e-21	4.28159e-24	9.18469e-27	1.59544e-29	2.27109e-32	2.68973e-35	3.68769e-38	
N70	0.172324	0.328479	0.34064	0.136059	0.0210137	0.00143363	4.8652e-05	9.02014e-07	9.84393e-09	6.71763e-11	3.01261e-13	9.25347e-16	2.01555e-18	3.20636e-21	3.82042e-24	3.48444e-27	2.47906e-30	1.39879e-33	6.35122e-37	2.35073e-40	7.17443e-44	1.82649e-47	4.81206e-51	
POCHCH_Chrysomela_lapponica	0	1	0	0	0	0	0	0	0	0	0	0	0	0	0	0	0	0	0	0	0	0	0	
N71	0.0974107	0.333139	0.410887	0.146017	0.0121824	0.000359849	4.75182e-06	3.25057e-08	1.2762e-10	3.10168e-13	4.94621e-16	5.41962e-19	4.23562e-22	2.4351e-25	1.05683e-28	3.5393e-32	9.32065e-36	1.96197e-39	3.34861e-43	4.69276e-47	5.46053e-51	5.32996e-55	5.07392e-59	
POCHCH_Chrysomela_interrupta	0	0	0	1	0	0	0	0	0	0	0	0	0	0	0	0	0	0	0	0	0	0	0	
POCHCH_Chrysomela_mainensis	0	1	0	0	0	0	0	0	0	0	0	0	0	0	0	0	0	0	0	0	0	0	0	
POCHCH_Chrysomela_schaefferi	0	0	0	0	1	0	0	0	0	0	0	0	0	0	0	0	0	0	0	0	0	0	0	
POCHCH_Linaeidea_aenea	0	0	0	0	0	0	0	1	0	0	0	0	0	0	0	0	0	0	0	0	0	0	0	
N72	0.207964	0.24287	0.235342	0.173151	0.0927993	0.0357187	0.00986677	0.00196836	0.000286432	3.07673e-05	2.47074e-06	1.50251e-07	7.00706e-09	2.53658e-10	7.2106e-12	1.62721e-13	2.94533e-15	4.31805e-17	5.17696e-19	5.13239e-21	4.29442e-23	3.241e-25	3.39128e-27	
N73	0.000801734	0.00263792	0.00956469	0.0289333	0.0690173	0.128052	0.183798	0.203417	0.173193	0.113294	0.0569272	0.0219946	0.00654921	0.00150828	0.00026993	3.77559e-05	4.15471e-06	3.62293e-07	2.52322e-08	1.4168e-09	6.53442e-11	2.71111e-12	1.95238e-13	
N74	9.90663e-06	5.15629e-05	0.000331824	0.00184183	0.00813819	0.0277888	0.0720808	0.140301	0.203048	0.217087	0.170857	0.0989502	0.0422807	0.0134024	0.00317621	0.000568097	7.75013e-05	8.15548e-06	6.6986e-07	4.35492e-08	2.30143e-09	1.09977e-10	8.85876e-12	
N75	2.10262e-07	2.26829e-06	2.91749e-05	0.000303314	0.00232353	0.0126529	0.0479238	0.124153	0.217082	0.253642	0.196797	0.101198	0.034593	0.00792546	0.00123265	0.000132283	9.97727e-06	5.39178e-07	2.12818e-08	6.25139e-10	1.39459e-11	2.50099e-13	6.65752e-15	
POCHCH_Gonioctena_viminalis	0	0	0	0	0	0	1	0	0	0	0	0	0	0	0	0	0	0	0	0	0	0	0	
N76	1.65912e-10	4.4513e-09	1.42048e-07	3.48497e-06	6.0919e-05	0.000733119	0.00590773	0.0310573	0.103949	0.216968	0.278527	0.218869	0.105625	0.0315934	0.00593639	0.000712447	5.56553e-05	2.88942e-06	1.01942e-07	2.50213e-09	4.38117e-11	5.76083e-13	1.01179e-14	
POCHCH_Gonioctena_sibirica_M	0	0	0	0	0	0	0	0	0	1	0	0	0	0	0	0	0	0	0	0	0	0	0	
N77	7.95523e-18	1.01714e-15	1.42061e-13	1.51322e-11	1.17502e-09	6.46401e-08	2.44582e-06	6.15997e-05	0.000994982	0.00986906	0.0570504	0.180817	0.299057	0.267952	0.136081	0.0403215	0.00703449	0.000714768	4.11405e-05	1.31357e-06	2.48604e-08	3.09487e-10	4.48949e-12	
POCHCH_Gonioctena_linnaeana	0	0	0	0	0	0	0	0	0	0	0	1	0	0	0	0	0	0	0	0	0	0	0	
POCHCH_Gonioctena_springlovae	0	0	0	0	0	0	0	0	0	0	0	0	0	0	0	0	0	0	1	0	0	0	0	
POCHCH_Paropsis_porosa_M	0	0	0	0	0	0	0	0	0	0	0	0	1	0	0	0	0	0	0	0	0	0	0	
N78	6.24372e-05	0.000271157	0.00138524	0.00612832	0.0215488	0.0583024	0.119665	0.184978	0.214445	0.185988	0.12054	0.0583849	0.0211622	0.00575454	0.0011783	0.000182554	2.1527e-05	1.94571e-06	1.35943e-07	7.42978e-09	3.25907e-10	1.27916e-11	8.80576e-13	
N79	9.48642e-06	4.46681e-05	0.000271872	0.00148185	0.00653213	0.0224719	0.0593974	0.119633	0.182714	0.211006	0.184007	0.12116	0.0603063	0.0227427	0.00652037	0.00142757	0.000240022	3.12058e-05	3.16683e-06	2.5501e-07	1.6991e-08	1.07183e-09	1.05431e-10	
N80	5.58115e-09	4.81485e-08	5.55207e-07	5.69651e-06	4.82316e-05	0.000328774	0.0017797	0.00757141	0.0250869	0.0641982	0.125896	0.187852	0.211947	0.17993	0.114565	0.0546566	0.0195695	0.00528295	0.00108461	0.000172209	2.20751e-05	2.64577e-06	5.22727e-07	
POCHCH_Paropsis_atomaria	0	0	0	0	0	0	0	0	0	0	0	0	0	0	0	0	1	0	0	0	0	0	0	
POCHCH_Gonioctena_variabilis	0	0	0	0	0	0	0	0	0	0	0	0	0	0	1	0	0	0	0	0	0	0	0	
POCHCH_Entomoscelis_sp	0	0	0	0	0	0	0	0	0	0	0	1	0	0	0	0	0	0	0	0	0	0	0	
N81	5.94279e-05	0.000256375	0.00141953	0.00677936	0.0251427	0.0698717	0.142714	0.211395	0.225128	0.17183	0.094251	0.0374495	0.0109057	0.00236005	0.000385172	4.81135e-05	4.66625e-06	3.56163e-07	2.16712e-08	1.06493e-09	4.31216e-11	1.56892e-12	9.86319e-14	
POCHCH_Paropsisterna_sp	0	0	0	0	0	0	0	0	1	0	0	0	0	0	0	0	0	0	0	0	0	0	0	
POCHCH_Philhydronopa_sp	0	0	0	0	0	0	0	0	1	0	0	0	0	0	0	0	0	0	0	0	0	0	0	
N82	0.210728	0.2468	0.240418	0.17476	0.0887189	0.0304284	0.00696408	0.0010642	0.000109525	7.69456e-06	3.74994e-07	1.28981e-08	3.18616e-10	5.74975e-12	7.70466e-14	7.78521e-16	6.01817e-18	3.60724e-20	1.69759e-22	6.34569e-25	1.905e-27	4.67961e-30	1.40285e-32	
N83	0.162878	0.213223	0.241985	0.204434	0.118548	0.0454781	0.0113837	0.00185747	0.000198925	1.41486e-05	6.78301e-07	2.2284e-08	5.10417e-10	8.29387e-12	9.72492e-14	8.3645e-16	5.36061e-18	2.59797e-20	9.65521e-23	2.78821e-25	6.33883e-28	1.16182e-30	2.50257e-33	
N84	0.117585	0.158799	0.198398	0.203851	0.162057	0.0970356	0.0433687	0.014475	0.00362839	0.000688861	0.000100032	1.12271e-05	9.84241e-07	6.81033e-08	3.75726e-09	1.669e-10	6.02579e-12	1.78476e-13	4.38018e-15	9.03072e-17	1.60971e-18	2.70885e-20	6.81621e-22	
POCHCH_Chrysolina_aurichalcea	0	0	0	0	0	0	1	0	0	0	0	0	0	0	0	0	0	0	0	0	0	0	0	
N85	0.0226739	0.0500162	0.102124	0.164574	0.204489	0.194346	0.140448	0.0768416	0.0317533	0.00990927	0.00234052	0.000420249	5.77241e-05	6.11297e-06	5.03559e-07	3.25762e-08	1.67144e-09	6.86961e-11	2.2841e-12	6.20863e-14	1.40273e-15	2.81892e-17	9.09667e-19	
POCHCH_Cyrtonus_plumbeus	0	0	1	0	0	0	0	0	0	0	0	0	0	0	0	0	0	0	0	0	0	0	0	
N86	0.00109725	0.00401872	0.0157879	0.0489709	0.112754	0.189157	0.229017	0.19891	0.123504	0.0547571	0.0173534	0.00394332	0.000645717	7.67004e-05	6.66191e-06	4.26961e-07	2.03923e-08	7.33494e-10	2.00914e-11	4.24504e-13	7.0682e-15	9.95852e-17	1.99833e-18	
N87	0.00120953	0.0040479	0.0153337	0.0473286	0.109786	0.186382	0.228594	0.201059	0.126352	0.0566987	0.0182075	0.00420407	0.000702844	8.58277e-05	7.73376e-06	5.19964e-07	2.63904e-08	1.02325e-09	3.06756e-11	7.19978e-13	1.34728e-14	2.15386e-16	5.22024e-18	
POCHCH_Cyrtonus_elegans	0	0	0	0	0	1	0	0	0	0	0	0	0	0	0	0	0	0	0	0	0	0	0	
N88	1.36596e-05	9.84207e-05	0.000814758	0.00527745	0.0245583	0.0791554	0.172609	0.250311	0.238568	0.148571	0.060504	0.0162298	0.00290475	0.000352814	2.9654e-05	1.76049e-06	7.53537e-08	2.3718e-09	5.59306e-11	1.00549e-12	1.40224e-14	1.58382e-16	2.55051e-18	
N89	9.52275e-07	9.8866e-06	0.000126475	0.00122951	0.0083039	0.0377036	0.1126	0.217482	0.268331	0.209937	0.103971	0.0327328	0.00661835	0.000872891	7.6579e-05	4.56839e-06	1.89626e-07	5.60289e-09	1.20443e-10	1.92274e-12	2.32564e-14	2.22246e-16	2.89012e-18	
N90	1.71595e-08	5.80676e-07	2.01252e-05	0.000447446	0.00560151	0.035872	0.124254	0.245878	0.286669	0.198761	0.0811056	0.0188675	0.00236697	0.000151277	5.3942e-06	1.17472e-07	1.67387e-09	1.64371e-11	1.15789e-13	6.04137e-16	2.398e-18	7.50634e-21	2.85174e-23	
POCHCH_Cyrtonus_dufouri	0	0	0	0	1	0	0	0	0	0	0	0	0	0	0	0	0	0	0	0	0	0	0	
POCHCH_Cyrtonus_cupreovirens	0	0	0	0	0	0	0	0	0	0	0	0	1	0	0	0	0	0	0	0	0	0	0	
N91	4.81813e-15	5.26533e-13	5.95269e-11	5.0983e-09	3.09542e-07	1.27363e-05	0.000338193	0.00543919	0.048413	0.2078	0.354169	0.270278	0.096824	0.0156678	0.00102405	3.30726e-05	6.09311e-07	7.03894e-09	5.44603e-11	2.96241e-13	1.17671e-15	3.56256e-18	1.25871e-20	
POCHCH_Cyrtonus_cylindricus	0	0	0	0	0	0	0	0	0	1	0	0	0	0	0	0	0	0	0	0	0	0	0	
POCHCH_Cyrtonus_ruficornis	0	0	0	0	0	0	0	0	0	0	0	0	0	1	0	0	0	0	0	0	0	0	0	
N92	8.06599e-08	1.49242e-06	3.15289e-05	0.000487554	0.00504527	0.0329624	0.127871	0.275429	0.310899	0.181339	0.055476	0.00943791	0.000955115	6.10585e-05	2.59238e-06	7.61785e-08	1.60326e-09	2.487e-11	2.91363e-13	2.63267e-15	1.87023e-17	1.08259e-19	8.33779e-22	
POCHCH_Cyrtonus_rotundatus	0	0	0	0	0	0	0	1	0	0	0	0	0	0	0	0	0	0	0	0	0	0	0	
POCHCH_Cyrtonus_majoricensis	0	0	0	0	0	0	0	0	0	1	0	0	0	0	0	0	0	0	0	0	0	0	0	
N93	3.8732e-09	5.45925e-08	8.59404e-07	1.10546e-05	0.000111305	0.000856001	0.00492913	0.0208842	0.0640809	0.140387	0.217019	0.234829	0.177306	0.0936068	0.0347812	0.00918469	0.00174444	0.000241669	2.48512e-05	1.94319e-06	1.19862e-07	6.2548e-09	4.25306e-10	
POCHCH_Cyrtonus_puncticeps	0	0	0	0	0	0	0	0	0	0	0	0	0	0	0	0	0	0	0	1	0	0	0	
N94	1.862e-11	5.38267e-10	1.91415e-08	5.27522e-07	1.06651e-05	0.000154072	0.00154997	0.0105664	0.0474501	0.136543	0.245838	0.272446	0.184713	0.0769872	0.0200261	0.00332567	0.000362109	2.65761e-05	1.35075e-06	4.87952e-08	1.28811e-09	2.66089e-11	8.0402e-13	
N95	2.1209e-13	1.40874e-11	1.05459e-09	5.85079e-08	2.29119e-06	6.09417e-05	0.00105154	0.0111239	0.0673188	0.215082	0.337177	0.254582	0.0936197	0.0179258	0.00192718	0.000124299	5.08233e-06	1.3791e-07	2.58078e-09	3.44121e-11	3.36566e-13	2.52657e-15	2.43601e-17	
POCHCH_Cyrtonus_contractus	0	0	0	0	0	0	0	0	0	1	0	0	0	0	0	0	0	0	0	0	0	0	0	
POCHCH_Cyrtonus_fairmairei	0	0	0	0	0	0	0	0	0	0	0	1	0	0	0	0	0	0	0	0	0	0	0	
N96	3.95732e-21	1.00787e-18	2.71355e-16	5.68216e-14	8.85845e-12	9.99067e-10	7.89753e-08	4.21234e-06	0.000144563	0.00300055	0.0345807	0.194869	0.436802	0.276985	0.049871	0.00360998	0.000129928	2.65285e-06	3.35787e-08	2.80862e-10	1.6313e-12	6.97664e-15	3.46915e-17	
POCHCH_Cyrtonus_arcasi	0	0	0	0	0	0	0	0	0	0	0	0	1	0	0	0	0	0	0	0	0	0	0	
POCHCH_Cyrtonus_pardoi	0	0	0	0	0	0	0	0	0	0	0	0	0	1	0	0	0	0	0	0	0	0	0	
N97	0.133982	0.191193	0.238179	0.219506	0.139038	0.0585782	0.0162044	0.00293858	0.00035125	2.79482e-05	1.49904e-06	5.49724e-08	1.39909e-09	2.50928e-11	3.2201e-13	3.00126e-15	2.06145e-17	1.05825e-19	4.11572e-22	1.22876e-24	2.85349e-27	5.262e-30	1.12091e-32	
N98	0.0810325	0.131592	0.195231	0.223931	0.187829	0.113008	0.0485403	0.0149254	0.00330788	0.000533187	6.31328e-05	5.54831e-06	3.65654e-07	1.82547e-08	6.97209e-10	2.05704e-11	4.73371e-13	8.58156e-15	1.23926e-16	1.44656e-18	1.40294e-20	1.24525e-22	1.76516e-24	
N99	0.0436114	0.0752018	0.130007	0.186209	0.206031	0.172494	0.108903	0.0520126	0.0189067	0.00526946	0.001135	0.000190458	2.50971e-05	2.61729e-06	2.1767e-07	1.4547e-08	7.87424e-10	3.48354e-11	1.27484e-12	3.93796e-14	1.07048e-15	2.84298e-17	1.05406e-18	
N100	0.00221562	0.00628189	0.0177303	0.0423523	0.083621	0.1349	0.176233	0.185205	0.15585	0.104707	0.056073	0.0239207	0.00813106	0.00220459	0.000477652	8.2919e-05	1.15744e-05	1.30502e-06	1.19573e-07	8.991e-09	5.69387e-10	3.40034e-11	3.56299e-12	
N101	1.06144e-09	1.43575e-08	2.09967e-07	2.52723e-06	2.44704e-05	0.000188928	0.00115242	0.00549695	0.0202758	0.0571492	0.121564	0.192666	0.224648	0.190413	0.116119	0.0505626	0.0156638	0.00345687	0.000547303	6.30654e-05	5.46793e-06	4.05387e-07	4.94032e-08	
POCHCH_Chrysolina_colasi	0	0	0	0	0	0	0	0	0	0	0	0	0	0	1	0	0	0	0	0	0	0	0	
N102	1.49796e-15	5.31366e-14	2.35138e-12	8.77505e-11	2.62697e-09	6.19754e-08	1.13693e-06	1.60015e-05	0.0001703	0.00134912	0.00781881	0.0325249	0.0950999	0.191046	0.257414	0.227168	0.128703	0.0463075	0.0106219	0.00158505	0.000160601	1.26226e-05	1.48834e-06	
POCHCH_Chrysolina_obsoleta	0	0	0	0	0	0	0	0	0	0	0	0	0	0	0	0	0	1	0	0	0	0	0	
POCHCH_Chrysolina_haemoptera	0	0	0	0	0	0	0	0	0	0	0	0	0	0	0	0	1	0	0	0	0	0	0	
POCHCH_Chrysolina_diluta	0	0	0	1	0	0	0	0	0	0	0	0	0	0	0	0	0	0	0	0	0	0	0	
N103	7.36855e-18	7.31352e-16	6.78726e-14	5.08181e-12	3.02773e-10	1.41122e-08	5.03467e-07	1.33712e-05	0.000255057	0.00333323	0.0279814	0.137636	0.345494	0.356509	0.113018	0.014738	0.000982127	3.84314e-05	9.69298e-07	1.6865e-08	2.15192e-10	2.2199e-12	2.93849e-14	
POCHCH_Chrysolina_femoralis	0	0	0	0	0	0	0	0	0	0	0	0	0	1	0	0	0	0	0	0	0	0	0	
POCHCH_Chrysolina_affinis	0	0	0	0	0	0	0	0	0	0	0	0	0	1	0	0	0	0	0	0	0	0	0	
N104	0.165163	0.193827	0.202935	0.18007	0.13056	0.0757004	0.0347058	0.012523	0.00355568	0.000796611	0.000141502	2.00508e-05	2.28237e-06	2.10261e-07	1.57967e-08	9.75295e-10	4.98584e-11	2.12595e-12	7.61476e-14	2.30744e-15	5.97909e-17	1.40849e-18	5.7744e-20	
N105	0.0428171	0.0845538	0.156763	0.221196	0.223429	0.158285	0.0781749	0.026957	0.00653836	0.00112977	0.000141387	1.30524e-05	9.05479e-07	4.80492e-08	1.98291e-09	6.46118e-11	1.68542e-12	3.56391e-14	6.1788e-16	8.87481e-18	1.06775e-19	1.11816e-21	1.79326e-23	
POCHCH_Chrysolina_viridana	0	0	0	0	0	0	0	1	0	0	0	0	0	0	0	0	0	0	0	0	0	0	0	
N106	0.000325431	0.0196219	0.475755	0.483967	0.0200638	0.000265071	1.61991e-06	5.44552e-09	1.11492e-11	1.48753e-14	1.35759e-17	8.7919e-21	4.1587e-24	1.47086e-27	3.96611e-31	8.28817e-35	1.36122e-38	1.77832e-42	1.86742e-46	1.59071e-50	1.10895e-54	6.46849e-59	4.03906e-63	
POCHCH_Chrysolina_herbacea	0	0	1	0	0	0	0	0	0	0	0	0	0	0	0	0	0	0	0	0	0	0	0	
POCHCH_Chrysolina_graminis	0	0	0	1	0	0	0	0	0	0	0	0	0	0	0	0	0	0	0	0	0	0	0	
N107	0.175929	0.272288	0.30407	0.179963	0.0564153	0.0101257	0.00112316	8.18958e-05	4.11995e-06	1.48573e-07	3.96067e-09	8.00484e-11	1.25275e-12	1.54562e-14	1.52682e-16	1.22403e-18	8.05919e-21	4.40444e-23	2.01718e-25	7.81222e-28	2.58837e-30	7.64265e-33	3.04046e-35	
POCHCH_Chrysolina_lucida	0	0	1	0	0	0	0	0	0	0	0	0	0	0	0	0	0	0	0	0	0	0	0	
POCHCH_Chrysolina_coerulans	0	0	1	0	0	0	0	0	0	0	0	0	0	0	0	0	0	0	0	0	0	0	0	
N108	0.164729	0.209254	0.231867	0.198344	0.122635	0.0531988	0.0160419	0.00337261	0.000499489	5.28777e-05	4.06864e-06	2.31524e-07	9.91181e-09	3.24524e-10	8.25221e-12	1.65324e-13	2.6441e-15	3.41749e-17	3.61145e-19	3.16072e-21	2.34232e-23	1.57625e-25	1.48183e-27	
POCHCH_Chrysolina_bicolor	0	0	1	0	0	0	0	0	0	0	0	0	0	0	0	0	0	0	0	0	0	0	0	
N109	0.137259	0.192145	0.237334	0.218921	0.138447	0.0575235	0.0154067	0.0026486	0.000293886	2.13054e-05	1.02589e-06	3.34397e-08	7.52893e-10	1.19502e-11	1.36414e-13	1.14153e-15	7.12978e-18	3.38004e-20	1.23531e-22	3.53075e-25	7.99913e-28	1.46937e-30	3.23838e-33	
N110	0.144814	0.189849	0.224744	0.209156	0.140431	0.065213	0.020623	0.00444052	0.000656593	6.75712e-05	4.91743e-06	2.57383e-07	9.85573e-09	2.80727e-10	6.04316e-12	9.98023e-14	1.28237e-15	1.29888e-17	1.04995e-19	6.85828e-22	3.6857e-24	1.72779e-26	1.09311e-28	
N111	0.151705	0.198602	0.231544	0.208201	0.132532	0.0572637	0.0165226	0.00317936	0.000411111	3.61841e-05	2.20227e-06	9.42934e-08	2.89065e-09	6.4559e-11	1.06818e-12	1.33037e-14	1.26607e-16	9.33637e-19	5.40525e-21	2.48739e-23	9.22509e-26	2.86463e-28	1.13796e-30	
POCHCH_Oreina_cacaliae	0	0	1	0	0	0	0	0	0	0	0	0	0	0	0	0	0	0	0	0	0	0	0	
N112	0.132948	0.185109	0.230873	0.218905	0.144809	0.0642744	0.0188829	0.00367462	0.000478001	4.21485e-05	2.56142e-06	1.09209e-07	3.32651e-09	7.36911e-11	1.20786e-12	1.48901e-14	1.40202e-16	1.02294e-18	5.86219e-21	2.67366e-23	9.8704e-26	3.10167e-28	1.24191e-30	
POCHCH_Oreina_intricata	0	0	0	0	0	0	0	0	1	0	0	0	0	0	0	0	0	0	0	0	0	0	0	
N113	0.159143	0.20938	0.240795	0.206987	0.121999	0.0474417	0.0120257	0.00199278	0.000218412	1.6101e-05	8.14019e-07	2.8809e-08	7.28506e-10	1.34263e-11	1.83763e-13	1.90092e-15	1.51057e-17	9.36059e-20	4.58608e-22	1.79909e-24	5.71847e-27	1.50206e-29	4.89309e-32	
N114	0.106604	0.175842	0.243461	0.23637	0.152553	0.064158	0.0175005	0.0031144	0.00036654	2.90707e-05	1.58799e-06	6.11304e-08	1.69647e-09	3.46826e-11	5.32956e-13	6.27057e-15	5.74456e-17	4.16063e-19	2.41549e-21	1.13822e-23	4.40393e-26	1.42709e-28	5.93655e-31	
POCHCH_Oreina_elongata	0	1	0	0	0	0	0	0	0	0	0	0	0	0	0	0	0	0	0	0	0	0	0	
N115	0.0153667	0.0478786	0.131762	0.240726	0.272814	0.188416	0.0791799	0.0203165	0.00320413	0.000315109	1.98624e-05	8.30614e-07	2.38668e-08	4.86745e-10	7.25135e-12	8.09234e-14	6.91486e-16	4.61161e-18	2.44096e-20	1.04069e-22	3.62173e-25	1.05004e-27	3.84347e-30	
POCHCH_Chrysolina_cerealis	0	0	0	0	0	0	0	0	1	0	0	0	0	0	0	0	0	0	0	0	0	0	0	
POCHCH_Chrysolina_fastuosa	0	0	0	1	0	0	0	0	0	0	0	0	0	0	0	0	0	0	0	0	0	0	0	
N116	0.18329	0.271905	0.291397	0.180072	0.0606919	0.0113296	0.00122975	8.19443e-05	3.52224e-06	1.01909e-07	2.0578e-09	2.99057e-11	3.21156e-13	2.60727e-15	1.63224e-17	8.01827e-20	3.13878e-22	9.92596e-25	2.56703e-27	5.48936e-30	9.80679e-33	1.4924e-35	2.79874e-38	
N117	0.0680285	0.18785	0.347035	0.284115	0.0977818	0.0141777	0.000976582	3.5857e-05	7.67847e-07	1.02766e-08	9.07423e-11	5.52072e-13	2.39776e-15	7.65696e-18	1.84322e-20	3.4169e-23	4.96859e-26	5.75937e-29	5.39776e-32	4.14197e-35	2.63165e-38	1.40049e-41	8.03704e-45	
POCHCH_Oreina_ganglbaueri	0	0	1	0	0	0	0	0	0	0	0	0	0	0	0	0	0	0	0	0	0	0	0	
POCHCH_Oreina_alpestris	0	0	0	0	1	0	0	0	0	0	0	0	0	0	0	0	0	0	0	0	0	0	0	
POCHCH_Oreina_variabilis	0	1	0	0	0	0	0	0	0	0	0	0	0	0	0	0	0	0	0	0	0	0	0	
POCHCH_Oreina_virgulata	0	0	0	0	0	0	0	1	0	0	0	0	0	0	0	0	0	0	0	0	0	0	0	
N118	0.119849	0.177861	0.234277	0.228509	0.1517	0.0658245	0.0183252	0.00325527	0.000370117	2.71734e-05	1.30469e-06	4.15897e-08	8.94864e-10	1.32217e-11	1.3649e-13	1.00143e-15	5.30929e-18	2.0666e-20	5.99577e-23	1.31531e-25	2.21221e-28	2.91203e-31	4.28203e-34	
N119	0.0870027	0.137198	0.203202	0.231962	0.187164	0.103247	0.0385519	0.00976171	0.00169045	0.000202687	1.70703e-05	1.02541e-06	4.46217e-08	1.42837e-09	3.41381e-11	6.17909e-13	8.58566e-15	9.27566e-17	7.88664e-19	5.34005e-21	2.92402e-23	1.37058e-25	8.95872e-28	
N120	0.016836	0.0381937	0.0872932	0.159969	0.218624	0.216076	0.152184	0.0759158	0.0268069	0.00672385	0.00120584	0.000156005	1.47165e-05	1.02439e-06	5.3286e-08	2.09832e-09	6.33654e-11	1.48609e-12	2.73993e-14	4.01782e-16	4.74209e-18	4.6591e-20	6.63746e-22	
N121	0.0187478	0.045534	0.10593	0.187312	0.236547	0.208292	0.126471	0.0526866	0.0150572	0.0029694	0.000409213	4.01082e-05	2.85224e-06	1.5018e-07	5.9697e-09	1.82409e-10	4.35584e-12	8.25174e-14	1.25711e-15	1.55927e-17	1.5941e-19	1.39028e-21	1.78218e-23	
POCHCH_Chrysolina_grossa	0	1	0	0	0	0	0	0	0	0	0	0	0	0	0	0	0	0	0	0	0	0	0	
POCHCH_Chrysolina_polita	0	0	0	0	0	0	0	0	1	0	0	0	0	0	0	0	0	0	0	0	0	0	0	
N122	0.0036494	0.0101796	0.0312061	0.0791353	0.152372	0.21545	0.220129	0.161244	0.0844628	0.0316839	0.00855001	0.00167157	0.000238952	2.5251e-05	1.9968e-06	1.19706e-07	5.51307e-09	1.97644e-10	5.58689e-12	1.26138e-13	2.31504e-15	3.69334e-17	9.11155e-19	
POCHCH_Chrysolina_americana	0	0	0	0	0	0	0	0	0	0	0	1	0	0	0	0	0	0	0	0	0	0	0	
POCHCH_Chrysolina_gemina	0	0	0	0	0	0	1	0	0	0	0	0	0	0	0	0	0	0	0	0	0	0	0	
N123	0.00658557	0.0154182	0.0390581	0.0844953	0.145525	0.194718	0.200165	0.15718	0.0940538	0.0428927	0.0149423	0.00399297	0.000823284	0.000131916	1.65622e-05	1.64404e-06	1.30247e-07	8.3146e-09	4.31836e-10	1.84395e-11	6.59228e-13	2.14633e-14	1.20601e-15	
POCHCH_Chrysolina_varians	0	0	0	0	0	0	1	0	0	0	0	0	0	0	0	0	0	0	0	0	0	0	0	
POCHCH_Chrysolina_geminata	0	0	0	0	0	0	0	0	0	0	0	1	0	0	0	0	0	0	0	0	0	0	0	
N124	0.179696	0.215539	0.225147	0.187074	0.116808	0.0532429	0.017518	0.00415871	0.000716807	9.06267e-05	8.50922e-06	6.013e-07	3.24143e-08	1.35081e-09	4.40771e-11	1.13987e-12	2.36306e-14	3.96926e-16	5.45624e-18	6.19603e-20	5.87426e-22	4.83392e-24	5.89881e-26	
N125	0.262259	0.280019	0.235884	0.143294	0.0591193	0.0161373	0.0029071	0.000349535	2.85606e-05	1.61934e-06	6.50845e-08	1.89312e-09	4.06365e-11	6.55483e-13	8.07896e-15	7.72568e-17	5.81271e-19	3.48527e-21	1.68499e-23	6.63978e-26	2.15646e-28	5.95874e-31	2.18865e-33	
POCHCH_Chrysolina_curvilinea	0	0	1	0	0	0	0	0	0	0	0	0	0	0	0	0	0	0	0	0	0	0	0	
N126	0.255929	0.27867	0.239529	0.146696	0.0600511	0.0160076	0.00277508	0.000316839	2.42901e-05	1.27827e-06	4.72246e-08	1.25171e-09	2.42945e-11	3.51888e-13	3.87044e-15	3.28474e-17	2.18249e-19	1.15053e-21	4.87105e-24	1.67483e-26	4.72656e-29	1.11862e-31	3.3758e-34	
POCHCH_Chrysolina_marginata	0	0	1	0	0	0	0	0	0	0	0	0	0	0	0	0	0	0	0	0	0	0	0	
POCHCH_Chrysolina_carnifex	0	0	0	1	0	0	0	0	0	0	0	0	0	0	0	0	0	0	0	0	0	0	0	
N127	0.0736215	0.123708	0.186242	0.21698	0.189568	0.123057	0.0590992	0.0209686	0.00550461	0.00107424	0.000157079	1.73912e-05	1.47574e-06	9.72258e-08	5.03858e-09	2.08013e-10	6.92407e-12	1.8794e-13	4.20359e-15	7.82405e-17	1.22522e-18	1.68643e-20	3.70997e-22	
POCHCH_Chrysolina_timarchoides	0	0	0	0	0	0	0	0	1	0	0	0	0	0	0	0	0	0	0	0	0	0	0	
POCHCH_Chrysolina_peregrina	0	1	0	0	0	0	0	0	0	0	0	0	0	0	0	0	0	0	0	0	0	0	0	
N128	0.23427	0.25175	0.224271	0.158016	0.0848679	0.0340408	0.0101253	0.00223798	0.000370319	4.63517e-05	4.43996e-06	3.29389e-07	1.91494e-08	8.82271e-10	3.25591e-11	9.72083e-13	2.37006e-14	4.76062e-16	7.94594e-18	1.11296e-19	1.33297e-21	1.46464e-23	2.41106e-25	
N129	0.290333	0.279275	0.211245	0.126828	0.0605087	0.0229157	0.00688552	0.00164316	0.000312289	4.7468e-05	5.80144e-06	5.73616e-07	4.61879e-08	3.04954e-09	1.66244e-10	7.53431e-12	2.85789e-13	9.1326e-15	2.4746e-16	5.72768e-18	1.1489e-19	2.13528e-21	6.54221e-23	
POCHCH_Platyphora_sp	0	1	0	0	0	0	0	0	0	0	0	0	0	0	0	0	0	0	0	0	0	0	0	
N130	0.301716	0.287167	0.211723	0.1213	0.0537766	0.0183614	0.00481543	0.000970024	0.000150456	1.80475e-05	1.68395e-06	1.23053e-07	7.09471e-09	3.25258e-10	1.19512e-11	3.54744e-13	8.57283e-15	1.69956e-16	2.78472e-18	3.80067e-20	4.37644e-22	4.50268e-24	7.03552e-26	
POCHCH_Leptinotarsa_haldemani	0	0	0	0	1	0	0	0	0	0	0	0	0	0	0	0	0	0	0	0	0	0	0	
N131	0.308425	0.290632	0.210566	0.117815	0.0507103	0.0167091	0.00420285	0.000806983	0.000118588	1.33997e-05	1.1714e-06	7.97984e-08	4.26935e-09	1.80869e-10	6.11802e-12	1.66609e-13	3.68264e-15	6.65932e-17	9.92744e-19	1.22936e-20	1.27729e-22	1.16267e-24	1.59357e-26	
POCHCH_Desmogramma_sp	0	1	0	0	0	0	0	0	0	0	0	0	0	0	0	0	0	0	0	0	0	0	0	
N132	0.228733	0.255362	0.232669	0.161069	0.0819063	0.0302658	0.00813319	0.00160081	0.000233271	2.54882e-05	2.1167e-06	1.35438e-07	6.76643e-09	2.67319e-10	8.45177e-12	2.16258e-13	4.5251e-15	7.81832e-17	1.12544e-18	1.36105e-20	1.39476e-22	1.24823e-24	1.69245e-26	
N133	0.0131269	0.527021	0.452552	0.00726282	3.69668e-05	8.83842e-08	1.18646e-10	9.91286e-14	5.51438e-17	2.14223e-20	6.02286e-24	1.25997e-27	2.00541e-31	2.4732e-35	2.39962e-39	1.85543e-43	1.15595e-47	5.85764e-52	2.43412e-56	8.35427e-61	2.38619e-65	5.81327e-70	1.53899e-74	
POCHCH_Doryphora_sp	0	0	1	0	0	0	0	0	0	0	0	0	0	0	0	0	0	0	0	0	0	0	0	
POCHCH_Leptinotarsa_texana	0	1	0	0	0	0	0	0	0	0	0	0	0	0	0	0	0	0	0	0	0	0	0	
N134	0.0121967	0.0512986	0.17421	0.322727	0.288393	0.122888	0.0253254	0.00277555	0.000177862	7.18771e-06	1.94158e-07	3.66831e-09	5.02548e-11	5.14055e-13	4.02252e-15	2.45766e-17	1.1931e-19	4.6723e-22	1.49568e-24	3.95988e-27	8.7648e-30	1.65379e-32	3.89345e-35	
POCHCH_Leptinotarsa_juncta	0	0	0	1	0	0	0	0	0	0	0	0	0	0	0	0	0	0	0	0	0	0	0	
POCHCH_Labidomera_clivicollis	0	0	0	0	0	1	0	0	0	0	0	0	0	0	0	0	0	0	0	0	0	0	0	
N135	0.00255165	0.0099474	0.0374792	0.104042	0.199237	0.255612	0.216076	0.119463	0.0432938	0.0104036	0.00168911	0.000189608	1.50821e-05	8.70902e-07	3.73448e-08	1.21411e-09	3.04919e-11	6.01594e-13	9.46664e-15	1.20533e-16	1.26521e-18	1.16455e-20	1.56798e-22	
N136	0.000413195	0.00296627	0.0215056	0.0996247	0.254953	0.329372	0.210692	0.067544	0.0116744	0.00117789	7.42027e-05	3.0809e-06	8.80619e-08	1.79554e-09	2.68987e-11	3.03548e-13	2.63604e-15	1.79443e-17	9.73124e-20	4.26457e-22	1.53064e-24	4.62131e-27	1.79627e-29	
POCHCH_Calligrapha_fulvipes	0	0	0	0	0	0	1	0	0	0	0	0	0	0	0	0	0	0	0	0	0	0	0	
POCHCH_Calligrapha_polyspila	0	0	0	0	1	0	0	0	0	0	0	0	0	0	0	0	0	0	0	0	0	0	0	
N137	0.000254702	0.00158939	0.0103382	0.0473805	0.139543	0.253531	0.277516	0.180873	0.0701226	0.0163147	0.0023181	0.000206084	1.17923e-05	4.47376e-07	1.15842e-08	2.10388e-10	2.74789e-12	2.64021e-14	1.90452e-16	1.05048e-18	4.50466e-21	1.53691e-23	6.38484e-26	
N138	4.00121e-05	0.000433607	0.00496606	0.0360032	0.145456	0.302268	0.308632	0.155892	0.0402251	0.00561085	0.000450569	2.20845e-05	6.95185e-07	1.46773e-08	2.15659e-10	2.27591e-12	1.77249e-14	1.04287e-16	4.73101e-19	1.68471e-21	4.78475e-24	1.10747e-26	3.09621e-29	
N139	3.42234e-24	5.30453e-20	5.52783e-16	3.29284e-12	1.02363e-08	1.49239e-05	0.00829492	0.988398	0.00328978	2.3788e-06	6.71694e-10	9.16315e-14	6.68943e-18	2.76639e-22	6.63027e-27	9.18751e-32	7.14716e-37	2.88152e-42	5.11861e-48	2.54081e-54	1.62149e-37	3.30773e-38	7.45584e-39	
POCHCH_Calligrapha_rowena	0	0	0	0	0	0	0	1	0	0	0	0	0	0	0	0	0	0	0	0	0	0	0	
POCHCH_Calligrapha_philadelphica	0	0	0	0	0	0	0	1	0	0	0	0	0	0	0	0	0	0	0	0	0	0	0	
N140	5.7634e-07	3.27832e-05	0.00150328	0.0329384	0.263475	0.500971	0.181743	0.0185712	0.000750757	1.45113e-05	1.51471e-07	9.31335e-10	3.60343e-12	9.24292e-15	1.63956e-17	2.08254e-20	1.95016e-23	1.38002e-26	7.53736e-30	3.23601e-33	1.10965e-36	3.08878e-40	8.80503e-44	
POCHCH_Calligrapha_confluens	0	0	0	0	1	0	0	0	0	0	0	0	0	0	0	0	0	0	0	0	0	0	0	
N141	1.97911e-11	1.2321e-08	5.04736e-06	0.000905058	0.054532	0.700157	0.238777	0.0055889	3.47111e-05	8.50139e-08	1.00881e-10	6.59967e-14	2.60289e-17	6.60941e-21	1.13638e-24	1.37664e-28	1.21346e-32	7.99167e-37	4.02032e-41	1.57403e-45	4.87337e-50	1.20985e-54	2.68614e-59	
N142	2.54252e-16	2.20516e-12	1.05086e-08	2.0386e-05	0.0116279	0.964286	0.0240174	4.85856e-05	2.39097e-08	4.407e-12	3.82245e-16	1.79486e-20	5.01231e-25	8.89998e-30	1.05572e-34	8.68628e-40	5.10357e-45	2.19054e-50	6.99207e-56	1.68292e-61	3.0868e-67	4.3478e-73	4.91624e-79	
N143	1.85581e-19	7.80911e-15	1.70072e-10	1.48143e-06	0.00357595	0.991939	0.00448157	1.77389e-06	1.78083e-10	6.86476e-15	1.26294e-19	1.26457e-24	7.51088e-30	2.80777e-35	6.88937e-41	1.14334e-46	1.31089e-52	1.05336e-58	5.9835e-65	2.41104e-71	6.8813e-78	1.38175e-84	1.95852e-91	
POCHCH_Calligrapha_scalaris	0	0	0	0	0	1	0	0	0	0	0	0	0	0	0	0	0	0	0	0	0	0	0	
POCHCH_Calligrapha_multipunctata	0	0	0	0	0	1	0	0	0	0	0	0	0	0	0	0	0	0	0	0	0	0	0	
POCHCH_Calligrapha_alni	0	0	0	0	0	1	0	0	0	0	0	0	0	0	0	0	0	0	0	0	0	0	0	
POCHCH_Calligrapha_amator	0	0	0	0	0	0	1	0	0	0	0	0	0	0	0	0	0	0	0	0	0	0	0	
N144	6.1366e-06	5.95441e-05	0.000671391	0.00553455	0.030294	0.105409	0.225768	0.289779	0.218329	0.0955703	0.0244533	0.00374679	0.000356177	2.18414e-05	8.97312e-07	2.5568e-08	5.21104e-10	7.8054e-12	8.79867e-14	7.62138e-16	5.16942e-18	2.83659e-20	2.05112e-22	
N145	1.823e-24	7.84805e-21	2.7797e-17	6.74954e-14	1.03628e-10	9.34093e-08	4.4573e-05	0.00942112	0.592757	0.394976	0.00279515	5.93643e-06	5.65575e-09	2.89772e-12	8.85777e-16	1.72736e-19	2.25082e-23	2.02611e-27	1.29111e-31	5.92936e-36	1.98849e-40	4.96031e-45	1.14332e-49	
POCHCH_Calligrapha_californica	0	0	0	0	0	0	0	0	1	0	0	0	0	0	0	0	0	0	0	0	0	0	0	
POCHCH_Calligrapha_bidenticola	0	0	0	0	0	0	0	0	0	1	0	0	0	0	0	0	0	0	0	0	0	0	0	
POCHCH_Zygogramma_sp	0	0	0	0	0	0	0	0	0	1	0	0	0	0	0	0	0	0	0	0	0	0	0	
N146	0.299274	0.29684	0.223506	0.121086	0.0454592	0.0115916	0.00199298	0.000231463	1.83067e-05	9.98312e-07	3.81048e-08	1.03488e-09	2.03403e-11	2.94237e-13	3.1842e-15	2.61835e-17	1.66016e-19	8.2286e-22	3.22926e-24	1.01538e-26	2.58644e-29	5.42265e-32	1.36196e-34	
N147	0.190923	0.234153	0.238927	0.182883	0.100699	0.0392486	0.0107696	0.00208155	0.000284744	2.77876e-05	1.95445e-06	1.00251e-07	3.798e-09	1.07675e-10	2.31454e-12	3.82118e-14	4.90587e-16	4.95658e-18	3.9856e-20	2.57801e-22	1.35566e-24	5.94225e-27	3.4543e-29	
N148	0.203847	0.226404	0.216595	0.170799	0.106559	0.0510834	0.0184976	0.0050203	0.00102007	0.000155684	1.79573e-05	1.57792e-06	1.06583e-07	5.58751e-09	2.29571e-10	7.46473e-12	1.93933e-13	4.06288e-15	6.92488e-17	9.68444e-19	1.12138e-20	1.11042e-22	1.64258e-24	
N149	0.146652	0.18874	0.21618	0.198681	0.139247	0.0726875	0.0279692	0.00791008	0.00164716	0.000253779	2.91294e-05	2.51132e-06	1.64073e-07	8.19927e-09	3.16386e-10	9.51606e-12	2.25188e-13	4.23139e-15	6.37242e-17	7.7693e-19	7.7796e-21	6.72669e-23	8.83075e-25	
N150	0.194124	0.236286	0.241582	0.184143	0.0981634	0.0355178	0.00861854	0.0014003	0.00015312	1.1378e-05	5.81847e-07	2.0774e-08	5.25842e-10	9.58489e-12	1.27766e-13	1.26428e-15	9.42092e-18	5.35895e-20	2.35709e-22	8.11434e-25	2.2132e-27	4.91765e-30	1.41337e-32	
N151	0.190027	0.234137	0.242265	0.186342	0.100119	0.0365215	0.0089444	0.00146914	0.000162754	1.22854e-05	6.40287e-07	2.33895e-08	6.08472e-10	1.14564e-11	1.58618e-13	1.64001e-15	1.28502e-17	7.73701e-20	3.62678e-22	1.34024e-24	3.96084e-27	9.7694e-30	3.14049e-32	
N152	0.0741524	0.141474	0.222725	0.245475	0.183909	0.092674	0.0312844	0.00709278	0.00108981	0.000115123	8.5109e-06	4.49006e-07	1.72422e-08	4.91317e-10	1.05798e-11	1.75107e-13	2.26269e-15	2.31559e-17	1.90148e-19	1.26802e-21	6.94887e-24	3.21977e-26	2.01457e-28	
POCHGA_Pyrrhalta_viburni	0	1	0	0	0	0	0	0	0	0	0	0	0	0	0	0	0	0	0	0	0	0	0	
N153	0.00567755	0.0217401	0.0770054	0.18212	0.270324	0.24672	0.137618	0.0471871	0.010099	0.00137813	0.000122873	7.34312e-06	3.01746e-07	8.73868e-09	1.82563e-10	2.81157e-12	3.25614e-14	2.88781e-16	1.99399e-18	1.08831e-20	4.76945e-23	1.74292e-25	8.23096e-28	
POCHGA_Galerucella_lineola	0	0	0	0	0	0	0	0	0	1	0	0	0	0	0	0	0	0	0	0	0	0	0	
N154	0.000470412	0.0038046	0.0278561	0.12001	0.271944	0.315728	0.189317	0.0597358	0.0101352	0.000946928	5.00849e-05	1.55009e-06	2.91501e-08	3.465e-10	2.70509e-12	1.43682e-14	5.35914e-17	1.44344e-19	2.87728e-22	4.33748e-25	5.04025e-28	4.60376e-31	4.45221e-34	
N155	0.00156447	0.0120512	0.0806706	0.263843	0.362087	0.213379	0.0580023	0.00782021	0.000558733	2.24721e-05	5.37825e-07	8.05582e-09	7.89992e-11	5.27702e-13	2.48539e-15	8.50413e-18	2.16951e-20	4.22061e-23	6.3858e-26	7.64484e-29	7.35287e-32	5.77826e-35	4.98931e-38	
POCHGA_Xanthogaleruca_luteola	0	0	0	0	1	0	0	0	0	0	0	0	0	0	0	0	0	0	0	0	0	0	0	
N156	0.00029377	0.00897556	0.147638	0.51254	0.29922	0.030625	0.00070274	4.6508e-06	1.09917e-08	1.09267e-11	5.17592e-15	1.2867e-18	1.8112e-22	1.58152e-26	3.93514e-30	1.5091e-32	5.77317e-35	1.78714e-37	4.53573e-40	9.55913e-43	1.69134e-45	2.53783e-48	3.61235e-51	
N157	0.000353709	0.00980338	0.143938	0.490551	0.313512	0.0404638	0.00136305	1.53147e-05	7.21172e-08	1.68062e-10	2.18064e-13	1.71607e-16	8.73124e-20	3.01647e-23	7.35375e-27	1.30452e-30	1.72651e-34	1.7408e-38	1.36664e-42	8.87984e-47	6.81578e-51	1.27578e-54	4.76022e-58	
N158	1.22296e-06	0.000102099	0.0053881	0.101373	0.499155	0.339795	0.0528579	0.00131717	1.1297e-05	4.47309e-08	9.60927e-11	1.24254e-13	1.04027e-16	5.95319e-20	2.4285e-23	7.30191e-27	1.66298e-30	2.93448e-34	4.08945e-38	4.57481e-42	4.16651e-46	3.12809e-50	2.22743e-54	
POCHGA_Trirhabda_virgata	0	0	0	0	1	0	0	0	0	0	0	0	0	0	0	0	0	0	0	0	0	0	0	
POCHGA_Galeruca_sp	0	0	0	0	0	0	1	0	0	0	0	0	0	0	0	0	0	0	0	0	0	0	0	
POCHGA_Galerucella_pusilla	0	0	1	0	0	0	0	0	0	0	0	0	0	0	0	0	0	0	0	0	0	0	0	
N159	0.000308691	0.00934021	0.150357	0.514261	0.295527	0.0295428	0.00065956	4.26635e-06	9.97867e-09	1.00082e-11	4.90211e-15	1.296e-18	1.99786e-22	1.90508e-26	1.18962e-30	1.36118e-34	4.12753e-37	1.64643e-39	5.69022e-42	1.7143e-44	4.53917e-47	1.06455e-49	2.49724e-52	
N160	0.000393651	0.0092052	0.128356	0.487999	0.329909	0.0424991	0.00161298	2.42987e-05	1.76163e-07	7.00274e-10	1.67482e-12	2.58198e-15	2.70534e-18	2.00881e-21	1.09341e-24	4.48582e-28	1.41978e-31	3.53586e-35	7.04712e-39	1.14061e-42	1.51858e-46	1.68268e-50	1.82981e-54	
POCHGA_Galerucella_tenella	0	0	0	0	1	0	0	0	0	0	0	0	0	0	0	0	0	0	0	0	0	0	0	
POCHGA_Trirhabda_canadensis	0	0	0	1	0	0	0	0	0	0	0	0	0	0	0	0	0	0	0	0	0	0	0	
POCHGA_Galerucella_calmariensis	0	0	1	0	0	0	0	0	0	0	0	0	0	0	0	0	0	0	0	0	0	0	0	
N161	8.81546e-06	0.000127831	0.00181044	0.0161671	0.0811297	0.219053	0.314282	0.24121	0.100304	0.022833	0.00286519	0.000200258	7.97781e-06	1.8848e-07	2.77124e-09	2.65981e-11	1.73954e-13	8.04478e-16	2.71512e-18	6.86936e-21	1.33322e-23	2.03574e-26	3.48814e-29	
POCHGA_Lochmaea_capreae	0	0	0	0	0	1	0	0	0	0	0	0	0	0	0	0	0	0	0	0	0	0	0	
N162	2.25481e-12	2.08859e-10	1.84333e-08	1.09225e-06	3.99795e-05	0.000861011	0.0104801	0.0689732	0.231213	0.363323	0.244644	0.0710371	0.00891328	0.000500411	1.33036e-05	1.80897e-07	1.39135e-09	6.59122e-12	2.05398e-14	4.42957e-17	6.87974e-20	7.96768e-23	9.47555e-26	
N163	1.46647e-20	8.19378e-18	4.18358e-15	1.45666e-12	3.28565e-10	4.57509e-08	3.73546e-06	0.000169208	0.00400043	0.0459566	0.233248	0.445045	0.228172	0.0407564	0.00260007	4.80291e-05	3.77613e-07	1.55121e-09	3.76298e-12	5.84891e-15	6.17716e-18	4.64266e-21	3.31383e-24	
POCHGA_Galerucella_birmanica	0	0	0	0	0	0	0	0	0	0	0	0	0	0	1	0	0	0	0	0	0	0	0	
POCHGA_Galerucella_nympheae	0	0	0	0	0	0	0	0	0	0	0	1	0	0	0	0	0	0	0	0	0	0	0	
POCHGA_Galerucella_placida	0	0	0	0	0	0	0	0	0	1	0	0	0	0	0	0	0	0	0	0	0	0	0	
POCHGA_Paridea_sp	0	0	1	0	0	0	0	0	0	0	0	0	0	0	0	0	0	0	0	0	0	0	0	
N164	0.239346	0.26619	0.239299	0.157567	0.0712649	0.0214573	0.00426232	0.000561202	4.96014e-05	2.99321e-06	1.25681e-07	3.74403e-09	8.06591e-11	1.27984e-12	1.52169e-14	1.37764e-16	9.63922e-19	5.28449e-21	2.29882e-23	8.0282e-26	2.27715e-28	5.40358e-31	1.67403e-33	
N165	0.244312	0.269327	0.238832	0.154563	0.0684466	0.0201001	0.00387981	0.000494738	4.22248e-05	2.45432e-06	9.90504e-08	2.83108e-09	5.84343e-11	8.87311e-13	1.00872e-14	8.72626e-17	5.8316e-19	3.05271e-21	1.26787e-23	4.22743e-26	1.14466e-28	2.58289e-31	7.54152e-34	
N166	0.272382	0.355444	0.26576	0.090016	0.0149615	0.00136037	7.37622e-05	2.54602e-06	5.88352e-08	9.47542e-10	1.09903e-11	9.43646e-14	6.13972e-16	3.08879e-18	1.22284e-20	3.86909e-23	9.9189e-26	2.08566e-28	3.63676e-31	5.31095e-34	6.55572e-37	6.95066e-40	8.83477e-43	
POCHGA_Ophraella_notulata_M	0	1	0	0	0	0	0	0	0	0	0	0	0	0	0	0	0	0	0	0	0	0	0	
POCHGA_Ophraella_communa	0	0	1	0	0	0	0	0	0	0	0	0	0	0	0	0	0	0	0	0	0	0	0	
POCHGA_Monoxia_sp	0	0	0	1	0	0	0	0	0	0	0	0	0	0	0	0	0	0	0	0	0	0	0	
POCHGA_Apophylia_sp	0	0	0	0	1	0	0	0	0	0	0	0	0	0	0	0	0	0	0	0	0	0	0	
N167	0.0946247	0.134782	0.179092	0.197819	0.173738	0.119237	0.0635086	0.0262137	0.00840157	0.00209977	0.00041156	6.36804e-05	7.83357e-06	7.71741e-07	6.13416e-08	3.963e-09	2.09656e-10	9.153e-12	3.3277e-13	1.02217e-14	2.74641e-16	7.21877e-18	2.90979e-19	
POCHGA_Agelastica_coerulea	0	0	0	0	1	0	0	0	0	0	0	0	0	0	0	0	0	0	0	0	0	0	0	
POCHGA_Oides_sp	0	0	0	0	0	0	0	0	0	0	0	0	1	0	0	0	0	0	0	0	0	0	0	
N168	0.161187	0.189571	0.200434	0.181021	0.133995	0.0791168	0.0366906	0.0132676	0.0037346	0.000819937	0.000141042	1.91242e-05	2.05855e-06	1.77255e-07	1.23062e-08	6.94368e-10	3.20933e-11	1.22456e-12	3.88836e-14	1.03786e-15	2.37751e-17	5.05446e-19	1.71606e-20	
N169	0.0888492	0.131013	0.183139	0.209787	0.184022	0.119922	0.0572552	0.0199091	0.00503613	0.000928613	0.000125367	1.24695e-05	9.20691e-07	5.08955e-08	2.12579e-09	6.77286e-11	1.662e-12	3.1717e-14	4.75273e-16	5.64974e-18	5.41118e-20	4.44887e-22	6.0897e-24	
N170	0.14276	0.180763	0.207802	0.196767	0.144788	0.080484	0.0334186	0.0103443	0.00239504	0.000417544	5.52902e-05	5.61658e-06	4.42374e-07	2.73104e-08	1.33598e-09	5.2337e-11	1.65878e-12	4.29507e-14	9.16991e-16	1.6286e-17	2.43136e-19	3.18922e-21	6.62193e-23	
POCHGA_Monolepta_sp	0	1	0	0	0	0	0	0	0	0	0	0	0	0	0	0	0	0	0	0	0	0	0	
POCHGA_Diorhabda_sp	0	0	0	0	1	0	0	0	0	0	0	0	0	0	0	0	0	0	0	0	0	0	0	
N171	0.0770963	0.116086	0.169488	0.205489	0.192238	0.13453	0.06952	0.0264046	0.00737074	0.00151681	0.000231342	2.63349e-05	2.2561e-06	1.46794e-07	7.32461e-09	2.83082e-10	8.55935e-12	2.04497e-13	3.89919e-15	6.00091e-17	7.62091e-19	8.77186e-21	1.52832e-22	
POCHGA_Luperus_sp	0	0	0	0	0	0	0	1	0	0	0	0	0	0	0	0	0	0	0	0	0	0	0	
POCHGA_Aulacophora_sp	0	0	0	0	0	0	0	0	1	0	0	0	0	0	0	0	0	0	0	0	0	0	0	
POCHGA_Exora_sp	0	0	0	0	0	0	1	0	0	0	0	0	0	0	0	0	0	0	0	0	0	0	0	
N172	0.0741081	0.119618	0.181081	0.217494	0.194838	0.127033	0.0597062	0.0201931	0.00492943	0.000874155	0.000113603	1.09324e-05	7.87987e-07	4.30514e-08	1.80458e-09	5.87378e-11	1.50258e-12	3.0587e-14	5.02625e-16	6.80438e-18	7.86681e-20	8.33484e-22	1.12127e-23	
POCHGA_Sermylassa_halensis	0	0	0	0	0	0	0	0	0	1	0	0	0	0	0	0	0	0	0	0	0	0	0	
N173	0.0491239	0.0875247	0.151128	0.208739	0.214929	0.160195	0.0853281	0.0323453	0.00873599	0.00168922	0.000235592	2.39207e-05	1.7869e-06	9.93204e-08	4.15562e-09	1.3242e-10	3.25069e-12	6.21672e-14	9.36329e-16	1.12288e-17	1.08774e-19	8.94773e-22	1.04394e-23	
N174	0.0312549	0.0522174	0.0901446	0.138315	0.176823	0.182835	0.15065	0.0981947	0.0504822	0.0204669	0.00655492	0.00166335	0.000335747	5.41575e-05	7.0172e-06	7.34442e-07	6.24716e-08	4.34868e-09	2.49993e-10	1.20486e-11	5.02756e-13	1.98507e-14	1.22192e-15	
POCHGA_Gynandrobrotica_nigrofasciata	0	0	0	0	0	0	0	0	0	0	0	0	0	1	0	0	0	0	0	0	0	0	0	
N175	0.0445414	0.0691295	0.10951	0.154503	0.181721	0.172933	0.131316	0.0790558	0.0376445	0.0141811	0.00423468	0.00100572	0.00019079	2.90571e-05	3.57275e-06	3.56784e-07	2.91187e-08	1.95482e-09	1.08683e-10	5.04604e-12	1.99245e-13	7.34402e-15	4.86693e-16	
POCHGA_Gynandrobrotica_lepida	0	0	1	0	0	0	0	0	0	0	0	0	0	0	0	0	0	0	0	0	0	0	0	
POCHGA_Cerotoma_sp	0	0	0	0	0	0	1	0	0	0	0	0	0	0	0	0	0	0	0	0	0	0	0	
N176	0.010752	0.025935	0.066673	0.137796	0.21006	0.229164	0.17648	0.0953487	0.0361031	0.0096094	0.0018093	0.000243134	2.35716e-05	1.66868e-06	8.73681e-08	3.4277e-09	1.02089e-10	2.33785e-12	4.16729e-14	5.85089e-16	6.55164e-18	6.06922e-20	7.99576e-22	
N177	0.00207251	0.00581718	0.0188694	0.0525984	0.114107	0.185405	0.22179	0.193769	0.123268	0.057125	0.0193452	0.00481291	0.000885979	0.000121711	1.25973e-05	9.92472e-07	6.01539e-08	2.83525e-09	1.05062e-10	3.09804e-12	7.41679e-14	1.55124e-15	5.00187e-17	
N178	0.000659887	0.0022236	0.00861358	0.0286675	0.0746641	0.146062	0.210253	0.220327	0.167205	0.09175	0.0364481	0.0105196	0.00221819	0.000344213	3.96504e-05	3.4236e-06	2.23911e-07	1.12138e-08	4.34878e-10	1.32159e-11	3.20413e-13	6.64228e-15	2.13615e-16	
POCHGA_Diabrotica_limitata	0	0	0	0	0	0	1	0	0	0	0	0	0	0	0	0	0	0	0	0	0	0	0	
N179	8.84902e-05	0.000375494	0.00190137	0.0083585	0.0289746	0.0760373	0.147991	0.211181	0.219509	0.165664	0.0907179	0.0361005	0.0104767	0.0022293	0.000350291	4.09967e-05	3.60909e-06	2.41564e-07	1.24332e-08	4.98265e-10	1.58589e-11	4.3545e-13	1.90968e-14	
POCHGA_Diabrotica_undecimpunctata	0	0	0	0	0	0	0	1	0	0	0	0	0	0	0	0	0	0	0	0	0	0	0	
N180	2.8384e-08	2.79807e-07	3.42849e-06	3.5789e-05	0.000297152	0.00190468	0.00923642	0.0333303	0.088173	0.16861	0.230021	0.221279	0.148775	0.0695779	0.0226496	0.00516548	0.000835044	9.71818e-05	8.28748e-06	5.27993e-07	2.58235e-08	1.06694e-09	7.19327e-11	
POCHGA_Diabrotica_speciosa	0	0	0	0	0	0	0	0	0	0	0	0	0	0	1	0	0	0	0	0	0	0	0	
POCHGA_Diabrotica_nummularis	0	0	0	0	0	0	0	0	0	0	0	0	1	0	0	0	0	0	0	0	0	0	0	
N181	7.224e-07	7.25745e-06	8.2015e-05	0.000739738	0.00500641	0.024412	0.082474	0.185573	0.267855	0.241122	0.134113	0.0465416	0.010366	0.00153725	0.000157526	1.15379e-05	6.22155e-07	2.5336e-08	7.96541e-10	1.97216e-11	3.93641e-13	6.78799e-15	1.79767e-16	
POCHGA_Diabrotica_adelpha	0	0	0	0	0	0	0	0	1	0	0	0	0	0	0	0	0	0	0	0	0	0	0	
POCHGA_Diabrotica_tibialis	0	0	0	0	0	0	0	0	0	0	1	0	0	0	0	0	0	0	0	0	0	0	0	
N182	0.00264473	0.00829351	0.0281901	0.0776678	0.158126	0.228587	0.229982	0.15939	0.0757899	0.0247554	0.00558713	0.000879926	9.79582e-05	7.82383e-06	4.55464e-07	1.96387e-08	6.37128e-10	1.57889e-11	3.0317e-13	4.57144e-15	5.48641e-17	5.42898e-19	7.70164e-21	
N183	0.00672953	0.0177767	0.0493849	0.110058	0.183439	0.223773	0.198055	0.126733	0.0586194	0.0196498	0.00479713	0.000858818	0.000113705	1.12404e-05	8.383e-07	4.76779e-08	2.09074e-09	7.14652e-11	1.92476e-12	4.12817e-14	7.13954e-16	1.04354e-17	2.34922e-19	
N184	0.00265467	0.00793992	0.0254233	0.0671844	0.135651	0.202811	0.221515	0.175884	0.101509	0.0427038	0.0131596	0.00298946	0.000504365	6.37174e-05	6.0803e-06	4.42279e-07	2.47525e-08	1.07597e-09	3.668e-11	9.91065e-13	2.16033e-14	4.09154e-16	1.1922e-17	
POCHGA_Acalymma_fairmairei	0	0	0	0	1	0	0	0	0	0	0	0	0	0	0	0	0	0	0	0	0	0	0	
N185	1.58757e-08	2.3678e-07	3.73522e-06	4.67643e-05	0.000442687	0.00307215	0.015208	0.0525125	0.124919	0.205118	0.234962	0.190209	0.110084	0.0459395	0.0138917	0.00304725	0.000483632	5.52244e-05	4.50712e-06	2.62478e-07	1.11132e-08	3.73404e-10	1.69723e-11	
POCHGA_Acalymma_trivittatum	0	0	0	0	0	0	0	0	0	0	0	0	0	0	0	0	0	0	0	1	0	0	0	
POCHGA_Acalymma_vittatum	0	0	0	0	0	0	0	1	0	0	0	0	0	0	0	0	0	0	0	0	0	0	0	
POCHGA_Acalymma_blandulum	0	1	0	0	0	0	0	0	0	0	0	0	0	0	0	0	0	0	0	0	0	0	0	
N186	3.95598e-06	3.80349e-05	0.00045528	0.00405268	0.0238578	0.0887694	0.2035	0.282854	0.236132	0.11794	0.0352877	0.00636217	0.000698159	4.72611e-05	2.00563e-06	5.43273e-08	9.57509e-10	1.11995e-11	8.86729e-14	4.84677e-16	1.86803e-18	5.35747e-21	2.29357e-23	
N187	1.58166e-05	0.000108869	0.000937462	0.0062655	0.0292702	0.0922102	0.191878	0.260154	0.228185	0.12944	0.0477909	0.0116243	0.00189328	0.000210434	1.62872e-05	8.95963e-07	3.57367e-08	1.05341e-09	2.3363e-11	3.96618e-13	5.25744e-15	5.75432e-17	8.86287e-19	
POCHGA_Diabrotica_porracea	0	0	0	0	0	0	0	0	0	1	0	0	0	0	0	0	0	0	0	0	0	0	0	
N188	3.19845e-05	0.000191386	0.00141603	0.00829922	0.0347394	0.10021	0.195294	0.253886	0.21875	0.124919	0.0475822	0.0122333	0.00215705	0.000265736	2.33281e-05	1.48857e-06	7.03853e-08	2.51159e-09	6.87974e-11	1.46993e-12	2.49332e-14	3.54771e-16	7.60235e-18	
POCHGA_Diabrotica_scutellata	0	0	0	0	0	0	0	0	0	1	0	0	0	0	0	0	0	0	0	0	0	0	0	
POCHGA_Diabrotica_longicornis	0	0	0	0	0	0	1	0	0	0	0	0	0	0	0	0	0	0	0	0	0	0	0	
N189	3.72865e-06	3.54541e-05	0.000428866	0.00386787	0.0230503	0.0867419	0.200999	0.282342	0.238254	0.120359	0.0364583	0.00666324	0.000742319	5.10979e-05	2.20868e-06	6.10349e-08	1.09906e-09	1.3151e-11	1.06634e-13	5.97415e-16	2.36237e-18	6.97638e-21	2.98337e-23	
N190	5.46251e-07	5.0573e-06	5.90716e-05	0.000550471	0.00374694	0.0180916	0.0608968	0.141193	0.223841	0.241959	0.178538	0.0903416	0.0315775	0.00769738	0.00132354	0.000162619	1.44799e-05	9.48363e-07	4.63917e-08	1.72238e-09	4.96334e-11	1.20425e-12	4.51132e-14	
N191	2.22026e-11	5.08407e-10	1.4379e-08	3.30972e-07	5.81734e-06	7.60909e-05	0.000725947	0.00495383	0.0236977	0.0778492	0.172109	0.251565	0.240202	0.149221	0.0604158	0.0160191	0.00280352	0.000328154	2.62243e-05	1.46864e-06	5.95919e-08	1.91325e-09	9.26878e-11	
POCHGA_Diabrotica_balteata	0	0	0	0	0	0	0	0	0	0	0	1	0	0	0	0	0	0	0	0	0	0	0	
POCHGA_Isotes_multipunctata	0	0	0	0	0	0	0	0	0	0	0	0	0	0	0	0	1	0	0	0	0	0	0	
POCHGA_Diabrotica_sexmaculata	0	0	0	0	0	0	0	0	0	1	0	0	0	0	0	0	0	0	0	0	0	0	0	
N192	1.84026e-05	0.000115657	0.000888164	0.0055014	0.0247763	0.0779812	0.167696	0.242902	0.2354	0.152792	0.0669613	0.0200829	0.00419223	0.000620525	6.63823e-05	5.22946e-06	3.08859e-07	1.39093e-08	4.85333e-10	1.3337e-11	2.96119e-13	5.83736e-15	1.77693e-16	
POCHGA_Paratriarius_sp	0	0	0	0	0	0	0	0	1	0	0	0	0	0	0	0	0	0	0	0	0	0	0	
POCHGA_Diabrotica_cristata	0	0	0	0	0	0	0	0	0	0	1	0	0	0	0	0	0	0	0	0	0	0	0	
N193	0.301817	0.294768	0.220433	0.121051	0.0468982	0.0124806	0.00225235	0.000275121	2.28743e-05	1.30824e-06	5.217e-08	1.47271e-09	2.98984e-11	4.43518e-13	4.88261e-15	4.04912e-17	2.56569e-19	1.25892e-21	4.84392e-24	1.47877e-26	3.62193e-29	7.24188e-32	1.71855e-34	
N194	0.290734	0.287507	0.221007	0.127497	0.0534275	0.0159274	0.00334765	0.000496181	5.21989e-05	3.93852e-06	2.15859e-07	8.71287e-09	2.62696e-10	5.99966e-12	1.05215e-13	1.43526e-15	1.54176e-17	1.31929e-19	9.09058e-22	5.09538e-24	2.34809e-26	9.18777e-29	4.88676e-31	
N195	0.143275	0.193303	0.226218	0.204004	0.136135	0.0662994	0.0234507	0.006021	0.00112474	0.000153569	1.54242e-05	1.14855e-06	6.39754e-08	2.69142e-09	8.63847e-11	2.13726e-12	4.11838e-14	6.24403e-16	7.52294e-18	7.27234e-20	5.69576e-22	3.70547e-24	3.31714e-26	
N196	0.0668366	0.10761	0.165918	0.207385	0.197661	0.140671	0.0742559	0.0290515	0.00844295	0.00183018	0.000297518	3.65027e-05	3.40416e-06	2.43156e-07	1.34101e-08	5.75742e-10	1.94048e-11	5.17752e-13	1.10286e-14	1.89233e-16	2.65279e-18	3.23585e-20	5.98454e-22	
N197	0.0577166	0.0853396	0.127694	0.169918	0.186672	0.163419	0.112343	0.0603838	0.0253972	0.00838888	0.00218732	0.000452952	7.49897e-05	9.99488e-06	1.08009e-06	9.53127e-08	6.91732e-09	4.1585e-10	2.08705e-11	8.84253e-13	3.25178e-14	1.15675e-15	6.84758e-17	
POCHGA_Chaetocnema_chlorophana	0	0	0	0	0	0	0	0	0	1	0	0	0	0	0	0	0	0	0	0	0	0	0	
N198	0.00156367	0.0080347	0.0401541	0.134003	0.268881	0.299784	0.177074	0.0578104	0.0111987	0.00137645	0.000113499	6.56717e-06	2.76473e-07	8.72264e-09	2.11338e-10	4.01365e-12	6.08005e-14	7.45778e-16	7.50614e-18	6.2794e-20	4.44806e-22	2.83162e-24	2.54027e-26	
POCHGA_Hypolampsis_sp	0	0	0	0	0	1	0	0	0	0	0	0	0	0	0	0	0	0	0	0	0	0	0	
POCHGA_Chaetocnema_concinna	0	0	0	0	0	1	0	0	0	0	0	0	0	0	0	0	0	0	0	0	0	0	0	
N199	0.000492619	0.00209435	0.0086551	0.0286685	0.073064	0.14051	0.201763	0.215106	0.169816	0.0991994	0.0429078	0.0137665	0.00328505	0.000585124	7.81469e-05	7.8695e-06	6.0154e-07	3.51859e-08	1.59106e-09	5.64533e-11	1.61931e-12	4.15757e-14	1.82783e-15	
N200	4.21764e-05	0.000196547	0.00108094	0.00499277	0.0181322	0.0506958	0.107953	0.173977	0.211415	0.19332	0.132899	0.0686869	0.0267111	0.00782932	0.0017345	0.000291587	3.73981e-05	3.68598e-06	2.82117e-07	1.70914e-08	8.58992e-10	4.09336e-11	2.79346e-12	
POCHGA_Syphrea_sp	0	0	0	0	0	0	0	0	0	0	0	0	0	0	0	1	0	0	0	0	0	0	0	
POCHGA_Lysathia_ludoviciana	0	0	0	0	0	0	0	0	0	0	0	0	0	0	1	0	0	0	0	0	0	0	0	
N201	0.00488695	0.0163503	0.0589655	0.15411	0.257255	0.263447	0.164307	0.0629769	0.0151172	0.00232998	0.000237027	1.63605e-05	7.86519e-07	2.69764e-08	6.74706e-10	1.2551e-11	1.76778e-13	1.91597e-15	1.62165e-17	1.0867e-19	5.85738e-22	2.66151e-24	1.62322e-26	
N202	0.00370385	0.0135909	0.0537943	0.150877	0.262951	0.272846	0.166807	0.0603718	0.013137	0.00176231	0.000150285	8.41334e-06	3.18938e-07	8.42507e-09	1.59161e-10	2.20097e-12	2.27491e-14	1.79064e-16	1.09154e-18	5.23167e-21	1.99935e-23	6.23571e-26	2.43384e-28	
POCHGA_Macrohaltica_sp	0	0	0	1	0	0	0	0	0	0	0	0	0	0	0	0	0	0	0	0	0	0	0	
POCHGA_Aedmon_sp	0	0	0	0	0	0	0	1	0	0	0	0	0	0	0	0	0	0	0	0	0	0	0	
POCHAL_Altica_lythri	0	0	0	1	0	0	0	0	0	0	0	0	0	0	0	0	0	0	0	0	0	0	0	
N203	0.222122	0.241702	0.221398	0.163357	0.0935999	0.0406829	0.0132487	0.00321772	0.000583149	7.91775e-05	8.10469e-06	6.30298e-07	3.75657e-08	1.73162e-09	6.23177e-11	1.76744e-12	3.98726e-14	7.21966e-16	1.05842e-17	1.26715e-19	1.25208e-21	1.06386e-23	1.32459e-25	
N204	0.310567	0.298214	0.216318	0.115242	0.0443746	0.0123491	0.00250949	0.000378081	4.29449e-05	3.73916e-06	2.53504e-07	1.35781e-08	5.82234e-10	2.02307e-11	5.75927e-13	1.35687e-14	2.67005e-16	4.4257e-18	6.2275e-20	7.49535e-22	7.79609e-24	7.328e-26	1.06406e-27	
POCHGA_Psylliodes_affinis	0	0	1	0	0	0	0	0	0	0	0	0	0	0	0	0	0	0	0	0	0	0	0	
POCHGA_Psylliodes_dulcamarae	0	1	0	0	0	0	0	0	0	0	0	0	0	0	0	0	0	0	0	0	0	0	0	
N205	0.214295	0.234472	0.218343	0.166182	0.0996345	0.045885	0.0160076	0.00420724	0.000833249	0.000124838	1.42372e-05	1.2455e-06	8.42977e-08	4.45391e-09	1.85395e-10	6.1354e-12	1.62879e-13	3.49896e-15	6.13359e-17	8.84779e-19	1.06281e-20	1.1236e-22	1.81647e-24	
N206	0.0664664	0.109694	0.174211	0.219347	0.203117	0.134944	0.0639948	0.0217583	0.00535636	0.000967303	0.000130052	1.3219e-05	1.03133e-06	6.26691e-08	3.00701e-09	1.15401e-10	3.58449e-12	9.11057e-14	1.91401e-15	3.35513e-17	4.95982e-19	6.45427e-21	1.33318e-22	
N207	0.000308111	0.00357506	0.0325876	0.155753	0.319361	0.308232	0.145076	0.0319747	0.00298744	0.000141474	3.88106e-06	6.74456e-08	7.9052e-10	6.54564e-12	3.9683e-14	1.81249e-16	6.38466e-19	1.76896e-21	3.91991e-24	7.04855e-27	1.04213e-29	1.2965e-32	1.93145e-35	
POCHGA_Psylliodes_cupreus	0	0	0	0	0	0	0	1	0	0	0	0	0	0	0	0	0	0	0	0	0	0	0	
POCHGA_Psylliodes_marcidus_M	0	0	0	1	0	0	0	0	0	0	0	0	0	0	0	0	0	0	0	0	0	0	0	
POCHGA_Epitrix_fasciata	0	0	0	0	1	0	0	0	0	0	0	0	0	0	0	0	0	0	0	0	0	0	0	
N208	0.102947	0.15355	0.203896	0.211869	0.166716	0.0985107	0.0436136	0.0144805	0.00361921	0.000685443	9.9253e-05	1.11052e-05	9.71162e-07	6.71623e-08	3.71565e-09	1.66277e-10	6.08237e-12	1.83665e-13	4.62042e-15	9.76812e-17	1.75382e-18	2.8071e-20	7.39817e-22	
POCHGA_Psylliodes_napi	0	0	0	0	0	0	0	1	0	0	0	0	0	0	0	0	0	0	0	0	0	0	0	
POCHGA_Psylliodes_chrysocephalus	0	1	0	0	0	0	0	0	0	0	0	0	0	0	0	0	0	0	0	0	0	0	0	
N209	0.241167	0.259995	0.228331	0.154495	0.0778425	0.0287213	0.00770808	0.00150303	0.000213461	2.21865e-05	1.69879e-06	9.65799e-08	4.113e-09	1.32448e-10	3.25685e-12	6.17618e-14	9.12235e-16	1.0597e-17	9.77366e-20	7.22315e-22	4.31927e-24	2.15005e-26	1.44823e-28	
N210	0.212426	0.241471	0.229786	0.170152	0.0940533	0.0380782	0.0112128	0.00239985	0.000374392	4.2792e-05	3.60747e-06	2.26073e-07	1.06232e-08	3.77758e-10	1.02625e-11	2.15063e-13	3.51019e-15	4.50479e-17	4.58804e-19	3.74232e-21	2.47037e-23	1.37109e-25	1.05534e-27	
N211	0.122265	0.16563	0.20287	0.201677	0.155897	0.0920782	0.0412313	0.0139606	0.00357747	0.000696292	0.0001035	1.18316e-05	1.04841e-06	7.26303e-08	3.96889e-09	1.72626e-10	6.03017e-12	1.7068e-13	3.94884e-15	7.53909e-17	1.20695e-18	1.72754e-20	3.80324e-22	
N212	0.162353	0.196789	0.212555	0.188987	0.131446	0.0696134	0.0277388	0.00829192	0.00186424	0.000317107	4.11385e-05	4.10814e-06	3.18931e-07	1.94454e-08	9.40613e-10	3.64586e-11	1.14331e-12	2.92759e-14	6.1753e-16	1.08213e-17	1.59121e-19	2.04988e-21	4.16229e-23	
POCHGA_Phyllotreta_sp	0	0	0	1	0	0	0	0	0	0	0	0	0	0	0	0	0	0	0	0	0	0	0	
POCHGA_Heikertingerella_sp	0	0	1	0	0	0	0	0	0	0	0	0	0	0	0	0	0	0	0	0	0	0	0	
POCHGA_Systena_sp	0	0	0	0	0	0	0	0	0	1	0	0	0	0	0	0	0	0	0	0	0	0	0	
N213	0.0722432	0.115658	0.170898	0.203188	0.187848	0.133735	0.0730503	0.0305852	0.00982538	0.0024282	0.000463494	6.868e-05	7.94735e-06	7.2293e-07	5.20659e-08	2.99126e-09	1.38153e-10	5.16978e-12	1.57984e-13	3.97504e-15	8.33789e-17	1.54903e-18	4.67605e-20	
N214	0.00356538	0.0124093	0.0373757	0.0858555	0.15012	0.199966	0.202863	0.156626	0.0919511	0.0410102	0.0138835	0.00356522	0.000694265	0.000102567	1.15135e-05	9.85017e-07	6.4536e-08	3.25952e-09	1.27972e-10	3.9459e-12	9.71164e-14	2.03669e-15	6.66761e-17	
POCHGA_Dibolia_sp	0	1	0	0	0	0	0	0	0	0	0	0	0	0	0	0	0	0	0	0	0	0	0	
N215	4.6095e-10	9.29121e-09	1.85072e-07	2.8546e-06	3.36626e-05	0.000301429	0.00203123	0.0101843	0.0374697	0.0995202	0.187308	0.244917	0.218355	0.130858	0.0523264	0.0139201	0.00246019	0.000288906	2.26617e-05	1.20662e-06	4.50449e-08	1.29213e-09	5.26143e-11	
POCHGA_Argopus_sp	0	0	0	0	0	0	0	0	0	0	0	0	1	0	0	0	0	0	0	0	0	0	0	
N216	1.6849e-34	1.39786e-31	1.17478e-28	8.1996e-26	4.54185e-23	1.95718e-20	6.46528e-18	1.61337e-15	2.99303e-13	4.05328e-11	3.92236e-09	2.64295e-07	1.20012e-05	0.000351676	0.00625947	0.0618021	0.291472	0.492497	0.140664	0.00682017	0.000120063	1.04746e-06	8.34211e-09	
POCHGA_Neocrepidodera_sp	0	0	0	0	0	0	0	0	0	0	0	0	0	0	0	0	0	1	0	0	0	0	0	
POCHGA_Asiorestia_sp	0	0	0	0	0	0	0	0	0	0	0	0	0	0	0	0	0	0	1	0	0	0	0	
POCHGA_Hermaeophaga_sp	0	0	0	1	0	0	0	0	0	0	0	0	0	0	0	0	0	0	0	0	0	0	0	
N217	0.270725	0.269787	0.215559	0.137191	0.0688728	0.0270905	0.00832837	0.00200341	0.000378533	5.64979e-05	6.70747e-06	6.3828e-07	4.90771e-08	3.07398e-09	1.58119e-10	6.73217e-12	2.39063e-13	7.13224e-15	1.80034e-16	3.87409e-18	7.20967e-20	1.25018e-21	3.60343e-23	
N218	0.128416	0.279088	0.370353	0.179981	0.0377893	0.00410088	0.000260894	1.06188e-05	2.94408e-07	5.82617e-09	8.53136e-11	9.51171e-13	8.26373e-15	5.70319e-17	3.17778e-19	1.4495e-21	5.47808e-24	1.73355e-26	4.63715e-29	1.05818e-31	2.08805e-34	3.73888e-37	8.73925e-40	
POCHGA_Longitarsus_exsoletus	0	0	1	0	0	0	0	0	0	0	0	0	0	0	0	0	0	0	0	0	0	0	0	
POCHGA_Disonycha_sp	0	0	1	0	0	0	0	0	0	0	0	0	0	0	0	0	0	0	0	0	0	0	0	
POCHGA_Aphthona_lutescens	0	1	0	0	0	0	0	0	0	0	0	0	0	0	0	0	0	0	0	0	0	0	0	
N219	0.211371	0.239958	0.229278	0.171247	0.0953595	0.0386611	0.0113167	0.00239426	0.000368643	4.1734e-05	3.51645e-06	2.23404e-07	1.0843e-08	4.07258e-10	1.19842e-11	2.79557e-13	5.2279e-15	7.92476e-17	9.85646e-19	1.02299e-20	9.14905e-23	7.585e-25	8.19648e-27	
N220	0.217934	0.246595	0.233232	0.169597	0.0894371	0.0330837	0.00844639	0.00148035	0.000178404	1.4876e-05	8.6621e-07	3.56176e-08	1.04703e-09	2.22899e-11	3.48162e-13	4.04201e-15	3.53212e-17	2.35171e-19	1.20703e-21	4.82954e-24	1.52333e-26	3.86141e-29	1.1809e-31	
N221	0.234728	0.253351	0.226185	0.158429	0.0835713	0.0324063	0.00914081	0.00187405	0.000280872	3.10762e-05	2.56917e-06	1.60808e-07	7.72279e-09	2.88317e-10	8.47265e-12	1.98307e-13	3.7377e-15	5.73151e-17	7.21919e-19	7.54048e-21	6.62804e-23	5.24206e-25	6.28397e-27	
N222	0.124433	0.165855	0.199097	0.195673	0.152573	0.0935998	0.0451064	0.0170903	0.00510311	0.00120519	0.000226185	3.39258e-05	4.09309e-06	3.99996e-07	3.18943e-08	2.09052e-09	1.13476e-10	5.13842e-12	1.95501e-13	6.29723e-15	1.74021e-16	4.43205e-18	1.96412e-19	
N223	0.273335	0.291981	0.237492	0.133111	0.0494943	0.0122563	0.00206568	0.000243398	2.05887e-05	1.281e-06	5.99073e-08	2.14645e-09	5.99249e-11	1.32326e-12	2.34227e-14	3.36352e-16	3.96116e-18	3.86362e-20	3.14932e-22	2.16347e-24	1.26494e-26	6.51878e-29	4.76366e-31	
POCHGA_Sphaeroderma_sp	0	1	0	0	0	0	0	0	0	0	0	0	0	0	0	0	0	0	0	0	0	0	0	
POCHGA_Asphaera_unicolor	0	0	1	0	0	0	0	0	0	0	0	0	0	0	0	0	0	0	0	0	0	0	0	
POCHGA_Podagrica_malvae	0	0	0	0	0	0	0	0	1	0	0	0	0	0	0	0	0	0	0	0	0	0	0	
N224	0.301181	0.283972	0.208149	0.120931	0.0562788	0.0211121	0.00641289	0.0015836	0.000319233	5.2772e-05	7.18947e-06	8.11538e-07	7.63274e-08	6.01615e-09	3.99718e-10	2.25165e-11	1.08152e-12	4.45411e-14	1.58134e-15	4.86647e-17	1.31041e-18	3.28786e-20	1.48898e-21	
POCHGA_Alagoasa_libentina	0	1	0	0	0	0	0	0	0	0	0	0	0	0	0	0	0	0	0	0	0	0	0	
POCHGA_Alagoasa_bicolor	0	1	0	0	0	0	0	0	0	0	0	0	0	0	0	0	0	0	0	0	0	0	0	
N225	0.169354	0.207292	0.22402	0.193259	0.12443	0.0576282	0.0188732	0.00434818	0.000706161	8.13656e-05	6.71303e-06	4.0092e-07	1.75381e-08	5.68866e-10	1.38513e-11	2.5628e-13	3.64608e-15	4.03459e-17	3.51085e-19	2.42858e-21	1.35263e-23	6.31347e-26	3.95837e-28	
N226	0.041493	0.072527	0.127409	0.185853	0.209266	0.176996	0.111239	0.0517636	0.0178492	0.0045795	0.000880055	0.000127762	1.41502e-05	1.20833e-06	8.04295e-08	4.21878e-09	1.76255e-10	5.92595e-12	1.61924e-13	3.62997e-15	6.7489e-17	1.08924e-18	2.82364e-20	
N227	0.0198788	0.042334	0.0940341	0.169282	0.225029	0.213116	0.14194	0.0663687	0.021892	0.00513953	0.000868652	0.000107084	9.76418e-06	6.68053e-07	3.47919e-08	1.39866e-09	4.39889e-11	1.09624e-12	2.19079e-14	3.55063e-16	4.72169e-18	5.34961e-20	9.16684e-22	
POCHGA_Capraita_sp	0	0	0	0	1	0	0	0	0	0	0	0	0	0	0	0	0	0	0	0	0	0	0	
N228	0.000698608	0.00416528	0.0219994	0.0779718	0.176801	0.256544	0.240366	0.146301	0.0578188	0.0147114	0.00237053	0.000237002	1.45818e-05	5.71206e-07	1.49273e-08	2.71835e-10	3.57915e-12	3.51295e-14	2.63633e-16	1.54531e-18	7.20683e-21	2.75016e-23	1.3464e-25	
POCHGA_Walterianella_sp	0	0	0	0	0	0	0	0	0	0	0	1	0	0	0	0	0	0	0	0	0	0	0	
POCHGA_Glyptina_sp	0	0	1	0	0	0	0	0	0	0	0	0	0	0	0	0	0	0	0	0	0	0	0	
N229	0.000849951	0.0037786	0.0175719	0.0612142	0.148056	0.239955	0.254191	0.1732	0.0755281	0.0212229	0.00390658	0.000481731	4.0796e-05	2.43272e-06	1.04613e-07	3.31668e-09	7.9106e-11	1.44557e-12	2.05758e-14	2.31558e-16	2.09118e-18	1.57524e-20	1.67445e-22	
N230	0.0001883	0.00103882	0.00674105	0.0327102	0.106136	0.219727	0.281093	0.217427	0.100949	0.0284218	0.00496828	0.000555854	4.11082e-05	2.07353e-06	7.34412e-08	1.87535e-09	3.53534e-11	5.02553e-13	5.48962e-15	4.68653e-17	3.17617e-19	1.75964e-21	1.29794e-23	
POCHGA_Omophoita_personata	0	0	0	0	0	0	0	1	0	0	0	0	0	0	0	0	0	0	0	0	0	0	0	
POCHGA_Omophoita_octoguttata	0	0	0	0	0	0	0	1	0	0	0	0	0	0	0	0	0	0	0	0	0	0	0	
POCHGA_Asphaera_abdominalis	0	0	0	0	0	0	0	1	0	0	0	0	0	0	0	0	0	0	0	0	0	0	0	
N231	0.144407	0.182315	0.209226	0.197833	0.144511	0.0787279	0.0314742	0.0091917	0.00196579	0.00030996	3.63671e-05	3.20887e-06	2.15342e-07	1.11175e-08	4.46599e-10	1.41139e-11	3.54663e-13	7.15962e-15	1.17317e-16	1.57987e-18	1.79022e-20	1.84409e-22	2.7322e-24	
N232	0.0699295	0.106379	0.158491	0.198635	0.194793	0.144824	0.0805275	0.0333248	0.010266	0.00236276	0.000408722	5.35509e-05	5.36127e-06	4.1406e-07	2.49138e-08	1.17956e-09	4.4379e-11	1.33965e-12	3.27485e-14	6.54185e-16	1.07944e-17	1.53973e-19	3.44246e-21	
N233	0.0123097	0.0286035	0.066812	0.127945	0.189837	0.212869	0.178045	0.110387	0.050648	0.0172255	0.00436015	0.000826203	0.000118044	1.28211e-05	1.06807e-06	6.88913e-08	3.47414e-09	1.38339e-10	4.3928e-12	1.12338e-13	2.3416e-15	4.18338e-17	1.19149e-18	
POCHGA_Alagoasa_decemgutatta	0	0	0	0	1	0	0	0	0	0	0	0	0	0	0	0	0	0	0	0	0	0	0	
N234	0.000434294	0.00183857	0.00802381	0.0281842	0.0749866	0.147277	0.211047	0.219753	0.166284	0.0916372	0.0368842	0.0108735	0.0023535	0.000374845	4.40499e-05	3.83508e-06	2.48997e-07	1.2172e-08	4.5354e-10	1.3074e-11	2.98141e-13	5.7808e-15	1.68733e-16	
POCHGA_Alagoasa_cf_arcifera	0	0	0	0	0	0	0	0	0	0	0	0	0	0	0	1	0	0	0	0	0	0	0	
POCHGA_Alagoasa_cruxnigra	0	0	0	0	1	0	0	0	0	0	0	0	0	0	0	0	0	0	0	0	0	0	0	
N235	0.017487	0.0393038	0.0933261	0.175954	0.237333	0.219963	0.137853	0.0582647	0.0167159	0.00329698	0.000454492	4.45985e-05	3.1744e-06	1.66933e-07	6.60051e-09	1.99479e-10	4.67861e-12	8.63631e-14	1.27098e-15	1.50924e-17	1.46513e-19	1.21496e-21	1.47113e-23	
POCHGA_Paranaita_bilimbata	0	0	0	0	0	0	1	0	0	0	0	0	0	0	0	0	0	0	0	0	0	0	0	
N236	0.0129251	0.0311992	0.08257	0.17166	0.246856	0.234323	0.14445	0.0578224	0.0151874	0.00266248	0.00031803	2.64598e-05	1.56739e-06	6.75171e-08	2.15727e-09	5.20753e-11	9.65902e-13	1.39805e-14	1.60151e-16	1.47085e-18	1.09661e-20	6.83473e-23	5.89403e-25	
POCHGA_Oedionychus_cinctus	0	0	0	0	0	1	0	0	0	0	0	0	0	0	0	0	0	0	0	0	0	0	0	
POCHGA_Hemipyxis_sp	0	0	0	0	0	1	0	0	0	0	0	0	0	0	0	0	0	0	0	0	0	0	0	
POCHGA_Alagoasa_extrema	0	0	0	0	0	0	1	0	0	0	0	0	0	0	0	0	0	0	0	0	0	0	0	
N237	7.88657e-06	4.78107e-05	0.000327872	0.00184192	0.00813383	0.0278262	0.0727301	0.143068	0.208548	0.222016	0.170642	0.0941258	0.0373074	0.0107144	0.00226005	0.000355972	4.26065e-05	3.94294e-06	2.86842e-07	1.66766e-08	7.9374e-10	3.40662e-11	2.57123e-12	
POCHGA_Ophrida_sp	0	0	0	0	0	0	0	0	0	0	0	1	0	0	0	0	0	0	0	0	0	0	0	
N238	1.935e-26	3.9393e-23	7.15686e-20	1.00221e-16	1.01252e-13	6.99878e-11	3.11751e-08	8.24293e-06	0.00113862	0.0652707	0.898033	0.0352164	0.000331644	1.29752e-06	2.65608e-09	3.2329e-12	2.53838e-15	1.36051e-18	5.18949e-22	1.45515e-25	3.08897e-29	5.2402e-33	9.43781e-37	
POCHGA_Podontia_sp	0	0	0	0	0	0	0	0	0	0	1	0	0	0	0	0	0	0	0	0	0	0	0	
POCHGA_Blepharida_rhois	0	0	0	0	0	0	0	0	0	0	1	0	0	0	0	0	0	0	0	0	0	0	0	
N239	0.381237	0.311988	0.184816	0.0831587	0.0289498	0.00785813	0.00167153	0.000280064	3.71844e-05	3.93935e-06	3.35533e-07	2.31605e-08	1.30614e-09	6.06745e-11	2.34031e-12	7.55434e-14	2.05728e-15	4.77245e-17	9.5589e-19	1.68932e-20	2.73853e-22	4.46033e-24	1.09517e-25	
N240	0.164433	0.193356	0.203019	0.1805	0.130913	0.0758621	0.0347821	0.0125745	0.00358519	0.000808061	0.000144509	2.06e-05	2.35318e-06	2.16639e-07	1.61704e-08	9.84684e-10	4.92247e-11	2.03282e-12	6.9784e-14	2.00442e-15	4.86929e-17	1.06322e-18	3.91914e-20	
N241	0.147477	0.178693	0.196266	0.183838	0.1412	0.087029	0.0425704	0.0164433	0.005009	0.00120477	0.000229462	3.47512e-05	4.20602e-06	4.09144e-07	3.21829e-08	2.05999e-09	1.07992e-10	4.66693e-12	1.6738e-13	5.02325e-15	1.28345e-16	3.01094e-18	1.15744e-19	
N242	0.0697375	0.105367	0.153971	0.190466	0.188662	0.146007	0.0871997	0.039937	0.0139919	0.00375101	0.000771379	0.000122193	1.49926e-05	1.43407e-06	1.07707e-07	6.40024e-09	3.0327e-10	1.15499e-11	3.56331e-13	8.97681e-15	1.86677e-16	3.37601e-18	9.81709e-20	
N243	0.0227535	0.0450393	0.0892056	0.147837	0.19438	0.197981	0.154026	0.0907622	0.0403359	0.013506	0.00341309	0.000653509	9.53431e-05	1.06732e-05	9.24121e-07	6.24198e-08	3.31887e-09	1.40215e-10	4.75504e-12	1.31191e-13	3.02387e-15	6.31266e-17	1.96433e-18	
N244	0.0076587	0.0177574	0.045028	0.097057	0.163835	0.209987	0.201271	0.143042	0.075035	0.0290061	0.00826961	0.00174366	0.000273123	3.19668e-05	2.81505e-06	1.87967e-07	9.59621e-09	3.77861e-10	1.15793e-11	2.78768e-13	5.33991e-15	8.5868e-17	2.1051e-18	
N245	0.000361876	0.00126818	0.00516703	0.0181539	0.0506513	0.108672	0.176379	0.214556	0.194588	0.131251	0.0658228	0.0245807	0.00685659	0.00143504	0.000226639	2.71912e-05	2.49702e-06	1.76969e-07	9.76672e-09	4.24171e-10	1.47654e-11	4.45941e-13	2.2019e-14	
N246	5.92461e-06	2.85855e-05	0.000177207	0.000979666	0.0044284	0.0158846	0.0445187	0.0965078	0.160647	0.204248	0.197618	0.145203	0.0809862	0.0343274	0.0110888	0.00274182	0.000522003	7.70963e-05	8.92003e-06	8.21169e-07	6.23987e-08	4.43884e-09	5.16491e-10	
POCHCL_Smaragdina_sp	0	0	0	0	0	0	0	0	0	0	0	1	0	0	0	0	0	0	0	0	0	0	0	
POCHCL_Macrolenes_dentipes	0	0	0	0	0	0	0	0	0	0	0	0	0	0	0	1	0	0	0	0	0	0	0	
N247	0.000629341	0.00187554	0.00687683	0.0224188	0.0585534	0.118242	0.18185	0.211389	0.185041	0.121858	0.0604544	0.0226709	0.00646008	0.00140816	0.000236671	3.09395e-05	3.17527e-06	2.58282e-07	1.6814e-08	8.85376e-10	3.84218e-11	1.50154e-12	1.021e-13	
POCHCL_Lachnaia_sp	0	0	0	0	0	1	0	0	0	0	0	0	0	0	0	0	0	0	0	0	0	0	0	
POCHCL_Coptocephala_sp	0	0	0	0	0	0	0	0	0	0	1	0	0	0	0	0	0	0	0	0	0	0	0	
N248	0.00671307	0.0138701	0.0332992	0.0730402	0.131348	0.185448	0.201965	0.168409	0.107245	0.0521755	0.0194397	0.00556928	0.00123337	0.000212464	2.86671e-05	3.0522e-06	2.58442e-07	1.75484e-08	9.64697e-10	4.35402e-11	1.66223e-12	5.89718e-14	3.28625e-15	
POCHCR_Cryptocephalus_venustus	0	0	0	0	0	0	0	0	0	0	0	1	0	0	0	0	0	0	0	0	0	0	0	
N249	0.00847787	0.0168577	0.0379576	0.0780022	0.13317	0.181627	0.194497	0.162264	0.105165	0.0529603	0.0207719	0.00637071	0.00153597	0.000292939	4.45044e-05	5.42609e-06	5.35023e-07	4.29982e-08	2.83901e-09	1.55398e-10	7.18093e-12	3.07608e-13	2.36959e-14	
POCHCH_Exema_canadensis	0	0	0	0	0	0	0	0	0	1	0	0	0	0	0	0	0	0	0	0	0	0	0	
POCHCH_Chlamisus_sp	0	0	0	0	1	0	0	0	0	0	0	0	0	0	0	0	0	0	0	0	0	0	0	
POCHCR_Pachybrachis_sp	0	0	0	0	0	0	1	0	0	0	0	0	0	0	0	0	0	0	0	0	0	0	0	
N250	0.0578272	0.0866259	0.129414	0.170084	0.184854	0.16133	0.111506	0.0606858	0.0259796	0.00876426	0.00233828	0.000495731	8.39757e-05	1.14346e-05	1.25944e-06	1.12943e-07	8.30232e-09	5.03981e-10	2.54987e-11	1.09142e-12	4.08075e-14	1.45877e-15	8.12644e-17	
POCHCR_Lema_sp	0	0	0	0	0	0	0	0	0	0	0	0	1	0	0	0	0	0	0	0	0	0	0	
N251	0.0896509	0.129482	0.178847	0.205266	0.182743	0.122548	0.0611593	0.0226203	0.00620154	0.00126412	0.000192567	2.20677e-05	1.91716e-06	1.27336e-07	6.52386e-09	2.60183e-10	8.15202e-12	2.025e-13	4.02404e-15	6.45509e-17	8.45755e-19	9.51001e-21	1.6126e-22	
N252	0.172815	0.261097	0.295832	0.188592	0.0661935	0.0135766	0.00173792	0.000146843	8.56954e-06	3.58306e-07	1.10601e-08	2.5839e-10	4.66572e-12	6.62949e-14	7.52851e-16	6.92654e-18	5.22552e-20	3.26749e-22	1.70995e-24	7.55864e-27	2.85662e-29	9.63342e-32	4.42179e-34	
POCHEU_Bromius_obscurus	0	0	1	0	0	0	0	0	0	0	0	0	0	0	0	0	0	0	0	0	0	0	0	
POCHEU_Colasposoma_auripenne	0	0	1	0	0	0	0	0	0	0	0	0	0	0	0	0	0	0	0	0	0	0	0	
N253	0.0793693	0.121464	0.176357	0.208822	0.18952	0.12849	0.0643503	0.0237067	0.00642396	0.00128396	0.000190204	2.10177e-05	1.74556e-06	1.09881e-07	5.29004e-09	1.96608e-10	5.69485e-12	1.29795e-13	2.35046e-15	3.4196e-17	4.07427e-19	4.24409e-21	6.24979e-23	
POCHCA_Hilarocassis_sp	0	0	0	0	0	0	0	0	0	0	1	0	0	0	0	0	0	0	0	0	0	0	0	
N254	0.141871	0.182221	0.210793	0.198381	0.14396	0.078579	0.0319438	0.0096546	0.00217646	0.000368303	4.71791e-05	4.61951e-06	3.49355e-07	2.06267e-08	9.61081e-10	3.57152e-11	1.06945e-12	2.60581e-14	5.21506e-16	8.64949e-18	1.2011e-19	1.45545e-21	2.75104e-23	
POCHEU_Paria_sp	0	0	0	1	0	0	0	0	0	0	0	0	0	0	0	0	0	0	0	0	0	0	0	
POCHEU_Basilepta_sp	0	1	0	0	0	0	0	0	0	0	0	0	0	0	0	0	0	0	0	0	0	0	0	
N255	0.150805	0.175095	0.183823	0.169818	0.135274	0.091778	0.052669	0.0254751	0.0103705	0.00355328	0.00102591	0.000250102	5.16198e-05	9.04881e-06	1.35202e-06	1.72841e-07	1.89804e-08	1.79785e-09	1.47548e-10	1.05621e-11	6.73715e-13	4.31389e-14	5.3793e-15	
POCHEU_Nodonota_sp	0	0	0	0	0	0	1	0	0	0	0	0	0	0	0	0	0	0	0	0	0	0	0	
N256	0.149251	0.243097	0.297338	0.2093	0.0805384	0.0178154	0.00242874	0.000217139	1.33897e-05	5.92894e-07	1.94725e-08	4.87055e-10	9.48301e-12	1.46392e-13	1.82012e-15	1.84746e-17	1.54912e-19	1.08436e-21	6.39742e-24	3.21347e-26	1.39839e-28	5.59494e-31	3.05983e-33	
POCHEU_Colaspis_sp	0	0	0	1	0	0	0	0	0	0	0	0	0	0	0	0	0	0	0	0	0	0	0	
N257	0.0305928	0.484707	0.463904	0.0205202	0.000274246	1.59272e-06	4.79232e-09	8.32843e-12	9.01675e-15	6.43348e-18	3.16006e-21	1.10635e-24	2.84004e-28	5.47182e-32	8.06863e-36	9.25748e-40	8.38121e-44	6.05981e-48	3.53536e-52	1.67917e-56	6.54326e-61	2.11127e-65	6.70169e-70	
POCHEU_Chalcophana_sp	0	1	0	0	0	0	0	0	0	0	0	0	0	0	0	0	0	0	0	0	0	0	0	
POCHEU_Eumolpus_sp	0	0	1	0	0	0	0	0	0	0	0	0	0	0	0	0	0	0	0	0	0	0	0	
N258	0.0420187	0.0700971	0.115781	0.16364	0.188485	0.173492	0.12631	0.0723145	0.0324646	0.0114224	0.00315393	0.000685442	0.000117745	1.60707e-05	1.75328e-06	1.53894e-07	1.09427e-08	6.34805e-10	3.02704e-11	1.19762e-12	4.00998e-14	1.23778e-15	6.41004e-17	
N259	0.0149056	0.0321972	0.0691995	0.124103	0.177935	0.200026	0.174096	0.116341	0.0593886	0.0231026	0.0068475	0.00154909	0.000268386	3.57805e-05	3.69213e-06	2.96869e-07	1.87365e-08	9.35422e-10	3.72386e-11	1.19225e-12	3.11095e-14	7.05158e-16	2.59504e-17	
N260	0.0319432	0.0528371	0.0931016	0.147284	0.190413	0.192311	0.148669	0.087266	0.0388401	0.0131421	0.00339825	0.000676179	0.000104368	1.26051e-05	1.20204e-06	9.13339e-08	5.57957e-09	2.76469e-10	1.12077e-11	3.75153e-13	1.05423e-14	2.69622e-16	1.15743e-17	
POCHCA_Octotoma_scabripennis	0	0	0	0	0	0	1	0	0	0	0	0	0	0	0	0	0	0	0	0	0	0	0	
N261	0.0274174	0.049057	0.0934452	0.15498	0.203097	0.201206	0.147729	0.0797691	0.0316526	0.00926341	0.00201284	0.000327572	4.0329e-05	3.79682e-06	2.76391e-07	1.57304e-08	7.07584e-10	2.54206e-11	7.36755e-13	1.73952e-14	3.38637e-16	5.72037e-18	1.54619e-19	
POCHCA_Baliosus_sp	0	0	0	0	0	0	0	1	0	0	0	0	0	0	0	0	0	0	0	0	0	0	0	
N262	0.0175505	0.0608577	0.165081	0.275479	0.271039	0.153119	0.0479407	0.00809514	0.000788241	4.76915e-05	1.90526e-06	5.26885e-08	1.04679e-09	1.53944e-11	1.71752e-13	1.48406e-15	1.01083e-17	5.51117e-20	2.43776e-22	8.85463e-25	2.67461e-27	6.9478e-30	2.34333e-32	
POCHCA_Microrhopala_vittata	0	1	0	0	0	0	0	0	0	0	0	0	0	0	0	0	0	0	0	0	0	0	0	
POCHCA_Chalepus_sp	0	0	0	0	0	0	1	0	0	0	0	0	0	0	0	0	0	0	0	0	0	0	0	
N263	0.000926225	0.00297717	0.0108532	0.0331128	0.0789989	0.144449	0.200323	0.209213	0.163758	0.0958047	0.0418576	0.0136697	0.00334519	0.000615832	8.57253e-05	9.07913e-06	7.36772e-07	4.61739e-08	2.25486e-09	8.67989e-11	2.69302e-12	7.32978e-14	3.17508e-15	
N264	0.000138558	0.00042945	0.00171248	0.00632907	0.0195321	0.0486945	0.0968281	0.152617	0.190004	0.186504	0.144263	0.0879946	0.0423987	0.0161822	0.00491013	0.00118979	0.000231465	3.63897e-05	4.66637e-06	4.96783e-07	4.59708e-08	4.24748e-09	6.36958e-10	
N265	4.62151e-19	7.38901e-17	1.14261e-14	1.45224e-12	1.45725e-10	1.11342e-08	6.24031e-07	2.45602e-05	0.000641625	0.0102809	0.0894895	0.343187	0.385491	0.151471	0.0183861	0.000997136	2.9569e-05	5.40351e-07	6.58462e-09	5.67186e-11	3.64963e-13	1.92287e-15	1.22109e-17	
POCHCA_Charidotella_sexpunctata	0	0	0	0	0	0	0	0	0	0	0	0	0	1	0	0	0	0	0	0	0	0	0	
N266	1.33229e-51	1.62302e-45	9.55831e-40	2.88072e-34	4.79334e-29	4.52317e-24	2.41696e-19	7.11003e-15	1.07971e-10	7.55738e-07	0.00194037	0.994652	0.00340496	2.14857e-06	4.33623e-10	3.54196e-14	1.34457e-18	2.58969e-23	2.65103e-28	1.46441e-33	4.29302e-39	6.24385e-45	4.43867e-51	
POCHCA_Stolas_sp	0	0	0	0	0	0	0	0	0	0	0	1	0	0	0	0	0	0	0	0	0	0	0	
POCHCA_Chelymorpha_sp	0	0	0	0	0	0	0	0	0	0	0	1	0	0	0	0	0	0	0	0	0	0	0	
POCHCA_Aspidomorpha_sp	0	0	0	0	0	0	0	0	0	0	0	0	0	1	0	0	0	0	0	0	0	0	0	
N267	0.000349768	0.00120007	0.0048205	0.0168611	0.0471786	0.10221	0.168762	0.210489	0.19728	0.138548	0.0728446	0.0286984	0.00849364	0.00189624	0.000321119	4.15287e-05	4.13342e-06	3.19332e-07	1.93238e-08	9.2533e-10	3.56895e-11	1.20514e-12	6.78087e-14	
N268	4.261e-08	4.34602e-07	5.44145e-06	5.71282e-05	0.000467879	0.00290167	0.0133666	0.0450538	0.109725	0.191018	0.235603	0.204522	0.124456	0.0530405	0.0158679	0.00335081	0.000503657	5.44733e-05	4.29583e-06	2.51454e-07	1.13153e-08	4.42656e-10	2.95542e-11	
N269	2.21704e-08	2.15833e-07	2.94384e-06	3.40731e-05	0.000305274	0.00205728	0.0102448	0.0371547	0.0969028	0.17977	0.235105	0.215338	0.137631	0.0613633	0.0191451	0.0042069	0.000657151	7.38268e-05	6.04715e-06	3.67467e-07	1.71257e-08	6.92354e-10	4.68111e-11	
POCHCA_Deloyala_guttata	0	0	0	0	0	0	0	0	0	0	0	1	0	0	0	0	0	0	0	0	0	0	0	
POCHCA_Coptocycla_adamantina	0	0	0	0	0	0	0	0	0	0	0	0	0	1	0	0	0	0	0	0	0	0	0	
POCHCA_Laccoptera_sp	0	0	0	0	0	0	0	0	0	0	0	0	0	0	1	0	0	0	0	0	0	0	0	
N270	0.00199153	0.0064088	0.0231497	0.067842	0.14568	0.221006	0.233708	0.1716	0.0876334	0.0313485	0.00795664	0.00145739	0.000196302	1.98144e-05	1.52596e-06	9.11647e-08	4.28961e-09	1.61176e-10	4.89752e-12	1.2188e-13	2.53109e-15	4.70361e-17	1.38789e-18	
POCHCA_Cassida_rubiginosa	0	0	0	0	0	0	0	0	1	0	0	0	0	0	0	0	0	0	0	0	0	0	0	
POCHCA_Cassida_fuscorufa	0	0	0	1	0	0	0	0	0	0	0	0	0	0	0	0	0	0	0	0	0	0	0	
N271	0.00513611	0.0136094	0.0397278	0.0958258	0.173607	0.227634	0.212347	0.139846	0.0649408	0.0213504	0.00501099	0.000849252	0.000105337	9.70145e-06	6.73269e-07	3.57201e-08	1.46903e-09	4.74533e-11	1.21935e-12	2.5268e-14	4.3216e-16	6.62832e-18	1.56497e-19	
POCHCA_Dicladispa_testacea	0	0	0	0	0	1	0	0	0	0	0	0	0	0	0	0	0	0	0	0	0	0	0	
N272	0.00374073	0.0101607	0.0319028	0.0835948	0.163292	0.22809	0.223648	0.152644	0.072387	0.0239365	0.00556384	0.000919522	0.000109533	9.54454e-06	6.17718e-07	3.01412e-08	1.12497e-09	3.25598e-11	7.40316e-13	1.33919e-14	1.9586e-16	2.46046e-18	4.99035e-20	
POCHCA_Notosacantha_sp	0	0	0	0	0	0	1	0	0	0	0	0	0	0	0	0	0	0	0	0	0	0	0	
POCHCA_Dactylispa_sp	0	0	0	0	0	0	0	0	1	0	0	0	0	0	0	0	0	0	0	0	0	0	0	
POCHCA_Agroiconota_propinqua	0	0	0	0	0	0	0	1	0	0	0	0	0	0	0	0	0	0	0	0	0	0	0	
