NODE	7	8	9	10	11	12	13	14	15	16	17	18	19	20	21	22	23	24	25	26	27	28	29	30	31	32	33	34	35	36	37	38	
N1	0.306561	0.261558	0.191865	0.121581	0.066747	0.0317992	0.0131585	0.00473144	0.00147867	0.000401705	9.48818e-05	1.94908e-05	3.48369e-06	5.42094e-07	7.34959e-08	8.68959e-09	8.96882e-10	8.09051e-11	6.38663e-12	4.41786e-13	4.17204e-17	9.63628e-18	2.08817e-18	4.2488e-19	8.1243e-20	1.46134e-20	2.47604e-21	3.96223e-22	6.02807e-23	8.89205e-24	1.35631e-24	2.8836e-25	
N2	0.188112	0.186063	0.169805	0.143184	0.11156	0.0802482	0.0532285	0.0325123	0.0182639	0.00942568	0.00446523	0.00194063	0.000773537	0.000282771	9.48152e-05	2.91717e-05	8.23974e-06	2.13804e-06	5.10041e-07	1.11958e-07	2.26347e-08	4.21894e-09	7.25788e-10	1.15373e-10	1.69699e-11	2.31375e-12	2.93267e-13	3.47554e-14	3.904e-15	4.31119e-16	5.23651e-17	1.06654e-17	
ADCANE_Nebria_brevicollis	0	0	0	0	0	1	0	0	0	0	0	0	0	0	0	0	0	0	0	0	0	0	0	0	0	0	0	0	0	0	0	0	
N3	0.184366	0.188784	0.180673	0.15734	0.121634	0.0819068	0.0474057	0.023369	0.00975308	0.00343327	0.00101726	0.000253492	5.31347e-05	9.37742e-06	1.39557e-06	1.7549e-07	1.86906e-08	1.69049e-09	1.30216e-10	8.56802e-12	4.83073e-13	2.34119e-14	9.78457e-16	3.5377e-17	1.1101e-18	3.03282e-20	7.23724e-22	1.51389e-23	2.79186e-25	4.62093e-27	7.46929e-29	1.83655e-30	
N4	0.0602613	0.0723512	0.0913572	0.113244	0.130876	0.136676	0.126775	0.103495	0.074006	0.046235	0.0252046	0.0119829	0.00496826	0.001797	0.000567359	0.000156497	3.77531e-05	7.975e-06	1.47722e-06	2.40299e-07	3.43845e-08	4.33536e-09	4.82526e-10	4.74966e-11	4.14274e-12	3.20824e-13	2.21085e-14	1.35962e-15	7.50514e-17	3.79041e-18	1.91947e-19	1.69252e-20	
N5	0.0538871	0.0647885	0.0822245	0.103204	0.12202	0.131837	0.127902	0.110306	0.0840835	0.0564671	0.0333481	0.0173047	0.00788823	0.00315948	0.00111257	0.00034474	9.40971e-05	2.26534e-05	4.81707e-06	9.06141e-07	1.5104e-07	2.23474e-08	2.94028e-09	3.44657e-10	3.60635e-11	3.37539e-12	2.83279e-13	2.13975e-14	1.46741e-15	9.39684e-17	6.24927e-18	6.92895e-19	
ADCATR_Perileptus_areolatus	0	0	0	0	1	0	0	0	0	0	0	0	0	0	0	0	0	0	0	0	0	0	0	0	0	0	0	0	0	0	0	0	
ADCATR_Bembidion_ruficorne	0	0	0	0	0	0	0	0	0	0	0	0	1	0	0	0	0	0	0	0	0	0	0	0	0	0	0	0	0	0	0	0	
N6	5.51639e-05	0.000181696	0.000770156	0.00297172	0.00970437	0.0263219	0.0587115	0.106797	0.15724	0.186199	0.176503	0.133574	0.0806739	0.0389604	0.0151053	0.00472822	0.00120304	0.000250689	4.31186e-05	6.17011e-06	7.40253e-07	7.50184e-08	6.46763e-09	4.77567e-10	3.03937e-11	1.67717e-12	8.06974e-14	3.40444e-15	1.26791e-16	4.23273e-18	1.36182e-19	7.28343e-21	
ADCATR_Trechus_quadristriatus	0	0	0	0	0	0	0	0	0	0	1	0	0	0	0	0	0	0	0	0	0	0	0	0	0	0	0	0	0	0	0	0	
ADCATR_Trechus_obtusus	0	0	0	0	0	0	0	0	0	0	0	1	0	0	0	0	0	0	0	0	0	0	0	0	0	0	0	0	0	0	0	0	
N7	0.194194	0.19664	0.184623	0.156867	0.11773	0.0765059	0.0424086	0.0198388	0.00777427	0.00253944	0.000689295	0.000155213	2.89757e-05	4.48556e-06	5.763e-07	6.15354e-08	5.47032e-09	4.05711e-10	2.51621e-11	1.30827e-12	5.71772e-14	2.10632e-15	6.55899e-17	1.73152e-18	3.88674e-20	7.4416e-22	1.21948e-23	1.71831e-25	2.09902e-27	2.27159e-29	2.36807e-31	4.1259e-33	
N8	0.20718	0.206081	0.187828	0.154093	0.111526	0.0699207	0.0374134	0.0168956	0.00638786	0.00201091	0.000525288	0.000113651	2.03553e-05	3.01925e-06	3.71342e-07	3.79414e-08	3.2281e-09	2.29338e-10	1.3647e-11	6.8243e-13	2.87775e-14	1.02702e-15	3.11337e-17	8.04676e-19	1.77983e-20	3.38191e-22	5.54287e-24	7.87542e-26	9.78224e-28	1.08395e-29	1.13712e-31	1.61245e-33	
N9	0.209158	0.207406	0.188097	0.153475	0.110533	0.0690224	0.0368233	0.0165955	0.00626713	0.00197228	0.000515478	0.000111695	2.00561e-05	2.98608e-06	3.69152e-07	3.79703e-08	3.25779e-09	2.33838e-10	1.40872e-11	7.14739e-13	3.06515e-14	1.11519e-15	3.45517e-17	9.15092e-19	2.07959e-20	4.07044e-22	6.88762e-24	1.01128e-25	1.29352e-27	1.45171e-29	1.49041e-31	2.27864e-33	
N10	0.111087	0.124584	0.139788	0.148947	0.144375	0.123698	0.0920804	0.0589834	0.0323513	0.0151608	0.00606821	0.00207609	0.000608081	0.000152801	3.30244e-05	6.15603e-06	9.92711e-07	1.38917e-07	1.69234e-08	1.80062e-09	1.67867e-10	1.37567e-11	9.94144e-13	6.35519e-14	3.60482e-15	1.81978e-16	8.20063e-18	3.30984e-19	1.20261e-20	3.99269e-22	1.3043e-23	7.14803e-25	
ADCATR_Bembidion_rapidum	0	0	0	0	0	0	0	0	1	0	0	0	0	0	0	0	0	0	0	0	0	0	0	0	0	0	0	0	0	0	0	0	
N11	0.0447138	0.0662268	0.109287	0.164416	0.200446	0.186789	0.129434	0.0658868	0.0245403	0.00669401	0.00134269	0.000199258	2.20436e-05	1.83325e-06	1.15638e-07	5.58298e-09	2.082e-10	6.05119e-12	1.38278e-13	2.50547e-15	3.62902e-17	4.23488e-19	4.01144e-21	3.10879e-23	2.0083e-25	1.30069e-27	2.51172e-29	1.5261e-30	1.02175e-31	6.38699e-33	3.79554e-34	3.03876e-35	
N12	0.0447125	0.0662233	0.109281	0.164413	0.200449	0.186795	0.129438	0.0658879	0.0245398	0.00669352	0.00134249	0.000199211	2.2036e-05	1.83239e-06	1.15565e-07	5.57852e-09	2.07992e-10	6.04381e-12	1.38075e-13	2.50111e-15	3.62163e-17	4.22485e-19	4.00028e-21	3.09618e-23	1.97242e-25	1.04224e-27	4.67237e-30	2.17647e-32	2.77441e-34	9.63973e-36	3.78788e-37	1.95175e-38	
N13	1.2082e-05	0.000135035	0.00149964	0.0114167	0.0548941	0.157204	0.263752	0.265215	0.164136	0.0635846	0.0155156	0.0023869	0.000233325	1.49324e-05	6.50548e-07	2.00391e-08	4.5122e-10	7.63997e-12	9.96224e-14	1.02087e-15	8.36464e-18	5.56243e-20	3.04137e-22	1.38299e-24	5.28341e-27	1.71108e-29	4.73603e-32	1.12858e-34	2.33112e-37	4.20531e-40	6.7946e-43	1.39221e-45	
N14	4.52935e-06	0.00010485	0.0024452	0.0310571	0.177549	0.376905	0.293883	0.099631	0.016795	0.0015406	8.17763e-05	2.62855e-06	5.31582e-08	7.01337e-10	6.25126e-12	3.88968e-14	1.74053e-16	5.75126e-19	1.43644e-21	2.76787e-24	4.18941e-27	5.06049e-30	4.94723e-33	3.9635e-36	2.6314e-39	1.46228e-42	6.86333e-46	2.74315e-49	9.40607e-53	2.78588e-56	7.1778e-60	1.94079e-63	
ADCATR_Bembidion_confusum	0	0	0	0	1	0	0	0	0	0	0	0	0	0	0	0	0	0	0	0	0	0	0	0	0	0	0	0	0	0	0	0	
ADCATR_Bembidion_lapponicum	0	0	0	0	0	1	0	0	0	0	0	0	0	0	0	0	0	0	0	0	0	0	0	0	0	0	0	0	0	0	0	0	
ADCATR_Bembidion_balli	0	0	0	0	0	0	0	0	0	0	0	1	0	0	0	0	0	0	0	0	0	0	0	0	0	0	0	0	0	0	0	0	
N15	0.0521912	0.0783713	0.128814	0.186631	0.211175	0.175993	0.105219	0.0446974	0.0134907	0.00290955	0.00045259	5.13659e-05	4.30791e-06	2.70547e-07	1.28941e-08	4.72485e-10	1.34805e-11	3.03088e-13	5.43141e-15	7.84122e-17	9.21169e-19	8.889e-21	7.1077e-23	4.74808e-25	2.67012e-27	1.2731e-29	5.18078e-32	1.81063e-34	5.4662e-37	1.43344e-39	3.30287e-42	9.51764e-45	
N16	0.0310156	0.0568872	0.113799	0.188851	0.231451	0.198881	0.117025	0.0467413	0.0126741	0.00234704	0.000299814	2.67581e-05	1.69293e-06	7.71141e-08	2.56923e-09	6.35989e-11	1.18758e-12	1.69719e-14	1.88191e-16	1.63997e-18	1.13668e-20	6.33645e-23	2.87042e-25	1.06685e-27	3.28236e-30	8.4291e-33	1.82063e-35	3.33124e-38	5.19785e-41	6.96132e-44	8.11704e-47	1.13059e-49	
N17	0.0397495	0.0705439	0.13361	0.205823	0.230775	0.179801	0.0954438	0.0343097	0.00837138	0.00139751	0.000161536	1.31176e-05	7.60475e-07	3.20069e-08	9.94553e-10	2.3193e-11	4.12332e-13	5.67193e-15	6.12111e-17	5.24983e-19	3.62128e-21	2.0313e-23	9.3607e-26	3.57725e-28	1.14358e-30	3.08285e-33	7.06034e-36	1.38317e-38	2.3328e-41	3.40779e-44	4.36496e-47	6.75531e-50	
N18	0.183177	0.310573	0.3256	0.14592	0.0309592	0.00352368	0.00023657	1.0047e-05	2.84527e-07	5.59831e-09	7.90994e-11	8.24747e-13	6.49403e-15	3.93885e-17	1.87244e-19	7.08381e-22	2.16198e-24	5.38833e-27	1.10878e-29	1.90261e-32	2.74723e-35	3.36561e-38	3.52488e-41	3.17798e-44	2.48234e-47	1.68983e-50	1.00802e-53	5.29599e-57	2.46221e-60	1.0176e-63	3.77338e-67	1.59742e-70	
ADCATR_Bembidion_bellorum	0	0	1	0	0	0	0	0	0	0	0	0	0	0	0	0	0	0	0	0	0	0	0	0	0	0	0	0	0	0	0	0	
ADCATR_Bembidion_louisella	0	1	0	0	0	0	0	0	0	0	0	0	0	0	0	0	0	0	0	0	0	0	0	0	0	0	0	0	0	0	0	0	
N19	9.95217e-08	1.17284e-05	0.000942408	0.0374307	0.501522	0.435352	0.0242906	0.000445931	3.86773e-06	1.88264e-08	5.69675e-11	1.14753e-13	1.61666e-16	1.65388e-19	1.26559e-22	7.42101e-26	3.40197e-29	1.24015e-32	3.6479e-36	8.76892e-40	1.74193e-43	2.8879e-47	4.03112e-51	4.77514e-55	4.83453e-59	4.21043e-63	3.17282e-67	2.07983e-71	1.19178e-75	5.99814e-80	2.68131e-84	1.2965e-88	
ADCATR_Bembidion_rothfelsi	0	0	0	0	1	0	0	0	0	0	0	0	0	0	0	0	0	0	0	0	0	0	0	0	0	0	0	0	0	0	0	0	
ADCATR_Bembidion_chalceum	0	0	0	0	0	1	0	0	0	0	0	0	0	0	0	0	0	0	0	0	0	0	0	0	0	0	0	0	0	0	0	0	
N20	3.38765e-12	3.18463e-10	2.60067e-08	1.52641e-06	6.11407e-05	0.00156193	0.0231241	0.170908	0.48212	0.285143	0.0353653	0.00167482	3.95979e-05	5.41885e-07	4.71261e-09	2.77819e-11	1.16408e-13	3.59521e-16	8.42431e-19	1.53337e-21	2.21102e-24	2.56799e-27	2.43704e-30	1.9134e-33	1.25651e-36	6.96875e-40	3.2925e-43	1.33553e-46	4.68378e-50	1.42962e-53	3.84427e-57	1.15189e-60	
ADCATR_Bembidion_americanum	0	0	0	0	0	0	0	0	0	1	0	0	0	0	0	0	0	0	0	0	0	0	0	0	0	0	0	0	0	0	0	0	
ADCATR_Bembidion_bifossulatum	0	0	0	0	0	0	0	0	1	0	0	0	0	0	0	0	0	0	0	0	0	0	0	0	0	0	0	0	0	0	0	0	
N21	0.054996	0.0883096	0.15087	0.212896	0.220217	0.158999	0.0789521	0.0270426	0.00646901	0.00109927	0.000135199	1.22643e-05	8.3561e-07	4.3499e-08	1.75777e-09	5.59496e-11	1.42171e-12	2.91972e-14	4.90088e-16	6.7934e-18	7.85035e-20	7.62875e-22	6.28426e-24	4.42072e-26	2.67378e-28	1.39924e-30	6.37275e-33	2.53975e-35	8.90182e-38	2.75742e-40	7.63782e-43	2.74407e-45	
N22	9.0496e-05	0.00199094	0.0294581	0.183185	0.414548	0.304056	0.0625479	0.00400875	0.000112393	1.66212e-06	1.45321e-08	8.11245e-11	3.05733e-13	8.11642e-16	1.56979e-18	2.27352e-21	2.5227e-24	2.1866e-27	1.50541e-30	8.35272e-34	3.78293e-37	1.41437e-40	4.40968e-44	1.15689e-47	2.57488e-51	4.89798e-55	8.01669e-59	1.13596e-62	1.40143e-66	1.51321e-70	1.44141e-74	1.45756e-78	
N23	1.53927e-05	0.00175747	0.0942939	0.441096	0.430282	0.0319418	0.000609659	4.1223e-06	1.23405e-08	1.91055e-11	1.70656e-14	9.52264e-18	3.52427e-21	9.06223e-25	1.68007e-28	2.3143e-32	2.42851e-36	1.98241e-40	1.28153e-44	6.66223e-49	2.82269e-53	9.86141e-58	2.8703e-62	7.02438e-67	1.45724e-71	2.58158e-76	3.93135e-81	5.17722e-86	5.92801e-91	5.93095e-96	5.20862e-101	4.2993e-106	
ADCATR_Bembidion_honestum	0	0	1	0	0	0	0	0	0	0	0	0	0	0	0	0	0	0	0	0	0	0	0	0	0	0	0	0	0	0	0	0	
ADCATR_Bembidion_integrum	0	0	0	0	1	0	0	0	0	0	0	0	0	0	0	0	0	0	0	0	0	0	0	0	0	0	0	0	0	0	0	0	
N24	2.17709e-08	3.01373e-06	0.000292128	0.0119913	0.168431	0.600916	0.210619	0.00766417	8.29797e-05	3.81215e-07	8.96527e-10	1.21462e-12	1.02883e-15	5.78696e-19	2.26419e-22	6.39341e-26	1.34256e-29	2.14947e-33	2.67948e-37	2.64781e-41	2.10662e-45	1.36784e-49	7.33522e-54	3.28332e-58	1.23833e-62	3.96879e-67	1.08918e-71	2.57728e-76	5.29156e-81	9.48117e-86	1.4904e-90	2.21997e-95	
ADCATR_Bembidion_rufotinctum	0	0	0	0	0	0	1	0	0	0	0	0	0	0	0	0	0	0	0	0	0	0	0	0	0	0	0	0	0	0	0	0	
ADCATR_Bembidion_arenobilis	0	0	0	0	0	1	0	0	0	0	0	0	0	0	0	0	0	0	0	0	0	0	0	0	0	0	0	0	0	0	0	0	
ADCATR_Bembidion_antiquum	0	0	0	1	0	0	0	0	0	0	0	0	0	0	0	0	0	0	0	0	0	0	0	0	0	0	0	0	0	0	0	0	
N25	0.00878661	0.0203328	0.0549365	0.123154	0.203704	0.237694	0.19178	0.106221	0.0404503	0.0106761	0.00197724	0.000260853	2.49185e-05	1.7526e-06	9.22578e-08	3.6924e-09	1.14039e-10	2.7559e-12	5.27896e-14	8.1115e-16	1.01093e-17	1.03238e-19	8.72079e-22	6.14685e-24	3.64447e-26	1.83124e-28	7.85227e-31	2.89189e-33	9.20261e-36	2.54501e-38	6.19737e-41	1.90925e-43	
N26	0.000106671	0.000777471	0.0062185	0.0352457	0.125768	0.261701	0.300687	0.18835	0.0658871	0.0134392	0.00167758	0.000134228	7.17626e-06	2.65822e-07	7.03947e-09	1.36933e-10	2.00309e-12	2.24911e-14	1.97353e-16	1.37495e-18	7.7135e-21	3.52855e-23	1.33112e-25	4.1834e-28	1.10543e-30	2.47659e-33	4.74047e-36	7.8067e-39	1.11324e-41	1.38293e-44	1.51258e-47	1.97111e-50	
ADCATR_Bembidion_levettei	0	0	0	0	0	0	0	1	0	0	0	0	0	0	0	0	0	0	0	0	0	0	0	0	0	0	0	0	0	0	0	0	
N27	1.01078e-06	2.83545e-05	0.000793328	0.012843	0.101317	0.32753	0.369771	0.157466	0.0278546	0.00229544	9.78717e-05	2.35367e-06	3.42201e-08	3.18156e-10	1.98051e-12	8.5754e-15	2.66675e-17	6.12046e-20	1.06123e-22	1.41857e-25	1.48794e-28	1.24386e-31	8.4022e-35	4.64282e-38	2.12185e-41	8.10019e-45	2.60624e-48	7.12537e-52	1.66763e-55	3.3639e-59	5.89026e-63	1.07099e-66	
N28	5.51955e-08	4.88075e-06	0.000347619	0.0114328	0.139647	0.473074	0.316315	0.0557653	0.00333164	8.12083e-05	9.31145e-07	5.6094e-09	1.9359e-11	4.09919e-14	5.62713e-17	5.23785e-20	3.431e-23	1.63151e-26	5.78217e-30	1.56213e-33	3.28038e-37	5.44609e-41	7.25555e-45	7.85963e-49	7.00439e-53	5.18954e-57	3.22679e-61	1.69822e-65	7.62346e-70	2.93968e-74	9.80187e-79	3.14896e-83	
N29	3.37326e-08	3.68956e-06	0.000310419	0.0116674	0.155056	0.519768	0.276863	0.0348845	0.00142362	2.35719e-05	1.86409e-07	7.93673e-10	1.99041e-12	3.15014e-15	3.32147e-18	2.43672e-21	1.2887e-24	5.0599e-28	1.51187e-31	3.51091e-35	6.45243e-39	9.53375e-43	1.14823e-46	1.14105e-50	9.45768e-55	6.60179e-59	3.91477e-63	1.98755e-67	8.70132e-72	3.30608e-76	1.09681e-80	3.52672e-85	
ADCATR_Bembidion_obtusum	0	0	0	0	0	1	0	0	0	0	0	0	0	0	0	0	0	0	0	0	0	0	0	0	0	0	0	0	0	0	0	0	
ADCATR_Bembidion_levettei_carrianum	0	0	0	0	0	1	0	0	0	0	0	0	0	0	0	0	0	0	0	0	0	0	0	0	0	0	0	0	0	0	0	0	
ADCATR_Bembidion_properans	0	0	0	0	0	1	0	0	0	0	0	0	0	0	0	0	0	0	0	0	0	0	0	0	0	0	0	0	0	0	0	0	
ADCATR_Bembidion_inaequale	0	0	0	0	0	0	0	1	0	0	0	0	0	0	0	0	0	0	0	0	0	0	0	0	0	0	0	0	0	0	0	0	
N30	0.00492251	0.0132133	0.0431517	0.113806	0.209874	0.257186	0.205499	0.106664	0.0361853	0.00812858	0.00123044	0.000128031	9.34964e-06	4.89174e-07	1.87042e-08	5.32548e-10	1.14894e-11	1.90881e-13	2.47856e-15	2.54988e-17	2.10449e-19	1.40946e-21	7.74103e-24	3.52023e-26	1.33728e-28	4.27863e-31	1.1617e-33	2.69536e-36	5.37879e-39	9.28817e-42	1.40158e-44	2.52744e-47	
N31	0.00138526	0.00524054	0.0243323	0.085518	0.196601	0.279156	0.238533	0.12234	0.0383074	0.00753593	0.000962719	8.25615e-05	4.9035e-06	2.07498e-07	6.4175e-09	1.48399e-10	2.61816e-12	3.58832e-14	3.88243e-16	3.36428e-18	2.36524e-20	1.36495e-22	6.53431e-25	2.61985e-27	8.87424e-30	2.55987e-32	6.33436e-35	1.35361e-37	2.51344e-40	4.07869e-43	5.83576e-46	1.00079e-48	
ADCATR_Bembidion_californicum	0	0	0	0	0	1	0	0	0	0	0	0	0	0	0	0	0	0	0	0	0	0	0	0	0	0	0	0	0	0	0	0	
ADCATR_Bembidion_concolor	0	0	0	0	0	0	1	0	0	0	0	0	0	0	0	0	0	0	0	0	0	0	0	0	0	0	0	0	0	0	0	0	
N32	7.69005e-05	0.00103052	0.0126287	0.0851015	0.249779	0.343482	0.227984	0.0701747	0.00912419	0.000595312	2.2229e-05	5.19264e-07	8.08171e-09	8.78318e-11	6.91345e-13	4.05875e-15	1.82089e-17	6.37163e-20	1.76969e-22	3.96118e-25	7.24132e-28	1.09395e-30	1.38017e-33	1.46796e-36	1.32753e-39	1.02866e-42	6.87788e-46	3.99382e-49	2.026e-52	9.02859e-56	3.56734e-59	1.58676e-62	
ADCATR_Bembidion_lampros	0	0	0	0	0	0	0	1	0	0	0	0	0	0	0	0	0	0	0	0	0	0	0	0	0	0	0	0	0	0	0	0	
ADCATR_Bembidion_planatum	0	0	0	1	0	0	0	0	0	0	0	0	0	0	0	0	0	0	0	0	0	0	0	0	0	0	0	0	0	0	0	0	
N33	0.222635	0.217164	0.191246	0.150267	0.103792	0.0621192	0.0318252	0.0138284	0.00506318	0.00155587	0.000400428	8.62707e-05	1.55701e-05	2.35784e-06	3.00286e-07	3.22539e-08	2.93123e-09	2.26176e-10	1.48716e-11	8.36412e-13	4.03917e-14	1.68128e-15	6.0551e-17	1.89397e-18	5.1642e-20	1.23194e-21	2.58025e-23	4.76134e-25	7.76844e-27	1.12736e-28	1.51318e-30	3.16811e-32	
N34	0.209333	0.211042	0.194468	0.158309	0.110701	0.0652473	0.0320312	0.0130024	0.0043456	0.00119316	0.00026896	4.98057e-05	7.58853e-06	9.53578e-07	9.91239e-08	8.5534e-09	6.15044e-10	3.70052e-11	1.87095e-12	7.98367e-14	2.888e-15	8.89528e-17	2.34307e-18	5.30077e-20	1.0343e-21	1.74781e-23	2.56811e-25	3.29373e-27	3.70199e-29	3.66812e-31	3.31374e-33	4.41306e-35	
N35	0.167854	0.184768	0.191649	0.173665	0.131969	0.0825488	0.0421419	0.017485	0.00588428	0.00160524	0.000355157	6.3818e-05	9.33371e-06	1.11425e-06	1.08938e-07	8.7557e-09	5.80882e-10	3.19485e-11	1.46327e-12	5.60665e-14	1.80549e-15	4.90915e-17	1.13224e-18	2.22512e-20	3.74276e-22	5.41184e-24	6.75577e-26	7.31279e-28	6.90134e-30	5.74655e-32	4.4376e-34	4.78578e-36	
N36	7.41289e-11	2.01081e-09	5.6199e-08	1.24065e-06	2.10784e-05	0.000268901	0.00249805	0.0162568	0.0705439	0.191765	0.303222	0.260527	0.120008	0.030068	0.00439087	0.000402901	2.47518e-05	1.07076e-06	3.39456e-08	8.14237e-10	1.51655e-11	2.2408e-13	2.67411e-15	2.61699e-17	2.12794e-19	1.45408e-21	8.43385e-24	4.18914e-26	1.79672e-28	6.7251e-31	2.27916e-33	1.0203e-35	
ADCATR_Bembidion_tibiale	0	0	0	0	0	0	0	0	0	0	1	0	0	0	0	0	0	0	0	0	0	0	0	0	0	0	0	0	0	0	0	0	
ADCATR_Bembidion_tetracolum	0	0	0	0	0	0	0	0	0	0	0	0	1	0	0	0	0	0	0	0	0	0	0	0	0	0	0	0	0	0	0	0	
N37	0.21249	0.215817	0.199663	0.160843	0.108982	0.0607715	0.0275396	0.0100724	0.00296331	0.000700579	0.000133183	2.03966e-05	2.52345e-06	2.53092e-07	2.06617e-08	1.37911e-09	7.56214e-11	3.42339e-12	1.286e-13	4.02933e-15	1.05842e-16	2.34275e-18	4.39151e-20	7.00572e-22	9.55687e-24	1.12e-25	1.13269e-27	9.92837e-30	7.57426e-32	5.05223e-34	3.00411e-36	2.49371e-38	
N38	0.189002	0.198116	0.193443	0.166725	0.121861	0.0736938	0.0363666	0.0145448	0.00470375	0.00123093	0.000261394	4.52347e-05	6.41205e-06	7.48786e-07	7.24735e-08	5.84985e-09	3.96221e-10	2.2657e-11	1.10031e-12	4.56424e-14	1.62616e-15	5.0026e-17	1.33555e-18	3.10922e-20	6.34096e-22	1.1378e-23	1.80378e-25	2.53639e-27	3.17547e-29	3.55611e-31	3.66189e-33	5.77273e-35	
N39	0.108701	0.256685	0.38615	0.199624	0.0436109	0.00489489	0.000321406	1.34734e-05	3.83517e-07	7.7583e-09	1.15515e-10	1.30162e-12	1.13543e-14	7.81427e-17	4.31165e-19	1.93394e-21	7.1374e-24	2.19063e-26	5.64499e-29	1.23177e-31	2.29362e-34	3.67021e-37	5.07954e-40	6.11627e-43	6.44226e-46	5.96579e-49	4.87984e-52	3.54116e-55	2.28922e-58	1.32482e-61	6.99674e-65	4.45785e-68	
ADCATR_Bembidion_transversale	0	0	1	0	0	0	0	0	0	0	0	0	0	0	0	0	0	0	0	0	0	0	0	0	0	0	0	0	0	0	0	0	
ADCATR_Bembidion_sejunctum	0	0	1	0	0	0	0	0	0	0	0	0	0	0	0	0	0	0	0	0	0	0	0	0	0	0	0	0	0	0	0	0	
ADCATR_Bembidion_mexicanum	0	0	0	0	0	1	0	0	0	0	0	0	0	0	0	0	0	0	0	0	0	0	0	0	0	0	0	0	0	0	0	0	
N40	0.268956	0.249868	0.200393	0.13771	0.0802776	0.0393212	0.016063	0.00544605	0.00152876	0.000355174	6.8383e-05	1.09384e-05	1.45863e-06	1.62813e-07	1.52804e-08	1.21156e-09	8.15536e-11	4.68351e-12	2.30602e-13	9.78168e-15	3.59148e-16	1.14665e-17	3.19749e-19	7.82094e-21	1.68484e-22	3.20929e-24	5.42555e-26	8.16999e-28	1.09967e-29	1.32917e-31	1.48696e-33	2.58375e-35	
ADCATR_Bembidion_decorum	0	0	1	0	0	0	0	0	0	0	0	0	0	0	0	0	0	0	0	0	0	0	0	0	0	0	0	0	0	0	0	0	
ADCATR_Bembidion_levigatum	0	1	0	0	0	0	0	0	0	0	0	0	0	0	0	0	0	0	0	0	0	0	0	0	0	0	0	0	0	0	0	0	
N41	0.187969	0.198462	0.194548	0.16705	0.121201	0.0730057	0.0362396	0.0147924	0.00496845	0.00137653	0.000315721	6.0212e-05	9.59544e-06	1.28447e-06	1.45214e-07	1.39403e-08	1.1425e-09	8.03614e-11	4.87605e-12	2.56484e-13	1.17511e-14	4.71083e-16	1.65956e-17	5.15895e-19	1.42072e-20	3.47904e-22	7.60264e-24	1.48766e-25	2.61559e-27	4.15584e-29	6.21065e-31	1.49615e-32	
ADCATR_Bembidion_umbratum	0	0	0	0	0	1	0	0	0	0	0	0	0	0	0	0	0	0	0	0	0	0	0	0	0	0	0	0	0	0	0	0	
ADCATR_Bembidion_insulatum	0	1	0	0	0	0	0	0	0	0	0	0	0	0	0	0	0	0	0	0	0	0	0	0	0	0	0	0	0	0	0	0	
N42	0.112768	0.142325	0.174419	0.183853	0.159953	0.113575	0.0656307	0.0308474	0.0117952	0.00367168	0.0009315	0.000192906	3.26765e-05	4.53856e-06	5.18361e-07	4.88392e-08	3.80933e-09	2.46889e-10	1.33487e-11	6.04557e-13	2.30307e-14	7.41116e-16	2.02307e-17	4.7045e-19	9.35837e-21	1.90642e-22	1.26306e-23	2.33472e-24	4.16572e-25	6.50797e-26	9.65376e-27	2.06624e-27	
N43	0.116782	0.145915	0.176622	0.183915	0.158054	0.110805	0.063177	0.0292756	0.0110274	0.00337862	0.000842944	0.000171529	2.85263e-05	3.88684e-06	4.35153e-07	4.0159e-08	3.06586e-09	1.94351e-10	1.0271e-11	4.54367e-13	1.68964e-14	5.30412e-16	1.4116e-17	3.19836e-19	6.1954e-21	1.0302e-22	1.47651e-24	1.83128e-26	1.9744e-28	1.86887e-30	1.65793e-32	2.7307e-34	
N44	0.293194	0.291505	0.229541	0.125961	0.0461895	0.0114053	0.00194521	0.000235899	2.091e-05	1.38855e-06	7.05896e-08	2.79944e-09	8.80428e-11	2.22777e-12	4.59326e-14	7.8045e-16	1.10387e-17	1.31153e-19	1.31972e-21	1.13309e-23	8.35765e-26	5.32913e-28	2.9545e-30	1.43181e-32	6.09549e-35	2.29012e-37	7.62617e-40	2.26e-42	5.98377e-45	1.42299e-47	3.11414e-50	8.96405e-53	
ADCATR_Bembidion_tairuense	0	0	1	0	0	0	0	0	0	0	0	0	0	0	0	0	0	0	0	0	0	0	0	0	0	0	0	0	0	0	0	0	
ADCATR_Bembidion_quadrimaculatum	0	1	0	0	0	0	0	0	0	0	0	0	0	0	0	0	0	0	0	0	0	0	0	0	0	0	0	0	0	0	0	0	
ADCATR_Bembidion_punctulatum	0	1	0	0	0	0	0	0	0	0	0	0	0	0	0	0	0	0	0	0	0	0	0	0	0	0	0	0	0	0	0	0	
ADCATR_Bembidion_articulatum	0	0	0	0	0	0	0	0	0	0	0	0	1	0	0	0	0	0	0	0	0	0	0	0	0	0	0	0	0	0	0	0	
ADCATR_Bembidion_coxendix	0	0	0	0	1	0	0	0	0	0	0	0	0	0	0	0	0	0	0	0	0	0	0	0	0	0	0	0	0	0	0	0	
N45	0.190222	0.191748	0.179514	0.153522	0.117779	0.0797754	0.0471212	0.0240601	0.010559	0.00396952	0.00127644	0.000351053	8.26574e-05	1.66916e-05	2.89766e-06	4.33658e-07	5.61232e-08	6.3018e-09	6.16028e-10	5.26091e-11	3.93879e-12	2.59424e-13	1.50831e-14	7.76729e-16	3.55475e-17	1.4509e-18	5.30368e-20	1.74774e-21	5.26648e-23	1.50761e-24	4.55517e-26	1.96561e-27	
ADCATR_Bembidion_aenulum	0	0	0	0	0	0	0	0	1	0	0	0	0	0	0	0	0	0	0	0	0	0	0	0	0	0	0	0	0	0	0	0	
ADCATR_Pogonus_chalceus	0	0	1	0	0	0	0	0	0	0	0	0	0	0	0	0	0	0	0	0	0	0	0	0	0	0	0	0	0	0	0	0	
N46	0.266594	0.245744	0.195679	0.135357	0.0816479	0.0430483	0.0198646	0.0080282	0.00284286	0.000882409	0.000240208	5.73865e-05	1.20427e-05	2.22225e-06	3.61033e-07	5.17098e-08	6.53892e-09	7.31176e-10	7.24144e-11	6.36266e-12	4.96808e-13	3.45279e-14	2.13906e-15	1.18276e-16	5.84336e-18	2.58232e-19	1.02249e-20	3.64026e-22	1.17589e-23	3.5386e-25	1.08768e-26	5.74523e-28	
N47	0.254331	0.237702	0.194174	0.139069	0.0874564	0.0483211	0.0234618	0.0100122	0.00375623	0.00123944	0.000359954	9.20877e-05	2.07764e-05	4.13907e-06	7.29156e-07	1.1376e-07	1.57444e-08	1.93629e-09	2.11984e-10	2.06978e-11	1.80575e-12	1.41047e-13	9.88424e-15	6.22868e-16	3.53908e-17	1.81945e-18	8.50604e-20	3.64485e-21	1.45005e-22	5.47149e-24	2.05393e-25	1.09058e-26	
ADCASC_Dyschirius_sp	0	0	0	0	1	0	0	0	0	0	0	0	0	0	0	0	0	0	0	0	0	0	0	0	0	0	0	0	0	0	0	0	
N48	0.189136	0.193812	0.184495	0.158064	0.119021	0.0776902	0.0436597	0.0210612	0.00871299	0.00309147	0.000941331	0.000246203	5.53734e-05	1.0723e-05	1.79037e-06	2.58132e-07	3.21901e-08	3.47805e-09	3.26196e-10	2.6606e-11	1.89104e-12	1.17364e-13	6.37365e-15	3.03526e-16	1.27028e-17	4.68219e-19	1.52338e-20	4.38471e-22	1.11919e-23	2.54681e-25	5.41127e-27	1.90293e-28	
N49	0.10684	0.125501	0.146661	0.15738	0.149113	0.122887	0.0876534	0.0540415	0.0287992	0.013272	0.00529318	0.00182855	0.000547725	0.000142429	3.21956e-05	6.33571e-06	1.08715e-06	1.62941e-07	2.13705e-08	2.45742e-09	2.48253e-10	2.20781e-11	1.73222e-12	1.20159e-13	7.38556e-15	4.0315e-16	1.95921e-17	8.50433e-19	3.31791e-20	1.18552e-21	4.19697e-23	2.42179e-24	
N50	0.143577	0.147171	0.143746	0.133439	0.117251	0.0970756	0.0753955	0.0547202	0.0369959	0.0232443	0.0135479	0.00731658	0.00365849	0.00169314	0.000725181	0.00028749	0.000105525	3.58789e-05	1.13061e-05	3.30405e-06	8.9608e-07	2.25704e-07	5.28418e-08	1.15097e-08	2.33498e-09	4.41935e-10	7.8272e-11	1.30606e-11	2.08824e-12	3.34661e-13	6.09741e-14	1.84225e-14	
N51	0.0600812	0.893124	0.0461802	0.000611261	3.57843e-06	1.16588e-08	2.39966e-11	3.38008e-14	3.44194e-17	2.6365e-20	1.56527e-23	7.37143e-27	2.80477e-30	8.75103e-34	2.26614e-37	4.91942e-41	9.02676e-45	1.40974e-48	1.88466e-52	2.1672e-56	2.15208e-60	1.85156e-64	1.38386e-68	9.00494e-73	5.11128e-77	2.53563e-81	1.10236e-85	4.22066e-90	1.4377e-94	4.44683e-99	1.29458e-103	3.75981e-108	
ADCAHA_Demetrias_atricapillus	0	1	0	0	0	0	0	0	0	0	0	0	0	0	0	0	0	0	0	0	0	0	0	0	0	0	0	0	0	0	0	0	
ADCALO_Loricera_pilicornis	0	1	0	0	0	0	0	0	0	0	0	0	0	0	0	0	0	0	0	0	0	0	0	0	0	0	0	0	0	0	0	0	
ADCACA_Carabus_problematicus	0	0	0	0	0	0	0	1	0	0	0	0	0	0	0	0	0	0	0	0	0	0	0	0	0	0	0	0	0	0	0	0	
N52	0.0326018	0.0492546	0.0782829	0.112798	0.141666	0.153743	0.143896	0.116101	0.0807482	0.0484174	0.0250373	0.0111716	0.00430434	0.00143341	0.000413059	0.000103142	2.23525e-05	4.21172e-06	6.9132e-07	9.90594e-08	1.24187e-08	1.36529e-09	1.31945e-10	1.1237e-11	8.45454e-13	5.63422e-14	3.33484e-15	1.75905e-16	8.31906e-18	3.59364e-19	1.54414e-20	1.11737e-21	
N53	0.145621	0.149538	0.146333	0.135782	0.118746	0.0973172	0.0743904	0.0528529	0.0348144	0.0212251	0.0119638	0.00623051	0.00299686	0.0013312	0.000546112	0.00020695	7.24641e-05	2.34546e-05	7.02073e-06	1.94455e-06	4.98648e-07	1.18464e-07	2.60912e-08	5.33128e-09	1.01144e-09	1.78329e-10	2.92595e-11	4.48158e-12	6.47364e-13	9.17018e-14	1.47869e-14	4.31481e-15	
ADCABR_Brachinus_sp	0	0	0	1	0	0	0	0	0	0	0	0	0	0	0	0	0	0	0	0	0	0	0	0	0	0	0	0	0	0	0	0	
ADCABR_Pheropsophus_sp	0	1	0	0	0	0	0	0	0	0	0	0	0	0	0	0	0	0	0	0	0	0	0	0	0	0	0	0	0	0	0	0	
N54	0.00189561	0.00413778	0.0101461	0.0229187	0.0456734	0.0789857	0.117396	0.149021	0.160887	0.147326	0.114229	0.0749259	0.0415695	0.0195179	0.00776449	0.00262164	0.000753011	0.000184497	3.86804e-05	6.96305e-06	1.08024e-06	1.44996e-07	1.69095e-08	1.72111e-09	1.53675e-10	1.21095e-11	8.48521e-13	5.34004e-14	3.05925e-15	1.62472e-16	8.31239e-18	5.92728e-19	
ADCABR_Aptinus_displosor	0	0	0	0	0	0	0	0	0	0	0	0	0	0	0	0	1	0	0	0	0	0	0	0	0	0	0	0	0	0	0	0	
N55	2.89473e-05	0.000102368	0.000444364	0.00178646	0.00620452	0.0181015	0.0436729	0.0862067	0.138094	0.178396	0.184976	0.15345	0.101666	0.0537789	0.0227373	0.00770135	0.00209684	0.000460873	8.2174e-05	1.19491e-05	1.42499e-06	1.40164e-07	1.14365e-08	7.7851e-10	4.44659e-11	2.14361e-12	8.78017e-14	3.08255e-15	9.41236e-17	2.57464e-18	6.79441e-20	2.58449e-21	
N56	1.52565e-05	6.04067e-05	0.000286778	0.00124921	0.00467865	0.0146445	0.0376788	0.078761	0.132552	0.178323	0.190713	0.161516	0.108079	0.0571063	0.0238486	0.0078907	0.00207592	0.000436268	7.36311e-05	1.00386e-05	1.11237e-06	1.00814e-07	7.51987e-09	4.64559e-10	2.39185e-11	1.03305e-12	3.77069e-14	1.17483e-15	3.17745e-17	7.71293e-19	1.81498e-20	6.23561e-22	
N57	2.22025e-07	1.39213e-06	1.17378e-05	9.12839e-05	0.00058903	0.00302438	0.0121016	0.0372478	0.0873524	0.154944	0.206719	0.206641	0.154437	0.0862579	0.0360507	0.0113066	0.00267241	0.000478643	6.5382e-05	6.86057e-06	5.57258e-07	3.53193e-08	1.76096e-09	6.96289e-11	2.20094e-12	5.60555e-14	1.15932e-15	1.96284e-17	2.74888e-19	3.2495e-21	3.45731e-23	4.92321e-25	
N58	6.54919e-08	4.32208e-07	4.48899e-06	4.28221e-05	0.000329843	0.00197217	0.00898499	0.0308232	0.0789282	0.149847	0.209841	0.215955	0.162965	0.090099	0.0365159	0.0108692	0.00238353	0.000386721	4.66664e-05	4.21378e-06	2.86633e-07	1.4795e-08	5.83905e-10	1.77589e-11	4.19564e-13	7.76176e-15	1.13334e-16	1.31651e-18	1.22632e-20	9.24237e-23	5.7837e-25	4.73236e-27	
N59	1.55666e-07	1.11126e-06	1.01502e-05	8.04124e-05	0.000519602	0.00267374	0.0107791	0.0336236	0.0803692	0.1461	0.20086	0.208055	0.162044	0.0948706	0.0418095	0.0139099	0.00350856	0.000674594	9.94976e-05	1.13368e-05	1.0054e-06	6.99436e-08	3.84741e-09	1.68678e-10	5.94072e-12	1.6938e-13	3.93903e-15	7.52668e-17	1.19064e-18	1.57704e-20	1.83598e-22	3.04672e-24	
N60	6.41733e-08	3.87892e-07	3.54394e-06	2.9684e-05	0.000204801	0.00113285	0.00496639	0.0171237	0.0461561	0.0967993	0.157403	0.198018	0.192567	0.144827	0.0843834	0.0381972	0.0134843	0.00372945	0.000812377	0.000140168	1.92726e-05	2.12494e-06	1.89075e-07	1.36637e-08	8.07075e-10	3.92098e-11	1.57658e-12	5.28016e-14	1.48432e-15	3.55737e-17	7.77162e-19	2.56085e-20	
N61	1.60867e-08	1.04356e-07	1.03823e-06	9.4551e-06	7.11214e-05	0.000431994	0.00210023	0.00812374	0.0248766	0.0600559	0.113918	0.169363	0.197049	0.179319	0.127693	0.0712559	0.0312317	0.0107861	0.00294651	0.000639549	0.000110846	1.54229e-05	1.73241e-06	1.58011e-07	1.17715e-08	7.20536e-10	3.64514e-11	1.53305e-12	5.3932e-14	1.60309e-15	4.26055e-17	1.80129e-18	
N62	1.6536e-07	6.49538e-07	3.98078e-06	2.48373e-05	0.000137888	0.000651472	0.00257474	0.00844389	0.0228723	0.0510119	0.0934615	0.140437	0.17289	0.1743	0.14392	0.0973954	0.0540856	0.0246885	0.0092835	0.00288289	0.000741453	0.000158427	2.82175e-05	4.20426e-06	5.26003e-07	5.54924e-08	4.96177e-09	3.78816e-10	2.50499e-11	1.48904e-12	9.06279e-14	9.97574e-15	
N63	2.30729e-07	8.62188e-07	4.85605e-06	2.79649e-05	0.000145076	0.000648505	0.00245443	0.00780107	0.020725	0.0458784	0.0844323	0.128973	0.163363	0.171515	0.14929	0.107816	0.0646878	0.0323026	0.0134556	0.00468762	0.00136981	0.000336833	6.99345e-05	1.23045e-05	1.84169e-06	2.35543e-07	2.5888e-08	2.4677e-09	2.07847e-10	1.61593e-11	1.28801e-12	1.45924e-13	
ADCAHA_Platyderus_lusitanicus	0	0	0	0	0	0	0	0	0	0	0	0	0	0	0	0	0	0	1	0	0	0	0	0	0	0	0	0	0	0	0	0	
ADCAHA_Platyderus_varians	0	0	0	0	0	0	0	0	0	0	0	0	0	0	1	0	0	0	0	0	0	0	0	0	0	0	0	0	0	0	0	0	
N64	7.3857e-06	2.06855e-05	8.57101e-05	0.000364052	0.00138853	0.00456509	0.0127617	0.0301549	0.0600157	0.100355	0.140733	0.165319	0.162588	0.133889	0.0923907	0.0534971	0.0260429	0.0106845	0.00370475	0.00108913	0.000272404	5.81751e-05	1.06485e-05	1.67701e-06	2.28122e-07	2.69076e-08	2.76281e-09	2.47972e-10	1.95725e-11	1.38433e-12	9.7377e-14	1.22606e-14	
ADCAHA_Amara_sp	0	0	0	0	0	0	0	0	0	0	0	0	1	0	0	0	0	0	0	0	0	0	0	0	0	0	0	0	0	0	0	0	
ADCAHA_Zabrus_sp	0	0	0	0	0	0	0	0	0	0	1	0	0	0	0	0	0	0	0	0	0	0	0	0	0	0	0	0	0	0	0	0	
N65	6.35327e-10	5.56271e-09	7.69226e-08	9.68293e-07	9.95865e-06	8.15448e-05	0.00052614	0.00265722	0.010449	0.0318511	0.0749905	0.135993	0.189604	0.203051	0.167036	0.10566	0.0514922	0.0193871	0.00565927	0.00128619	0.000228665	3.19668e-05	3.53348e-06	3.10626e-07	2.18495e-08	1.23759e-09	5.68365e-11	2.13331e-12	6.61776e-14	1.73584e-15	4.1679e-17	1.52193e-18	
N66	1.44175e-08	7.44231e-08	5.59383e-07	4.10556e-06	2.65971e-05	0.000147206	0.000686526	0.00267687	0.00867776	0.0232842	0.0515265	0.0937861	0.140157	0.171838	0.172882	0.142896	0.0972359	0.0546258	0.0254228	0.00984022	0.00318118	0.000862836	0.000197267	3.82001e-05	6.29752e-06	8.88838e-07	1.0816e-07	1.14659e-08	1.07895e-09	9.38166e-11	8.29748e-12	1.04134e-12	
ADCAHA_Pterostichus_herculeanus	0	0	0	0	0	0	0	0	0	0	0	0	0	1	0	0	0	0	0	0	0	0	0	0	0	0	0	0	0	0	0	0	
ADCAHA_Pterostichus_angustus	0	0	0	0	0	0	0	0	0	0	0	0	0	0	0	0	0	0	0	0	0	1	0	0	0	0	0	0	0	0	0	0	
N67	9.0027e-10	8.03339e-09	1.07309e-07	1.29802e-06	1.2859e-05	0.000101666	0.000634738	0.00310795	0.0118685	0.0351789	0.0806128	0.142362	0.193321	0.201615	0.161442	0.0993358	0.0470495	0.0172001	0.00487045	0.00107279	0.000184709	2.49936e-05	2.67329e-06	2.27396e-07	1.548e-08	8.48806e-10	3.77349e-11	1.3693e-12	4.08608e-14	1.0155e-15	2.23474e-17	7.63556e-19	
N68	4.69901e-10	4.56802e-09	6.66465e-08	8.59203e-07	8.99106e-06	7.49775e-05	0.0004937	0.00254735	0.0102275	0.0317517	0.0758082	0.138584	0.193373	0.205584	0.166477	0.102795	0.0485216	0.0175743	0.00490823	0.00106314	0.000179769	2.38976e-05	2.51612e-06	2.1142e-07	1.42868e-08	7.82378e-10	3.4983e-11	1.28663e-12	3.92134e-14	1.00084e-15	2.25425e-17	7.87674e-19	
N69	6.93159e-11	9.31271e-10	1.812e-08	3.00407e-07	3.93816e-06	4.01096e-05	0.000314239	0.00187835	0.00850566	0.0290033	0.0741173	0.141459	0.201226	0.213189	0.168315	0.0992052	0.043778	0.0145206	0.0036376	0.000692144	0.000100666	1.12692e-05	9.78223e-07	6.6358e-08	3.54589e-09	1.5047e-10	5.11198e-12	1.40166e-13	3.12757e-15	5.74457e-17	9.10987e-19	2.09671e-20	
N70	2.39614e-13	3.41091e-12	7.41724e-11	1.43917e-09	2.32619e-08	3.08782e-07	3.33784e-06	2.91553e-05	0.000204235	0.00113902	0.0050223	0.017395	0.0470466	0.0988407	0.160587	0.201052	0.193486	0.14295	0.0810926	0.035381	0.0119117	0.00310945	0.000633237	0.000101336	1.28458e-05	1.30093e-06	1.06181e-07	7.04751e-09	3.84286e-10	1.75506e-11	7.31292e-13	4.86661e-14	
ADCAHA_Pterostichus_niger	0	0	0	0	0	0	0	0	0	0	0	0	0	0	0	0	0	0	0	1	0	0	0	0	0	0	0	0	0	0	0	0	
ADCAHA_Pterostichus_interruptus	0	0	0	0	0	0	0	0	0	0	0	0	0	0	0	0	0	0	1	0	0	0	0	0	0	0	0	0	0	0	0	0	
N71	1.89229e-08	1.72089e-07	2.1929e-06	2.40488e-05	0.000207007	0.00136158	0.00674978	0.0249686	0.0683801	0.137818	0.203627	0.220176	0.174305	0.101283	0.0433818	0.0137769	0.00326682	0.000583047	7.90085e-05	8.20425e-06	6.59075e-07	4.13581e-08	2.04699e-09	8.06754e-11	2.55558e-12	6.56577e-14	1.38007e-15	2.39305e-17	3.4508e-19	4.17651e-21	4.39633e-23	6.6321e-25	
ADCAHA_Pterostichus_globosus	0	0	0	0	0	0	0	0	0	1	0	0	0	0	0	0	0	0	0	0	0	0	0	0	0	0	0	0	0	0	0	0	
N72	9.14844e-08	8.55129e-07	1.05176e-05	0.000107666	0.00084248	0.00488964	0.0206985	0.063159	0.13768	0.212964	0.23269	0.179243	0.0974456	0.0375511	0.010334	0.00205153	0.00029734	3.18777e-05	2.56261e-06	1.56586e-07	7.37032e-09	2.70678e-10	7.85153e-12	1.8197e-13	3.40641e-15	5.20299e-17	6.54612e-19	6.84431e-21	5.99616e-23	4.43743e-25	2.8336e-27	2.45566e-29	
N73	2.37971e-12	7.83382e-11	3.27808e-09	1.09593e-07	2.73704e-06	4.94967e-05	0.00062954	0.00545083	0.0309426	0.110366	0.23669	0.294694	0.210567	0.0865206	0.0207638	0.00302524	0.000280539	1.73227e-05	7.40972e-07	2.27083e-08	5.13063e-10	8.75638e-12	1.15272e-13	1.19186e-15	9.83332e-18	6.56453e-20	3.59008e-22	1.6263e-24	6.16315e-27	1.97191e-29	5.41157e-32	1.84138e-34	
ADCAHA_Pterostichus_spinolae	0	0	0	0	0	0	0	0	0	0	1	0	0	0	0	0	0	0	0	0	0	0	0	0	0	0	0	0	0	0	0	0	
ADCAHA_Pterostichus_flavofemoratus	0	0	0	0	0	0	0	0	0	0	0	0	0	1	0	0	0	0	0	0	0	0	0	0	0	0	0	0	0	0	0	0	
ADCAHA_Pterostichus_ziegleri	0	0	0	0	0	1	0	0	0	0	0	0	0	0	0	0	0	0	0	0	0	0	0	0	0	0	0	0	0	0	0	0	
N74	5.01804e-12	8.04472e-11	1.89324e-09	3.90413e-08	6.42563e-07	8.23831e-06	8.1255e-05	0.00061017	0.00345508	0.014622	0.0458845	0.106066	0.179706	0.222446	0.200899	0.132446	0.063884	0.0226316	0.00591994	0.00115095	0.000167592	1.84341e-05	1.54579e-06	9.97743e-08	5.00614e-09	1.97192e-10	6.15755e-12	1.53889e-13	3.10803e-15	5.14179e-17	7.38098e-19	1.60454e-20	
ADCAHA_Pterostichus_aterrimus	0	0	0	0	0	0	0	0	0	0	0	0	1	0	0	0	0	0	0	0	0	0	0	0	0	0	0	0	0	0	0	0	
N75	2.71227e-12	4.34805e-11	1.09747e-09	2.41879e-08	4.23642e-07	5.76055e-06	6.00588e-05	0.000475117	0.0028245	0.0125073	0.0409368	0.0984104	0.172944	0.221533	0.20661	0.140381	0.0696427	0.0253193	0.00677982	0.00134549	0.000199349	2.22338e-05	1.88362e-06	1.2238e-07	6.15822e-09	2.42419e-10	7.53981e-12	1.87112e-13	3.74339e-15	6.13274e-17	8.75396e-19	1.84414e-20	
N76	1.12692e-18	2.4559e-16	5.89498e-14	1.10928e-11	1.53709e-09	1.50116e-07	9.80083e-06	0.000397327	0.00893465	0.0917937	0.29593	0.378457	0.191794	0.030404	0.00219081	8.69548e-05	2.12462e-06	3.43525e-08	3.86781e-10	3.15031e-12	1.91229e-14	8.86169e-17	3.19824e-19	9.14311e-22	2.10092e-24	3.93017e-27	6.05367e-30	7.75611e-33	8.34499e-36	7.62918e-39	6.14775e-42	5.85014e-45	
ADCAHA_Pterostichus_nigrita	0	0	0	0	0	0	0	0	0	0	0	0	1	0	0	0	0	0	0	0	0	0	0	0	0	0	0	0	0	0	0	0	
ADCAHA_Pterostichus_anthracinus	0	0	0	0	0	0	0	0	0	1	0	0	0	0	0	0	0	0	0	0	0	0	0	0	0	0	0	0	0	0	0	0	
ADCAHA_Pterostichus_alacer	0	0	0	0	0	0	0	0	0	0	0	0	0	0	0	0	0	0	0	1	0	0	0	0	0	0	0	0	0	0	0	0	
N77	1.00584e-07	5.39455e-07	3.97267e-06	2.74487e-05	0.000163254	0.00081122	0.00331899	0.011084	0.0300386	0.0657831	0.116045	0.164515	0.187135	0.170645	0.124721	0.0730998	0.0343985	0.01302	0.00397378	0.000980922	0.000196536	3.20888e-05	4.28806e-06	4.71171e-07	4.27779e-08	3.22526e-09	2.02979e-10	1.07204e-11	4.78195e-13	1.82602e-14	6.44178e-16	3.8682e-17	
N78	3.1032e-08	1.5591e-07	1.236e-06	9.55486e-06	6.36938e-05	0.000353942	0.00161801	0.00603908	0.0183056	0.0448771	0.0886907	0.140952	0.179824	0.183981	0.150913	0.0992889	0.0524545	0.0222922	0.00763947	0.00211744	0.000476346	8.73198e-05	1.30999e-05	1.61589e-06	1.64691e-07	1.39399e-08	9.8516e-10	5.84841e-11	2.94268e-12	1.2837e-13	5.32111e-15	3.45727e-16	
ADCAHA_Pterostichus_melanarius	0	0	0	0	0	0	0	0	0	0	0	0	0	0	0	0	0	0	0	1	0	0	0	0	0	0	0	0	0	0	0	0	
ADCAHA_Pterostichus_nemoralis	0	0	0	0	0	0	0	0	0	0	0	0	1	0	0	0	0	0	0	0	0	0	0	0	0	0	0	0	0	0	0	0	
ADCAHA_Stomis_sp	0	0	0	0	0	0	1	0	0	0	0	0	0	0	0	0	0	0	0	0	0	0	0	0	0	0	0	0	0	0	0	0	
N79	1.63072e-06	5.01512e-06	2.26301e-05	0.000104212	0.000435432	0.00158902	0.00499065	0.0133959	0.030607	0.0593678	0.0975832	0.135764	0.159778	0.159058	0.133998	0.0956221	0.0578806	0.0297707	0.0130387	0.00487401	0.00155907	0.00042792	0.000101071	2.06051e-05	3.63743e-06	5.58022e-07	7.47353e-08	8.80034e-09	9.24068e-10	8.95967e-11	8.92758e-12	1.42555e-12	
N80	2.19223e-06	5.85507e-06	2.29882e-05	9.49221e-05	0.000363931	0.00124262	0.00372228	0.00971998	0.0220526	0.0433787	0.0738697	0.108784	0.138439	0.152185	0.144499	0.118532	0.0840427	0.0515469	0.0273778	0.012608	0.00504202	0.00175391	0.000531707	0.000140761	3.26141e-05	6.63034e-06	1.18659e-06	1.87995e-07	2.67224e-08	3.54499e-09	4.99154e-10	1.16148e-10	
ADCAHA_Poecilus_cupreus	0	0	0	0	0	0	0	0	0	0	0	0	0	1	0	0	0	0	0	0	0	0	0	0	0	0	0	0	0	0	0	0	
N81	9.84741e-16	1.9549e-14	5.05339e-13	1.2075e-11	2.54143e-10	4.59717e-09	7.02722e-08	8.95432e-07	9.39138e-06	8.00306e-05	0.000546536	0.0029467	0.0123439	0.0395104	0.0950442	0.169281	0.220665	0.209067	0.143657	0.0717665	0.0262551	0.00711792	0.00145193	0.000226619	2.75276e-05	2.64509e-06	2.04169e-07	1.28512e-08	6.71098e-10	2.99289e-11	1.23994e-12	7.82293e-14	
ADCAHA_Poecilus_versicolor	0	0	0	0	0	0	0	0	0	0	0	0	0	0	0	0	0	0	0	1	0	0	0	0	0	0	0	0	0	0	0	0	
ADCAHA_Poecilus_lucublandus	0	0	0	0	0	0	0	0	0	0	0	0	0	0	0	1	0	0	0	0	0	0	0	0	0	0	0	0	0	0	0	0	
ADCAHA_Poecilus_chalcites	0	0	0	0	0	0	0	0	0	0	0	0	0	0	0	1	0	0	0	0	0	0	0	0	0	0	0	0	0	0	0	0	
N82	0.00131187	0.00254211	0.00595896	0.013652	0.0284393	0.0524622	0.0847023	0.118948	0.144725	0.152162	0.137989	0.107806	0.0725182	0.0419995	0.0209535	0.00901402	0.00334854	0.00107613	0.00029983	7.26008e-05	1.53179e-05	2.82394e-06	4.56216e-07	6.47821e-08	8.11138e-09	8.98746e-10	8.85154e-11	7.80127e-12	6.22985e-13	4.63393e-14	3.49669e-15	4.26891e-16	
ADCAHA_Pterostichus_oblongopunctatus	0	0	0	0	0	0	0	0	0	0	0	0	0	0	0	1	0	0	0	0	0	0	0	0	0	0	0	0	0	0	0	0	
N83	0.0624004	0.0794867	0.106909	0.136391	0.15497	0.151873	0.126337	0.0884911	0.0519895	0.0255826	0.0105443	0.00364428	0.00105811	0.000258719	5.34221e-05	9.34474e-06	1.38936e-06	1.76189e-07	1.91251e-08	1.78345e-09	1.43393e-10	9.97636e-12	6.02755e-13	3.17368e-14	1.4613e-15	5.9039e-17	2.10006e-18	6.60085e-20	1.84302e-21	4.63537e-23	1.12138e-24	4.33783e-26	
N84	0.0656499	0.0830539	0.111882	0.1439	0.163616	0.157254	0.124767	0.0807745	0.0424625	0.0181057	0.00626908	0.00176719	0.000406976	7.68862e-05	1.19701e-05	1.54316e-06	1.65563e-07	1.4858e-08	1.12102e-09	7.1471e-11	3.86965e-12	1.78798e-13	7.08387e-15	2.41768e-16	7.13987e-18	1.83237e-19	4.10368e-21	8.05209e-23	1.38984e-24	2.1234e-26	2.98594e-28	6.56375e-30	
N85	0.0815109	0.109372	0.15069	0.183036	0.181931	0.143093	0.0877315	0.0416938	0.0153568	0.00439874	0.000985499	0.000173955	2.43892e-05	2.73929e-06	2.48596e-07	1.83846e-08	1.11711e-09	5.62154e-11	2.36054e-12	8.33056e-14	2.48766e-15	6.32624e-17	1.37836e-18	2.58776e-20	4.20887e-22	5.96061e-24	7.38554e-26	8.04277e-28	7.73089e-30	6.59074e-32	5.0988e-34	5.77731e-36	
ADCAHA_Microlestes_sp	0	0	0	0	0	0	1	0	0	0	0	0	0	0	0	0	0	0	0	0	0	0	0	0	0	0	0	0	0	0	0	0	
ADCAHA_Chlaenius_sp	0	1	0	0	0	0	0	0	0	0	0	0	0	0	0	0	0	0	0	0	0	0	0	0	0	0	0	0	0	0	0	0	
ADCAHA_Loxandrus_sp	0	0	0	0	0	0	0	1	0	0	0	0	0	0	0	0	0	0	0	0	0	0	0	0	0	0	0	0	0	0	0	0	
N86	0.215503	0.220694	0.205476	0.163879	0.106884	0.0554669	0.0226219	0.00723178	0.00181762	0.000361394	5.72854e-05	7.30056e-06	7.54484e-07	6.37675e-08	4.44372e-09	2.5732e-10	1.24733e-11	5.09672e-13	1.76705e-14	5.23037e-16	1.32942e-17	2.91749e-19	5.55657e-21	9.22915e-23	1.34295e-24	1.71942e-26	1.94491e-28	1.95122e-30	1.7431e-32	1.39537e-34	1.03589e-36	1.12719e-38	
N87	0.119769	0.209148	0.281946	0.233676	0.115004	0.0337396	0.00600281	0.000664527	4.72587e-05	2.23591e-06	7.28306e-08	1.68531e-09	2.84843e-11	3.60254e-13	3.48215e-15	2.62009e-17	1.55965e-19	7.45023e-22	2.8923e-24	9.22922e-27	2.4454e-29	5.42988e-32	1.01885e-34	1.62788e-37	2.23022e-40	2.63677e-43	2.70622e-46	2.42436e-49	1.90537e-52	1.32019e-55	8.14625e-59	5.85015e-62	
N88	4.5924e-05	0.0013873	0.0268072	0.214507	0.394582	0.273938	0.0796381	0.00885835	0.000232422	2.60347e-06	1.56284e-08	5.68259e-11	1.35329e-13	2.2302e-16	2.6505e-19	2.34627e-22	1.58797e-25	8.39676e-29	3.53274e-32	1.20124e-35	3.34617e-39	7.72724e-43	1.49491e-46	2.44556e-50	3.41156e-54	4.08901e-58	4.23985e-62	3.82698e-66	3.02421e-70	2.10325e-74	1.29415e-78	8.03437e-83	
ADCAHA_Oodes_sp	0	0	0	0	0	0	0	1	0	0	0	0	0	0	0	0	0	0	0	0	0	0	0	0	0	0	0	0	0	0	0	0	
ADCAHA_Agonum_muelleri	0	0	0	1	0	0	0	0	0	0	0	0	0	0	0	0	0	0	0	0	0	0	0	0	0	0	0	0	0	0	0	0	
N89	0.270986	0.38489	0.260581	0.0733731	0.00951434	0.000631748	2.33471e-05	5.12772e-07	7.06232e-09	6.38282e-11	3.93581e-13	1.71248e-15	5.41318e-18	1.27506e-20	2.28804e-23	3.18913e-26	3.51204e-29	3.10225e-32	2.22763e-35	1.316e-38	6.46508e-42	2.66685e-45	9.3182e-49	2.77988e-52	7.13229e-56	1.58425e-59	3.06518e-63	5.19475e-67	7.75173e-71	1.0234e-74	1.20123e-78	1.45371e-82	
ADCAHA_Percus_politus	0	1	0	0	0	0	0	0	0	0	0	0	0	0	0	0	0	0	0	0	0	0	0	0	0	0	0	0	0	0	0	0	
ADCAHA_Notagonum_sp	0	1	0	0	0	0	0	0	0	0	0	0	0	0	0	0	0	0	0	0	0	0	0	0	0	0	0	0	0	0	0	0	
ADCAHA_Agonum_marginatum	0	1	0	0	0	0	0	0	0	0	0	0	0	0	0	0	0	0	0	0	0	0	0	0	0	0	0	0	0	0	0	0	
N90	7.2343e-08	5.48886e-07	5.07154e-06	4.06058e-05	0.00026788	0.00142968	0.00609119	0.0204831	0.053833	0.109655	0.171929	0.206386	0.188965	0.131687	0.0698218	0.0282024	0.00870345	0.00206113	0.000376678	5.34771e-05	5.94167e-06	5.20746e-07	3.62976e-08	2.02897e-09	9.1709e-11	3.37925e-12	1.02315e-13	2.56506e-15	5.36528e-17	9.45607e-19	1.4663e-20	3.39933e-22	
N91	0.0064033	0.0110909	0.0229682	0.0461681	0.0823251	0.125462	0.160556	0.170863	0.150312	0.108909	0.0648538	0.0317096	0.0127299	0.00419915	0.00113976	0.000255047	4.71657e-05	7.22839e-06	9.20902e-07	9.7859e-08	8.70467e-09	6.50553e-10	4.10067e-11	2.18858e-12	9.92922e-14	3.84437e-15	1.27528e-16	3.6391e-18	8.97454e-20	1.93165e-21	3.83196e-23	1.18927e-24	
N92	0.0233425	0.034482	0.0562645	0.0875155	0.121957	0.148228	0.154979	0.13829	0.104818	0.0673032	0.0365607	0.0167978	0.00653101	0.00215141	0.000601515	0.000143057	2.90163e-05	5.03387e-06	7.4929e-07	9.60118e-08	1.06271e-08	1.01965e-09	8.51071e-11	6.2016e-12	3.9591e-13	2.22207e-14	1.10022e-15	4.82267e-17	1.87993e-18	6.5989e-20	2.2491e-21	1.3085e-22	
ADCAHA_Egadroma_marginatum	0	0	1	0	0	0	0	0	0	0	0	0	0	0	0	0	0	0	0	0	0	0	0	0	0	0	0	0	0	0	0	0	
ADCAHA_Amphasia_sericea	0	0	0	0	0	0	1	0	0	0	0	0	0	0	0	0	0	0	0	0	0	0	0	0	0	0	0	0	0	0	0	0	
N93	0.00759259	0.0127348	0.0256462	0.0504845	0.0882193	0.131475	0.164112	0.169964	0.145255	0.102115	0.0589553	0.0279389	0.0108722	0.00347806	0.000916245	0.000199207	3.58393e-05	5.35142e-06	6.65343e-07	6.9119e-08	6.02154e-09	4.41583e-10	2.73645e-11	1.43857e-12	6.44112e-14	2.4662e-15	8.10925e-17	2.30178e-18	5.68793e-20	1.24866e-21	2.59873e-23	7.8693e-25	
ADCAHA_Craspedophorus_sp	0	0	0	0	0	0	0	0	0	0	0	0	0	0	0	1	0	0	0	0	0	0	0	0	0	0	0	0	0	0	0	0	
N94	0.0217869	0.0339578	0.0586611	0.0949189	0.134506	0.162173	0.163955	0.137873	0.0960012	0.0552194	0.0262143	0.010273	0.00332675	0.000891762	0.000198325	3.66951e-05	5.66638e-06	7.32788e-07	7.96591e-08	7.30752e-09	5.67974e-10	3.75572e-11	2.12158e-12	1.02809e-13	4.29127e-15	1.54915e-16	4.85611e-18	1.32708e-19	3.17552e-21	6.7106e-23	1.31821e-24	4.14483e-26	
ADCAHA_Stenolophus_teutonus	0	0	0	0	0	0	1	0	0	0	0	0	0	0	0	0	0	0	0	0	0	0	0	0	0	0	0	0	0	0	0	0	
N95	0.136047	0.154946	0.172763	0.173663	0.149104	0.10621	0.0618981	0.0293523	0.011317	0.00355464	0.000912851	0.00019254	3.35258e-05	4.84542e-06	5.84503e-07	5.91788e-08	5.05666e-09	3.66631e-10	2.26751e-11	1.20238e-12	5.49347e-14	2.17285e-15	7.4743e-17	2.24581e-18	5.91918e-20	1.37398e-21	2.8197e-23	5.13488e-25	8.32842e-27	1.20985e-28	1.63294e-30	3.47788e-32	
ADCAHA_Stenolophus_mixtus	0	0	0	1	0	0	0	0	0	0	0	0	0	0	0	0	0	0	0	0	0	0	0	0	0	0	0	0	0	0	0	0	
ADCAHA_Stenolophus_lecontei	0	1	0	0	0	0	0	0	0	0	0	0	0	0	0	0	0	0	0	0	0	0	0	0	0	0	0	0	0	0	0	0	
N96	3.87821e-11	5.55519e-10	1.1178e-08	1.94404e-07	2.6958e-06	2.91201e-05	0.000241964	0.00153137	0.00731868	0.0262137	0.0699215	0.138213	0.201806	0.217344	0.17274	0.10155	0.0443341	0.0144517	0.00354037	0.000656619	9.29257e-05	1.01178e-05	8.54712e-07	5.65008e-08	2.94825e-09	1.2253e-10	4.09477e-12	1.11253e-13	2.49466e-15	4.74552e-17	8.23495e-19	2.00367e-20	
N97	3.7774e-10	2.62145e-09	2.84752e-08	2.96697e-07	2.66604e-06	2.00939e-05	0.000125583	0.000645991	0.00271862	0.00931327	0.0258652	0.0580639	0.10518	0.153686	0.181307	0.17306	0.134072	0.0846305	0.0437227	0.0185774	0.00652487	0.00190444	0.00046447	9.52064e-05	1.65077e-05	2.43956e-06	3.10285e-07	3.44324e-08	3.4055e-09	3.11831e-10	2.87006e-11	3.57749e-12	
N98	1.00522e-19	1.69387e-18	4.00704e-17	9.16475e-16	1.92169e-14	3.61728e-13	6.04446e-12	8.9028e-11	1.14949e-09	1.2946e-08	1.26555e-07	1.0684e-06	7.74784e-06	4.7993e-05	0.00025243	0.00112034	0.00416833	0.0129128	0.0330762	0.069571	0.119354	0.165971	0.186072	0.16749	0.120753	0.0697055	0.0322952	0.0120927	0.00372626	0.000996313	0.000271818	0.000113666	
ADCAHA_Anisodactylus_virens	0	0	0	0	0	0	0	0	0	0	0	0	0	0	0	0	0	0	0	0	0	0	0	0	1	0	0	0	0	0	0	0	
ADCAHA_Anisodactylus_hispanus	0	0	0	0	0	0	0	0	0	0	0	0	0	0	0	0	0	0	0	0	0	0	0	0	1	0	0	0	0	0	0	0	
N99	1.25966e-08	5.54226e-08	3.52217e-07	2.25566e-06	1.31649e-05	6.76006e-05	0.000300954	0.00115292	0.00378227	0.010587	0.0252113	0.0509586	0.0872789	0.126538	0.155234	0.161191	0.141801	0.105839	0.0671588	0.036315	0.0167796	0.00664502	0.00226278	0.000664908	0.00016927	3.75143e-05	7.28655e-06	1.25409e-06	1.95304e-07	2.87554e-08	4.42299e-09	9.90919e-10	
ADCAHA_Platymetopus_sp	0	0	0	0	0	0	0	0	0	0	0	0	0	0	1	0	0	0	0	0	0	0	0	0	0	0	0	0	0	0	0	0	
ADCAHA_Amblystomus_sp	0	0	0	0	0	0	0	0	0	0	0	0	0	0	0	0	0	0	0	0	1	0	0	0	0	0	0	0	0	0	0	0	
N100	1.26729e-11	1.98844e-10	4.40422e-09	8.41318e-08	1.28308e-06	1.52639e-05	0.000139749	0.000973788	0.00511192	0.0200304	0.0581174	0.124078	0.194103	0.222094	0.186011	0.114403	0.0519486	0.0175405	0.00444121	0.000851074	0.000124642	1.40893e-05	1.24148e-06	8.61078e-08	4.74626e-09	2.09891e-10	7.52054e-12	2.20835e-13	5.40069e-15	1.13216e-16	2.16508e-18	5.39537e-20	
N101	6.70505e-09	2.52209e-08	1.51178e-07	9.39732e-07	5.34465e-06	2.69433e-05	0.000119282	0.000461864	0.00155976	0.00458328	0.011694	0.0258592	0.0494826	0.081832	0.116845	0.143959	0.152996	0.140267	0.110973	0.0758177	0.0447751	0.022886	0.0101401	0.00390167	0.00130663	0.000381921	9.78477e-05	2.21466e-05	4.50879e-06	8.65248e-07	1.78468e-07	5.8116e-08	
ADCAHA_Notiobia_sp	0	0	0	0	0	0	0	0	0	0	0	0	0	0	0	0	0	0	0	0	1	0	0	0	0	0	0	0	0	0	0	0	
ADCAHA_Parophonus_hespericus	0	0	0	0	0	0	0	0	0	0	0	0	0	0	0	0	0	0	1	0	0	0	0	0	0	0	0	0	0	0	0	0	
N102	4.98262e-14	1.77858e-12	9.28132e-11	3.8859e-09	1.20359e-07	2.68313e-06	4.22878e-05	0.000464526	0.0035143	0.018129	0.063262	0.148449	0.233381	0.245458	0.172853	0.0817486	0.0260969	0.00566233	0.000842116	8.66848e-05	6.24252e-06	3.18116e-07	1.16087e-08	3.07056e-10	5.95923e-12	8.58948e-14	9.30558e-16	7.66717e-18	4.86138e-20	2.40477e-22	9.66406e-25	4.85593e-27	
N103	1.05892e-13	3.54395e-12	1.65656e-10	6.46241e-09	1.89453e-07	4.01512e-06	6.01992e-05	0.000628821	0.00452093	0.0221481	0.0733303	0.163036	0.242311	0.240128	0.158587	0.0699029	0.0206355	0.00410104	0.000552453	5.08605e-05	3.23001e-06	1.42958e-07	4.45781e-09	9.90545e-11	1.58674e-12	1.85405e-14	1.599e-16	1.03005e-18	5.01793e-21	1.87509e-23	5.54253e-26	1.98438e-28	
N104	7.73993e-09	5.76578e-08	5.74202e-07	5.48837e-06	4.53003e-05	0.000307758	0.0016782	0.00722765	0.0242811	0.0629544	0.124791	0.187609	0.212585	0.180858	0.115401	0.0553317	0.0200296	0.00551249	0.00116349	0.000190158	2.4311e-05	2.45607e-06	1.98036e-07	1.28669e-08	6.79828e-10	2.94693e-11	1.05749e-12	3.1737e-14	8.08415e-16	1.7968e-17	3.71953e-19	1.04588e-20	
ADCAHA_Licinus_sp	0	0	0	0	0	0	0	0	0	0	0	0	0	0	0	0	1	0	0	0	0	0	0	0	0	0	0	0	0	0	0	0	
N105	2.89239e-07	1.56409e-06	1.04577e-05	6.61735e-05	0.000366195	0.00170345	0.00651612	0.0202153	0.0503555	0.099904	0.156804	0.193629	0.187337	0.141658	0.0836671	0.0386508	0.0140106	0.00400469	0.000908141	0.000164534	2.39962e-05	2.83909e-06	2.74622e-07	2.18836e-08	1.44721e-09	7.99955e-11	3.72156e-12	1.46764e-13	4.95202e-15	1.45862e-16	4.04929e-18	1.72725e-19	
N106	0.000475526	0.00112368	0.00347493	0.0103914	0.0270031	0.0586729	0.104838	0.152764	0.180712	0.173155	0.134288	0.0843267	0.0429319	0.0177576	0.00598357	0.00164794	0.000372361	6.93155e-05	1.06777e-05	1.36756e-06	1.46333e-07	1.31465e-08	9.96592e-10	6.40652e-11	3.50966e-12	1.64645e-13	6.64558e-15	2.31883e-16	7.03213e-18	1.87546e-19	4.70417e-21	1.9121e-22	
ADCAHA_Dixus_capito	0	0	0	0	0	0	0	0	0	0	0	1	0	0	0	0	0	0	0	0	0	0	0	0	0	0	0	0	0	0	0	0	
N107	0.00529614	0.0109979	0.0269136	0.0597112	0.109968	0.162865	0.191419	0.177527	0.129702	0.0747177	0.0340309	0.0123033	0.00354801	0.000820613	0.00015312	2.31909e-05	2.86879e-06	2.91669e-07	2.45242e-08	1.71585e-09	1.00498e-10	4.95664e-12	2.07035e-13	7.36423e-15	2.24263e-16	5.8771e-18	1.33195e-19	2.62294e-21	4.50898e-23	6.80752e-25	9.34874e-27	1.99204e-28	
ADCAHA_Abax_ovalis	0	0	0	0	0	0	1	0	0	0	0	0	0	0	0	0	0	0	0	0	0	0	0	0	0	0	0	0	0	0	0	0	
ADCAHA_Abax_parallelepipedus	0	0	1	0	0	0	0	0	0	0	0	0	0	0	0	0	0	0	0	0	0	0	0	0	0	0	0	0	0	0	0	0	
N108	3.06965e-14	1.03277e-12	4.10939e-11	1.42287e-09	4.06876e-08	9.27943e-07	1.63856e-05	0.00021743	0.00209647	0.0141098	0.0631143	0.17689	0.291058	0.266764	0.136194	0.040825	0.00766842	0.000957364	8.34111e-05	5.27613e-06	2.502e-07	9.13193e-09	2.62194e-10	6.03167e-12	1.12927e-13	1.74407e-15	2.24857e-17	2.44713e-19	2.27654e-21	1.8505e-23	1.39648e-25	1.39412e-27	
ADCAHA_Carterus_rotundicollis_M	0	0	0	0	0	0	0	0	0	0	0	0	1	0	0	0	0	0	0	0	0	0	0	0	0	0	0	0	0	0	0	0	
ADCAHA_Carterus_fulvipes	0	0	0	0	0	0	0	0	0	0	0	0	0	1	0	0	0	0	0	0	0	0	0	0	0	0	0	0	0	0	0	0	
N109	2.50941e-12	6.14336e-11	1.81392e-09	4.55248e-08	8.99585e-07	1.35047e-05	0.000150529	0.00122384	0.00714756	0.0295826	0.0857489	0.172392	0.238665	0.226571	0.147343	0.0657912	0.0202823	0.00435343	0.000657676	7.08215e-05	5.51234e-06	3.14677e-07	1.33714e-08	4.29161e-10	1.05528e-11	2.01551e-13	3.03071e-15	3.63962e-17	3.55452e-19	2.90958e-21	2.12656e-23	1.86217e-25	
ADCAHA_Harpalus_pennsylvanicus	0	0	0	0	0	0	0	0	0	0	0	0	0	0	1	0	0	0	0	0	0	0	0	0	0	0	0	0	0	0	0	0	
N110	2.91998e-10	3.66327e-09	6.33338e-08	9.60803e-07	1.16864e-05	0.000110613	0.000801531	0.00439058	0.0179761	0.0544421	0.120841	0.195056	0.227644	0.191455	0.115977	0.0507247	0.0161013	0.00373726	0.00064022	8.1796e-05	7.88113e-06	5.7919e-07	3.28334e-08	1.45155e-09	5.05767e-11	1.40298e-12	3.12837e-14	5.65951e-16	8.38711e-18	1.03269e-19	1.11099e-21	1.65595e-23	
N111	8.41434e-07	3.61537e-06	2.03075e-05	0.00010456	0.000465854	0.00177486	0.00574896	0.015753	0.0363469	0.0703159	0.113641	0.152984	0.171205	0.159115	0.122812	0.0788036	0.0421165	0.0187981	0.00702972	0.00221067	0.000586951	0.00013213	2.53296e-05	4.15424e-06	5.85815e-07	7.14384e-08	7.58804e-09	7.09049e-10	5.91681e-11	4.52203e-12	3.37776e-13	3.68807e-14	
ADCAHA_Acinopus_picipes	0	0	1	0	0	0	0	0	0	0	0	0	0	0	0	0	0	0	0	0	0	0	0	0	0	0	0	0	0	0	0	0	
ADCAHA_Nesarpalus_sp	0	0	0	0	0	0	0	0	0	0	0	0	0	0	0	0	0	0	0	0	0	0	0	0	1	0	0	0	0	0	0	0	
N112	8.14965e-09	7.27037e-08	8.46805e-07	8.70402e-06	7.36159e-05	0.000497838	0.00264465	0.0108939	0.0344353	0.082797	0.150333	0.204952	0.209003	0.159153	0.0905501	0.0386014	0.0123907	0.00301491	0.000560576	8.03679e-05	8.96947e-06	7.8693e-07	5.48071e-08	3.05938e-09	1.38152e-10	5.09197e-12	1.54507e-13	3.89282e-15	8.22667e-17	1.48575e-18	2.44217e-20	5.73541e-22	
ADCAHA_Harpalus_serripes	0	0	0	0	0	0	0	0	0	0	1	0	0	0	0	0	0	0	0	0	0	0	0	0	0	0	0	0	0	0	0	0	
N113	1.09839e-08	9.04338e-08	1.11837e-06	1.21195e-05	0.00010461	0.000703398	0.00364457	0.0144298	0.0433426	0.0981658	0.166841	0.212069	0.201238	0.142546	0.0754933	0.029989	0.00897724	0.00203714	0.000352861	4.70132e-05	4.85765e-06	3.92562e-07	2.5027e-08	1.26957e-09	5.16814e-11	1.70226e-12	4.57304e-14	1.00976e-15	1.84638e-17	2.82098e-19	3.73674e-21	7.21528e-23	
N114	1.12273e-07	7.09339e-07	6.46115e-06	5.32496e-05	0.000358582	0.00191663	0.0080263	0.0261054	0.0654907	0.126025	0.185261	0.20753	0.177015	0.115076	0.0571674	0.0217919	0.0064089	0.0014636	0.000261435	3.68121e-05	4.11932e-06	3.69359e-07	2.6757e-08	1.57874e-09	7.64718e-11	3.06426e-12	1.02325e-13	2.86802e-15	6.79969e-17	1.38179e-18	2.54686e-20	7.0956e-22	
N115	4.62142e-08	4.21807e-07	5.45556e-06	5.95943e-05	0.000500081	0.00313678	0.0144644	0.0483434	0.115688	0.196371	0.235114	0.198342	0.118299	0.0502537	0.0153623	0.00342102	0.000562379	6.91831e-05	6.45593e-06	4.63056e-07	2.58533e-08	1.13717e-09	3.98547e-11	1.12488e-12	2.58247e-14	4.86771e-16	7.59905e-18	9.90559e-20	1.08651e-21	1.01153e-23	8.26108e-26	9.544e-28	
N116	4.41765e-13	2.37667e-11	1.4957e-09	7.44946e-08	2.7225e-06	6.96539e-05	0.00118735	0.0126676	0.0777805	0.245718	0.353116	0.229974	0.0681346	0.0103864	0.000911263	5.00353e-05	1.82939e-06	4.66866e-08	8.62877e-10	1.18972e-11	1.25394e-13	1.03115e-15	6.73243e-18	3.54303e-20	1.52288e-22	5.40889e-25	1.60403e-27	4.00895e-30	8.5163e-33	1.55144e-35	2.48347e-38	4.88546e-41	
ADCAHA_Harpalus_attenuatus	0	0	0	0	0	0	0	0	0	0	0	1	0	0	0	0	0	0	0	0	0	0	0	0	0	0	0	0	0	0	0	0	
ADCAHA_Harpalus_rubripes	0	0	0	0	0	0	0	0	0	1	0	0	0	0	0	0	0	0	0	0	0	0	0	0	0	0	0	0	0	0	0	0	
N117	1.2358e-09	2.22314e-08	5.86207e-07	1.20893e-05	0.000175697	0.00174181	0.0115135	0.0497192	0.137788	0.241719	0.266288	0.183997	0.0801963	0.0223065	0.00402341	0.000479507	3.85285e-05	2.13035e-06	8.27074e-08	2.2986e-09	4.65763e-11	7.0002e-13	7.92971e-15	6.87167e-17	4.61856e-19	2.43851e-21	1.02337e-23	3.45116e-26	9.44735e-29	2.11993e-31	3.9819e-34	9.05927e-37	
N118	1.26482e-09	2.29275e-08	6.06005e-07	1.25089e-05	0.000181827	0.00180129	0.0118819	0.0511044	0.140716	0.244567	0.26609	0.180994	0.0774109	0.0210665	0.00370811	0.000430378	3.36267e-05	1.80644e-06	6.81225e-08	1.83975e-09	3.62611e-11	5.3093e-13	5.87104e-15	4.97873e-17	3.28391e-19	1.70689e-21	7.07608e-24	2.36584e-26	6.44541e-29	1.44504e-31	2.72028e-34	6.21507e-37	
N119	1.18941e-12	8.3514e-11	6.66298e-09	3.90962e-07	1.56808e-05	0.000406505	0.0063536	0.0544305	0.223585	0.374482	0.257989	0.0723187	0.00968139	0.00070641	3.0863e-05	8.64394e-07	1.63408e-08	2.17119e-10	2.09509e-12	1.50861e-14	8.29422e-17	3.55092e-19	1.20417e-21	3.28335e-24	7.29414e-27	1.33592e-29	2.03853e-32	2.61649e-35	2.84922e-38	2.65357e-41	2.1426e-44	1.98907e-47	
ADCAHA_Harpalus_decipiens	0	0	0	0	0	0	0	0	1	0	0	0	0	0	0	0	0	0	0	0	0	0	0	0	0	0	0	0	0	0	0	0	
ADCAHA_Harpalus_wagneri	0	0	0	0	0	0	0	0	0	0	1	0	0	0	0	0	0	0	0	0	0	0	0	0	0	0	0	0	0	0	0	0	
ADCAHA_Harpalus_honestus	0	0	0	0	0	0	0	0	0	0	1	0	0	0	0	0	0	0	0	0	0	0	0	0	0	0	0	0	0	0	0	0	
ADCAHA_Harpalus_ebeninus	0	0	0	0	0	0	0	0	0	0	1	0	0	0	0	0	0	0	0	0	0	0	0	0	0	0	0	0	0	0	0	0	
ADCAHA_Harpalus_dimidiatus	0	0	0	0	0	0	0	0	0	0	0	0	1	0	0	0	0	0	0	0	0	0	0	0	0	0	0	0	0	0	0	0	
N120	1.97681e-09	1.80453e-08	2.45603e-07	2.95011e-06	2.86022e-05	0.000219065	0.00131034	0.00606299	0.021516	0.0581267	0.118839	0.18312	0.212244	0.185057	0.121639	0.0605097	0.0229029	0.00663881	0.00148462	0.000258173	3.52044e-05	3.79646e-06	3.26583e-07	2.26023e-08	1.26914e-09	5.82938e-11	2.20772e-12	6.94811e-14	1.83268e-15	4.11213e-17	8.3627e-19	2.57168e-20	
N121	3.87564e-10	5.68497e-09	1.18028e-07	2.01558e-06	2.62678e-05	0.0002558	0.00183418	0.00955593	0.0357421	0.0950025	0.178057	0.234176	0.215777	0.139548	0.0636571	0.0206403	0.00480382	0.000811651	0.000100779	9.31284e-06	6.48692e-07	3.44897e-08	1.41687e-09	4.55036e-11	1.1553e-12	2.34358e-14	3.83662e-16	5.11685e-18	5.60964e-20	5.10518e-22	3.9878e-24	4.28507e-26	
N122	7.50827e-10	1.16981e-08	2.45e-07	4.18105e-06	5.37797e-05	0.000507934	0.00346093	0.0167586	0.0569264	0.134232	0.218019	0.242759	0.185045	0.0967671	0.034919	0.00877612	0.00155487	0.000196941	1.81064e-05	1.22733e-06	6.22982e-08	2.40394e-09	7.1542e-11	1.66457e-12	3.06681e-14	4.52782e-16	5.41644e-18	5.30425e-20	4.293e-22	2.89818e-24	1.6672e-26	1.26991e-28	
ADCAHA_Harpalus_aesculanus	0	0	0	0	0	0	0	1	0	0	0	0	0	0	0	0	0	0	0	0	0	0	0	0	0	0	0	0	0	0	0	0	
N123	1.1125e-19	1.84854e-17	3.47222e-15	5.2228e-13	5.94952e-11	4.97815e-09	2.96575e-07	1.21136e-05	0.000323122	0.00527014	0.0478271	0.209483	0.364278	0.272698	0.0880316	0.0113395	0.000710704	2.50525e-05	5.47001e-07	7.91402e-09	7.97394e-11	5.81353e-13	3.16183e-15	1.31523e-17	4.27252e-20	1.10327e-22	2.29952e-25	3.9205e-28	5.53231e-31	6.5316e-34	6.56828e-37	7.59442e-40	
ADCAHA_Harpalus_affinis	0	0	0	0	0	0	0	0	0	0	0	1	0	0	0	0	0	0	0	0	0	0	0	0	0	0	0	0	0	0	0	0	
ADCAHA_Harpalus_distinguendus	0	0	0	0	0	0	0	0	0	0	0	0	0	0	1	0	0	0	0	0	0	0	0	0	0	0	0	0	0	0	0	0	
ADCAHA_Harpalus_contemptus	0	0	0	0	0	0	0	0	0	0	0	0	1	0	0	0	0	0	0	0	0	0	0	0	0	0	0	0	0	0	0	0	
ADCAHA_Harpalus_anxius	0	0	0	0	0	0	0	0	0	0	0	0	0	0	0	0	0	1	0	0	0	0	0	0	0	0	0	0	0	0	0	0	
N124	3.7717e-12	4.64099e-11	9.35763e-10	1.78747e-08	2.84776e-07	3.63129e-06	3.63757e-05	0.000282827	0.00169013	0.00769632	0.0265119	0.0686993	0.133438	0.194048	0.211515	0.173384	0.107419	0.0506125	0.0182632	0.00508451	0.00110039	0.000186522	2.49453e-05	2.65119e-06	2.25503e-07	1.54604e-08	8.61168e-10	3.93951e-11	1.51073e-12	5.117e-14	1.78391e-15	1.06351e-16	
ADCAHA_Graphipterus_sp	0	0	0	0	0	0	0	0	0	0	0	0	0	0	0	0	0	1	0	0	0	0	0	0	0	0	0	0	0	0	0	0	
N125	3.86672e-12	4.75325e-11	9.54116e-10	1.81359e-08	2.87589e-07	3.65192e-06	3.64528e-05	0.00028261	0.00168514	0.00766231	0.0263753	0.0683456	0.13285	0.193477	0.211352	0.173744	0.108019	0.0511043	0.0185274	0.00518526	0.00112874	0.000192546	2.59289e-05	2.77623e-06	2.38019e-07	1.64565e-08	9.24765e-10	4.26857e-11	1.65088e-12	5.629e-14	1.96792e-15	1.16646e-16	
N126	4.36952e-12	3.78887e-11	5.21951e-10	6.76206e-09	7.53686e-08	7.10333e-07	5.62412e-06	3.72335e-05	0.000205263	0.000938842	0.0035513	0.0110801	0.0284565	0.0600767	0.104189	0.148434	0.173837	0.167575	0.133211	0.0875308	0.0476725	0.021588	0.00815581	0.0025799	0.000685917	0.000153881	2.92495e-05	4.73035e-06	6.53846e-07	7.78047e-08	8.29591e-09	1.17973e-09	
N127	3.3238e-10	2.32917e-09	2.4696e-08	2.48768e-07	2.16578e-06	1.59005e-05	9.74845e-05	0.000496128	0.00208611	0.00721792	0.0204795	0.0475127	0.0899324	0.138664	0.174011	0.177705	0.14777	0.100182	0.0554832	0.0251659	0.00937769	0.00288115	0.000732724	0.000154907	2.73463e-05	4.04987e-06	5.05572e-07	5.34828e-08	4.83153e-09	3.81021e-10	2.922e-11	3.85646e-12	
ADCAHA_Bradybaenus_sp	0	0	0	0	0	0	0	0	0	0	0	0	0	0	0	0	1	0	0	0	0	0	0	0	0	0	0	0	0	0	0	0	
ADCAHA_Ophonus_azureus	0	0	0	0	0	0	0	0	0	1	0	0	0	0	0	0	0	0	0	0	0	0	0	0	0	0	0	0	0	0	0	0	
ADCAHA_Ophonus_longicollis	0	0	0	0	0	0	0	0	0	0	0	0	0	0	0	0	0	0	0	0	0	0	0	0	0	0	0	0	0	0	1	0	
N128	5.80004e-10	4.05918e-09	4.35717e-08	4.44561e-07	3.91745e-06	2.90607e-05	0.000179342	0.000912622	0.00379835	0.012828	0.0348887	0.075876	0.131146	0.179286	0.193263	0.164102	0.109882	0.0582038	0.0245084	0.00825487	0.0022399	0.000493389	8.8922e-05	1.32161e-05	1.6324e-06	1.6882e-07	1.47247e-08	1.09118e-09	6.93389e-11	3.85628e-12	2.05516e-13	1.84206e-14	
ADCAHA_Abacetus_sp	0	0	0	0	0	0	0	0	0	0	0	0	0	0	1	0	0	0	0	0	0	0	0	0	0	0	0	0	0	0	0	0	
ADCAHA_Ophonus_stictus	0	0	0	0	0	0	0	0	0	0	0	0	0	0	1	0	0	0	0	0	0	0	0	0	0	0	0	0	0	0	0	0	
N129	4.44955e-08	2.21403e-07	1.41742e-06	8.83854e-06	4.96865e-05	0.00024311	0.00101716	0.00360373	0.0107458	0.0268523	0.056048	0.097461	0.140891	0.169048	0.168157	0.138584	0.0946089	0.0535209	0.0251104	0.00978369	0.00317143	0.000857196	0.000193696	3.67006e-05	5.85019e-06	7.87414e-07	8.98694e-08	8.74749e-09	7.33869e-10	5.46101e-11	4.01451e-12	4.93056e-13	
ADCAHA_Cymindis_sp	0	0	0	0	0	0	0	0	0	0	0	1	0	0	0	0	0	0	0	0	0	0	0	0	0	0	0	0	0	0	0	0	
N130	3.65028e-09	1.92172e-08	1.58146e-07	1.29082e-06	9.32851e-06	5.76343e-05	0.000299897	0.00130346	0.00470653	0.0140621	0.0346557	0.0702694	0.116985	0.159652	0.1784	0.163114	0.122001	0.0746658	0.0374174	0.0153719	0.00518539	0.00143918	0.000329432	6.23632e-05	9.79314e-06	1.27997e-06	1.3976e-07	1.28083e-08	9.9316e-10	6.67306e-11	4.32487e-12	4.75895e-13	
N131	1.04923e-11	8.22294e-11	1.0102e-09	1.19212e-08	1.22667e-07	1.07612e-06	7.98437e-06	4.98623e-05	0.000261044	0.00114148	0.00415483	0.0125488	0.0313608	0.0646898	0.109914	0.153582	0.176279	0.166098	0.128465	0.0815907	0.0425934	0.0183027	0.00648631	0.00190034	0.000461608	9.32915e-05	1.57583e-05	2.24015e-06	2.71632e-07	2.90701e-08	3.08136e-09	5.32995e-10	
N132	8.46613e-12	6.73142e-11	8.45573e-10	1.01897e-08	1.06975e-07	9.56967e-07	7.23588e-06	4.60119e-05	0.000245008	0.00108822	0.00401682	0.0122805	0.031003	0.0644614	0.110143	0.154398	0.177357	0.166842	0.128528	0.081124	0.0419979	0.0178623	0.00625465	0.00180785	0.00043267	8.60499e-05	1.42839e-05	1.99125e-06	2.35901e-07	2.45547e-08	2.54894e-09	4.49762e-10	
ADCAHA_Dicrochile_sp	0	0	0	0	0	0	0	0	0	0	0	0	0	0	0	0	0	0	0	0	1	0	0	0	0	0	0	0	0	0	0	0	
ADCAHA_Sarothrocrepis_sp	0	0	0	0	0	0	0	0	0	0	0	0	0	1	0	0	0	0	0	0	0	0	0	0	0	0	0	0	0	0	0	0	
ADCAHA_Lebia_sp	0	0	0	0	0	0	0	0	0	0	0	0	0	0	0	0	0	0	0	0	0	1	0	0	0	0	0	0	0	0	0	0	
N133	7.69203e-11	5.79836e-10	6.68209e-09	7.34048e-08	6.97675e-07	5.60442e-06	3.77243e-05	0.000211635	0.000985019	0.00378757	0.0119846	0.0310917	0.0659177	0.113881	0.159944	0.182288	0.168387	0.126005	0.0763969	0.0375624	0.0150009	0.00487698	0.00129452	0.000281502	5.03455e-05	7.4371e-06	9.11625e-07	9.32044e-08	8.00575e-09	5.89111e-10	4.10785e-11	4.87641e-12	
N134	1.51798e-12	1.89951e-11	3.54595e-10	6.08075e-09	8.86229e-08	1.07377e-06	1.06795e-05	8.62176e-05	0.000558572	0.00286937	0.0115427	0.0359075	0.0853428	0.153322	0.206509	0.207589	0.155725	0.0875567	0.0371942	0.012064	0.00302353	0.000592841	9.2068e-05	1.14595e-05	1.15602e-06	9.55106e-08	6.52673e-09	3.7248e-10	1.79573e-11	7.47463e-13	2.91034e-14	1.79379e-15	
ADCAHA_Diplocheila_sp	0	0	0	0	0	0	0	0	0	0	0	0	0	0	1	0	0	0	0	0	0	0	0	0	0	0	0	0	0	0	0	0	
ADCAHA_Dromius_sp	0	0	0	0	0	0	0	0	0	0	0	0	0	0	0	1	0	0	0	0	0	0	0	0	0	0	0	0	0	0	0	0	
N135	4.25073e-13	4.73356e-12	8.05437e-11	1.2799e-09	1.74575e-08	2.00522e-07	1.92413e-06	1.53312e-05	0.000100863	0.000544865	0.00240365	0.00861321	0.0249429	0.0580931	0.108339	0.161158	0.190608	0.178831	0.132912	0.0782362	0.0365079	0.0135345	0.00399951	0.000946135	0.000180099	2.77458e-05	3.48136e-06	3.58273e-07	3.05276e-08	2.20187e-09	1.48498e-10	1.65706e-11	
N136	4.07228e-23	3.33948e-21	3.50626e-19	3.14744e-17	2.30818e-15	1.36336e-13	6.41966e-12	2.38539e-10	6.92034e-09	1.55003e-07	2.6489e-06	3.41149e-05	0.000326889	0.00229993	0.0117244	0.0427347	0.109959	0.197379	0.244634	0.207698	0.120232	0.0474338	0.0128094	0.00238924	0.000311761	2.8894e-05	1.93347e-06	9.49876e-08	3.48474e-09	9.75343e-11	2.23393e-12	7.59301e-14	
N137	1.6407e-34	6.59152e-32	3.09463e-29	1.21932e-26	3.94867e-24	1.03954e-21	2.1993e-19	3.69228e-17	4.85116e-15	4.91237e-13	3.76958e-11	2.15139e-09	8.94416e-08	2.64669e-06	5.43245e-05	0.000751435	0.00678328	0.0385683	0.13292	0.266805	0.300098	0.183062	0.0594631	0.0104024	0.00102678	6.06686e-05	2.26914e-06	5.63678e-08	9.68251e-10	1.19095e-11	1.10436e-13	1.25395e-15	
N138	2.08644e-50	8.16655e-47	3.3215e-43	1.13728e-39	3.23273e-36	7.54431e-33	1.42768e-29	2.16011e-26	2.57112e-23	2.36278e-20	1.6399e-17	8.3739e-15	3.04773e-12	7.60129e-10	1.23561e-07	1.22491e-05	0.000674919	0.017984	0.184187	0.484108	0.282335	0.0295325	0.00114492	2.13652e-05	2.2093e-07	1.38624e-09	5.63105e-12	1.55562e-14	3.03949e-17	4.34231e-20	4.74139e-23	5.46815e-26	
ADCAHA_Calathus_auctus	0	0	0	0	0	0	0	0	0	0	0	0	0	0	0	0	0	0	1	0	0	0	0	0	0	0	0	0	0	0	0	0	
N139	4.44225e-56	3.38719e-53	2.43298e-50	1.53561e-47	8.45017e-45	4.01879e-42	1.63554e-39	5.63171e-37	1.62082e-34	4.37245e-32	1.44951e-28	2.31745e-24	2.49106e-20	1.62863e-16	6.05563e-13	1.16832e-09	1.02692e-06	0.000339351	0.031219	0.484617	0.467599	0.0161265	9.79313e-05	1.81391e-07	1.35972e-10	4.90394e-14	9.55298e-18	1.09033e-21	7.74591e-26	4.18058e-30	2.95888e-33	1.20697e-35	
N140	3.45487e-59	3.00572e-56	2.49077e-53	1.84616e-50	1.216e-47	7.0661e-45	3.59278e-42	1.5841e-39	6.36147e-37	1.68528e-33	4.13588e-29	7.74593e-25	9.45796e-21	7.12855e-17	3.08786e-13	6.97558e-10	7.17269e-07	0.000274972	0.0287729	0.487549	0.467852	0.0154639	8.66105e-05	1.44428e-07	9.62096e-11	3.06871e-14	5.29657e-18	5.39674e-22	3.46027e-26	1.4767e-30	8.37288e-35	1.24403e-37	
ADCAHA_Calathus_circumseptus	0	0	0	0	0	0	0	0	0	0	0	0	0	0	0	0	0	0	0	0	1	0	0	0	0	0	0	0	0	0	0	0	
ADCAHA_Calathus_ascendens	0	0	0	0	0	0	0	0	0	0	0	0	0	0	0	0	0	0	0	1	0	0	0	0	0	0	0	0	0	0	0	0	
ADCAHA_Calathus_freyi	0	0	0	0	0	0	0	0	0	0	0	0	0	0	0	0	0	0	0	0	1	0	0	0	0	0	0	0	0	0	0	0	
N141	2.96174e-42	3.73925e-39	5.01494e-36	5.58061e-33	5.08046e-30	3.73992e-27	2.19776e-24	1.01639e-21	3.64075e-19	9.92301e-17	2.01719e-14	2.99051e-12	3.15246e-10	2.29645e-08	1.11944e-06	3.52209e-05	0.000687043	0.00794993	0.052037	0.183337	0.330349	0.288372	0.115087	0.020369	0.00169942	7.40568e-05	1.8465e-06	2.83193e-08	2.82819e-10	1.92592e-12	9.40174e-15	5.01058e-17	
N142	9.8693e-54	5.71022e-51	3.15257e-48	1.51429e-45	6.27363e-43	2.221e-40	6.64601e-38	1.655e-35	3.35113e-33	8.74929e-31	2.64233e-27	1.19519e-23	3.63808e-20	7.03769e-17	8.24967e-14	5.54167e-11	1.99723e-08	3.57268e-06	0.00028929	0.00950196	0.11103	0.397256	0.381469	0.0939978	0.00631682	0.000135069	1.08741e-06	3.81222e-09	6.54326e-12	6.03607e-15	3.24749e-18	1.49926e-21	
N143	4.66874e-51	7.94108e-49	1.39218e-46	2.21711e-44	3.18944e-42	4.10586e-40	4.57312e-38	3.98058e-36	4.06559e-34	1.23208e-30	5.86193e-27	2.01118e-23	4.79438e-20	7.63781e-17	7.75673e-14	4.74239e-11	1.62825e-08	2.88588e-06	0.000238632	0.00816398	0.100435	0.38112	0.393715	0.107663	0.00843598	0.00022306	2.35979e-06	1.15351e-08	2.9207e-11	4.19077e-14	3.69738e-17	2.9438e-20	
N144	4.52456e-71	8.15873e-67	1.42407e-62	2.13374e-58	2.72295e-54	2.93524e-50	2.64826e-46	1.97931e-42	1.21132e-38	5.9906e-35	2.35828e-31	7.26246e-28	1.71454e-24	3.03001e-21	3.89636e-18	3.52308e-15	2.14775e-12	8.37601e-10	1.95427e-07	2.49909e-05	0.00155659	0.0399822	0.32674	0.516395	0.110561	0.00467093	6.85706e-05	4.59379e-07	1.64672e-09	3.50784e-12	4.8049e-15	5.86979e-18	
N145	3.00511e-96	6.92058e-91	1.44275e-85	2.57769e-80	3.9201e-75	5.0362e-70	5.41963e-65	4.83907e-60	3.54656e-55	2.10761e-50	1.00143e-45	3.74342e-41	1.08029e-36	2.35389e-32	3.77121e-28	4.30207e-24	3.35873e-20	1.70727e-16	5.29684e-13	9.20019e-10	7.92954e-07	0.000283806	0.0317795	0.671286	0.293609	0.00303342	7.82433e-06	7.88052e-09	3.86683e-12	1.05824e-15	1.77161e-19	2.23044e-23	
ADCAHA_Calathus_abaxoides	0	0	0	0	0	0	0	0	0	0	0	0	0	0	0	0	0	0	0	0	0	0	0	1	0	0	0	0	0	0	0	0	
ADCAHA_Calathus_granatensis	0	0	0	0	0	0	0	0	0	0	0	0	0	0	0	0	0	0	0	0	0	0	0	0	1	0	0	0	0	0	0	0	
N146	9.64987e-100	4.62977e-94	1.94615e-88	6.8297e-83	1.99076e-77	4.79113e-72	9.45408e-67	1.51711e-61	1.96106e-56	2.01935e-51	1.63497e-46	1.02496e-41	4.88519e-37	1.73193e-32	4.44772e-28	8.00804e-24	9.70335e-20	7.50757e-16	3.45956e-12	8.62368e-09	1.00934e-05	0.00440428	0.449993	0.538735	0.00683989	1.7913e-05	1.60945e-08	6.45234e-12	1.35545e-15	1.66154e-19	1.28402e-23	7.53361e-28	
ADCAHA_Calathus_micropterus	0	0	0	0	0	0	0	0	0	0	0	0	0	0	0	0	0	0	0	0	0	0	1	0	0	0	0	0	0	0	0	0	
ADCAHA_Calathus_rectus	0	0	0	0	0	0	0	0	0	0	0	0	0	0	0	0	0	0	0	0	0	0	0	1	0	0	0	0	0	0	0	0	
N147	7.57486e-72	1.43004e-67	2.62013e-63	4.12941e-59	5.55523e-55	6.32817e-51	6.04964e-47	4.80511e-43	3.13544e-39	1.65941e-35	7.01968e-32	2.33388e-28	5.98041e-25	1.15422e-21	1.63254e-18	1.63731e-15	1.11821e-12	4.94421e-10	1.32681e-07	1.98523e-05	0.0014746	0.0458138	0.437713	0.420564	0.090698	0.0036648	5.16099e-05	3.3399e-07	1.16311e-09	2.41716e-12	3.24179e-15	3.91589e-18	
N148	8.0311e-73	1.85683e-69	4.0182e-66	7.80074e-63	1.35161e-59	2.07825e-56	2.81772e-53	3.34448e-50	3.44708e-47	3.0566e-44	2.30709e-41	1.46414e-38	7.701e-36	3.32249e-33	3.40683e-30	1.44654e-25	5.47241e-21	1.18108e-16	1.34905e-12	7.28708e-09	1.54718e-05	0.0093043	0.775373	0.2117	0.00360069	6.49019e-06	2.93067e-09	4.9021e-13	3.76342e-17	1.5041e-21	3.40292e-26	1.03113e-30	
ADCAHA_Calathus_mollis	0	0	0	0	0	0	0	0	0	0	0	0	0	0	0	0	0	0	0	0	0	0	1	0	0	0	0	0	0	0	0	0	
N149	4.34172e-83	2.98584e-79	1.87957e-75	1.05617e-71	5.27809e-68	2.33564e-64	9.10674e-61	3.1106e-57	9.24586e-54	2.37299e-50	5.21114e-47	9.68725e-44	1.51746e-40	5.10136e-37	5.37737e-32	5.83866e-27	3.91635e-22	1.51107e-17	3.047e-13	2.79173e-09	9.3666e-06	0.00795107	0.776489	0.212169	0.00337758	4.29586e-06	1.2277e-09	1.22106e-13	5.38749e-18	1.22729e-22	1.59689e-27	1.37415e-32	
ADCAHA_Calathus_erratus	0	0	0	0	0	0	0	0	0	0	0	0	0	0	0	0	0	0	0	0	0	0	1	0	0	0	0	0	0	0	0	0	
N150	7.26408e-118	2.48656e-111	7.1992e-105	1.72612e-98	3.41455e-92	5.54697e-86	7.35814e-80	7.91579e-74	6.84969e-68	4.72109e-62	2.56169e-56	1.07903e-50	3.46917e-45	8.34014e-40	1.46184e-34	1.81e-29	1.52059e-24	8.22207e-20	2.66361e-15	4.66728e-11	3.77923e-07	0.00107467	0.578545	0.390445	0.0299155	2.02019e-05	3.67964e-09	2.7632e-13	1.051e-17	2.29395e-22	3.12562e-27	2.99571e-32	
ADCAHA_Calathus_melanocephalus	0	0	0	0	0	0	0	0	0	0	0	0	0	0	0	0	0	0	0	0	0	0	1	0	0	0	0	0	0	0	0	0	
ADCAHA_Calathus_brevis	0	0	0	0	0	0	0	0	0	0	0	0	0	0	0	0	0	0	0	0	0	0	0	0	1	0	0	0	0	0	0	0	
ADCAHA_Calathus_fuscipes	0	0	0	0	0	0	0	0	0	0	0	0	0	0	0	0	0	0	0	0	0	0	0	0	1	0	0	0	0	0	0	0	
N151	1.22019e-66	1.79312e-62	3.74047e-58	7.3054e-54	1.20468e-49	1.62359e-45	1.75806e-41	1.50622e-37	1.00417e-33	5.11176e-30	1.9439e-26	5.38317e-23	1.05343e-19	1.40543e-16	1.22422e-13	6.60321e-11	2.06503e-08	3.44657e-06	0.000276275	0.00930329	0.111704	0.400803	0.377951	0.0931278	0.00666278	0.000166705	1.74001e-06	8.72392e-09	2.34234e-11	3.665e-14	3.60282e-17	3.0788e-20	
ADCAHA_Colliuris_pennsylvanica	0	0	0	0	0	0	0	0	0	0	0	0	0	0	0	0	0	0	0	0	0	0	0	1	0	0	0	0	0	0	0	0	
N152	2.59898e-60	2.34554e-56	2.10904e-52	1.59985e-48	1.0138e-44	5.31385e-41	2.2783e-37	7.88987e-34	2.17536e-30	4.69684e-27	7.79052e-24	9.70683e-21	8.84792e-18	5.71633e-15	2.51919e-12	7.22454e-10	1.27112e-07	1.27307e-05	0.000658819	0.0155292	0.141907	0.417405	0.341138	0.07756	0.00562669	0.000159438	2.0983e-06	1.4605e-08	5.9208e-11	1.50411e-13	2.55302e-16	4.15676e-19	
ADCAHA_Calathus_ambiguus	0	0	0	0	0	0	0	0	0	0	0	0	0	0	0	0	0	0	0	0	0	1	0	0	0	0	0	0	0	0	0	0	
N153	2.14682e-96	4.15952e-90	5.61854e-84	5.14277e-78	3.29826e-72	1.51525e-66	5.05612e-61	1.23487e-55	2.21333e-50	2.9061e-45	2.77826e-40	1.91366e-35	9.35105e-31	3.17288e-26	7.26214e-22	1.07818e-17	9.839e-14	5.11141e-10	1.34572e-06	0.00147422	0.440124	0.555479	0.00291702	4.01124e-06	2.18534e-09	5.75031e-13	8.25122e-17	7.01331e-21	3.7474e-25	1.3157e-29	3.15845e-34	6.36102e-39	
ADCAHA_Calathus_asturiensis	0	0	0	0	0	0	0	0	0	0	0	0	0	0	0	0	0	0	0	0	1	0	0	0	0	0	0	0	0	0	0	0	
ADCAHA_Calathus_rotundatus	0	0	0	0	0	0	0	0	0	0	0	0	0	0	0	0	0	0	0	0	0	1	0	0	0	0	0	0	0	0	0	0	
ADCAHA_Orthomus_velocissimus	0	0	0	0	0	0	0	0	0	0	0	0	0	0	0	0	0	0	0	1	0	0	0	0	0	0	0	0	0	0	0	0	
N154	1.32896e-22	9.35811e-21	8.79768e-19	7.08536e-17	4.69183e-15	2.52414e-13	1.09207e-11	3.7596e-10	1.01833e-08	2.14445e-07	3.46708e-06	4.24758e-05	0.000389012	0.00262691	0.0129009	0.045467	0.113573	0.198876	0.241978	0.203353	0.117747	0.0470562	0.0130577	0.00254099	0.000351281	3.50189e-05	2.55777e-06	1.39123e-07	5.73227e-09	1.83315e-10	4.93786e-12	1.93134e-13	
ADCAHA_Syntomus_sp	0	0	0	0	0	0	0	0	0	0	0	0	0	0	0	0	0	0	0	0	1	0	0	0	0	0	0	0	0	0	0	0	
ADCAHA_Apenes_sp	0	0	0	0	0	0	0	0	0	0	0	0	0	0	0	0	1	0	0	0	0	0	0	0	0	0	0	0	0	0	0	0	
ADCAPS_Olisthopus_sp	0	0	0	0	0	0	0	0	0	0	0	0	0	0	0	0	1	0	0	0	0	0	0	0	0	0	0	0	0	0	0	0	
ADCAHA_Sphallomorpha_sp	0	0	0	0	0	0	0	1	0	0	0	0	0	0	0	0	0	0	0	0	0	0	0	0	0	0	0	0	0	0	0	0	
N155	5.38846e-07	1.62559e-06	6.82691e-06	2.95101e-05	0.000119439	0.000436546	0.0014177	0.00405779	0.0101909	0.0223961	0.0429923	0.0719972	0.105087	0.1336	0.147877	0.142472	0.119478	0.087225	0.0554562	0.030723	0.0148432	0.00626043	0.00230829	0.000745363	0.000211298	5.27683e-05	1.16705e-05	2.30601e-06	4.13848e-07	7.0036e-08	1.25491e-08	3.62124e-09	
N156	4.78702e-06	1.19656e-05	4.23397e-05	0.000156634	0.000542693	0.00169445	0.004695	0.0114617	0.0245572	0.0460664	0.0755405	0.108166	0.135143	0.147261	0.139923	0.115935	0.0837866	0.052843	0.0291044	0.0140116	0.00590271	0.0021788	0.000705704	0.000200901	5.03608e-05	1.11393e-05	2.17987e-06	3.7908e-07	5.92336e-08	8.63749e-09	1.35768e-09	3.71746e-10	
ADCAHA_Macrocheilus_sp	0	0	0	0	0	0	0	0	0	0	0	0	0	0	0	0	1	0	0	0	0	0	0	0	0	0	0	0	0	0	0	0	
ADCAHA_Anthia_sp	0	0	0	0	0	0	0	0	1	0	0	0	0	0	0	0	0	0	0	0	0	0	0	0	0	0	0	0	0	0	0	0	
N157	6.11977e-10	2.42653e-09	1.49395e-08	9.58315e-08	5.7456e-07	3.11864e-06	1.51431e-05	6.53986e-05	0.000250316	0.00084694	0.00252786	0.00664361	0.0153503	0.031137	0.0553781	0.0862641	0.117585	0.140146	0.145973	0.132827	0.105578	0.0733183	0.0445094	0.023647	0.0110168	0.00451706	0.00164068	0.000534418	0.000159758	4.58103e-05	1.38491e-05	5.8235e-06	
ADCAHA_Galerita_sp	0	0	0	0	0	0	0	0	0	0	0	0	0	0	0	0	0	0	0	0	0	0	1	0	0	0	0	0	0	0	0	0	
ADCAHA_Drypta_sp	0	0	0	0	0	0	0	0	0	0	0	0	0	0	0	0	0	0	0	0	0	0	0	0	1	0	0	0	0	0	0	0	
N158	0.215805	0.210697	0.186414	0.148454	0.105536	0.0664757	0.0368866	0.0179586	0.0076518	0.00284905	0.000926387	0.000263028	6.52347e-05	1.41422e-05	2.68238e-06	4.4564e-07	6.49339e-08	8.31012e-09	9.35539e-10	9.27993e-11	8.1245e-12	6.28902e-13	4.3121e-14	2.62373e-15	1.41937e-16	6.84004e-18	2.9424e-19	1.13252e-20	3.9146e-22	1.22986e-23	3.78281e-25	2.00352e-26	
N159	0.213039	0.206953	0.182169	0.145374	0.105044	0.0685893	0.0403852	0.0214019	0.0101934	0.00435912	0.00167287	0.000576031	0.000178007	4.93899e-05	1.23126e-05	2.76028e-06	5.57051e-07	1.01315e-07	1.66275e-08	2.46565e-09	3.3082e-10	4.02196e-11	4.4374e-12	4.45014e-13	4.06423e-14	3.38816e-15	2.58739e-16	1.82142e-17	1.19759e-18	7.58595e-20	5.05581e-21	5.24567e-22	
ADCAPA_Mystropomus_subcostatus	0	0	0	0	1	0	0	0	0	0	0	0	0	0	0	0	0	0	0	0	0	0	0	0	0	0	0	0	0	0	0	0	
N160	0.197489	0.1937	0.173983	0.143484	0.108796	0.0758869	0.0486919	0.0287293	0.015579	0.0077595	0.00354776	0.00148825	0.000572561	0.000201961	6.53061e-05	1.93586e-05	5.26121e-06	1.31128e-06	2.99819e-07	6.2919e-08	1.21257e-08	2.14738e-09	3.4971e-10	5.24146e-11	7.23689e-12	9.21581e-13	1.08448e-13	1.18385e-14	1.21061e-15	1.19513e-16	1.27639e-17	2.40408e-18	
ADCAPA_Arthropterus_sp	0	0	0	0	0	1	0	0	0	0	0	0	0	0	0	0	0	0	0	0	0	0	0	0	0	0	0	0	0	0	0	0	
N161	0.201922	0.198021	0.17754	0.145517	0.108843	0.0741036	0.0457986	0.0256302	0.0129607	0.00591249	0.00243032	0.000899433	0.000299571	8.97853e-05	2.42182e-05	5.88113e-06	1.28646e-06	2.53655e-07	4.51192e-08	7.24689e-09	1.0521e-09	1.38215e-10	1.64494e-11	1.77569e-12	1.74081e-13	1.55191e-14	1.25981e-15	9.32811e-17	6.32247e-18	3.98716e-19	2.58988e-20	3.1149e-21	
N162	0.207115	0.202692	0.180777	0.146663	0.107826	0.0715246	0.0426311	0.0227528	0.010845	0.00460792	0.00174325	0.000586898	0.000175833	4.68965e-05	1.1143e-05	2.36112e-06	4.46709e-07	7.55667e-08	1.14473e-08	1.55544e-09	1.89903e-10	2.08691e-11	2.06804e-12	1.85136e-13	1.50002e-14	1.10199e-15	7.35419e-17	4.46704e-18	2.47726e-19	1.26995e-20	6.5763e-22	6.29044e-23	
N163	0.13376	0.259878	0.349248	0.197207	0.0518494	0.00738271	0.000637909	3.6281e-05	1.44111e-06	4.17947e-08	9.1595e-10	1.55876e-11	2.10583e-13	2.29996e-15	2.06209e-17	1.53757e-19	9.64201e-22	5.13509e-24	2.34263e-26	9.22447e-29	3.1566e-31	9.44494e-34	2.4848e-36	5.77685e-39	1.19237e-41	2.19433e-44	3.61492e-47	5.35203e-50	7.15736e-53	8.74935e-56	1.02506e-58	1.51703e-61	
ADCASC_Scarites_terricola	0	0	1	0	0	0	0	0	0	0	0	0	0	0	0	0	0	0	0	0	0	0	0	0	0	0	0	0	0	0	0	0	
ADCASC_Scarites_laevigatus	0	0	1	0	0	0	0	0	0	0	0	0	0	0	0	0	0	0	0	0	0	0	0	0	0	0	0	0	0	0	0	0	
ADCASC_Scarites_eurytus	0	0	0	0	1	0	0	0	0	0	0	0	0	0	0	0	0	0	0	0	0	0	0	0	0	0	0	0	0	0	0	0	
N164	0.106164	0.126337	0.149716	0.161811	0.152875	0.124141	0.0860727	0.0508188	0.0255274	0.0109113	0.00397228	0.0012336	0.000327485	7.45061e-05	1.4569e-05	2.45622e-06	3.58227e-07	4.53523e-08	5.00173e-09	4.82233e-10	4.07884e-11	3.03717e-12	1.99769e-13	1.16455e-14	6.03603e-16	2.79041e-17	1.15406e-18	4.28318e-20	1.4323e-21	4.36506e-23	1.3002e-24	6.60871e-26	
N165	6.06314e-10	2.46024e-08	9.2863e-07	2.55789e-05	0.00049196	0.00625148	0.0485569	0.205483	0.396542	0.270102	0.0649663	0.00713572	0.000428023	1.57467e-05	3.84503e-07	6.59439e-09	8.2869e-11	7.8848e-13	5.83062e-15	3.42309e-17	1.62405e-19	6.32062e-22	2.04399e-24	5.5538e-27	1.28038e-29	2.52621e-32	4.29863e-35	6.35241e-38	8.20606e-41	9.3452e-44	9.6787e-47	1.24036e-49	
ADCASC_Carenum_interruptum	0	0	0	0	0	0	0	0	0	1	0	0	0	0	0	0	0	0	0	0	0	0	0	0	0	0	0	0	0	0	0	0	
ADCASC_Scarites_hespericus	0	0	0	0	0	0	0	0	1	0	0	0	0	0	0	0	0	0	0	0	0	0	0	0	0	0	0	0	0	0	0	0	
N166	0.220226	0.226442	0.210664	0.165071	0.10306	0.0497123	0.0183206	0.00516395	0.00112177	0.000189813	2.53125e-05	2.69164e-06	2.30806e-07	1.61286e-08	9.27488e-10	4.42885e-11	1.77072e-12	5.97321e-14	1.71213e-15	4.19732e-17	8.85424e-19	1.61631e-20	2.56673e-22	3.56328e-24	4.34446e-26	4.67214e-28	4.44998e-30	3.7682e-32	2.84777e-34	1.93161e-36	1.21171e-38	1.09685e-40	
ADCASC_Scarites_buparius	0	0	1	0	0	0	0	0	0	0	0	0	0	0	0	0	0	0	0	0	0	0	0	0	0	0	0	0	0	0	0	0	
ADCASC_Scarites_occidentalis_M	0	0	1	0	0	0	0	0	0	0	0	0	0	0	0	0	0	0	0	0	0	0	0	0	0	0	0	0	0	0	0	0	
N167	0.183571	0.184704	0.172987	0.149274	0.117367	0.0832816	0.0529487	0.0300105	0.015113	0.00674815	0.00266855	0.000934173	0.000289516	7.94739e-05	1.93395e-05	4.17651e-06	8.01495e-07	1.36885e-07	2.08393e-08	2.83296e-09	3.44519e-10	3.75504e-11	3.67512e-12	3.23611e-13	2.56873e-14	1.84171e-15	1.1953e-16	7.04296e-18	3.79049e-19	1.90142e-20	9.74487e-22	8.62743e-23	
N168	0.218635	0.212168	0.185995	0.146865	0.103916	0.0655109	0.0366076	0.01806	0.00784482	0.002996	0.00100561	0.000296791	7.71091e-05	1.76644e-05	3.57514e-06	6.40704e-07	1.01913e-07	1.44242e-08	1.82116e-09	2.0564e-10	2.08199e-11	1.89475e-12	1.55383e-13	1.15102e-14	7.72017e-16	4.69967e-17	2.60325e-18	1.31659e-19	6.12082e-21	2.66958e-22	1.18914e-23	9.00882e-25	
ADCACI_Omus_californicus	0	0	0	1	0	0	0	0	0	0	0	0	0	0	0	0	0	0	0	0	0	0	0	0	0	0	0	0	0	0	0	0	
N169	0.214543	0.223499	0.209769	0.165192	0.104834	0.0527053	0.0208962	0.00654664	0.00162974	0.000324796	5.22574e-05	6.84737e-06	7.37083e-07	6.57336e-08	4.8959e-09	3.0687e-10	1.63025e-11	7.38985e-13	2.87616e-14	9.66769e-16	2.82183e-17	7.18871e-19	1.60604e-20	3.16076e-22	5.50271e-24	8.50795e-26	1.1726e-27	1.44573e-29	1.60027e-31	1.5998e-33	1.49649e-35	2.12194e-37	
ADCACI_Amblycheila_baroni	0	1	0	0	0	0	0	0	0	0	0	0	0	0	0	0	0	0	0	0	0	0	0	0	0	0	0	0	0	0	0	0	
ADCACI_Mantichora_amygdaloides	0	0	0	0	1	0	0	0	0	0	0	0	0	0	0	0	0	0	0	0	0	0	0	0	0	0	0	0	0	0	0	0	
N170	0.136129	0.148221	0.157402	0.155885	0.139049	0.109189	0.0744126	0.0436268	0.0218865	0.00936666	0.00341468	0.00106011	0.000280446	6.32989e-05	1.22113e-05	2.01782e-06	2.86293e-07	3.49692e-08	3.68731e-09	3.36602e-10	2.66788e-11	1.84128e-12	1.10979e-13	5.85847e-15	2.71638e-16	1.10945e-17	4.00369e-19	1.28143e-20	3.66284e-22	9.53416e-24	2.43762e-25	9.66425e-27	
N171	0.0128768	0.0180199	0.0285602	0.0454944	0.0683279	0.0939366	0.116629	0.129946	0.129531	0.115338	0.0916737	0.0650214	0.0411531	0.0232471	0.011725	0.00528273	0.00212759	0.000766544	0.000247284	7.14986e-05	1.8549e-05	4.323e-06	9.06258e-07	1.71132e-07	2.91553e-08	4.49017e-09	6.26929e-10	7.9773e-11	9.36095e-12	1.04656e-12	1.24779e-13	2.52668e-14	
N172	0.0011811	0.0025906	0.00720476	0.0191615	0.0441495	0.0850408	0.134663	0.1736	0.181134	0.152532	0.103636	0.056923	0.0253691	0.00922096	0.00274997	0.000677395	0.000138779	2.38124e-05	3.44559e-06	4.23244e-07	4.44175e-08	4.00665e-09	3.12435e-10	2.11753e-11	1.25371e-12	6.51558e-14	2.98619e-15	1.21298e-16	4.39842e-18	1.44956e-19	4.67522e-21	2.46072e-22	
ADCACI_Megacephala_brasiliensis	0	0	0	0	0	0	0	1	0	0	0	0	0	0	0	0	0	0	0	0	0	0	0	0	0	0	0	0	0	0	0	0	
ADCACI_Megacephala_sobrina	0	0	0	0	0	0	0	0	0	1	0	0	0	0	0	0	0	0	0	0	0	0	0	0	0	0	0	0	0	0	0	0	
ADCACI_Megacephala_whelani	0	0	0	0	0	0	0	0	0	0	0	0	0	0	0	0	0	1	0	0	0	0	0	0	0	0	0	0	0	0	0	0	
N173	0.156825	0.166161	0.169292	0.159937	0.135084	0.0989678	0.0615035	0.0319207	0.013694	0.00482426	0.00139024	0.000327062	6.27721e-05	9.83187e-06	1.25804e-06	1.31717e-07	1.13076e-08	7.97842e-10	4.63913e-11	2.22936e-12	8.88121e-14	2.94232e-15	8.13304e-17	1.88198e-18	3.65801e-20	5.99276e-22	8.30343e-24	9.765e-26	9.78595e-28	8.41601e-30	6.45938e-32	7.52762e-34	
N174	0.142888	0.152218	0.157142	0.152383	0.134756	0.106154	0.0732355	0.0437309	0.022425	0.00982668	0.00366934	0.00116612	0.000315403	7.26676e-05	1.42842e-05	2.40066e-06	3.45819e-07	4.28177e-08	4.57041e-09	4.21897e-10	3.37889e-11	2.35546e-12	1.43395e-13	7.64823e-15	3.58555e-16	1.48217e-17	5.41928e-19	1.75821e-20	5.08199e-22	1.32291e-23	3.31276e-25	1.37305e-26	
N175	0.122087	0.131792	0.13985	0.141697	0.133406	0.114278	0.087765	0.0598419	0.036001	0.0190378	0.00883135	0.00359074	0.00127969	0.000400023	0.000109808	2.65101e-05	5.63902e-06	1.05896e-06	1.75948e-07	2.59239e-08	3.39504e-09	3.9615e-10	4.12849e-11	3.85203e-12	3.22552e-13	2.42972e-14	1.65039e-15	1.01334e-16	5.64377e-18	2.88703e-19	1.481e-20	1.39613e-21	
ADCACI_Ctenostoma_sp	0	0	0	0	1	0	0	0	0	0	0	0	0	0	0	0	0	0	0	0	0	0	0	0	0	0	0	0	0	0	0	0	
ADCACI_Cicindela_hybrida	0	0	0	0	0	0	1	0	0	0	0	0	0	0	0	0	0	0	0	0	0	0	0	0	0	0	0	0	0	0	0	0	
N176	0.0246759	0.0388658	0.0704732	0.119671	0.170445	0.193469	0.170996	0.116463	0.0608708	0.0243984	0.0075113	0.00178165	0.000327	4.66817e-05	5.21393e-06	4.58522e-07	3.19616e-08	1.77808e-09	7.94959e-11	2.87622e-12	8.47942e-14	2.05069e-15	4.0952e-17	6.79609e-19	9.43027e-21	1.10064e-22	1.08666e-24	9.12551e-27	6.55489e-29	4.06294e-31	2.27413e-33	1.79952e-35	
N177	0.0224439	0.0356215	0.0661781	0.11617	0.170624	0.197919	0.176648	0.119913	0.0616184	0.023943	0.00704286	0.00157232	0.000267395	3.47973e-05	3.48306e-06	2.69687e-07	1.62503e-08	7.66831e-10	2.85217e-11	8.41649e-13	1.98342e-14	3.75718e-16	5.75805e-18	7.18469e-20	7.34437e-22	6.18793e-24	4.32276e-26	2.519e-28	1.23353e-30	5.15265e-33	1.93875e-35	9.41598e-38	
ADCACI_Cicindela_repanda	0	0	0	0	0	0	0	0	0	0	0	0	1	0	0	0	0	0	0	0	0	0	0	0	0	0	0	0	0	0	0	0	
N178	0.0248174	0.0395916	0.0730109	0.125389	0.17846	0.199252	0.170155	0.109854	0.0533553	0.0194706	0.00534369	0.00110579	0.00017318	2.06239e-05	1.87787e-06	1.31532e-07	7.1337e-09	3.01655e-10	1.00164e-11	2.63072e-13	5.50504e-15	9.24549e-17	1.25517e-18	1.3872e-20	1.25668e-22	9.39439e-25	5.83278e-27	3.02667e-29	1.32082e-31	4.88633e-34	1.57873e-36	6.52698e-39	
ADCACI_Lophyridia_lunulata	0	1	0	0	0	0	0	0	0	0	0	0	0	0	0	0	0	0	0	0	0	0	0	0	0	0	0	0	0	0	0	0	
N179	0.0248253	0.0384876	0.0693939	0.118735	0.171081	0.195733	0.17302	0.116745	0.0598607	0.023318	0.00691683	0.00156887	0.000273591	3.69182e-05	3.88242e-06	3.2062e-07	2.09575e-08	1.09305e-09	4.58547e-11	1.55966e-12	4.33464e-14	9.91836e-16	1.88215e-17	2.98291e-19	3.9747e-21	4.48148e-23	4.30164e-25	3.53568e-27	2.50321e-29	1.54008e-31	8.56206e-34	6.59706e-36	
N180	0.0166535	0.0303438	0.061991	0.11323	0.169473	0.199662	0.181256	0.125375	0.0657599	0.0261472	0.00790548	0.00182755	0.000325398	4.50025e-05	4.87884e-06	4.18575e-07	2.86915e-08	1.58611e-09	7.13632e-11	2.6362e-12	8.0625e-14	2.05771e-15	4.41536e-17	8.02193e-19	1.24222e-20	1.64981e-22	1.89029e-24	1.87876e-26	1.62826e-28	1.23737e-30	8.42943e-33	8.18309e-35	
ADCACI_Cicindela_dorsalis	0	0	0	1	0	0	0	0	0	0	0	0	0	0	0	0	0	0	0	0	0	0	0	0	0	0	0	0	0	0	0	0	
N181	0.000401294	0.00163154	0.00782894	0.0300415	0.0847894	0.170179	0.23766	0.227692	0.148617	0.066079	0.0201314	0.00424718	0.00062921	6.65131e-05	5.10287e-06	2.89054e-07	1.22942e-08	3.98986e-10	1.00306e-11	1.98121e-13	3.11494e-15	3.94563e-17	4.07145e-19	3.45768e-21	2.43951e-23	1.44231e-25	7.20316e-28	3.06121e-30	1.11464e-32	3.49987e-35	9.60064e-38	3.32477e-40	
N182	1.35878e-06	1.81666e-05	0.000272458	0.00290828	0.0195207	0.0778678	0.185643	0.270289	0.244436	0.138273	0.0487358	0.0105493	0.00137361	0.000106628	5.13418e-06	1.61551e-07	3.48354e-09	5.35593e-11	6.06606e-13	5.19928e-15	3.4494e-17	1.8056e-19	7.58087e-22	2.58962e-24	7.2881e-27	1.7087e-29	3.37037e-32	5.64287e-35	8.08357e-38	9.98063e-41	1.07279e-43	1.33818e-46	
ADCACI_Cicindela_sedecimpunctata	0	0	0	0	0	0	0	0	0	0	0	0	1	0	0	0	0	0	0	0	0	0	0	0	0	0	0	0	0	0	0	0	
ADCACI_Cicindela_aurulenta	0	0	0	0	1	0	0	0	0	0	0	0	0	0	0	0	0	0	0	0	0	0	0	0	0	0	0	0	0	0	0	0	
N183	2.65183e-06	3.32128e-05	0.000482501	0.00499463	0.0325934	0.124214	0.261592	0.302354	0.192252	0.0670459	0.0128933	0.00143861	9.89793e-05	4.43402e-06	1.35321e-07	2.92032e-09	4.59654e-11	5.41579e-13	4.88362e-15	3.4353e-17	1.91671e-19	8.60719e-22	3.15143e-24	9.51727e-27	2.39538e-29	5.07174e-32	9.11046e-35	1.39918e-37	1.85022e-40	2.12039e-43	2.12583e-46	2.47314e-49	
ADCACI_Prothyma_sp	0	0	0	0	0	0	0	0	0	1	0	0	0	0	0	0	0	0	0	0	0	0	0	0	0	0	0	0	0	0	0	0	
ADCACI_Pentacomia_sp	0	0	0	0	0	1	0	0	0	0	0	0	0	0	0	0	0	0	0	0	0	0	0	0	0	0	0	0	0	0	0	0	
ADCACI_Cicindela_punctulata	0	0	0	0	0	0	0	1	0	0	0	0	0	0	0	0	0	0	0	0	0	0	0	0	0	0	0	0	0	0	0	0	
N184	0.013305	0.0234233	0.0457592	0.0817321	0.125454	0.161555	0.172509	0.151789	0.109693	0.0650155	0.0316016	0.0126075	0.0041352	0.00111767	0.000249648	4.62393e-05	7.12881e-06	9.18657e-07	9.93927e-08	9.07087e-09	7.01658e-10	4.62283e-11	2.6069e-12	1.26442e-13	5.30015e-15	1.92907e-16	6.12422e-18	1.7035e-19	4.172e-21	9.08182e-23	1.85494e-24	6.12306e-26	
ADCACI_Oxycheila_sp	0	0	0	0	0	0	0	0	0	0	0	0	0	0	1	0	0	0	0	0	0	0	0	0	0	0	0	0	0	0	0	0	
ADCACI_Therates_sp	0	1	0	0	0	0	0	0	0	0	0	0	0	0	0	0	0	0	0	0	0	0	0	0	0	0	0	0	0	0	0	0	
N185	0.158278	0.16723	0.169631	0.15952	0.134235	0.0981359	0.0609694	0.0316975	0.0136496	0.00483721	0.00140543	0.000334164	6.49885e-05	1.03435e-05	1.34902e-06	1.44441e-07	1.27261e-08	9.25097e-10	5.56476e-11	2.77872e-12	1.15566e-13	4.01698e-15	1.17111e-16	2.87399e-18	5.95869e-20	1.04758e-21	1.56752e-23	2.0044e-25	2.20269e-27	2.10943e-29	1.86814e-31	2.36004e-33	
N186	0.0919624	0.104709	0.120333	0.132593	0.135293	0.125334	0.104276	0.0774286	0.0511158	0.0299293	0.0155198	0.00712183	0.00289151	0.00103895	0.000330589	9.3244e-05	2.33416e-05	5.19337e-06	1.0287e-06	1.81724e-07	2.86845e-08	4.05361e-09	5.13898e-10	5.85661e-11	6.01251e-12	5.57205e-13	4.67141e-14	3.55128e-15	2.4582e-16	1.57512e-17	1.03492e-18	1.26025e-19	
ADCACI_Myriochile_undulata	0	0	0	0	0	0	0	0	0	1	0	0	0	0	0	0	0	0	0	0	0	0	0	0	0	0	0	0	0	0	0	0	
ADCACI_Lophyra_sp	0	0	0	1	0	0	0	0	0	0	0	0	0	0	0	0	0	0	0	0	0	0	0	0	0	0	0	0	0	0	0	0	
N187	0.158168	0.166761	0.168301	0.157276	0.132015	0.0972804	0.0619486	0.0337434	0.015621	0.00612299	0.00202827	0.000567488	0.000134168	2.68359e-05	4.54913e-06	6.55005e-07	8.03101e-08	8.40851e-09	7.54026e-10	5.80927e-11	3.85756e-12	2.21495e-13	1.1033e-14	4.78306e-16	1.81053e-17	6.00324e-19	1.74926e-20	4.49544e-22	1.02453e-23	2.1012e-25	4.13061e-27	1.25335e-28	
N188	0.204642	0.202571	0.183682	0.150928	0.110978	0.072188	0.0411539	0.020419	0.00877367	0.003254	0.00103965	0.000285884	6.76531e-05	1.37857e-05	2.42151e-06	3.67215e-07	4.81646e-08	5.47542e-09	5.40734e-10	4.65033e-11	3.49155e-12	2.29469e-13	1.32358e-14	6.71827e-16	3.00891e-17	1.19224e-18	4.19047e-20	1.31e-21	3.65396e-23	9.16591e-25	2.18712e-26	8.71806e-28	
N189	0.252343	0.240992	0.201789	0.145086	0.0879501	0.0444215	0.018588	0.00643651	0.00184771	0.000441343	8.81347e-05	1.47935e-05	2.0989e-06	2.53149e-07	2.61011e-08	2.31315e-09	1.77129e-10	1.17787e-11	6.83431e-13	3.4758e-14	1.55613e-15	6.15799e-17	2.16228e-18	6.76164e-20	1.8896e-21	4.73476e-23	1.06709e-24	2.16992e-26	3.99653e-28	6.72948e-30	1.09166e-31	2.83599e-33	
ADCACI_Cylindera_cognata	0	1	0	0	0	0	0	0	0	0	0	0	0	0	0	0	0	0	0	0	0	0	0	0	0	0	0	0	0	0	0	0	
ADCACI_Cicindela_marutha	0	0	0	1	0	0	0	0	0	0	0	0	0	0	0	0	0	0	0	0	0	0	0	0	0	0	0	0	0	0	0	0	
N190	0.204725	0.20162	0.181605	0.148728	0.109859	0.0725989	0.0426198	0.0221049	0.0100889	0.00404158	0.001419	0.000436407	0.000117584	2.77752e-05	5.75842e-06	1.04935e-06	1.68364e-07	2.38295e-08	2.98133e-09	3.30422e-10	3.25137e-11	2.84703e-12	2.22358e-13	1.5526e-14	9.71461e-16	5.4595e-17	2.76218e-18	1.26125e-19	5.21736e-21	1.98097e-22	7.4816e-24	4.93558e-25	
ADCACI_Taenidia_circumdata	0	0	0	0	0	1	0	0	0	0	0	0	0	0	0	0	0	0	0	0	0	0	0	0	0	0	0	0	0	0	0	0	
ADCACI_Ellipsoptera_marginata	0	1	0	0	0	0	0	0	0	0	0	0	0	0	0	0	0	0	0	0	0	0	0	0	0	0	0	0	0	0	0	0	
N191	0.00274978	0.00557208	0.0135693	0.0310704	0.0617087	0.103542	0.145293	0.169674	0.164444	0.132063	0.0878344	0.0483972	0.0221203	0.00840394	0.00266146	0.000705021	0.000156835	2.94255e-05	4.67765e-06	6.33004e-07	7.32719e-08	7.28941e-09	6.26203e-10	4.66664e-11	3.0304e-12	1.72218e-13	8.6011e-15	3.7907e-16	1.48148e-17	5.19517e-19	1.75556e-20	1.01714e-21	
N192	1.25083e-05	5.63594e-05	0.000329582	0.0017124	0.00727632	0.0244849	0.0639092	0.127375	0.191521	0.215387	0.180251	0.112074	0.0518681	0.0179589	0.00468944	0.000932999	0.000143098	1.71288e-05	1.62003e-06	1.22523e-07	7.49449e-09	3.74729e-10	1.54681e-11	5.31949e-13	1.53704e-14	3.76071e-16	7.84783e-18	1.40611e-19	2.17672e-21	2.93281e-23	3.55839e-25	6.53979e-27	
ADCACI_Cicindela_splendida	0	0	0	0	0	0	0	0	1	0	0	0	0	0	0	0	0	0	0	0	0	0	0	0	0	0	0	0	0	0	0	0	
ADCACI_Cicindela_sexguttata	0	0	0	0	0	0	0	0	0	0	0	0	1	0	0	0	0	0	0	0	0	0	0	0	0	0	0	0	0	0	0	0	
ADCACI_Cicindela_tranquebarica	0	0	0	0	0	0	0	0	1	0	0	0	0	0	0	0	0	0	0	0	0	0	0	0	0	0	0	0	0	0	0	0	
N193	0.207479	0.202157	0.179141	0.144627	0.106405	0.0713016	0.0434793	0.0241065	0.0121438	0.0055557	0.00230785	0.000870524	0.000298244	9.28474e-05	2.62804e-05	6.76808e-06	1.58715e-06	3.39217e-07	6.61382e-08	1.17755e-08	1.9165e-09	2.85438e-10	3.89462e-11	4.87371e-12	5.60013e-13	5.91584e-14	5.75396e-15	5.16647e-16	4.31436e-17	3.44575e-18	2.96022e-19	4.52856e-20	
N194	0.246483	0.238206	0.203395	0.149117	0.0912318	0.0455555	0.0182954	0.00586229	0.00149446	0.000303376	4.92146e-05	6.41374e-06	6.75774e-07	5.79706e-08	4.0785e-09	2.37072e-10	1.14684e-11	4.64984e-13	1.59089e-14	4.62306e-16	1.14812e-17	2.45106e-19	4.523e-21	7.25222e-23	1.01539e-24	1.24727e-26	1.35054e-28	1.29604e-30	1.11169e-32	8.6959e-35	6.59595e-37	6.87646e-39	
N195	0.240332	0.236191	0.206189	0.153429	0.0937641	0.0458029	0.0175773	0.00524838	0.00121439	0.000217738	3.03359e-05	3.29963e-06	2.8187e-07	1.90392e-08	1.02425e-09	4.42132e-11	1.54289e-12	4.38493e-14	1.02227e-15	1.96871e-17	3.153e-19	4.22655e-21	4.77131e-23	4.56268e-25	3.71663e-27	2.59253e-29	1.55643e-31	8.08078e-34	3.64533e-36	1.43682e-38	5.05714e-41	2.37289e-43	
N196	0.209165	0.216056	0.204389	0.166458	0.111014	0.0587135	0.0241924	0.00770249	0.0018908	0.000358463	5.27033e-05	6.04447e-06	5.44505e-07	3.88198e-08	2.20776e-09	1.0097e-10	3.74339e-12	1.13395e-13	2.82819e-15	5.85094e-17	1.01118e-18	1.46979e-20	1.80849e-22	1.89527e-24	1.70155e-26	1.31591e-28	8.81223e-31	5.13527e-33	2.61636e-35	1.17131e-37	4.69857e-40	2.56361e-42	
N197	0.0411653	0.092441	0.180097	0.245872	0.22672	0.139313	0.0564702	0.0149831	0.00260794	0.000304424	2.4599e-05	1.42129e-06	6.04685e-08	1.9433e-09	4.82217e-11	9.41502e-13	1.47015e-14	1.86228e-16	1.93777e-18	1.67474e-20	1.21417e-22	7.45001e-25	3.90007e-27	1.75467e-29	6.83005e-32	2.31423e-34	6.8642e-37	1.79154e-39	4.13442e-42	8.47745e-45	1.56626e-47	3.67669e-50	
ADCACA_Carabus_punctatoauratus	0	1	0	0	0	0	0	0	0	0	0	0	0	0	0	0	0	0	0	0	0	0	0	0	0	0	0	0	0	0	0	0	
ADCACA_Carabus_granulatus	0	0	0	0	0	0	0	1	0	0	0	0	0	0	0	0	0	0	0	0	0	0	0	0	0	0	0	0	0	0	0	0	
N198	0.013754	0.0459357	0.143039	0.275301	0.292113	0.167098	0.0521661	0.00944713	0.00106298	7.88596e-05	4.04725e-06	1.49342e-07	4.08772e-09	8.51536e-11	1.37931e-12	1.76911e-14	1.82504e-16	1.53501e-18	1.06529e-20	6.16497e-23	3.00343e-25	1.24229e-27	4.3964e-30	1.34055e-32	3.54458e-35	8.17524e-38	1.65366e-40	2.94834e-43	4.65511e-46	6.54044e-49	8.30006e-52	1.30854e-54	
ADCACA_Carabus_nemoralis	0	0	0	1	0	0	0	0	0	0	0	0	0	0	0	0	0	0	0	0	0	0	0	0	0	0	0	0	0	0	0	0	
ADCACA_Carabus_auronitens	0	0	0	0	0	1	0	0	0	0	0	0	0	0	0	0	0	0	0	0	0	0	0	0	0	0	0	0	0	0	0	0	
ADCACA_Cychrus_caraboides	0	0	1	0	0	0	0	0	0	0	0	0	0	0	0	0	0	0	0	0	0	0	0	0	0	0	0	0	0	0	0	0	
N199	0.191873	0.221148	0.228155	0.184151	0.109535	0.0469455	0.0144229	0.00318997	0.00051294	6.07453e-05	5.37485e-06	3.60597e-07	1.86101e-08	7.49084e-10	2.38232e-11	6.05905e-13	1.24628e-14	2.0948e-16	2.90501e-18	3.35341e-20	3.24879e-22	2.66168e-24	1.85717e-26	1.11085e-28	5.73072e-31	2.56439e-33	1.00065e-35	3.4218e-38	1.03021e-40	2.74385e-43	6.56425e-46	2.04452e-48	
ADCACA_Pamborus_alternans	0	1	0	0	0	0	0	0	0	0	0	0	0	0	0	0	0	0	0	0	0	0	0	0	0	0	0	0	0	0	0	0	
N200	0.112766	0.162744	0.22274	0.229782	0.163347	0.0777554	0.0247082	0.00529389	0.000777966	8.00363e-05	5.88915e-06	3.16486e-07	1.267e-08	3.84831e-10	9.01803e-12	1.65554e-13	2.41429e-15	2.83242e-17	2.70424e-19	2.12333e-21	1.38436e-23	7.56077e-26	3.48725e-28	1.36847e-30	4.60057e-33	1.33345e-35	3.35193e-38	7.34764e-41	1.41174e-43	2.38897e-46	3.59218e-49	6.57946e-52	
ADCACA_Pamborus_opacus	0	0	0	0	0	1	0	0	0	0	0	0	0	0	0	0	0	0	0	0	0	0	0	0	0	0	0	0	0	0	0	0	
ADCACA_Pamborus_tropicus	0	0	0	1	0	0	0	0	0	0	0	0	0	0	0	0	0	0	0	0	0	0	0	0	0	0	0	0	0	0	0	0	
N201	0.195371	0.1947	0.178831	0.149853	0.113393	0.076869	0.0464389	0.0249254	0.0118674	0.00500925	0.00187465	0.000622275	0.000183342	4.79879e-05	1.11691e-05	2.31417e-06	4.27333e-07	7.04155e-08	1.03672e-08	1.36563e-09	1.61171e-10	1.70665e-11	1.62389e-12	1.39058e-13	1.0735e-14	7.48631e-16	4.72991e-17	2.72138e-18	1.44153e-19	7.22112e-21	3.7112e-22	2.99449e-23	
ADCANE_Notiophilus_sp	0	0	0	0	0	0	0	0	0	0	0	1	0	0	0	0	0	0	0	0	0	0	0	0	0	0	0	0	0	0	0	0	
N202	0.227279	0.218758	0.188757	0.14568	0.100148	0.0610474	0.0328655	0.0155772	0.00648494	0.00236751	0.000757181	0.000212025	5.19719e-05	1.11528e-05	2.09598e-06	3.45153e-07	4.98398e-08	6.31627e-09	7.03238e-10	6.88636e-11	5.93814e-12	4.51494e-13	3.03103e-14	1.79925e-15	9.45822e-17	4.41001e-18	1.82716e-19	6.74475e-21	2.23163e-22	6.76773e-24	2.11243e-25	1.34824e-26	
N203	0.223673	0.216729	0.189083	0.147676	0.102398	0.0625016	0.0333314	0.0154393	0.00618572	0.00213785	0.000636467	0.000163162	3.60321e-05	6.86191e-06	1.12864e-06	1.6064e-07	1.98286e-08	2.12773e-09	1.98992e-10	1.62631e-11	1.16468e-12	7.32893e-14	4.0636e-15	1.99075e-16	8.64063e-18	3.33175e-19	1.14434e-20	3.51033e-22	9.64745e-24	2.39474e-25	5.69174e-27	2.27068e-28	
N204	0.221776	0.215862	0.189607	0.148981	0.103569	0.0630388	0.0333071	0.015179	0.00594106	0.00199205	0.000571586	0.000140354	2.95211e-05	5.32711e-06	8.2644e-07	1.105e-07	1.27682e-08	1.27875e-09	1.1134e-10	8.45439e-12	5.61628e-13	3.27433e-14	1.6806e-15	7.61768e-17	3.05856e-18	1.09105e-19	3.46792e-21	9.84994e-23	2.50779e-24	5.76217e-26	1.25836e-27	4.60736e-29	
ADCACA_Calosoma_inquistor	0	0	0	0	1	0	0	0	0	0	0	0	0	0	0	0	0	0	0	0	0	0	0	0	0	0	0	0	0	0	0	0	
ADCABR_Promecoderus_sp	0	0	1	0	0	0	0	0	0	0	0	0	0	0	0	0	0	0	0	0	0	0	0	0	0	0	0	0	0	0	0	0	
N205	0.0718689	0.107892	0.165534	0.209269	0.199592	0.139387	0.0708943	0.0264345	0.00731993	0.00152934	0.000245143	3.06442e-05	3.03359e-06	2.41198e-07	1.56016e-08	8.30575e-10	3.67745e-11	1.36703e-12	4.30321e-14	1.15602e-15	2.66912e-17	5.33111e-19	9.26598e-21	1.40917e-22	1.88465e-24	2.22702e-26	2.33526e-28	2.18194e-30	1.82416e-32	1.37409e-34	9.66731e-37	9.92871e-39	
ADCAPS_Mecyclothorax_sp	0	0	0	1	0	0	0	0	0	0	0	0	0	0	0	0	0	0	0	0	0	0	0	0	0	0	0	0	0	0	0	0	
ADCAPS_Amblytelus_curtus	0	0	0	0	0	1	0	0	0	0	0	0	0	0	0	0	0	0	0	0	0	0	0	0	0	0	0	0	0	0	0	0	
N206	0.227374	0.218671	0.188477	0.145378	0.100003	0.0611063	0.0330478	0.0157727	0.00662873	0.00244936	0.000794997	0.000226545	5.66727e-05	1.24482e-05	2.40188e-06	4.07377e-07	6.07877e-08	7.98819e-09	9.25537e-10	9.46678e-11	8.55989e-12	6.85209e-13	4.86329e-14	3.06535e-15	1.71866e-16	8.58669e-18	3.83067e-19	1.53079e-20	5.52296e-22	1.85024e-23	6.43772e-25	3.77419e-26	
ADCASC_Clivina_sp	0	0	0	1	0	0	0	0	0	0	0	0	0	0	0	0	0	0	0	0	0	0	0	0	0	0	0	0	0	0	0	0	
ADCAPA_Penetretus_sp	0	1	0	0	0	0	0	0	0	0	0	0	0	0	0	0	0	0	0	0	0	0	0	0	0	0	0	0	0	0	0	0	
