NODE	7	8	9	10	11	12	13	14	15	16	17	18	19	20	21	22	23	24	25	
N1	1.47073e-64	2.07372e-60	2.87512e-56	3.33207e-52	3.19381e-48	2.50033e-44	1.57434e-40	7.82268e-37	2.99537e-33	8.57638e-30	1.76614e-26	2.4847e-23	2.22668e-20	1.15169e-17	4.39083e-10	4.73227e-06	0.00449054	0.222121	0.773384	
N2	4.653e-56	2.63728e-51	1.54036e-46	7.03411e-42	2.4621e-37	6.45414e-33	1.232e-28	1.65427e-24	1.49611e-20	8.61713e-17	2.9341e-13	5.32915e-10	4.45286e-07	0.000137498	0.0116333	0.194371	0.488771	0.265842	0.0392447	
N3	3.66923e-44	5.55961e-40	9.49662e-36	1.2249e-31	1.16013e-27	7.81284e-24	3.59673e-20	1.07765e-16	1.97411e-13	2.03794e-10	1.06352e-07	2.42222e-05	0.0019815	0.0463823	0.263332	0.426838	0.221237	0.0378283	0.00237626	
N4	4.25261e-43	4.65916e-39	6.06941e-35	6.13985e-31	4.70936e-27	2.66583e-23	1.07778e-19	2.98814e-16	5.3946e-13	5.92361e-10	3.60077e-07	0.000105433	0.011829	0.321666	0.484478	0.163017	0.0180839	0.000802757	1.77031e-05	
POSCSC_Bubas_bubalus	0	0	0	0	0	0	0	0	0	0	0	0	0	1	0	0	0	0	0	
POSCSC_Bubas_bison	0	0	0	0	0	0	0	0	0	0	0	0	0	1	0	0	0	0	0	
N5	1.92854e-37	3.14921e-33	4.96188e-29	5.05896e-25	3.15203e-21	1.12554e-17	2.15612e-14	2.09424e-11	9.83844e-09	2.13215e-06	0.000200863	0.00755869	0.100273	0.392578	0.379087	0.109337	0.0105933	0.000365331	5.14808e-06	
N6	3.55746e-30	1.81169e-26	1.13931e-22	4.60493e-19	1.06704e-15	1.17464e-12	4.10484e-10	6.45604e-08	5.20355e-06	0.000223468	0.00504323	0.0562849	0.275003	0.467923	0.174777	0.0199202	0.000806576	1.30592e-05	1.07252e-07	
POSCSC_Cheironitis_sp	0	0	0	0	0	0	0	0	0	0	0	0	0	1	0	0	0	0	0	
POSCSC_Phanaeus_chalcomelas	0	0	0	0	0	1	0	0	0	0	0	0	0	0	0	0	0	0	0	
N7	5.78615e-31	8.06447e-27	1.11034e-22	9.65352e-19	4.68308e-15	9.83451e-12	3.20661e-09	4.09938e-07	2.53432e-05	0.000809686	0.0133643	0.107977	0.377088	0.433927	0.0640084	0.00275711	4.31245e-05	2.83787e-07	9.83806e-10	
N8	8.81236e-52	1.17047e-46	1.45832e-41	1.28764e-36	7.77735e-32	3.08644e-27	7.68274e-23	1.1383e-18	9.45845e-15	4.10142e-11	8.43181e-08	7.12165e-05	0.0192853	0.945379	0.0350242	0.000239759	5.49335e-07	5.51844e-10	3.02147e-13	
POSCSC_Onitis_sp	0	0	0	0	0	0	0	0	0	0	0	0	0	1	0	0	0	0	0	
POSCSC_Malagoniella_sp	0	0	0	0	0	0	0	0	0	0	0	0	0	1	0	0	0	0	0	
N9	3.06718e-20	5.24473e-16	7.38337e-12	5.38712e-08	0.000160899	0.113921	0.411838	0.343964	0.111483	0.0171871	0.00138341	6.00775e-05	1.38446e-06	1.56805e-08	7.43814e-11	1.45673e-13	1.30073e-16	6.05346e-20	1.74216e-23	
POSCSC_Phanaeus_igneus	0	0	0	0	0	1	0	0	0	0	0	0	0	0	0	0	0	0	0	
POSCSC_Phanaeus_vindex	0	0	0	0	0	1	0	0	0	0	0	0	0	0	0	0	0	0	0	
N10	1.50194e-69	1.57096e-63	1.35671e-57	8.64626e-52	3.99451e-46	1.30791e-40	2.9489e-35	4.41191e-30	4.17338e-25	2.34023e-20	7.12001e-16	1.03533e-11	5.9324e-08	9.69304e-05	0.0239989	0.348245	0.505742	0.116347	0.00557063	
N11	3.66121e-57	2.90061e-52	2.39663e-47	1.50586e-42	7.06701e-38	2.42661e-33	5.94244e-29	1.00514e-24	1.12762e-20	7.96142e-17	3.29946e-13	7.29071e-10	7.46947e-07	0.000285063	0.0276871	0.336901	0.498861	0.127981	0.00828434	
N12	8.91964e-51	2.80237e-46	9.90065e-42	2.72173e-37	5.6921e-33	8.83413e-29	9.87163e-25	7.64978e-21	3.91966e-17	1.2478e-13	2.26823e-10	2.08797e-07	8.11086e-05	0.00982986	0.215233	0.511103	0.236844	0.0259611	0.000947764	
POSCSC_Digitonthophagus_gazella	0	0	0	0	0	0	0	0	0	0	0	0	0	1	0	0	0	0	0	
N13	4.99182e-66	4.65139e-60	3.65899e-54	2.14318e-48	9.15468e-43	2.77871e-37	5.79987e-32	7.98164e-27	6.85286e-22	3.40625e-17	8.81811e-13	1.01368e-08	3.96066e-05	0.0303103	0.500925	0.422587	0.0452208	0.000911501	5.3479e-06	
N14	6.07017e-62	2.97043e-56	1.31702e-50	4.2926e-45	1.00785e-39	1.66196e-34	1.86285e-29	1.35979e-24	6.10463e-20	1.55775e-15	2.01712e-11	1.11416e-07	0.000195922	0.06126	0.562438	0.34903	0.0266901	0.000384674	1.76365e-06	
POSCSC_Onthophagus_taurus	0	0	0	0	0	0	0	0	0	0	0	0	0	1	0	0	0	0	0	
N15	1.25562e-54	1.44583e-49	1.62886e-44	1.38135e-39	8.6333e-35	3.8749e-30	1.20879e-25	2.5131e-21	3.29476e-17	2.52661e-13	1.01825e-09	1.83271e-06	0.00112072	0.134759	0.596614	0.252712	0.0146037	0.000188965	9.4039e-07	
N16	6.21526e-58	1.46133e-52	3.16302e-47	5.23439e-42	6.47865e-37	5.83903e-32	3.70669e-27	1.58881e-22	4.35163e-18	7.06835e-14	6.12293e-10	2.40374e-06	0.00322422	0.784598	0.20518	0.00694559	4.92672e-05	1.14865e-07	1.24228e-10	
POSCSC_Onthophagus_similis	0	0	0	0	0	0	0	0	0	0	0	0	0	1	0	0	0	0	0	
POSCSC_Onthophagus_fracticornis	0	0	0	0	0	0	0	0	0	0	0	0	0	1	0	0	0	0	0	
POSCSC_Onthophagus_nuchicornis_M	0	0	0	0	0	0	0	0	0	0	0	0	0	1	0	0	0	0	0	
N17	3.59475e-59	9.66859e-54	2.41369e-48	4.51981e-43	6.21562e-38	6.11645e-33	4.16778e-28	1.88514e-23	5.3534e-19	8.84786e-15	7.64012e-11	2.92597e-07	0.000377563	0.0943316	0.603527	0.284529	0.0170266	0.000206948	8.67879e-07	
POSCSC_Caccobius_schreberi	0	0	0	0	0	0	0	0	0	0	0	0	0	1	0	0	0	0	0	
N18	2.08795e-57	4.5092e-52	8.92593e-47	1.32215e-41	1.43512e-36	1.11222e-31	5.95492e-27	2.11099e-22	4.68417e-18	6.02581e-14	4.02707e-10	1.18202e-06	0.00114473	0.201967	0.624022	0.166879	0.005938	4.87646e-05	1.54656e-07	
POSCSC_Onthophagus_pennsylvannicus	0	0	0	0	0	0	0	0	0	0	0	0	0	1	0	0	0	0	0	
N19	3.04575e-55	4.33907e-50	5.79606e-45	5.93419e-40	4.54891e-35	2.53774e-30	9.94763e-26	2.62054e-21	4.37794e-17	4.28842e-13	2.20302e-09	5.0033e-06	0.00374399	0.489531	0.462725	0.0433256	0.000666718	3.02825e-06	6.10669e-09	
POSCSC_Onthophagus_hecate	0	0	0	0	0	0	0	0	0	0	0	0	0	1	0	0	0	0	0	
POSCSC_Onthophagus_marginicollis	0	0	0	0	0	0	0	0	0	0	0	0	0	1	0	0	0	0	0	
N20	6.54339e-51	1.43432e-46	3.62742e-42	7.31333e-38	1.15308e-33	1.39188e-29	1.25393e-25	8.17197e-22	3.70518e-18	1.11133e-14	2.06062e-11	2.14356e-08	1.07262e-05	0.00191487	0.0403021	0.245298	0.461154	0.236588	0.0147322	
POSCSC_Oniticellus_fulvus	0	0	0	0	0	0	0	0	0	0	0	0	0	1	0	0	0	0	0	
POSCSC_Tiniocellus_spinipes	0	0	0	0	0	0	0	0	0	0	0	0	0	0	0	0	0	1	0	
N21	3.71148e-65	3.68224e-59	2.94223e-53	1.65701e-47	6.42872e-42	1.66775e-36	2.78259e-31	2.83739e-26	1.6525e-21	5.01862e-17	7.02097e-13	3.81801e-09	6.40541e-06	0.00243023	0.132724	0.5634	0.279553	0.0215633	0.000323398	
N22	6.11456e-41	1.47927e-36	3.80801e-32	6.40543e-28	6.59392e-24	3.95899e-20	1.32252e-16	2.32858e-13	2.03255e-10	8.28951e-08	1.48394e-05	0.00107535	0.0280783	0.224226	0.459197	0.252842	0.0336158	0.000943057	7.72872e-06	
POSCSC_Oruscatus_davus	0	0	0	0	0	0	0	0	0	0	0	0	0	1	0	0	0	0	0	
N23	1.1397e-27	7.81389e-26	5.26043e-24	1.54806e-21	2.8106e-18	3.19038e-15	2.02872e-12	7.0385e-10	1.28527e-07	1.19612e-05	0.000548011	0.0117239	0.107192	0.363947	0.384055	0.122167	0.0101641	0.000189291	1.13716e-06	
POSCSC_Eurysternus_caribaeus	0	1	0	0	0	0	0	0	0	0	0	0	0	0	0	0	0	0	0	
N24	3.24574e-31	1.10186e-27	5.16115e-24	1.69554e-20	3.68293e-17	4.93881e-14	3.70063e-11	1.32381e-08	1.77064e-06	0.000104304	0.00289814	0.0376865	0.212631	0.442202	0.256107	0.0457812	0.00253931	4.85844e-05	4.61098e-07	
POSCSC_Deltochilum_amazonicum	0	0	0	0	0	0	0	1	0	0	0	0	0	0	0	0	0	0	0	
POSCSC_Ontherus_sp	0	0	0	0	0	0	0	0	0	0	0	0	0	1	0	0	0	0	0	
N25	1.45537e-64	1.21729e-58	8.46639e-53	4.2164e-47	1.4714e-41	3.49917e-36	5.46919e-31	5.35779e-26	3.08758e-21	9.59659e-17	1.42299e-12	8.41526e-09	1.52401e-05	0.00589425	0.230369	0.599622	0.158411	0.00564618	4.17164e-05	
N26	4.76134e-67	6.33242e-61	6.93008e-55	5.47964e-49	3.06269e-43	1.17665e-37	2.99722e-32	4.82917e-27	4.62243e-22	2.41212e-17	6.07222e-13	6.13814e-09	1.85162e-05	0.00972677	0.294812	0.583487	0.1094	0.00254365	1.30998e-05	
N27	2.08226e-63	1.77096e-57	1.24713e-51	6.34299e-46	2.27058e-40	5.53713e-35	8.82346e-30	8.70239e-25	4.9414e-20	1.46199e-15	1.95269e-11	9.48095e-08	0.000119399	0.0245458	0.377779	0.523347	0.0728752	0.00132678	6.31798e-06	
N28	1.50614e-42	1.76877e-38	2.63251e-34	2.98159e-30	2.49537e-26	1.49512e-22	6.16467e-19	1.66278e-15	2.74374e-12	2.52506e-09	1.13266e-06	0.000200869	0.0102105	0.146299	0.473903	0.329778	0.0384746	0.00111859	1.44386e-05	
POSCSC_Gromphas_sp	0	0	0	0	0	0	0	0	0	0	0	0	0	1	0	0	0	0	0	
POSCSC_Canthon_indigaceus	0	0	0	0	0	0	0	0	0	0	0	1	0	0	0	0	0	0	0	
N29	1.12639e-51	8.21791e-47	5.96154e-42	3.26415e-37	1.31406e-32	3.76922e-28	7.40862e-24	9.49689e-20	7.44303e-16	3.26875e-12	7.11217e-09	6.37794e-06	0.00175887	0.0935514	0.497126	0.370682	0.0361966	0.00067434	4.64559e-06	
N30	3.03843e-46	1.50725e-41	7.55051e-37	2.81948e-32	7.61261e-28	1.43202e-23	1.79006e-19	1.39722e-15	6.2525e-12	1.41657e-08	1.3334e-05	0.003624	0.115423	0.591163	0.263712	0.0254775	0.000583707	4.40415e-06	1.57815e-08	
POSCSC_Canthidium_sp	0	0	0	0	0	0	0	0	0	0	0	1	0	0	0	0	0	0	0	
N31	7.42193e-49	7.69467e-44	7.41731e-39	5.25533e-34	2.6529e-29	9.17918e-25	2.07161e-20	2.85619e-16	2.19843e-12	8.28542e-09	1.24108e-05	0.00499807	0.152854	0.710554	0.127163	0.00437967	3.8398e-05	1.20514e-07	1.85319e-10	
POSCSC_Eucranium_arachnoides	0	0	0	0	0	0	0	0	0	0	0	1	0	0	0	0	0	0	0	
N32	3.13688e-44	5.82022e-41	9.87622e-38	1.35218e-34	1.46091e-31	1.2109e-28	7.42128e-26	3.62018e-23	2.49491e-18	4.98949e-13	2.8723e-08	0.000364554	0.0571141	0.932131	0.0103769	1.37452e-05	4.4668e-09	5.17986e-13	2.77932e-17	
N33	2.09384e-64	6.71137e-60	1.93431e-55	5.34669e-51	6.66443e-45	3.37658e-38	9.06392e-32	1.20072e-25	7.66705e-20	2.29249e-14	2.68684e-09	7.85234e-05	0.0338892	0.955905	0.0101158	1.1499e-05	3.03223e-09	2.74782e-13	1.12476e-17	
POSCSC_Bolbites_onitoides	0	0	0	0	0	0	0	0	0	0	0	0	0	1	0	0	0	0	0	
POSCSC_Sulcophanaeus_sp	0	0	0	0	0	0	0	0	0	0	0	0	0	1	0	0	0	0	0	
POSCSC_Glyphoderus_sterquilinus	0	0	0	0	0	0	0	0	0	0	0	1	0	0	0	0	0	0	0	
N34	1.1892e-49	6.33417e-45	3.41602e-40	1.406e-35	4.3094e-31	9.55085e-27	1.47575e-22	1.51779e-18	9.77977e-15	3.63547e-11	6.92481e-08	5.61471e-05	0.0138766	0.466881	0.44932	0.0675836	0.00225697	2.46495e-05	1.25923e-07	
POSCSC_Coprophanaeus_sp	0	0	0	0	0	0	0	0	0	0	0	0	0	1	0	0	0	0	0	
N35	3.91134e-53	5.45285e-48	7.07184e-43	6.95382e-38	5.0522e-33	2.62795e-28	9.40832e-24	2.20391e-19	3.15869e-15	2.52328e-11	9.78513e-08	0.000146787	0.0540395	0.701915	0.232398	0.0113721	0.000128076	4.92303e-07	9.00878e-10	
POSCSC_Oxysternon_sp	0	0	0	0	0	0	0	0	0	0	0	0	1	0	0	0	0	0	0	
POSCSC_Scarabaeus_sp	0	0	0	0	0	0	0	0	0	0	0	0	0	1	0	0	0	0	0	
N36	1.03636e-44	1.66445e-40	3.09924e-36	4.42245e-32	4.70923e-28	3.631e-24	1.95346e-20	6.99982e-17	1.57346e-13	2.04897e-10	1.38496e-07	4.14887e-05	0.00435483	0.114191	0.465219	0.363733	0.0506036	0.00182807	2.87842e-05	
POSCSC_Heliocopris_sp	0	0	0	0	0	0	0	0	0	0	0	0	0	1	0	0	0	0	0	
N37	5.74059e-44	1.51242e-39	4.20071e-35	8.86006e-31	1.3807e-26	1.53791e-22	1.17441e-18	5.82426e-15	1.74301e-11	2.8311e-08	2.10681e-05	0.00516185	0.121229	0.600438	0.247523	0.0248859	0.000733706	8.13547e-06	4.59402e-08	
POSCSC_Paragymnopleurus_sp	0	0	0	0	0	0	0	0	0	0	0	1	0	0	0	0	0	0	0	
POSCSC_Gymnopleurus_sp	0	0	0	0	0	0	0	0	0	0	0	0	0	1	0	0	0	0	0	
N38	8.49389e-40	7.23046e-36	7.66023e-32	6.05582e-28	3.45619e-24	1.37307e-20	3.63065e-17	6.04064e-14	5.88551e-11	3.05577e-08	7.43612e-06	0.000708431	0.0210634	0.191216	0.451863	0.291404	0.0421336	0.00157868	2.57025e-05	
POSCSC_Sisyphus_sp	0	0	0	0	0	0	0	0	0	0	0	0	0	1	0	0	0	0	0	
N39	8.41262e-35	2.19057e-30	5.69888e-26	1.02109e-21	1.18781e-17	8.24268e-14	2.97148e-10	4.18891e-07	6.6047e-05	0.00356846	0.0741037	0.502288	0.354613	0.0617698	0.00351571	7.48503e-05	6.14513e-07	2.16491e-09	4.09008e-12	
POSCSC_Copris_sinicus	0	0	0	0	0	0	0	1	0	0	0	0	0	0	0	0	0	0	0	
N40	2.2218e-42	3.18774e-37	3.70013e-32	2.77741e-27	1.26091e-22	3.16211e-18	3.86107e-14	1.92461e-10	3.15339e-07	0.000155701	0.0211463	0.598971	0.346309	0.0329762	0.000439759	1.6395e-06	2.23587e-09	1.34683e-12	4.34612e-16	
N41	5.48758e-34	1.89421e-44	1.95353e-37	7.84989e-31	1.48885e-24	1.36062e-18	5.52869e-13	7.39468e-08	2.22195e-05	0.00197351	0.0604308	0.525627	0.367661	0.044276	8.62992e-06	4.41812e-10	8.53595e-15	7.0248e-20	2.52841e-25	
POSCSC_Copris_lugubris	0	0	0	0	0	0	0	1	0	0	0	0	0	0	0	0	0	0	0	
POSCSC_Microcopris_sp	0	0	0	0	0	0	0	0	0	0	0	0	0	1	0	0	0	0	0	
POSCSC_Paracopris_sp	0	0	0	0	0	0	0	0	0	0	0	1	0	0	0	0	0	0	0	
N42	4.84584e-73	1.84985e-67	6.95841e-62	1.99608e-56	4.29741e-51	6.83566e-46	7.88255e-41	6.43539e-36	3.61023e-31	1.33993e-26	3.13399e-22	4.33652e-18	3.26628e-14	1.19876e-10	1.85104e-07	9.91541e-05	0.0138629	0.289279	0.696758	
N43	6.88369e-56	9.39146e-53	1.28249e-49	1.48617e-46	1.27207e-43	5.71156e-41	2.27557e-41	3.0183e-36	2.72234e-31	1.60452e-26	5.86407e-22	1.23866e-17	1.37299e-13	6.96722e-10	1.32306e-06	0.000684039	0.0560244	0.454225	0.489065	
N44	4.15081e-58	7.21155e-55	1.74523e-51	3.58262e-48	5.33118e-45	5.64478e-42	1.70978e-37	9.71102e-33	3.61926e-28	8.54442e-24	1.21834e-19	9.84411e-16	4.13882e-12	8.07677e-09	6.25797e-06	0.00152218	0.0752302	0.478193	0.445048	
POSCCH_Chiron_sp	0	0	0	0	0	0	0	0	0	0	0	0	0	1	0	0	0	0	0	
N45	3.09211e-71	1.73013e-65	8.56804e-60	3.24575e-54	9.23135e-49	1.9276e-43	2.87596e-38	2.96548e-33	2.02737e-28	8.71869e-24	2.20324e-19	2.98846e-15	1.92187e-11	4.91559e-08	3.87621e-05	0.00658862	0.160042	0.534665	0.298666	
N46	1.55466e-53	4.1735e-49	1.40115e-44	3.7134e-40	7.5765e-36	1.1638e-31	1.31045e-27	1.04709e-23	5.70303e-20	2.01236e-16	4.30737e-13	5.12428e-10	3.00614e-07	7.35693e-05	0.00593946	0.112417	0.420723	0.37383	0.0870168	
POSCSE_Serica_sp	0	0	0	0	0	0	0	0	0	0	0	0	0	1	0	0	0	0	0	
N47	4.35272e-60	6.85322e-55	1.01925e-49	1.15837e-44	9.84392e-40	6.09599e-35	2.66609e-30	7.92233e-26	1.52339e-21	1.77991e-17	1.16186e-13	3.7708e-10	5.12874e-07	0.000223826	0.0203891	0.253109	0.497923	0.206398	0.0219564	
N48	1.02817e-42	7.2805e-39	6.70568e-35	4.83792e-31	2.66929e-27	1.09803e-23	3.26558e-20	6.76005e-17	9.28446e-14	7.9485e-11	3.89887e-08	9.72348e-06	0.00102928	0.0344942	0.231024	0.428245	0.252543	0.0489319	0.00372301	
POSCME_Apogonia_sp	0	0	0	0	0	0	0	0	0	0	0	0	0	1	0	0	0	0	0	
POSCME_Hoplia_sp	0	0	0	0	0	0	0	0	0	0	0	0	0	1	0	0	0	0	0	
N49	3.18291e-63	1.21057e-57	4.17859e-52	1.08197e-46	2.05529e-41	2.78775e-36	2.61064e-31	1.61764e-26	6.2776e-22	1.41847e-17	1.68817e-13	9.15713e-10	1.81104e-06	0.000895525	0.0562172	0.398164	0.442537	0.0968364	0.00534778	
N50	5.40211e-48	1.37331e-43	3.81273e-39	8.2298e-35	1.3501e-30	1.6395e-26	1.42718e-22	8.55691e-19	3.35791e-15	8.06217e-12	1.0788e-08	7.00843e-06	0.00176347	0.110361	0.449892	0.356717	0.0762029	0.0049307	0.000125654	
POSCME_Phyllophaga_delata_M	0	0	0	0	0	0	0	0	0	0	0	0	0	1	0	0	0	0	0	
N51	2.02081e-51	1.29721e-46	8.24437e-42	4.03628e-37	1.48659e-32	4.00383e-28	7.61596e-24	9.79417e-20	8.04884e-16	3.9202e-12	1.0181e-08	1.20247e-05	0.00493984	0.401442	0.488956	0.0993492	0.00521264	8.77084e-05	6.42374e-07	
POSCME_Phyllophaga_drakii	0	0	0	0	0	0	0	0	0	0	0	0	0	1	0	0	0	0	0	
POSCME_Phyllophaga_fusca	0	0	0	0	0	0	0	0	0	0	0	0	0	1	0	0	0	0	0	
N52	2.11706e-58	3.56152e-53	5.74288e-48	6.91929e-43	6.09087e-38	3.81222e-33	1.64004e-28	4.64628e-24	8.20215e-20	8.38547e-16	4.49174e-12	1.09304e-08	9.76344e-06	0.00229303	0.0851373	0.441709	0.39577	0.0716378	0.00344354	
N53	1.0649e-44	1.46364e-40	2.33027e-36	2.88668e-32	2.71784e-28	1.89311e-24	9.43926e-21	3.23288e-17	7.21177e-14	9.75795e-11	7.2402e-08	2.52276e-05	0.00313787	0.0740269	0.423944	0.395749	0.0958737	0.0070308	0.000212566	
POSCME_Schizonycha_sp	0	0	0	0	0	0	0	0	0	0	0	0	0	0	1	0	0	0	0	
POSCME_Haplidia_sp	0	0	0	0	0	0	0	0	0	0	0	0	1	0	0	0	0	0	0	
N54	7.81689e-45	1.00963e-40	1.53895e-36	1.82812e-32	1.65343e-28	1.109e-24	5.34236e-21	1.77636e-17	3.87568e-14	5.1913e-11	3.896e-08	1.43396e-05	0.00209479	0.0827151	0.381887	0.403769	0.118758	0.0103966	0.000365299	
POSCME_Amphimallon_solstitiale	0	0	0	0	0	0	0	0	0	0	0	0	0	1	0	0	0	0	0	
POSCME_Melolontha_sp	0	0	0	0	0	0	0	0	0	0	0	0	0	1	0	0	0	0	0	
N55	1.38979e-59	9.15963e-55	6.94935e-50	4.05667e-45	1.78752e-40	5.83191e-36	1.37579e-31	2.27888e-27	2.55473e-23	1.84978e-19	8.14292e-16	2.01214e-12	2.50743e-09	1.36495e-06	0.0002709	0.0161507	0.215214	0.522362	0.246001	
N56	2.89505e-69	2.05606e-63	1.26962e-57	5.86388e-52	1.99498e-46	4.90315e-41	8.49035e-36	1.00288e-30	7.74528e-26	3.69519e-21	1.00674e-16	1.39757e-12	8.27786e-09	1.53059e-05	0.0043598	0.140708	0.548418	0.28023	0.026269	
N57	4.1078e-66	1.96138e-60	8.03671e-55	2.44838e-49	5.44392e-44	8.63174e-39	9.479e-34	6.94718e-29	3.23957e-24	9.02512e-20	1.37899e-15	1.02395e-11	3.08489e-08	2.83287e-05	0.00508064	0.147247	0.55514	0.267205	0.025299	
N58	2.85784e-52	5.25771e-48	1.15913e-43	2.03984e-39	2.81423e-35	2.98544e-31	2.37975e-27	1.38631e-23	5.70422e-20	1.58875e-16	2.83649e-13	3.02118e-10	1.73996e-07	4.7043e-05	0.00481049	0.130538	0.530813	0.29269	0.0411009	
POSCRU_Adoretus_lasiopygus	0	0	0	0	0	0	0	0	0	0	0	0	0	0	0	1	0	0	0	
POSCRU_Adoretus_versutus	0	0	0	0	0	0	0	0	0	0	0	0	0	0	0	0	1	0	0	
N59	3.24042e-48	5.27889e-44	1.09358e-39	1.76752e-35	2.17619e-31	1.99116e-27	1.31385e-23	6.02378e-20	1.83073e-16	3.46898e-13	3.77339e-10	2.0974e-07	5.01047e-05	0.00392283	0.0682974	0.328013	0.448711	0.139488	0.0115174	
POSCCE_Protaetia_cuprea	0	0	0	0	0	0	0	0	0	0	0	0	0	1	0	0	0	0	0	
POSCCE_Trichius_zonatus	0	0	0	0	0	0	0	0	0	0	0	0	0	1	0	0	0	0	0	
N60	2.50785e-64	1.12223e-58	4.46808e-53	1.32424e-47	2.86268e-42	4.40131e-37	4.66256e-32	3.26844e-27	1.43848e-22	3.70518e-18	5.06682e-14	3.19011e-10	7.38825e-07	0.000424687	0.0283566	0.281582	0.516415	0.163049	0.0101721	
N61	4.33893e-47	9.45564e-43	2.29493e-38	4.30839e-34	6.10833e-30	6.36287e-26	4.70906e-22	2.37464e-18	7.7338e-15	1.51546e-11	1.61979e-08	8.17444e-06	0.00154472	0.0716478	0.360639	0.414749	0.137685	0.0132889	0.000437364	
POSCDY_Cyclocephala_sp	0	0	0	0	0	0	0	0	0	0	0	0	0	1	0	0	0	0	0	
N62	2.17559e-49	1.59925e-44	1.12435e-39	5.90591e-35	2.25212e-30	6.0187e-26	1.0782e-21	1.2222e-17	8.11428e-14	2.83087e-10	4.41578e-07	0.000237395	0.0280363	0.469865	0.422041	0.0759386	0.00382009	6.1274e-05	3.98316e-07	
N63	4.05329e-52	7.31026e-47	1.183e-41	1.42505e-36	1.24397e-31	7.60907e-27	3.12376e-22	8.12998e-18	1.23999e-13	9.87467e-10	3.40154e-06	0.00346128	0.125701	0.752167	0.11526	0.00338013	2.73763e-05	7.74155e-08	1.01711e-10	
POSCDY_Phyllognathus_dionysius	0	0	0	0	0	0	0	0	0	0	0	0	0	1	0	0	0	0	0	
POSCDY_Oryctes_nasicornis	0	0	0	0	0	0	0	0	0	0	0	1	0	0	0	0	0	0	0	
N64	2.42826e-57	1.65841e-51	9.32317e-46	3.74463e-40	1.05381e-34	2.02308e-29	2.55428e-24	2.01611e-19	9.25218e-15	2.21131e-10	2.28653e-06	0.00691153	0.182559	0.788064	0.0223362	0.000126838	2.15404e-07	1.40152e-10	4.45389e-14	
POSCDY_Dynastes_sp	0	0	0	0	0	0	0	0	0	0	0	1	0	0	0	0	0	0	0	
POSCDY_Pentodon_sp	0	0	0	0	0	0	0	0	0	0	0	0	0	1	0	0	0	0	0	
N65	7.50511e-51	3.16856e-46	1.4168e-41	4.84017e-37	1.23316e-32	2.27809e-28	2.94822e-24	2.5605e-20	1.41261e-16	4.60559e-13	8.04071e-10	6.52702e-07	0.000198611	0.0158743	0.17906	0.454083	0.301109	0.0476716	0.00200209	
N66	2.72403e-47	9.08234e-43	3.19046e-38	8.58667e-34	1.7258e-29	2.51286e-25	2.55293e-21	1.72536e-17	7.28693e-14	1.76586e-10	2.17067e-07	0.000111768	0.0174675	0.505847	0.405107	0.0678854	0.00351512	6.56748e-05	5.48039e-07	
POSCRU_Mimela_sp	0	0	0	0	0	0	0	0	0	0	0	0	0	1	0	0	0	0	0	
N67	6.74234e-39	7.97597e-38	9.37462e-37	1.00976e-35	9.88893e-35	8.72306e-34	6.85136e-33	4.72316e-32	4.37289e-23	1.05695e-19	2.26323e-08	0.00582138	0.173905	0.819955	0.000318078	5.38117e-17	1.63596e-19	5.09381e-31	5.05807e-32	
POSCRU_Popillia_japonica	0	0	0	0	0	0	0	0	0	0	0	1	0	0	0	0	0	0	0	
POSCRU_Phyllopertha_sp	0	0	0	0	0	0	0	0	0	0	0	0	0	1	0	0	0	0	0	
N68	1.24823e-46	4.38829e-42	1.61467e-37	4.50463e-33	9.27799e-29	1.36655e-24	1.3829e-20	9.12954e-17	3.66708e-13	8.11474e-10	8.47762e-07	0.000316336	0.0211936	0.332807	0.469618	0.159023	0.0164831	0.000550224	7.22183e-06	
N69	2.28856e-51	1.82862e-46	1.40342e-41	8.16324e-37	3.50676e-32	1.07816e-27	2.28165e-23	3.16301e-19	2.69292e-15	1.29104e-11	3.08681e-08	3.07791e-05	0.00963033	0.545602	0.395162	0.0480059	0.00155209	1.65579e-05	7.82655e-08	
POSCRU_Anomala_dorsalis	0	0	0	0	0	0	0	0	0	0	0	0	0	1	0	0	0	0	0	
N70	1.78915e-41	7.87245e-73	7.31201e-65	1.86021e-57	2.04262e-50	1.13446e-43	3.43131e-37	5.77304e-31	5.35124e-25	2.6248e-19	6.26837e-14	6.30796e-09	0.000201318	0.993034	0.00675921	5.68053e-06	1.1942e-09	8.75565e-14	2.83983e-18	
POSCRU_Anomala_varicolor	0	0	0	0	0	0	0	0	0	0	0	0	0	1	0	0	0	0	0	
POSCRU_Anomala_polita	0	0	0	0	0	0	0	0	0	0	0	0	0	1	0	0	0	0	0	
POSCRU_Anomala_bengalensis	0	0	0	0	0	0	0	0	0	0	0	1	0	0	0	0	0	0	0	
N71	9.79353e-43	7.89195e-39	8.05848e-35	6.49555e-31	4.04147e-27	1.89437e-23	6.49477e-20	1.57001e-16	2.55351e-13	2.62628e-10	1.56704e-07	4.76984e-05	0.00597888	0.200309	0.461578	0.26911	0.0575718	0.00519354	0.000211289	
POSCCE_Cetonia_aurata	0	0	0	0	0	0	0	0	0	0	0	0	0	1	0	0	0	0	0	
N72	1.5583e-52	4.4248e-49	1.18116e-45	2.57151e-42	4.51768e-39	6.3165e-36	6.9237e-33	4.7467e-29	2.35369e-23	5.40476e-18	5.61439e-13	2.39259e-08	0.00035548	0.976189	0.0233635	9.19067e-05	1.06933e-07	4.53867e-11	7.93091e-15	
POSCCE_Cremastocheilus_sp	0	0	0	0	0	0	0	0	0	0	0	0	0	1	0	0	0	0	0	
N73	2.19512e-47	1.28201e-74	3.81179e-68	3.44708e-62	2.87256e-56	7.88394e-49	1.82386e-41	1.83501e-34	8.48739e-28	1.8351e-21	1.75262e-15	6.5645e-10	7.25758e-05	0.992923	0.00699961	4.45878e-06	6.20012e-10	2.68915e-14	4.54824e-19	
POSCCE_Oxythyrea_sp	0	0	0	0	0	0	0	0	0	0	0	0	0	1	0	0	0	0	0	
POSCCE_Tropinota_sp	0	0	0	0	0	0	0	0	0	0	0	0	0	1	0	0	0	0	0	
N74	9.17524e-54	1.44744e-50	2.22676e-47	2.4826e-44	1.20919e-41	2.25116e-39	4.82511e-38	7.27088e-33	7.1102e-28	4.32599e-23	1.54117e-18	2.94309e-14	2.63246e-10	8.85072e-07	0.000759036	0.0840617	0.560793	0.322983	0.0314031	
N75	6.26839e-67	1.21745e-62	2.12008e-58	2.72355e-54	1.70594e-49	8.79083e-44	3.22762e-38	7.52397e-33	1.07229e-27	8.85407e-23	3.92387e-18	8.35968e-14	7.27463e-10	2.01845e-06	0.00124558	0.11191	0.602271	0.2659	0.018671	
N76	1.61762e-45	1.30759e-41	1.53174e-37	1.40889e-33	9.90512e-30	5.19715e-26	1.97739e-22	5.26604e-19	9.39074e-16	1.05946e-12	7.01765e-10	2.4664e-07	3.99622e-05	0.0024611	0.0465754	0.279098	0.490519	0.166731	0.0145754	
POSCAP_Aphodius_contaminatus	0	0	0	0	0	0	0	0	0	0	0	0	0	1	0	0	0	0	0	
POSCAP_Aphodius_obliteratus	0	0	0	0	0	0	0	0	0	0	0	0	0	1	0	0	0	0	0	
N77	1.17785e-60	8.89905e-57	5.90411e-53	3.22992e-49	1.4395e-45	5.1482e-42	1.44975e-38	3.22922e-35	8.18219e-31	3.3457e-25	7.28208e-20	7.19194e-15	2.68039e-10	2.62528e-06	0.00325981	0.206527	0.644819	0.141459	0.003933	
N78	7.029e-51	3.8035e-49	2.01528e-47	7.79997e-46	1.7703e-44	2.11662e-43	6.06383e-41	6.94761e-35	4.21579e-29	1.20009e-23	1.56897e-18	8.53101e-14	1.61888e-09	7.68239e-06	0.00482862	0.226797	0.636029	0.128961	0.00337694	
N79	4.72918e-50	1.61302e-45	5.98068e-41	1.71604e-36	3.72346e-32	5.95014e-28	6.78012e-24	5.29149e-20	2.68647e-16	8.28943e-13	1.41563e-09	1.16711e-06	0.00037381	0.031351	0.283221	0.47657	0.191152	0.0168457	0.000485253	
N80	4.46685e-48	1.25578e-43	3.86858e-39	9.1736e-35	1.63475e-30	2.1291e-26	1.95867e-22	1.2196e-18	4.86619e-15	1.15708e-11	1.48303e-08	8.842e-06	0.00193662	0.100724	0.439113	0.374224	0.0795436	0.00435706	9.19296e-05	
POSCAP_Aphodius_ater	0	0	0	0	0	0	0	0	0	0	0	0	0	1	0	0	0	0	0	
POSCAP_Aphodius_constans	0	0	0	0	0	0	0	0	0	0	0	0	0	1	0	0	0	0	0	
POSCAP_Aphodius_rufus	0	0	0	0	0	0	0	0	0	0	0	0	0	1	0	0	0	0	0	
N81	2.70435e-56	8.92735e-53	2.94702e-49	5.71835e-46	5.04766e-43	3.75183e-38	4.24231e-33	3.02695e-28	1.31738e-23	3.32387e-19	4.51072e-15	2.94729e-11	7.8326e-08	6.45785e-05	0.0107308	0.26344	0.606788	0.115612	0.00336534	
N82	4.74543e-44	4.4537e-40	5.23804e-36	4.82721e-32	3.4052e-28	1.79255e-24	6.82803e-21	1.81155e-17	3.18959e-14	3.49847e-11	2.19332e-08	6.94666e-06	0.000918812	0.0367795	0.254076	0.45169	0.228153	0.0272166	0.00115998	
POSCAP_Aphodius_borealis	0	0	0	0	0	0	0	0	0	0	0	0	0	1	0	0	0	0	0	
POSCAP_Aphodius_paykulli	0	0	0	0	0	0	0	0	0	0	0	0	0	1	0	0	0	0	0	
N83	2.47745e-51	8.38932e-47	3.09127e-42	8.85594e-38	1.92975e-33	3.11945e-29	3.62878e-25	2.92547e-21	1.55835e-17	5.15423e-14	9.73103e-11	9.30621e-08	3.76122e-05	0.00476218	0.11231	0.503648	0.33788	0.0398903	0.00147102	
POSCAP_Aphodius_haemorrhoidalis	0	0	0	0	0	0	0	0	0	0	0	0	0	1	0	0	0	0	0	
N84	3.62789e-51	1.24338e-46	4.56763e-42	1.30794e-37	2.85763e-33	4.64684e-29	5.45679e-25	4.45796e-21	2.4168e-17	8.1758e-14	1.58801e-10	1.57288e-07	6.61818e-05	0.00858311	0.161845	0.574951	0.235043	0.0189742	0.000536721	
POSCAP_Aphodius_erraticus	0	0	0	0	0	0	0	0	0	0	0	0	0	1	0	0	0	0	0	
POSCAP_Aphodius_moestus	0	0	0	0	0	0	0	0	0	0	0	0	0	0	0	1	0	0	0	
N85	8.45396e-60	1.28146e-54	2.0406e-49	2.43278e-44	2.12823e-39	1.3366e-34	5.86076e-30	1.73122e-25	3.28871e-21	3.77733e-17	2.41084e-13	7.58025e-10	9.79348e-07	0.000387868	0.0285994	0.325734	0.547496	0.0949478	0.0028336	
POSCAP_Aphodius_vittatus	0	0	0	0	0	0	0	0	0	0	0	0	0	1	0	0	0	0	0	
N86	8.22167e-54	4.79217e-49	3.0237e-44	1.46721e-39	5.34777e-35	1.42654e-30	2.69782e-26	3.4766e-22	2.90265e-18	1.46964e-14	4.1241e-11	5.64026e-08	3.08708e-05	0.00484628	0.115261	0.46584	0.368605	0.044123	0.00129395	
POSCAP_Aphodius_distinctus	0	0	0	0	0	0	0	0	0	0	0	0	0	1	0	0	0	0	0	
N87	2.35715e-51	1.13919e-46	5.76228e-42	2.23251e-37	6.47297e-33	1.36718e-28	2.03515e-24	2.04855e-20	1.32233e-16	5.10311e-13	1.06906e-09	1.05606e-06	0.000393237	0.0366283	0.316806	0.477122	0.15806	0.0107515	0.000237707	
POSCAP_Aphodius_sphacelatus	0	0	0	0	0	0	0	0	0	0	0	0	0	1	0	0	0	0	0	
N88	7.92879e-49	2.73208e-44	9.9351e-40	2.78271e-35	5.86416e-31	9.04487e-27	9.87073e-23	7.30506e-19	3.47165e-15	9.85323e-12	1.50979e-08	1.07525e-05	0.0027848	0.162279	0.50595	0.288209	0.0393528	0.00139377	1.96777e-05	
N89	9.84693e-40	1.7461e-67	5.1666e-60	4.24917e-53	1.52375e-46	2.79147e-40	2.8172e-34	1.60313e-28	5.11431e-23	8.83952e-18	7.69407e-13	2.97483e-08	0.000398921	0.979323	0.0202129	6.47002e-05	5.43281e-08	1.52763e-11	1.83949e-15	
POSCAP_Aphodius_sticticus	0	0	0	0	0	0	0	0	0	0	0	0	0	1	0	0	0	0	0	
POSCAP_Aphodius_prodromus	0	0	0	0	0	0	0	0	0	0	0	0	0	1	0	0	0	0	0	
POSCAP_Aphodius_consputus	0	0	0	0	0	0	0	0	0	0	0	0	0	1	0	0	0	0	0	
N90	6.13204e-61	1.06684e-55	1.74966e-50	2.2027e-45	2.0839e-40	1.44439e-35	7.11064e-31	2.39237e-26	5.23892e-22	7.00738e-18	5.25595e-14	1.96079e-10	3.046e-07	0.000148967	0.0147478	0.219818	0.548507	0.201742	0.0150362	
N91	2.52392e-55	2.28089e-50	1.99688e-45	1.34893e-40	6.87331e-36	2.57137e-31	6.83493e-27	1.23931e-22	1.45536e-18	1.0339e-14	4.04608e-11	7.60916e-08	5.53315e-05	0.0104448	0.203821	0.507039	0.250057	0.0276855	0.000896977	
N92	2.9593e-57	5.5445e-52	9.60516e-47	1.25403e-41	1.20586e-36	8.30483e-32	3.95623e-27	1.24722e-22	2.45652e-18	2.79773e-14	1.65266e-10	4.30289e-07	0.000377277	0.0654541	0.459017	0.404264	0.0681968	0.0026563	3.43661e-05	
N93	4.93361e-52	3.33797e-47	2.33474e-42	1.23349e-37	4.81412e-33	1.35156e-28	2.63997e-24	3.43787e-20	2.82247e-16	1.35438e-12	3.41229e-09	3.83977e-06	0.00147677	0.116137	0.516067	0.324759	0.0403142	0.00122829	1.4037e-05	
POSCAP_Aphodius_coniugatus	0	0	0	0	0	0	0	0	0	0	0	0	0	1	0	0	0	0	0	
POSCAP_Aphodius_foetens	0	0	0	0	0	0	0	0	0	0	0	0	0	1	0	0	0	0	0	
N94	7.61534e-53	6.33118e-48	5.15541e-43	3.24401e-38	1.54123e-33	5.37739e-29	1.33172e-24	2.24305e-20	2.43174e-16	1.57624e-12	5.50672e-09	8.86038e-06	0.00501735	0.555459	0.39468	0.0436711	0.00115335	9.66977e-06	3.63465e-08	
POSCAP_Aphodius_fossor	0	0	0	0	0	0	0	0	0	0	0	0	0	1	0	0	0	0	0	
POSCAP_Aphodius_foetidus	0	0	0	0	0	0	0	0	0	0	0	0	0	1	0	0	0	0	0	
N95	2.62772e-46	4.74749e-42	9.88089e-38	1.5956e-33	1.95165e-29	1.75939e-25	1.13069e-21	4.97014e-18	1.41738e-14	2.44595e-11	2.32093e-08	1.05319e-05	0.00183196	0.0820213	0.40406	0.40454	0.100421	0.00692645	0.000188195	
POSCAP_Aphodius_pedellus	0	0	0	0	0	0	0	0	0	0	0	0	0	1	0	0	0	0	0	
POSCAP_Aphodius_fimetarius	0	0	0	0	0	0	0	0	0	0	0	0	0	1	0	0	0	0	0	
N96	5.34428e-46	6.50411e-42	9.89488e-38	1.17153e-33	1.05409e-29	7.02965e-26	3.37097e-22	1.11961e-18	2.4564e-15	3.34769e-12	2.60924e-09	1.03569e-06	0.000176318	0.00984539	0.121763	0.401051	0.373997	0.0868446	0.00632198	
POSCAP_Aphodius_elevatus	0	0	0	0	0	0	0	0	0	0	0	0	0	1	0	0	0	0	0	
N97	1.61651e-46	3.36516e-42	7.77171e-38	1.39757e-33	1.91345e-29	1.94324e-25	1.41814e-21	7.1486e-18	2.36627e-14	4.80958e-11	5.46677e-08	3.02022e-05	0.00640263	0.316631	0.495182	0.163984	0.0171052	0.000653612	1.11846e-05	
POSCAP_Aphodius_luridus	0	0	0	0	0	0	0	0	0	0	0	0	0	1	0	0	0	0	0	
POSCAP_Aphodius_depressus	0	0	0	0	0	0	0	0	0	0	0	0	0	1	0	0	0	0	0	
N98	1.30163e-42	5.96421e-39	3.90334e-35	2.01969e-31	8.04671e-28	2.4107e-24	5.2796e-21	8.16769e-18	8.55505e-15	5.75046e-12	2.31436e-09	5.08713e-07	5.39418e-05	0.00234254	0.0350847	0.185486	0.375801	0.303665	0.0975667	
POSCHY_Hybosorus_sp	0	0	0	0	0	0	0	0	0	0	0	0	0	1	0	0	0	0	0	
N99	4.64096e-40	1.78535e-36	9.8116e-33	4.2197e-29	1.38392e-25	3.37502e-22	5.93817e-19	7.26459e-16	5.9017e-13	3.0021e-10	8.84949e-08	1.35969e-05	0.00093619	0.023177	0.157875	0.360694	0.320027	0.118083	0.0191941	
POSCAP_Psammodius_sp	0	0	0	0	0	0	0	0	0	0	0	0	0	1	0	0	0	0	0	
POSCAP_Ataenius_sp	0	0	0	0	0	0	0	0	0	0	0	0	0	1	0	0	0	0	0	
